6.107179400921611814e+05
6.089997388011708390e+05
6.075670525446489919e+05
6.063935235815234482e+05
6.054312028644515667e+05
6.046171914320546202e+05
6.038806343806248624e+05
6.031499526006125379e+05
6.023600821165422676e+05
6.014591480954976287e+05
6.004137015229023527e+05
5.992116210785272997e+05
5.978621011147302343e+05
5.963927018960430287e+05
5.948440222500999225e+05
5.932629712031286908e+05
5.916957640758161433e+05
5.901816655198973604e+05
5.887482384933150606e+05
5.874085384212515783e+05
5.861603856329014525e+05
5.849875816038568737e+05
5.838627077445917530e+05
5.827509708049973706e+05
5.816144722082454246e+05
5.804163235211130232e+05
5.791242178207292454e+05
5.777133395249692257e+05
5.761687307509375969e+05
5.744872982638092944e+05
5.726794834818769014e+05
5.707703032890382456e+05
5.687991925181325059e+05
5.668180496052934323e+05
5.648872036112273345e+05
5.630695897465074668e+05
5.614239841496262234e+05
5.599984209113043034e+05
5.588247500075364951e+05
5.579147903539746767e+05
5.572579882494272897e+05
5.568202460487143835e+05
5.565438073987152893e+05
5.563486471960156923e+05
5.561363354786765995e+05
5.557973885235941270e+05
5.552224522233763710e+05
5.543164158780557336e+05
5.530132058391200844e+05
5.512881608316123020e+05
5.491649755554310977e+05
5.467152608182684053e+05
5.440504476427339250e+05
5.413074789826775668e+05
5.386309554957363289e+05
5.361548600716026267e+05
5.339867164684819290e+05
5.321962821660875343e+05
5.308099182203364326e+05
5.298108292262331815e+05
5.291445384750826051e+05
5.287283199806151679e+05
5.284629066693508066e+05
5.282446820239607478e+05
5.279767460374290822e+05
5.275776584642375819e+05
5.269871809988477034e+05
5.261688438933007419e+05
5.251095823810889851e+05
5.238170130116934888e+05
5.223151563897583401e+05
5.206395387686045142e+05
5.188325637932061218e+05
5.169397942586775171e+05
5.150073582115062163e+05
5.130802340959876892e+05
5.112008684796961606e+05
5.094075765968600172e+05
5.077324648513623979e+05
5.061990343213955639e+05
5.048199466906859889e+05
5.035954988636176568e+05
5.025131633364128647e+05
5.015482640728061087e+05
5.006656675810235320e+05
4.998223720491860877e+05
4.989710015213467414e+05
4.980642690489129163e+05
4.970602994290465140e+05
4.959282940893393243e+05
4.946535635126559646e+05
4.932407230514396797e+05
4.917140442826890503e+05
4.901145646529780352e+05
4.884943548609387362e+05
4.869090048807485728e+05
4.854096775307384087e+05
4.840359575304606115e+05
4.828103542656279751e+05
4.817349334030722966e+05
4.807903163931809249e+05
4.799371992795164697e+05
4.791204745653005084e+05
4.782758441547604161e+05
4.773384318821694469e+05
4.762524181124673923e+05
4.749802901359830867e+05
4.735100919653016026e+05
4.718591582593958010e+05
4.700732434271108359e+05
4.682206711840782082e+05
4.663820593241117313e+05
4.646371886183766183e+05
4.630514596249948954e+05
4.616648132828092203e+05
4.604857015293953591e+05
4.594915927772998693e+05
4.586358087766862009e+05
4.578587372146049165e+05
4.571002799126579193e+05
4.563102377551934333e+05
4.554542611522793886e+05
4.545146338573145331e+05
4.534868683566577965e+05
4.523742538628571201e+05
4.511827664321210468e+05
4.499181521460861550e+05
4.485858608103115694e+05
4.471933018557534087e+05
4.457530265452371677e+05
4.442851490696426481e+05
4.428176304785002139e+05
4.413838061241794494e+05
4.400174646970994072e+05
4.387465821018123534e+05
4.375872393729535979e+05
4.365392135287416168e+05
4.355842909690442611e+05
4.346877047982919030e+05
4.338024612070908770e+05
4.328758506207098253e+05
4.318571748598002596e+05
4.307056046235357644e+05
4.293970342597604613e+05
4.279288024339023978e+05
4.263212621649390785e+05
4.246155165204053046e+05
4.228672419025240233e+05
4.211373265621012542e+05
4.194808489440093981e+05
4.179364412618253846e+05
4.165181274312191526e+05
4.152112572799701593e+05
4.139733285315089743e+05
4.127395445542503148e+05
4.114321311959800078e+05
4.099718592819810729e+05
4.082899155235512299e+05
4.063382196543650934e+05
4.040965112076061196e+05
4.015750630581066944e+05
3.988127126605979865e+05
3.958708978118961677e+05
3.928252601678413921e+05
3.897568107268637978e+05
3.867444386896453798e+05
3.838597574000576860e+05
3.811642599328327342e+05
3.787079612326506758e+05
3.765284714336005272e+05
3.746498104015649296e+05
3.730809549959517317e+05
3.718146814037000877e+05
3.708274059679426136e+05
3.700804066045247600e+05
3.695222743908049888e+05
3.690920596811725991e+05
3.687225724648662144e+05
3.683436412717927014e+05
3.678855678554328042e+05
3.672832215708556469e+05
3.664810266723142704e+05
3.654385767936456832e+05
3.641360224707109155e+05
3.625780169326106552e+05
3.607950540800871677e+05
3.588414823434820282e+05
3.567901598107639584e+05
3.547243960248196963e+05
3.527283102314148564e+05
3.508769348435011343e+05
3.492273287788351299e+05
3.478117338976441533e+05
3.466335176220370922e+05
3.456663628682709532e+05
3.448568935698348214e+05
3.441306131549347192e+05
3.434006411082460545e+05
3.425782764045835356e+05
3.415839975490852376e+05
3.403572815106460475e+05
3.388637202978967689e+05
3.370983678314132267e+05
3.350849640202788287e+05
3.328714633036301238e+05
3.305229291791301221e+05
3.281131944091279875e+05
3.257166829427763587e+05
3.234014969676169567e+05
3.212244070121560362e+05
3.192278841107289190e+05
3.174389109955632593e+05
3.158690973035289207e+05
3.145156315366839408e+05
3.133627803932827665e+05
3.123838777751167072e+05
3.115438961239572382e+05
3.108026730107337935e+05
3.101186798930573277e+05
3.094529610580346780e+05
3.087726704998807400e+05
3.080535949175732676e+05
3.072812018101119902e+05
3.064500511341405218e+05
3.055617760627378593e+05
3.046221845403299085e+05
3.036382752201919211e+05
3.026160210326532251e+05
3.015595900264249067e+05
3.004722378561465885e+05
2.993585061684534303e+05
2.982267879389230511e+05
2.970910175796283293e+05
2.959703965779170976e+05
2.948866939081889577e+05
2.938595721216246602e+05
2.929012392070813803e+05
2.920121575921296026e+05
2.911793507136970293e+05
2.903780793028139742e+05
2.895765938884300413e+05
2.887427029814078123e+05
2.878503732295954833e+05
2.868846565955564729e+05
2.858438435809928924e+05
2.847386138783321367e+05
2.835887811395552126e+05
2.824187587340836762e+05
2.812530027083394816e+05
2.801124562662673998e+05
2.790125609698595945e+05
2.779628761968408944e+05
2.769679032749769976e+05
2.760284451718796045e+05
2.751427976040093927e+05
2.743072573613334098e+05
2.735157822153973975e+05
2.727590274356353329e+05
2.720232838710747310e+05
2.712899515121066943e+05
2.705360720140092308e+05
2.697361638877273072e+05
2.688652536528034252e+05
2.679026755981122842e+05
2.668359882840364589e+05
2.656642528915082803e+05
2.643999386194627732e+05
2.630688629128093016e+05
2.617078424433813780e+05
2.603601169704606873e+05
2.590690716067610192e+05
2.578712368843874719e+05
2.567898686946478556e+05
2.558304792942777276e+05
2.549794283003421733e+05
2.542060943834078789e+05
2.534683398310290067e+05
2.527201437655579357e+05
2.519196513480374997e+05
2.510356791940479015e+05
2.500510503586223349e+05
2.489619733006257447e+05
2.477738272122257331e+05
2.464948399103535048e+05
2.451298769672657363e+05
2.436766234904991288e+05
2.421257548286253877e+05
2.404654325910790649e+05
2.386890135909449309e+05
2.368036978933749779e+05
2.348373693285704940e+05
2.328412767004783091e+05
2.308873518952974409e+05
2.290604885496701172e+05
2.274475107351757470e+05
2.261253972353383142e+05
2.251513590076128894e+05
2.245566509481551766e+05
2.243448415433630289e+05
2.244940897374839406e+05
2.249621571758460486e+05
2.256925981401293247e+05
2.266207732968401979e+05
2.276788142497641384e+05
2.287991683094055043e+05
2.299167012433616619e+05
2.309694981274582678e+05
2.318985703253821994e+05
2.326467785313808417e+05
2.331574809614890255e+05
2.333736517419821466e+05
2.332383256876885425e+05
2.326970458327137749e+05
2.317024673656969098e+05
2.302205367714407912e+05
2.282369982849324879e+05
2.257626818136134243e+05
2.228362585914536612e+05
2.195238368570198945e+05
2.159156218208203791e+05
2.121205236603376979e+05
2.082598155508862401e+05
2.044607002489182341e+05
2.008501389762395411e+05
1.975488296530770313e+05
1.946650289629206236e+05
1.922880565956599021e+05
1.904816833551063901e+05
1.892779793877468328e+05
1.886724046998915728e+05
1.886208919948831899e+05
1.890394515709802508e+05
1.898065356964443054e+05
1.907681454118175607e+05
1.917454997056036955e+05
1.925450029672308301e+05
1.929701846745845396e+05
1.928351770692696446e+05
1.919790912122773880e+05
1.902803375013260811e+05
1.876695570597094484e+05
1.841394921155718621e+05
1.797499844322373683e+05
1.746265171383756679e+05
1.689514107247272332e+05
1.629479163277262414e+05
1.568588129594909842e+05
1.509223622406581999e+05
1.453492192868089478e+05
1.403038627103652689e+05
1.358932381887479569e+05
1.321638227053505543e+05
1.291066234677195025e+05
1.266681914585916093e+05
1.247649074662970961e+05
1.232977191139099596e+05
1.221650636953028443e+05
1.212726308171185956e+05
1.205395805823364644e+05
1.199015792726225627e+05
1.193114139876908303e+05
1.187380053569186712e+05
1.181644601361748064e+05
1.175855456463741866e+05
1.170047644284339040e+05
1.164311395630256739e+05
1.158758881681813364e+05
1.153492928083288134e+05
1.148581771757367387e+05
1.144043713732459437e+05
1.139843886747371871e+05
1.135902726643688075e+05
1.132113009317628603e+05
1.128360459991377575e+05
1.124542605644191062e+05
1.120581810106854828e+05
1.116430808782058157e+05
1.112071650786467944e+05
1.107510789574156079e+05
1.102773470883270056e+05
1.097899489695176599e+05
1.092940454836932913e+05
1.087956982225281827e+05
1.083013729658968659e+05
1.078171251791275427e+05
1.073475765649257373e+05
1.068949885744953644e+05
1.064588004590284836e+05
1.060358728812182671e+05
1.056214118548682018e+05
1.052102684842191375e+05
1.047981549947496096e+05
1.043823628596040217e+05
1.039617921322535258e+05
1.035363972081380925e+05
1.031063897471823439e+05
1.026716152398806298e+05
1.022314109990825818e+05
1.017850139435296878e+05
1.013323208223979600e+05
1.008746228412483179e+05
1.004149168296364951e+05
9.995754869020047772e+04
9.950721560502356442e+04
9.906763508774775255e+04
9.864036422314452648e+04
9.822424033616734960e+04
9.781570737196222763e+04
9.740996553495248372e+04
9.700256547503218462e+04
9.659089270835727802e+04
9.617502491739053221e+04
9.575767575505467539e+04
9.534326563621398236e+04
9.493645264569828578e+04
9.454061154611028905e+04
9.415672799172250961e+04
9.378300979263804038e+04
9.341528175898024347e+04
9.304800641672981146e+04
9.267562072202929994e+04
9.229382898763028788e+04
9.190054464887437643e+04
9.149630279336457897e+04
9.108412691411314881e+04
9.066897440949565498e+04
9.025696248671854846e+04
8.985457276900387660e+04
8.946796665184506855e+04
8.910245612089884526e+04
8.876210959256028582e+04
8.844945221787932678e+04
8.816524003004202677e+04
8.790832456437979999e+04
8.767565660125506110e+04
8.746249395071044273e+04
8.726287835749668011e+04
8.707042985848365061e+04
8.687946519518770219e+04
8.668637092933418171e+04
8.649105766801070422e+04
8.629822328846051823e+04
8.611811703948142531e+04
8.596657491597390617e+04
8.586429911864483438e+04
8.583562144243043440e+04
8.590720048430671159e+04
8.610711641790397698e+04
8.646455753174697747e+04
8.700976992751301441e+04
8.777334103053402214e+04
8.878349564164149342e+04
9.006020069961059198e+04
9.160567914801403822e+04
9.339235193908801011e+04
9.535088267637341050e+04
9.736227424313420488e+04
9.925820012467903143e+04
1.008325190679892548e+05
1.018642826374586002e+05
1.021491511470047117e+05
1.015330772459102154e+05
9.994055597828445025e+04
9.739042135501543817e+04
9.399506306114069594e+04
8.994317892378510442e+04
8.547037505528106703e+04
8.082470111088207341e+04
7.623475200346039492e+04
7.188632181140019384e+04
6.791056554564353428e+04
6.438337694152105541e+04
6.133325499745940033e+04
5.875383816131830099e+04
5.661747508046869916e+04
5.488720269928918424e+04
5.352573059677144920e+04
5.250104990546411136e+04
5.178893152932194789e+04
5.137291898066983413e+04
5.124262084797589341e+04
5.139128958641231293e+04
5.181384035917025176e+04
5.250650489882625698e+04
5.346907232612477674e+04
5.471002654075329338e+04
5.625385630029918684e+04
5.814856736610940425e+04
6.047031435553735355e+04
6.332155406430025323e+04
6.681965074245735013e+04
7.107469110801439092e+04
7.615825819138168299e+04
8.206842812468136253e+04
8.869920680674862524e+04
9.582377496828086441e+04
1.030993431497176352e+05
1.100970204967387835e+05
1.163538186218917108e+05
1.214375787629024126e+05
1.250113489263017545e+05
1.268831333583002415e+05
1.270303571008747240e+05
1.255947776888962399e+05
1.228508496161586372e+05
1.191564168913683388e+05
1.148974572652985516e+05
1.104380119421697163e+05
1.060831764455238008e+05
1.020585748927330424e+05
9.850560107350340695e+04
9.548890028743853327e+04
9.301139963214399177e+04
9.103240092074200220e+04
8.948526918133873551e+04
8.829252289947948884e+04
8.737727924170499318e+04
8.667086053992304369e+04
8.611691542103949178e+04
8.567271000797425222e+04
8.530837135229934938e+04
8.500486641680549656e+04
8.475140544385014800e+04
8.454279347748194414e+04
8.437705309251495055e+04
8.425345319330052007e+04
8.417095212032539712e+04
8.412702566559344996e+04
8.411688932708578068e+04
8.413318721163045848e+04
8.416624073136127845e+04
8.420488514649029821e+04
8.423777983435633359e+04
8.425492058371985331e+04
8.424899274730599427e+04
8.421624153749796096e+04
8.415669882860315556e+04
8.407382983258381137e+04
8.397385094648809172e+04
8.386504096822279098e+04
8.375729614653905446e+04
8.366200517934386153e+04
8.359212660302627773e+04
8.356222330350283301e+04
8.358819591594456870e+04
8.368655353280597774e+04
8.387321686337303254e+04
8.416200036955141695e+04
8.456301592369742866e+04
8.508126473495442769e+04
8.571565152119466802e+04
8.645859309330795077e+04
8.729632252011817764e+04
8.820991134148536366e+04
8.917693572898471029e+04
9.017359462252640515e+04
9.117696847052352678e+04
9.216703060147608630e+04
9.312804025963156892e+04
9.404908459300172399e+04
9.492377581990603358e+04
9.574937580543055083e+04
9.652580878365111130e+04
9.725504114234584267e+04
9.794111988021006982e+04
9.859081865354147158e+04
9.921447060159557441e+04
9.982633258038313943e+04
1.004438547613509872e+05
1.010855555114308227e+05
1.017677329916426243e+05
1.025007911505339143e+05
1.032862985550042504e+05
1.041158731365334534e+05
1.049725624986243056e+05
1.058346838237371849e+05
1.066813241116878926e+05
1.074981329082540469e+05
1.082818573084692034e+05
1.090423396507168800e+05
1.098013458597788558e+05
1.105884264521572331e+05
1.114347895729320007e+05
1.123666634630804765e+05
1.133997073490315815e+05
1.145356836835661234e+05
1.157619504504436627e+05
1.170535847749578679e+05
1.183773486869394401e+05
1.196964350413274806e+05
1.209750377663770050e+05
1.221821774355528614e+05
1.232946759577195917e+05
1.242994954539905011e+05
1.251957069928820420e+05
1.259961518526089931e+05
1.267285482408406679e+05
1.274355744558410515e+05
1.281734644114644034e+05
1.290088985419357778e+05
1.300143544254259323e+05
1.312624298879407870e+05
1.328198283576684771e+05
1.347416555947166053e+05
1.370664750933079631e+05
1.398123254889422096e+05
1.429737354692881636e+05
1.465197441823932459e+05
1.503930366921619279e+05
1.545104616996951809e+05
1.587653149559555168e+05
1.630317660311357467e+05
1.671716441547177383e+05
1.710434997530648543e+05
1.745134799563289271e+05
1.774671701067250106e+05
1.798212230775789358e+05
1.815333744147696707e+05
1.826093686662645196e+05
1.831054485902695160e+05
1.831254295020054269e+05
1.828120131868500321e+05
1.823328450043354533e+05
1.818627570159762981e+05
1.815644717089801270e+05
1.815705449188321072e+05
1.819693280149044294e+05
1.827971618153652526e+05
1.840379543606671796e+05
1.856299540491733060e+05
1.874782099216516945e+05
1.894702253143471025e+05
1.914918985536973050e+05
1.934410977691237931e+05
1.952370501671976817e+05
1.968248937929287204e+05
1.981759069907251105e+05
1.992847730491737893e+05
2.001655399012452108e+05
2.008476587106403022e+05
2.013727821070057107e+05
2.017921674007786205e+05
2.021639031932785001e+05
2.025490254314512713e+05
2.030059965411737212e+05
2.035838452798573417e+05
2.043151705543501885e+05
2.052107949346282403e+05
2.062578038752373250e+05
2.074219544521954376e+05
2.086542053404644830e+05
2.098998533245769213e+05
2.111079537079315633e+05
2.122386821280414006e+05
2.132670792562849529e+05
2.141828943986469239e+05
2.149875014840853983e+05
2.156896242200346023e+05
2.163016366664639791e+05
2.168375866178911238e+05
2.173131621243149275e+05
2.177469979314725497e+05
2.181622890214528888e+05
2.185877087431166146e+05
2.190569862587498792e+05
2.196069667357696453e+05
2.202743841948365734e+05
2.210918498667545209e+05
2.220837089626259403e+05
2.232624755485648930e+05
2.246265197237659886e+05
2.261595273029229720e+05
2.278319661044340755e+05
2.296044124768862675e+05
2.314322093423859333e+05
2.332706544915188570e+05
2.350798365099132061e+05
2.368283639406474540e+05
2.384955248723940458e+05
2.400717804427896335e+05
2.415578354172924883e+05
2.429627548290569102e+05
2.443016569626658456e+05
2.455934127628136484e+05
2.468585810743123002e+05
2.481176078342364344e+05
2.493892110995721014e+05
2.506889052806015825e+05
2.520277515581184416e+05
2.534115613650927262e+05
2.548408245750806527e+05
2.563115355932479724e+05
2.578168807766746031e+05
2.593495195830877055e+05
2.609040333954736125e+05
2.624790766619240167e+05
2.640788279690201744e+05
2.657134490783544024e+05
2.673983712801485672e+05
2.691523367780298577e+05
2.709942656253036112e+05
2.729392377343963017e+05
2.749941716464581550e+05
2.771540709926636773e+05
2.793998626164784655e+05
2.816987355210193200e+05
2.840074515734170564e+05
2.862784070361455088e+05
2.884674665688129026e+05
2.905420084181094426e+05
2.924874076849997509e+05
2.943104193582254811e+05
2.960385364162794431e+05
2.977152189739257446e+05
2.993917166605357197e+05
3.011168738686548313e+05
3.029267185647573788e+05
3.048357490585584310e+05
3.068316393471120391e+05
3.088745901837950223e+05
3.109017980355477193e+05
3.128365912840635283e+05
3.146008525563199073e+05
3.161286108286256786e+05
3.173783362141345278e+05
3.183416149214737816e+05
3.190465116053817328e+05
3.195549091538900393e+05
3.199542368547405349e+05
3.203450196085951757e+05
3.208264035351052298e+05
3.214821155454526888e+05
3.223691680900537758e+05
3.235110804450039286e+05
3.248965671343168360e+05
3.264836841515376000e+05
3.282084763090135530e+05
3.299963879609276773e+05
3.317742326271800557e+05
3.334804851754775736e+05
3.350721139994498808e+05
3.365270446265077917e+05
3.378424393737331848e+05
3.390299889840978431e+05
3.401100325679478701e+05
3.411063511106978403e+05
3.420429145689185243e+05
3.429429156062715920e+05
3.438294523854602012e+05
3.447265982812037109e+05
3.456595520676632877e+05
3.466530965221795486e+05
3.477284631734838476e+05
3.488995207267914666e+05
3.501696168906512321e+05
3.515302424829943920e+05
3.529620552475373261e+05
3.544380105859097093e+05
3.559277518028707709e+05
3.574022261695104535e+05
3.588376902556532877e+05
3.602186335788273718e+05
3.615394355078572989e+05
3.628046584077422740e+05
3.640278457113821642e+05
3.652287316260817461e+05
3.664290346849673078e+05
3.676474821445276029e+05
3.688951871971138753e+05
3.701726891386191128e+05
3.714696770550103392e+05
3.727676827832605923e+05
3.740451086707969662e+05
3.752832150574033149e+05
3.764714236076775705e+05
3.776105781920215813e+05
3.787134917365142028e+05
3.798028964984759223e+05
3.809075133843309595e+05
3.820572063884445233e+05
3.832781173639085609e+05
3.845884425278147683e+05
3.859952944492260576e+05
3.874929856642008526e+05
3.890630377587950788e+05
3.906761380710820667e+05
3.922960158941430855e+05
3.938847742002315936e+05
3.954087179727549665e+05
3.968433933856469230e+05
3.981766087437223177e+05
3.994087246825897601e+05
4.005503426437907037e+05
4.016183727535524522e+05
4.026319651957965107e+05
4.036097126685778494e+05
4.045688979458241374e+05
4.055266441836516024e+05
4.065020211081931484e+05
4.075177901799802203e+05
4.086006399821424857e+05
4.097793328088987619e+05
4.110808832949232892e+05
4.125254705483623547e+05
4.141211264695749851e+05
4.158593536419137963e+05
4.177127601713400218e+05
4.196355694990136544e+05
4.215674335722944816e+05
4.234403355102947680e+05
4.251876173376135994e+05
4.267535465480657294e+05
4.281016108204086195e+05
4.292200370437845704e+05
4.301237540591491852e+05
4.308528307971908362e+05
4.314679687828815659e+05
4.320437529032552266e+05
4.326602124718880514e+05
4.333931654287653510e+05
4.343041085442626500e+05
4.354310685013190960e+05
4.367824639015478315e+05
4.383360837229410536e+05
4.400443695946023799e+05
4.418453837536978535e+05
4.436767851619881694e+05
4.454887523587022442e+05
4.472518482284366037e+05
4.489574903167220182e+05
4.506113913662470295e+05
4.522229606087272987e+05
4.537950779704800225e+05
4.553182610354085919e+05
4.567712443437650218e+05
4.581273014401123510e+05
4.593634455954227597e+05
4.604688311656805454e+05
4.614494416295322590e+05
4.623279685649573803e+05
4.631397297947629122e+05
4.639266926551604411e+05
4.647317739891521051e+05
4.655947758607988944e+05
4.665501707672583871e+05
4.676260933497831575e+05
4.688436641466232832e+05
4.702160974136777804e+05
4.717475754364884924e+05
4.734322253591135377e+05
4.752535407653678558e+05
4.771843638121893746e+05
4.791873648551444639e+05
4.812160433396266890e+05
4.832166007423575502e+05
4.851313243648835924e+05
4.869040156552672270e+05
4.884873297555777244e+05
4.898508534755515866e+05
4.909878420884995721e+05
4.919183258719299920e+05
4.926870758658646373e+05
4.933564890661019599e+05
4.939961813924830640e+05
4.946721885342049645e+05
4.954386532982321805e+05
4.963337366519285133e+05
4.973797691153195919e+05
4.985861501101663453e+05
4.999528460887583788e+05
5.014727203576607862e+05
5.031320279999414342e+05
5.049096099156707060e+05
5.067760439006510423e+05
5.086939999038403039e+05
5.106204385734767420e+05
5.125104813812438515e+05
5.143221709435647354e+05
5.160211397526111105e+05
5.175843687697216519e+05
5.190025392466944759e+05
5.202807602653316571e+05
5.214376142085954780e+05
5.225025638939514174e+05
5.235119224087586044e+05
5.245038541104727192e+05
5.255131868920983979e+05
5.265670149868185399e+05
5.276820075209247880e+05
5.288639655876889592e+05
5.301095900929587660e+05
5.314098363170120865e+05
5.327538451575187501e+05
5.341323717323215678e+05
5.355398687570139300e+05
5.369748179187823553e+05
5.384384008249017643e+05
5.399320489762227517e+05
5.414547301636225311e+05
5.430009501021057367e+05
5.445603082206668332e+05
5.461190124990209006e+05
5.476630898504166398e+05
5.491823174319940154e+05
5.506734333281168947e+05
5.521412231259651016e+05
5.535967070750839775e+05
5.550526944416267797e+05
5.565180345463013509e+05
5.579925357338717440e+05
5.594644575922741788e+05
5.609117100460089277e+05
5.623066998340199934e+05
5.636235842609496322e+05
5.648459245396172628e+05
5.659726000153997447e+05
5.670203443544124020e+05
5.680221983491432620e+05
5.690222434301228495e+05
5.700678862401432125e+05
5.712014873868140858e+05
5.724531713971511927e+05
5.738362583086806117e+05
5.753460654885600088e+05
5.769620409959332319e+05
5.786525015206149546e+05
5.803807994040142512e+05
5.821115970036954386e+05
5.838160670366721461e+05
5.854751889527114108e+05
5.870807673123778077e+05
5.886342536220859038e+05
5.901438318522657501e+05
5.916204932304294780e+05
5.930739697207934223e+05
5.945094136798623949e+05
5.959255861024417682e+05
5.973150265643378953e+05
5.986662347661870299e+05
5.999673727076272480e+05
6.012105402201170800e+05
6.023954456876660697e+05
6.035313944246072788e+05
6.046369452852829127e+05
6.057372231020662002e+05
6.068595337595216697e+05
6.080284211680109147e+05
6.092614917331055040e+05
6.105671484627607279e+05
6.119448472470247652e+05
6.133877313849737402e+05
6.148867279851444764e+05
6.164346625439680647e+05
6.180288876538167242e+05
6.196714020618548384e+05
6.213663168044871418e+05
6.231154839083468542e+05
6.249137696535970317e+05
6.267455798593094805e+05
6.285838159069512039e+05
6.303916727543892339e+05
6.321269070507782744e+05
6.337476723463316448e+05
6.352188382082633907e+05
6.365178022604150465e+05
6.376390004962102976e+05
6.385964871473382227e+05
6.394240745811079396e+05
6.401726953625443857e+05
6.409050002362160012e+05
6.416877727615102194e+05
6.425833893701414345e+05
6.436420037969262339e+05
6.448960975379603915e+05
6.463583932603076100e+05
6.480230470773511333e+05
6.498689533234002301e+05
6.518634217817162862e+05
6.539647414046770427e+05
6.561231568927940680e+05
6.582810877648235764e+05
6.603743519928902388e+05
6.623361836675240193e+05
6.641048282157969661e+05
6.656338285149363801e+05
6.669025015052309027e+05
6.679233021639984800e+05
6.687432242650209228e+05
6.694380152236631839e+05
6.701001956645068713e+05
6.708238151226098416e+05
6.716897845941201085e+05
6.727551758982578758e+05
6.740483112269592239e+05
6.755694830748846289e+05
6.772955715408800170e+05
6.791862352088725893e+05
6.811898141118903877e+05
6.832481756861886242e+05
6.853007933323252946e+05
6.872888251096287277e+05
