6.811121663079217542e+05
6.793180221775571117e+05
6.774894819727569120e+05
6.756408086738419952e+05
6.737901951211246196e+05
6.719619591317088343e+05
6.701868917406068649e+05
6.684998685098717688e+05
6.669348758397735655e+05
6.655185514759053476e+05
6.642638530463962816e+05
6.631654364408450201e+05
6.621978572237644112e+05
6.613170365353244124e+05
6.604647845440923702e+05
6.595756809212508379e+05
6.585852976253879024e+05
6.574385814914560178e+05
6.560971660969344666e+05
6.545444682695894735e+05
6.527876861050504958e+05
6.508562758412462426e+05
6.487971043891514419e+05
6.466671355199965183e+05
6.445250438321188558e+05
6.424234015777810710e+05
6.404029546679519117e+05
6.384900029748211382e+05
6.366971370413425611e+05
6.350267424962120131e+05
6.334759747915532207e+05
6.320415168152734404e+05
6.307224822620853083e+05
6.295203449884593720e+05
6.284356708374135196e+05
6.274624972009350313e+05
6.265821474620222580e+05
6.257587579341012752e+05
6.249385934600406326e+05
6.240542962535740808e+05
6.230337836405989947e+05
6.218120481077582808e+05
6.203431490784940543e+05
6.186095878132645739e+05
6.166270437670206884e+05
6.144437673619035631e+05
6.121352104071326321e+05
6.097952519938399782e+05
6.075254880153539125e+05
6.054237163226342527e+05
6.035723940209524008e+05
6.020278160256282426e+05
6.008111084989476949e+05
5.999025652703652158e+05
5.992409596097586909e+05
5.987289502213763772e+05
5.982445967353406595e+05
5.976576392306549242e+05
5.968480380213565659e+05
5.957236765030687675e+05
5.942342296398770995e+05
5.923788941726642661e+05
5.902067439349528868e+05
5.878096895288847154e+05
5.853092065178825287e+05
5.828389988920122851e+05
5.805264276871882612e+05
5.784757026493038284e+05
5.767554168373523280e+05
5.753920527293345658e+05
5.743698306376071414e+05
5.736360507349120453e+05
5.731102334469887428e+05
5.726950781076705316e+05
5.722875071592876920e+05
5.717886254355360288e+05
5.711120120831354288e+05
5.701901564634882379e+05
5.689789905717317015e+05
5.674604604936628602e+05
5.656430877236173255e+05
5.635606088167652488e+05
5.612690166653002379e+05
5.588424976560552604e+05
5.563686901256935671e+05
5.539433384721367620e+05
5.516639591607670300e+05
5.496219079587304732e+05
5.478925561384896282e+05
5.465242133253581123e+05
5.455276741158156656e+05
5.448692258829968050e+05
5.444700314216047991e+05
5.442136990429414436e+05
5.439617961466392735e+05
5.435747392087001354e+05
5.429337698436998762e+05
5.419592587387769017e+05
5.406215255712039070e+05
5.389423421136870747e+05
5.369875808470625198e+05
5.348533580278223380e+05
5.326490420141691575e+05
5.304805700852927985e+05
5.284368495750419097e+05
5.265809458766196622e+05
5.249465901062119519e+05
5.235394939986175741e+05
5.223421828874698258e+05
5.213206458961179014e+05
5.204311058558722725e+05
5.196256042301384732e+05
5.188557534613707685e+05
5.180747268522881204e+05
5.172381195883695036e+05
5.163045782854360878e+05
5.152370295736910193e+05
5.140050115622495068e+05
5.125881439240494510e+05
5.109802749424304930e+05
5.091934042665468878e+05
5.072601775181008852e+05
5.052336766760195605e+05
5.031834866334871040e+05
5.011876552245405619e+05
4.993211202070243889e+05
4.976422454063327168e+05
4.961799743950579432e+05
4.949244548262722092e+05
4.938236151186695788e+05
4.927871076964488020e+05
4.916975137473367504e+05
4.904271254821024486e+05
4.888573943063697661e+05
4.868975598339540884e+05
4.844991686782889883e+05
4.816640645748485695e+05
4.784447391266693012e+05
4.749373591496158624e+05
4.712690281763828825e+05
4.675816684145729523e+05
4.640152080229608109e+05
4.606925273685227148e+05
4.577079638556780410e+05
4.551202865977368201e+05
4.529501602493505925e+05
4.511814378857463016e+05
4.497652926598789636e+05
4.486262247924128897e+05
4.476692386465207674e+05
4.467877720918260748e+05
4.458720984936370514e+05
4.448178486259168712e+05
4.435341007918104297e+05
4.419503378036363865e+05
4.400216200030362816e+05
4.377315978135984042e+05
4.350933590554724215e+05
4.321483753681202652e+05
4.289638352444433840e+05
4.256284434184712591e+05
4.222465063536909292e+05
4.189300543385726633e+05
4.157890330167458742e+05
4.129202031809618929e+05
4.103960970378326601e+05
4.082558796914133127e+05
4.064999996337700868e+05
4.050899963476397097e+05
4.039538838892034255e+05
4.029964094854979194e+05
4.021125006970620598e+05
4.012016117436547647e+05
4.001805904244607082e+05
3.989931086449864088e+05
3.976145065975859761e+05
3.960518759167074459e+05
3.943400907051304821e+05
3.925350560086152982e+05
3.907055607632184983e+05
3.889248452884309809e+05
3.872625324141147430e+05
3.857772064324018429e+05
3.845098603244908736e+05
3.834786763869567658e+05
3.826759463006232399e+05
3.820680518675973872e+05
3.815990777046080329e+05
3.811978221585925203e+05
3.807870066836957703e+05
3.802928011614879942e+05
3.796527400172976195e+05
3.788207637143015745e+05
3.777691977743281168e+05
3.764884855265289661e+05
3.749859779249003623e+05
3.732848826519182767e+05
3.714237552897412097e+05
3.694560756468203617e+05
3.674489023474646965e+05
3.654795695515865227e+05
3.636298616496148752e+05
3.619778623643825995e+05
3.605884429577882402e+05
3.595038948901287513e+05
3.587363948703864007e+05
3.582637955602531438e+05
3.580297329631159082e+05
3.579483575728900032e+05
3.579132746558259241e+05
3.578096431071883417e+05
3.575279095145483734e+05
3.569773773051349563e+05
3.560977455021284986e+05
3.548669222486029612e+05
3.533038556075149681e+05
3.514658255444127135e+05
3.494405229680238990e+05
3.473341290173098678e+05
3.452572823754231213e+05
3.433111114546125173e+05
3.415753588517119060e+05
3.401001191970598302e+05
3.389020142176204245e+05
3.379649116570883780e+05
3.372446766308938386e+05
3.366769811271938379e+05
3.361869067828689585e+05
3.356989621952738962e+05
3.351461971892705187e+05
3.344773152439194382e+05
3.336610226039431291e+05
3.326872579682784271e+05
3.315653766582829994e+05
3.303197879392676987e+05
3.289839312343912316e+05
3.275937660394383711e+05
3.261820482216042583e+05
3.247744811343138572e+05
3.233883396632926888e+05
3.220334655400465708e+05
3.207148373927480425e+05
3.194354859260850353e+05
3.181985349042249727e+05
3.170076111072727945e+05
3.158655988619392738e+05
3.147724208762546768e+05
3.137229311352424556e+05
3.127059722627464798e+05
3.117052286415304407e+05
3.107018858908722177e+05
3.096785136826334638e+05
3.086231945691271685e+05
3.075328030496322317e+05
3.064144910136721446e+05
3.052848077033441514e+05
3.041664041276574135e+05
3.030828522548973560e+05
3.020526264516850933e+05
3.010836055852816789e+05
3.001694375812548096e+05
2.992887246584017994e+05
2.984073212030804716e+05
2.974832842805883265e+05
2.964734188175222953e+05
2.953400978101180517e+05
2.940571579550525639e+05
2.926140667480072007e+05
2.910180308068742161e+05
2.892940807865197421e+05
2.874833394963999162e+05
2.856396964605700923e+05
2.838250935207311995e+05
2.821036853043048177e+05
2.805353111668084166e+05
2.791689435098837712e+05
2.780369506987905479e+05
2.771510351075395010e+05
2.765005458631552174e+05
2.760535593904521666e+05
2.757607441674497095e+05
2.755616480489526875e+05
2.753927033926587319e+05
2.751959458689772873e+05
2.749271967129179393e+05
2.745623041554965894e+05
2.741000541211265954e+05
2.735606351996882004e+05
2.729791431973254657e+05
2.723945263371645706e+05
2.718354862543350318e+05
2.713059332694690092e+05
2.707733369862062391e+05
2.701633937356732786e+05
2.693636225874071242e+05
2.682367840198382037e+05
2.666426690036767977e+05
2.644644041738520609e+05
2.616336974872412684e+05
2.581490660271141678e+05
2.540823508096165606e+05
2.495715112565851014e+05
2.448010705197394127e+05
2.399746363077333954e+05
2.352857157294844219e+05
2.308930680552182021e+05
2.269051909831809753e+05
2.233758501379629597e+05
2.203097471200728905e+05
2.176753081404682016e+05
2.154206293842708692e+05
2.134888348403366690e+05
2.118301144380503101e+05
2.104089999507047760e+05
2.092065843717081589e+05
2.082182102832904493e+05
2.074476765824321774e+05
2.068993696245478350e+05
2.065699961854318099e+05
2.064417409181556432e+05
2.064785560000726546e+05
2.066267921099060914e+05
2.068204949563967239e+05
2.069905863398179354e+05
2.070761176885859459e+05
2.070351423597878893e+05
2.068527137977674720e+05
2.065441078398193349e+05
2.061524210078474134e+05
2.057409101117318496e+05
2.053814816411616630e+05
2.051413640912496485e+05
2.050701103706114227e+05
2.051887577470296528e+05
2.054824161565336690e+05
2.058969878066270903e+05
2.063403007247495116e+05
2.066876969965883764e+05
2.067919548685598420e+05
2.064971775523007382e+05
2.056558170022107952e+05
2.041473082514878479e+05
2.018960236355206289e+05
1.988856999944547715e+05
1.951674537519346050e+05
1.908591764169033268e+05
1.861354761686075944e+05
1.812091301973285736e+05
1.763067851950936019e+05
1.716428987491079606e+05
1.673962891736245656e+05
1.636930450391626218e+05
1.605981161095288116e+05
1.581160662543986691e+05
1.561997056984487572e+05
1.547640570592579897e+05
1.537025828803027980e+05
1.529028142565876187e+05
1.522592733292534540e+05
1.516825731299184554e+05
1.511045097337955376e+05
1.504796342373119551e+05
1.497841399017406511e+05
1.490129701601453999e+05
1.481759492577263736e+05
1.472935591425347957e+05
1.463927979253847152e+05
1.455033854091909598e+05
1.446544424740247196e+05
1.438716759797962441e+05
1.431750608408281405e+05
1.425770240558604710e+05
1.420811783868155617e+05
1.416816901895582268e+05
1.413633697607521608e+05
1.411025424352762348e+05
1.408687155124424025e+05
1.406270193772386701e+05
1.403413648074223602e+05
1.399781889014124172e+05
1.395105258702904684e+05
1.389219422817843151e+05
1.382096858469819126e+05
1.373863199009949749e+05
1.364792454926058126e+05
1.355278690603213618e+05
1.345786758653781144e+05
1.336789635329011362e+05
1.328703138173512998e+05
1.321829336986308626e+05
1.316317790995641262e+05
1.312149758576427412e+05
1.309146049326420034e+05
1.306995388898330129e+05
1.305297685194965161e+05
1.303615482934167812e+05
1.301526864295007399e+05
1.298673705662364082e+05
1.294800259756033192e+05
1.289778379711481102e+05
1.283617292067445233e+05
1.276457579047838808e+05
1.268550776511269651e+05
1.260227498744136246e+05
1.251858052002456097e+05
1.243809990176991996e+05
1.236407039143410366e+05
1.229893424458201771e+05
1.224407053285664733e+05
1.219964316029066104e+05
1.216458439215295075e+05
1.213672190392637567e+05
1.211304179436839768e+05
1.209006060872764065e+05
1.206425928033168748e+05
1.203251647576035175e+05
1.199247416179389256e+05
1.194277825936740555e+05
1.188316149872446258e+05
1.181436824939552025e+05
1.173795262167077890e+05
1.165600177292616863e+05
1.157084030490312434e+05
1.148475981482422794e+05
1.139979742298911733e+05
1.131756874750403658e+05
1.123915233490908577e+05
1.116502538668521156e+05
1.109505873593864671e+05
1.102858250172450498e+05
1.096452502699375182e+05
1.090160662556837342e+05
1.083854529931464785e+05
1.077421770389441808e+05
1.070772618331921549e+05
1.063835292689493363e+05
1.056542481128532381e+05
1.048814949857922038e+05
1.040549826420527679e+05
1.031619659880925901e+05
1.021884553397482523e+05
1.011215055570788099e+05
9.995199014357542910e+04
9.867713529749364534e+04
9.730220007867264212e+04
9.584096685141901253e+04
9.431502373544366856e+04
9.275206480160178035e+04
9.118354950111347716e+04
8.964206250614856253e+04
8.815865379518126429e+04
8.676037631677370518e+04
8.546820877138829383e+04
8.429555078392542782e+04
8.324747615637772833e+04
8.232088987544411793e+04
8.150563492702814983e+04
8.078644421524013160e+04
8.014546905347367283e+04
7.956499212772358442e+04
7.902989480092926533e+04
7.852951125744018645e+04
7.805864129422951373e+04
7.761765740920224926e+04
7.721177675490110414e+04
7.684964776104626071e+04
7.654143651304027298e+04
7.629662637007556623e+04
7.612179723120077688e+04
7.601872502310713753e+04
7.598319242827629205e+04
7.600486423549058964e+04
7.606841148575353145e+04
7.615578015864368354e+04
7.624916903665586142e+04
7.633402328964826302e+04
7.640127314462355571e+04
7.644820479261755827e+04
7.647771975521302375e+04
7.649622527150304813e+04
7.651086949402558093e+04
7.652716020124928036e+04
7.654808460607941379e+04
7.657562640685209772e+04
7.661504924550825672e+04
7.668153247247615946e+04
7.680782393878565927e+04
7.705071830991528986e+04
7.749365806086678640e+04
7.824288924392187619e+04
7.941559834118250001e+04
8.112030008258583257e+04
8.343210883354343241e+04
8.636776740088481165e+04
8.986663143634259177e+04
9.378354119612034992e+04
9.789740510930803430e+04
1.019357384224217094e+05
1.056113000844559429e+05
1.086636127469904895e+05
1.108966513610312104e+05
1.122048813475556817e+05
1.125828429844854836e+05
1.121176225609704707e+05
1.109674995496330230e+05
1.093326655993436434e+05
1.074246091763408331e+05
1.054396949886435759e+05
1.035403282888977410e+05
1.018447550023615040e+05
1.004247104325381079e+05
9.930911284236035135e+04
9.849174270193029952e+04
9.794106392404242069e+04
9.761070890969445463e+04
9.744945736250476330e+04
9.740974198153174075e+04
9.745388289682599134e+04
9.755749177023879020e+04
9.770985619375674287e+04
9.791159041543546482e+04
9.817031555032476899e+04
9.849547283481246268e+04
9.889346521234314423e+04
9.936413098699129478e+04
9.989913934637591592e+04
1.004823944296169939e+05
1.010920934292675520e+05
1.017038141020458861e+05
1.022939381630889402e+05
1.028428029423145053e+05
1.033371290461255412e+05
1.037714228922432521e+05
1.041481737455689581e+05
1.044767799069694011e+05
1.047712941292759060e+05
1.050472979151156760e+05
1.053184666417392727e+05
1.055935845458326366e+05
1.058748011329034925e+05
1.061577143952972110e+05
1.064334323277288495e+05
1.066922136582071398e+05
1.069277993631840654e+05
1.071412933096184570e+05
1.073435306334558263e+05
1.075552633724479383e+05
1.078050616949924006e+05
1.081253906196797325e+05
1.085477137252737157e+05
1.090976132229428476e+05
1.097908098234986537e+05
1.106306938988201873e+05
1.116076417511455220e+05
1.127000710885618464e+05
1.138769386219759617e+05
1.151012217732134741e+05
1.163338607184678549e+05
1.175376610843411618e+05
1.186807541151118057e+05
1.197393472395245626e+05
1.206996306501981890e+05
1.215587970734777191e+05
1.223251677127056610e+05
1.230174132039521210e+05
1.236628513127833430e+05
1.242948305441586563e+05
1.249492899153966282e+05
1.256607137633059901e+05
1.264578513936306408e+05
1.273597107007163286e+05
1.283724261004585569e+05
1.294876062071967463e+05
1.306826492788839678e+05
1.319232528451624094e+05
1.331679526458806067e+05
1.343740734561965510e+05
1.355040799307558045e+05
1.365311172572991054e+05
1.374426315343010065e+05
1.382413718451687892e+05
1.389437002110784524e+05
1.395757819386701158e+05
1.401686849626656331e+05
1.407535350452669663e+05
1.413576382337207033e+05
1.420020199364415312e+05
1.427003558721475129e+05
1.434589851977217186e+05
1.442776908266874088e+05
1.451511426255466940e+05
1.460711434055663995e+05
1.470298918126319186e+05
1.480242643194003613e+05
1.490606554558087955e+05
1.501593748453116277e+05
1.513572177027881262e+05
1.527068031557522772e+05
1.542717043229884293e+05
1.561172326658525562e+05
1.582978237034505291e+05
1.608430550705807109e+05
1.637451255073297361e+05
1.669508649600805365e+05
1.703608487077631871e+05
1.738369357759685372e+05
1.772177503197967890e+05
1.803396956800178159e+05
1.830595738581470505e+05
1.852742657306247565e+05
1.869334630729875935e+05
1.880430370243151265e+05
1.886588445023833774e+05
1.888729808550534653e+05
1.887960680661303049e+05
1.885397298792966467e+05
1.882028883883299131e+05
1.878641755533098476e+05
1.875810311982849380e+05
1.873944226833409339e+05
1.873369260914962215e+05
1.874413401302538114e+05
1.877470912723835499e+05
1.883023534808092809e+05
1.891609038793648942e+05
1.903740711811482615e+05
1.919794566788796801e+05
1.939891247121864581e+05
1.963803838538333366e+05
1.990919211613271327e+05
2.020269130753118079e+05
2.050630669644569862e+05
2.080678028598755773e+05
2.109154911058022117e+05
2.135032221231633157e+05
2.157621183774901729e+05
2.176624881160073855e+05
2.192127014470446738e+05
2.204530263706158730e+05
2.214464326472021057e+05
2.222684607153497345e+05
2.229978174331537739e+05
2.237086840608540515e+05
2.244650698406080483e+05
2.253170725461194234e+05
2.262986564406682737e+05
2.274265057762035867e+05
2.286996236214327801e+05
2.300995852225925191e+05
2.315916585599043174e+05
2.331272572793364525e+05
2.346482443213106017e+05
2.360933423952073208e+05
2.374063267641072744e+05
2.385449285911660409e+05
2.394887391528641747e+05
2.402441745002898679e+05
2.408449268412848760e+05
2.413472760522087628e+05
2.418209167676563084e+05
2.423371715298598283e+05
2.429571932920987601e+05
2.437227432034241210e+05
2.446513544134721742e+05
2.457364267126191407e+05
2.469514841868108779e+05
2.482569146759797586e+05
2.496072643906613521e+05
2.509575716464646102e+05
2.522680186744498787e+05
2.535069646009413409e+05
2.546528635969611350e+05
2.556955474087671319e+05
2.566369860273435479e+05
2.574912206966420927e+05
2.582829770664154203e+05
2.590446507576603326e+05
2.598118376899806026e+05
2.606181199837703898e+05
2.614901472074864432e+05
2.624440120712128119e+05
2.634835313922101050e+05
2.646004897444066592e+05
2.657764290349479998e+05
2.669853578169181710e+05
2.681968519242061302e+05
2.693793108780952170e+05
2.705034173250675085e+05
2.715459257488457952e+05
2.724936996428317507e+05
2.733475030039288104e+05
2.741246482011902845e+05
2.748594626786651788e+05
2.756008266667496064e+05
2.764067296669406351e+05
2.773366682688980945e+05
2.784434192784953048e+05
2.797659665204585763e+05
2.813250198479411192e+05
2.831217729649572284e+05
2.851396253585820668e+05
2.873479033948419383e+05
2.897063866625560913e+05
2.921696821103750262e+05
2.946909911522148177e+05
2.972253019226472825e+05
2.997322925282913493e+05
3.021791899230486597e+05
3.045435842753353063e+05
3.068159143555302871e+05
3.090011545381306787e+05
3.111192063303848263e+05
3.132036100817591068e+05
3.152983996572518372e+05
3.174531891902171192e+05
3.197168872125301859e+05
3.221307507060391363e+05
3.247217570677328622e+05
3.274973937819763669e+05
3.304428614420868689e+05
3.335213313311562524e+05
3.366773542368576163e+05
3.398429147672639228e+05
3.429451248424629448e+05
3.459142839319783961e+05
3.486910651257978752e+05
3.512318901356469141e+05
3.535120272909080959e+05
3.555264315567054437e+05
3.572886965154857608e+05
3.588286191350680892e+05
3.601888027577983448e+05
3.614205501625894103e+05
3.625791749302194803e+05
3.637188936810821178e+05
3.648876586029278114e+05
3.661225419025936280e+05
3.674464275267986814e+05
3.688666695419610478e+05
3.703760175004978664e+05
3.719555913398842677e+05
3.735791992240142426e+05
3.752180153212093282e+05
3.768446669661332853e+05
3.784360881485712016e+05
3.799749358533950290e+05
3.814497589734655339e+05
3.828543310146811418e+05
3.841865905202473514e+05
3.854475567664800328e+05
3.866405075389337726e+05
3.877706657081756857e+05
3.888455913024669862e+05
3.898763150657874648e+05
3.908789281752992538e+05
3.918759449267532909e+05
3.928964922892571194e+05
3.939744799830121337e+05
3.951444558828627341e+05
3.964357067519215052e+05
3.978659762374918791e+05
3.994365571754046832e+05
4.011302571515511372e+05
4.029129108505669283e+05
4.047380600658320473e+05
4.065535784711206798e+05
4.083086996799475746e+05
4.099601632896829396e+05
4.114768039573938004e+05
4.128425171531574451e+05
4.140578455163819599e+05
4.151403542128549307e+05
4.161236531718252809e+05
4.170546677526820567e+05
4.179888146556610009e+05
4.189831849541030824e+05
4.200885223933654488e+05
4.213414109745762544e+05
4.227583485560637782e+05
4.243331263233063510e+05
4.260382155963252881e+05
4.278299181607749779e+05
4.296561628535772907e+05
4.314652720583855989e+05
4.332138934136829339e+05
4.348725822357910220e+05
4.364281286233775318e+05
4.378825042468580650e+05
4.392490889516149764e+05
4.405474469683198258e+05
4.417981924196687178e+05
4.430193173917234526e+05
4.442247822917835438e+05
4.454253631690932089e+05
4.466309879587096511e+05
4.478533378297513700e+05
4.491074825399746769e+05
4.504117223399210488e+05
4.517854401746449294e+05
4.532453967257181066e+05
4.548013527833418339e+05
4.564521071663593175e+05
4.581830050747119240e+05
4.599657413261740003e+05
4.617608880962188705e+05
4.635230500199249364e+05
4.652079563586878940e+05
4.667802585459743859e+05
4.682204616775027243e+05
4.695294084414869430e+05
4.707291065004622214e+05
4.718593990897159674e+05
4.729708875572698889e+05
4.741154262224435806e+05
4.753361990222017630e+05
4.766596430097555858e+05
4.780911688439726131e+05
4.796157494405086618e+05
4.812031990666866768e+05
4.828167019967590459e+05
4.844222771597765386e+05
4.859966767119633150e+05
4.875317667768447427e+05
4.890345199327981099e+05
4.905229876213825191e+05
4.920196378864971921e+05
4.935439931124744471e+05
4.951065178975904710e+05
4.967052645692857332e+05
4.983260266507889028e+05
4.999458421359898639e+05
5.015388085419130512e+05
5.030825268411793513e+05
5.045632892709627049e+05
5.059784967064080993e+05
5.073356908196394215e+05
5.086487533114533289e+05
5.099328431303533725e+05
5.112001029962608591e+05
5.124578512561193784e+05
5.137099730162366759e+05
5.149609091439060285e+05
5.162205210681731696e+05
5.175076191864612047e+05
5.188502778601006721e+05
5.202821092036650516e+05
5.218350662088417448e+05
5.235306109365108423e+05
5.253717822350338101e+05
5.273385892243072158e+05
5.293882747440432431e+05
5.314606346601601690e+05
5.334872020732994424e+05
5.354021571298937779e+05
5.371525673884645803e+05
5.387059874065974727e+05
5.400542934322166257e+05
5.412135481041416060e+05
5.422204102110874373e+05
5.431260392688511638e+05
5.439886644083085703e+05
5.448660931998443557e+05
5.458094364030789584e+05
5.468591108535769163e+05
5.480436350679663010e+05
5.493808786280250642e+05
5.508805297771231271e+05
5.525460286974231713e+05
5.543744385970894946e+05
5.563537506745071150e+05
5.584585867761000991e+05
5.606465227737163659e+05
5.628576582447158871e+05
5.650192922974505927e+05
5.670558393850579159e+05
5.689020918336514151e+05
5.705164291454514023e+05
5.718902083980898606e+05
5.730505028368569911e+05
5.740552367852346506e+05
5.749819099701051600e+05
5.759127882634198759e+05
5.769201682685293490e+05
5.780549844451007666e+05
5.793408607774967095e+05
5.807741684702907223e+05
5.823292164785044733e+05
5.839667251911039930e+05
5.856433660844714614e+05
5.873203484076519962e+05
5.889696234112334205e+05
5.905770328412981471e+05
5.921424467867974890e+05
5.936774739771289751e+05
5.952016183504650835e+05
5.967378008426446468e+05
5.983080183849459281e+05
5.999296587709971936e+05
6.016127271989048459e+05
6.033580516402870417e+05
6.051564644192451378e+05
6.069889931406556861e+05
6.088281651083314791e+05
6.106405379316703184e+05
6.123904408802125836e+05
6.140446439164788462e+05
6.155773484171474120e+05
6.169746539388539968e+05
6.182376235492886044e+05
6.193832897007605061e+05
6.204433500290239463e+05
6.214607599254980450e+05
6.224847948272118811e+05
6.235653508297516964e+05
6.247472820473844185e+05
6.260654936855026754e+05
6.275413732130067656e+05
6.291809594887810526e+05
6.309750024739487562e+05
6.329007541261354927e+05
6.349250161652680254e+05
6.370077713966390584e+05
6.391057537742434070e+05
6.411755864232635358e+05
6.431765144794142107e+05
6.450730583329340443e+05
6.468379079991467297e+05
6.484550182009242708e+05
6.499223105155787198e+05
6.512529662531516515e+05
6.524743172673997469e+05
6.536239323041660246e+05
6.547434771703229053e+05
6.558718773911686148e+05
6.570397625736882910e+05
6.582668448227868648e+05
6.595628520159954205e+05
6.609313094286891865e+05
6.623743993183029816e+05
6.638967736685730051e+05
6.655066784915886819e+05
6.672138360276479507e+05
6.690247620845849160e+05
6.709371058349709492e+05
6.729349202044899575e+05
6.749865009878156707e+05
6.770457669633043697e+05
6.790573363899751566e+05
6.809646601622278104e+05
6.827198730806321837e+05
6.842934658812213456e+05
6.856815654744645581e+05
6.869087268742101733e+05
6.880248712094515795e+05
6.890963674427828519e+05
6.901929715766143054e+05
6.913738426278876141e+05
6.926764984889596235e+05
6.941119285861768294e+05
6.956672040955851553e+05
6.973144300100961700e+05
6.990227146897541825e+05
7.007688722910225624e+05
7.025432264313020278e+05
7.043488769744499587e+05
7.061952922645715298e+05
7.080890838683029870e+05
7.100255749740023166e+05
7.119841333559091436e+05
7.139286420908482978e+05
7.158126864125130232e+05
7.175877427529796259e+05
7.192122068057563156e+05
7.206593965439922176e+05
7.219233305988840293e+05
7.230216993238828145e+05
7.239957909109691391e+05
7.249072481297650374e+05
7.258316366653678706e+05
7.268491391995965969e+05
7.280333289336436428e+05
7.294397616381647531e+05
7.310967013116405578e+05
7.330002706774199614e+05
7.351154800579444272e+05
7.373830645691524260e+05
7.397303412779942155e+05
7.420830713349898579e+05
7.443751506225597113e+05
7.465540099060466746e+05
7.485814802260836586e+05
7.504317519276170060e+05
7.520890608459708747e+05
7.535473906314350897e+05
7.548129483656943776e+05
7.559082025693249889e+05
7.568748516582774464e+05
7.577729524763323134e+05
7.586747107930904021e+05
7.596535779408060480e+05
7.607713610737496056e+05
