6.809844295619025361e+05
6.794646683496652404e+05
6.780573769666276639e+05
6.767383578596514417e+05
6.754686790863375645e+05
6.742004150533891516e+05
6.728851338703049114e+05
6.714833364071092801e+05
6.699724557662283769e+05
6.683512618583185831e+05
6.666395259185364703e+05
6.648731975786633557e+05
6.630966008685267298e+05
6.613538237163065933e+05
6.596813813501513796e+05
6.581035093622060958e+05
6.566304387863273732e+05
6.552591276034504408e+05
6.539754598305292893e+05
6.527569487164920429e+05
6.515753542389024515e+05
6.503990854233303107e+05
6.491955593012525933e+05
6.479337158095048508e+05
6.465866952893532580e+05
6.451344400200406089e+05
6.435658537647384219e+05
6.418802155912216986e+05
6.400877366202611011e+05
6.382093292154849041e+05
6.362757011315214913e+05
6.343257653846523026e+05
6.324041647090790793e+05
6.305576131091805873e+05
6.288298992671214510e+05
6.272558101357816486e+05
6.258548029170201626e+05
6.246257504075488541e+05
6.235442581224826863e+05
6.225637456491081975e+05
6.216207217770266579e+05
6.206436733484445140e+05
6.195640524140285561e+05
6.183272854450697778e+05
6.169016998031619005e+05
6.152837305193835637e+05
6.134985471402100520e+05
6.115960910459685838e+05
6.096432580141482176e+05
6.077135165421130368e+05
6.058756068066562293e+05
6.041831120439292863e+05
6.026665945383525686e+05
6.013295901769766351e+05
6.001490604424405610e+05
5.990800251762212720e+05
5.980632718621636741e+05
5.970345144336761441e+05
5.959333171257909853e+05
5.947104803266236559e+05
5.933331997403216083e+05
5.917878808670663275e+05
5.900808188717467710e+05
5.882370137087072944e+05
5.862973139415610349e+05
5.843140488942908123e+05
5.823454173624034738e+05
5.804491181571575580e+05
5.786759114389226306e+05
5.770638800454221200e+05
5.756340897672893479e+05
5.743881754172911169e+05
5.733081644082813291e+05
5.723586052198250545e+05
5.714907723161980975e+05
5.706483763122120872e+05
5.697739015556790400e+05
5.688145640517788706e+05
5.677270386305775028e+05
5.664805246230527991e+05
5.650582355386727722e+05
5.634577767658674857e+05
5.616909500523871975e+05
5.597832890149857849e+05
5.577732366491449066e+05
5.557105395801936975e+05
5.536533249141175766e+05
5.516635026802738430e+05
5.498005467110420577e+05
5.481142251393287443e+05
5.466373287990650861e+05
5.453797390165302204e+05
5.443251760616442189e+05
5.434316291955409106e+05
5.426358319457077887e+05
5.418613486430593766e+05
5.410290764192742063e+05
5.400684334218322765e+05
5.389273267342055915e+05
5.375792043271617731e+05
5.360260373540093424e+05
5.342968351904778974e+05
5.324421171924819937e+05
5.305254917491642991e+05
5.286139726240102900e+05
5.267687831861169543e+05
5.250381307900503743e+05
5.234528538827516604e+05
5.220251250809814665e+05
5.207497422914757044e+05
5.196071244965095539e+05
5.185670217306569102e+05
5.175921208238411928e+05
5.166410831447605160e+05
5.156709688534917659e+05
5.146393692836528644e+05
5.135067801994199399e+05
5.122397158145261928e+05
5.108147452542138053e+05
5.092230819766537170e+05
5.074747462658604491e+05
5.056009127017472638e+05
5.036530943223825889e+05
5.016984029951002449e+05
4.998111330260823015e+05
4.980620103256604634e+05
4.965072297147617210e+05
4.951795721112614847e+05
4.940833921592857805e+05
4.931942899974631146e+05
4.924631785193392425e+05
4.918235801899310318e+05
4.912005533086216310e+05
4.905196865329872817e+05
4.897149826537466724e+05
4.887349685137920897e+05
4.875468176001804532e+05
4.861385320676572155e+05
4.845192869586113957e+05
4.827179762828537496e+05
4.807799568119546748e+05
4.787620799155385466e+05
4.767263642143734614e+05
4.747330041336630238e+05
4.728336638277764432e+05
4.710660180006751907e+05
4.694502266321438947e+05
4.679875735893734964e+05
4.666610600380646065e+05
4.654375039583659382e+05
4.642707120830286876e+05
4.631054605834948015e+05
4.618821627055286081e+05
4.605420739160224330e+05
4.590326842728677439e+05
4.573127097505298443e+05
4.553560018124693888e+05
4.531538514514970593e+05
4.507155219638987328e+05
4.480672307574272854e+05
4.452500246913114679e+05
4.423169662601285963e+05
4.393298311773303431e+05
4.363552815571356332e+05
4.334603961166055524e+05
4.307075864359887782e+05
4.281492486550642061e+05
4.258228372468700982e+05
4.237472287062394898e+05
4.219211570491102757e+05
4.203241446230646106e+05
4.189198215728757204e+05
4.176609977361849742e+05
4.164955087325374479e+05
4.153718356287301867e+05
4.142438063953474048e+05
4.130741868280256749e+05
4.118374023819469148e+05
4.105217432475047535e+05
4.091310879424897139e+05
4.076855877505189274e+05
4.062202649534826051e+05
4.047805138002352323e+05
4.034142593793403939e+05
4.021618328419583268e+05
4.010459006071300828e+05
4.000643704101270996e+05
3.991886711271782988e+05
3.983682587808711105e+05
3.975402330509369494e+05
3.966413734550125664e+05
3.956193573297656258e+05
3.944405550055892090e+05
3.930932379756504088e+05
3.915866068237875588e+05
3.899471128867583466e+05
3.882137977140692528e+05
3.864338982643067138e+05
3.846591413881868357e+05
3.829424225797197432e+05
3.813342417468507192e+05
3.798784325272724964e+05
3.786072362015879480e+05
3.775363763339080033e+05
3.766612138257061015e+05
3.759551183953480213e+05
3.753708427937439410e+05
3.748450466321541462e+05
3.743054093316287035e+05
3.736792304401918082e+05
3.729021883282540948e+05
3.719260224556527683e+05
3.707242063418544130e+05
3.692950342545420281e+05
3.676618516549145570e+05
3.658704097297599073e+05
3.639835771263575880e+05
3.620739491789609310e+05
3.602152362857475528e+05
3.584735883265206940e+05
3.569000946947751800e+05
3.555255158383771777e+05
3.543578818562924280e+05
3.533830614930386655e+05
3.525679203676655889e+05
3.518653699976502103e+05
3.512204915514014428e+05
3.505769488478026469e+05
3.498829955943684909e+05
3.490964682915044250e+05
3.481882387589079444e+05
3.471437370338262408e+05
3.459624122284993064e+05
3.446553829301609076e+05
3.432419491676796461e+05
3.417459270785120898e+05
3.401927606167785707e+05
3.386080008971383795e+05
3.370171265926788328e+05
3.354460540187901352e+05
3.339213362461535726e+05
3.324691586176881101e+05
3.311127841156531940e+05
3.298688602984945173e+05
3.287436346287711640e+05
3.277303471198780462e+05
3.268087723949938081e+05
3.259471984796383767e+05
3.251063640434074914e+05
3.242443642917241086e+05
3.233214767130200635e+05
3.223042163083350169e+05
3.211684603279579314e+05
3.199018643744006986e+05
3.185058070232506725e+05
3.169967570363216801e+05
3.154064894715978880e+05
3.137803163061940577e+05
3.121726880040646065e+05
3.106401802177715581e+05
3.092327705244745011e+05
3.079850610524578369e+05
3.069093835724517703e+05
3.059924014689765754e+05
3.051960163730327622e+05
3.044623969945258577e+05
3.037221105027708691e+05
3.029038787829914945e+05
3.019444424036839628e+05
3.007972678155472968e+05
2.994391806482556858e+05
2.978742929591551656e+05
2.961347702761576511e+05
2.942781251475705649e+05
2.923809519671943854e+05
2.905294254618712002e+05
2.888074643729814561e+05
2.872840851628552773e+05
2.860019297976957168e+05
2.849690375120489625e+05
2.841555224148903508e+05
2.834959499901851523e+05
2.828970752367100213e+05
2.822495273282663547e+05
2.814413242426058860e+05
2.803709860043735825e+05
2.789584901343318634e+05
2.771531579733291292e+05
2.749384154918881250e+05
2.723338912211521529e+05
2.693953268765961984e+05
2.662123747746212757e+05
2.629038535223334911e+05
2.596098090300458425e+05
2.564800313477966411e+05
2.536594944233171409e+05
2.512722336782206257e+05
2.494060355393634818e+05
2.481006176680200733e+05
2.473415717563132348e+05
2.470613242805136542e+05
2.471470410122030007e+05
2.474541209457204095e+05
2.478229985461031029e+05
2.480965716631809191e+05
2.481357217140764988e+05
2.478309976085630187e+05
2.471094197516414570e+05
2.459363124997535197e+05
2.443128878657902533e+05
2.422708285521050275e+05
2.398652907692984445e+05
2.371675990022530023e+05
2.342585399946263933e+05
2.312227128369901620e+05
2.281439727987460501e+05
2.251017016888252110e+05
2.221675002828978468e+05
2.194019588936403452e+05
2.168514186808911909e+05
2.145450297697496717e+05
2.124928088436365360e+05
2.106856115605117811e+05
2.090977952709117671e+05
2.076927996578607708e+05
2.064310378284426697e+05
2.052786473414303618e+05
2.042151321621960669e+05
2.032379717912984197e+05
2.023629164936407178e+05
2.016197375538493216e+05
2.010443279743077292e+05
2.006689172082548030e+05
2.005125539828300243e+05
2.005738711232268834e+05
2.008275668732715712e+05
2.012251923539417039e+05
2.016999221714485902e+05
2.021741920827641443e+05
2.025685736539507634e+05
2.028101320018906845e+05
2.028388084062880371e+05
2.026110031925620860e+05
2.021003163474448374e+05
2.012960899762950721e+05
2.002007799331700371e+05
1.988271764081971778e+05
1.971961613729581586e+05
1.953352161238607659e+05
1.932774816159742186e+05
1.910609681782727130e+05
1.887275363825922541e+05
1.863214557584166760e+05
1.838875801540546818e+05
1.814693641255853581e+05
1.791070387066578842e+05
1.768362640361145022e+05
1.746874941010951006e+05
1.726861378967096098e+05
1.708533966449427535e+05
1.692074329828211048e+05
1.677643500412329449e+05
1.665384080690216797e+05
1.655410462073136587e+05
1.647786087021520943e+05
1.642491186748254404e+05
1.639388560835484823e+05
1.638197270490904921e+05
1.638483597212805762e+05
1.639675237976140052e+05
1.641099409256411891e+05
1.642039849737997283e+05
1.641803192860292911e+05
1.639782897466740105e+05
1.635509267326288973e+05
1.628676842799288279e+05
1.619144999689397810e+05
1.606913100762956601e+05
1.592076998212463222e+05
1.574777912668666977e+05
1.555156540068643808e+05
1.533323816141753341e+05
1.509355028512436547e+05
1.483306924931969552e+05
1.455250155566457834e+05
1.425304293954033346e+05
1.393661830012782302e+05
1.360591572792537627e+05
1.326419649689462967e+05
1.291494967885479564e+05
1.256152239094808756e+05
1.220686841612365970e+05
1.185351191916093812e+05
1.150373530905350781e+05
1.115990473172878847e+05
1.082478137613252184e+05
1.050165886264683650e+05
1.019422150236094894e+05
9.906116129328891111e+04
9.640336024363641627e+04
9.398591045742981078e+04
9.180856912867973733e+04
8.985252757732174359e+04
8.808305251957829751e+04
8.645550287267213571e+04
8.492333210507869080e+04
8.344621858153583889e+04
8.199653350265779591e+04
8.056288762793102069e+04
7.915029269085396663e+04
7.777727867890092602e+04
7.647090673238180170e+04
7.526089036706833576e+04
7.417398433703191404e+04
7.322951406037852576e+04
7.243653424670454115e+04
7.179274480463344662e+04
7.128502708275865007e+04
7.089130838674385450e+04
7.058339097246236634e+04
7.033035315072711091e+04
7.010211500765143137e+04
6.987275250009284355e+04
6.962315559985378059e+04
6.934268261990405153e+04
6.902958138280165440e+04
6.869012624169274932e+04
6.833663112008596363e+04
6.798469690712360898e+04
6.765018700978081324e+04
6.734646127927585621e+04
6.708232522082918149e+04
6.686098603506787913e+04
6.668008917117070814e+04
6.653268883899232605e+04
6.640883270105092379e+04
6.629735391441331012e+04
6.618748352923376660e+04
6.607001745543246216e+04
6.593795828283073206e+04
6.578673984163484420e+04
6.561425922421249561e+04
6.542093524103020172e+04
6.520988160947037977e+04
6.498708596797334030e+04
6.476132269703593192e+04
6.454349629925155750e+04
6.434525628926209174e+04
6.417700355793161725e+04
6.404570808653777203e+04
6.395314125350098038e+04
6.389509685095800523e+04
6.386192605710869248e+04
6.384032959986748028e+04
6.381597666046509403e+04
6.377628834629140329e+04
6.371270464302309119e+04
6.362193357735917380e+04
6.350597836335064494e+04
6.337104687801125692e+04
6.322568263148668484e+04
6.307857727249147865e+04
6.293653447351863724e+04
6.280297997495034360e+04
6.267728154493997863e+04
6.255497857539905090e+04
6.242884539722862974e+04
6.229055331205740367e+04
6.213258941748737561e+04
6.195006747660880501e+04
6.174213858391662507e+04
6.151285675541962701e+04
6.127152884226742026e+04
6.103272301003471512e+04
6.081618536523569492e+04
6.064691311624398077e+04
6.055558082096146245e+04
6.057945533928780787e+04
6.076389590650126047e+04
6.116451474859518203e+04
6.185002246031165123e+04
6.290561671455008036e+04
6.443640393034929002e+04
6.656972998659365112e+04
6.945450855106157542e+04
7.325491136455025116e+04
7.813553491225368634e+04
8.423588304687500931e+04
9.163409830105994479e+04
1.003033449827790319e+05
1.100684754091503273e+05
1.205742978609752026e+05
1.312782106431014254e+05
1.414776849801569479e+05
1.503765654182006256e+05
1.571844546191061963e+05
1.612331625392537680e+05
1.620867705488196516e+05
1.596203072742711520e+05
1.540476434793626540e+05
1.458908158482323634e+05
1.358972016542293422e+05
1.249233912841329584e+05
1.138114774395564891e+05
1.032830376816357311e+05
9.386909474226924067e+04
8.588358387389057316e+04
7.943693090891090105e+04
7.447829862234681787e+04
7.085148218189639738e+04
6.835024929189003888e+04
6.676281153883310617e+04
6.590027258253123728e+04
6.560872073068380996e+04
6.576811716945332591e+04
6.628294215810720925e+04
6.706985835923574632e+04
6.804683708033512812e+04
6.912672237932439020e+04
7.021648369847929280e+04
7.122176453105674591e+04
7.205504367250986979e+04
7.264498640239062661e+04
7.294447299952406320e+04
7.293531397643375385e+04
7.262861770615678688e+04
7.206088856588932686e+04
7.128690231873792072e+04
7.037099767432772205e+04
6.937853838018958049e+04
6.836898544978586142e+04
6.739143125815666281e+04
6.648278578055676189e+04
6.566824468208193139e+04
6.496331706520634179e+04
6.437658103739010403e+04
6.391244370556983631e+04
6.357344877838640969e+04
6.336201844665464159e+04
6.328184146021780180e+04
6.333932734761942993e+04
6.354555636644169863e+04
6.391893316507633426e+04
6.448833952315810166e+04
6.529609339356724377e+04
6.639962090450005780e+04
6.787059684407862369e+04
6.979051655384662445e+04
7.224224801047750225e+04
7.529799440467696695e+04
7.900509765616020013e+04
8.337198794830267434e+04
8.835706951750637381e+04
9.386321302499111334e+04
9.973971373872814002e+04
1.057921823811852228e+05
1.117991805345087050e+05
1.175329510520628392e+05
1.227807699912884564e+05
1.273635170571001509e+05
1.311489777086935937e+05
1.340588038073036878e+05
1.360694657497151929e+05
1.372084825656047906e+05
1.375475189898412209e+05
1.371936979632548755e+05
1.362800130373765132e+05
1.349553758028323064e+05
1.333747719874258328e+05
1.316901614510949003e+05
1.300429091024155932e+05
1.285584388888235699e+05
1.273433779111792828e+05
1.264848318146081292e+05
1.260508802277537761e+05
1.260911697688339918e+05
1.266367262844460929e+05
1.276987067897943634e+05
1.292665008966214955e+05
1.313060751301726559e+05
1.337595425182051258e+05
1.365466311699739308e+05
1.395681879919840430e+05
1.427113361888627696e+05
1.458556175391829747e+05
1.488794722370275122e+05
1.516666651841351122e+05
1.541125750643597567e+05
1.561304236287973763e+05
1.576574207406079513e+05
1.586604572225317825e+05
1.591405462403763377e+05
1.591349168310811219e+05
1.587156953170522756e+05
1.579845538912797056e+05
1.570634876325000951e+05
1.560827910011612694e+05
1.551680637286526617e+05
1.544284322740877396e+05
1.539479891282097087e+05
1.537817540821658622e+05
1.539564338181904168e+05
1.544751849618060805e+05
1.553247674297776539e+05
1.564831216981039324e+05
1.579255789199434803e+05
1.596285195724696387e+05
1.615701211975153419e+05
1.637286304113747319e+05
1.660791594300679280e+05
1.685902468181783042e+05
1.712213494585406734e+05
1.739221352356251446e+05
1.766340320876206388e+05
1.792940470152504568e+05
1.818404529386521026e+05
1.842195854271687276e+05
1.863927279813531204e+05
1.883419353073232051e+05
1.900736908073009108e+05
1.916195394317520841e+05
1.930332644687662250e+05
1.943847281410406868e+05
1.957510784088683722e+05
1.972065296568830963e+05
1.988122497225133993e+05
2.006079525642335648e+05
2.026065715192548232e+05
2.047928966915561468e+05
2.071263857412193611e+05
2.095476317933351384e+05
2.119873458782872476e+05
2.143763158896825626e+05
2.166547164474281308e+05
2.187793651931532368e+05
2.207279774303034355e+05
2.225000402658548555e+05
2.241144793593037757e+05
2.256047291501384752e+05
2.270121009834981814e+05
2.283784852301536594e+05
2.297394586325872515e+05
2.311188180799098045e+05
2.325254130836518598e+05
2.339528628434725979e+05
2.353822953389406321e+05
2.367876694715745107e+05
2.381426504391842755e+05
2.394275729556711740e+05
2.406349095714927535e+05
2.417719442824178259e+05
2.428599890390761429e+05
2.439303054347009456e+05
2.450176758803924895e+05
2.461530985818691261e+05
2.473572380320820666e+05
2.486360414901965414e+05
2.499794208547041926e+05
2.513632368909880170e+05
2.527541527046595875e+05
2.541163676927493652e+05
2.554188918797500955e+05
2.566419273209527310e+05
2.577811003504967084e+05
2.588487016650768928e+05
2.598716630577688629e+05
2.608866239762038458e+05
2.619330045875229407e+05
2.630454025059539708e+05
2.642467885743549559e+05
2.655438469335197587e+05
2.669253884280967177e+05
2.683641333319789264e+05
2.698214500579558080e+05
2.712540352360198740e+05
2.726211928140191594e+05
2.738913909249329590e+05
2.750470920829299721e+05
2.760873090349604026e+05
2.770277590123869595e+05
2.778987686353886384e+05
2.787412322483309545e+05
2.796010443142715958e+05
2.805226044657325838e+05
2.815422369784837356e+05
2.826825702693689382e+05
2.839489308134195744e+05
2.853285162177616730e+05
2.867925552076405147e+05
2.883010100992857479e+05
2.898088654391924501e+05
2.912728548970997799e+05
2.926576393350349972e+05
2.939408323502299609e+05
2.951166548595590284e+05
2.961981931250878843e+05
2.972181678899970138e+05
2.982278902459481033e+05
2.992938906233956804e+05
3.004917782615970937e+05
3.018973334439928294e+05
3.035755932714838418e+05
3.055695325822399464e+05
3.078905417730271001e+05
3.105129737897770829e+05
3.133744423758397461e+05
3.163823995535491849e+05
3.194261095094659831e+05
3.223918828502026154e+05
3.251787103161633131e+05
3.277114302558000782e+05
3.299492306783453096e+05
3.318883733048508293e+05
3.335591968651179341e+05
3.350184236908636522e+05
3.363384108746146667e+05
3.375952522094295127e+05
3.388576227411960717e+05
3.401780265706303762e+05
3.415876706789761665e+05
3.430955313883058843e+05
3.446913497567737941e+05
3.463514476612673025e+05
3.480456553638845216e+05
3.497435325208110735e+05
3.514185428331478615e+05
3.530497572049542214e+05
3.546216461684745736e+05
3.561231570147431339e+05
3.575472831819978310e+05
3.588917476625588606e+05
3.601605540391730610e+05
3.613654553724229336e+05
3.625262022474904079e+05
3.636688359020823846e+05
3.648220739280795096e+05
3.660126120417015627e+05
3.672605912340960349e+05
3.685764108776610810e+05
3.699596000365318614e+05
3.713998374676075764e+05
3.728796850715950131e+05
3.743783061267870362e+05
3.758753748012424912e+05
3.773544621695595561e+05
3.788053283616521512e+05
3.802247424536105827e+05
3.816157179524268140e+05
3.829854008678778191e+05
3.843422145036021248e+05
3.856931137365555041e+05
3.870417917300581466e+05
3.883883636731427978e+05
3.897305194786062348e+05
3.910656011510890094e+05
3.923927473581602098e+05
3.937142842477941304e+05
3.950358922373228124e+05
3.963655717588942498e+05
3.977118531455099001e+05
3.990818946816232638e+05
4.004800537984424736e+05
4.019072721981374198e+05
4.033613102356896270e+05
4.048376126995759550e+05
4.063304533243980841e+05
4.078340010504545644e+05
4.093430481394054950e+05
4.108532878582083504e+05
4.123611744691919303e+05
4.138635028223320842e+05
4.153568965987843112e+05
4.168374034508533659e+05
4.183003781487827073e+05
4.197407942402325571e+05
4.211540448359349975e+05
4.225371569242895930e+05
4.238901632713705185e+05
4.252172115579515230e+05
4.265269348599307705e+05
4.278317374916477129e+05
4.291459688079026528e+05
4.304833677380574518e+05
4.318544933397104032e+05
4.332649458697322989e+05
4.347149528034918476e+05
4.362004080896995729e+05
4.377148971989809070e+05
4.392518487250540056e+05
4.408059043767230469e+05
4.423729365143078612e+05
4.439487481358186924e+05
4.455271258517167880e+05
4.470983136612098315e+05
4.486489441392622539e+05
4.501639753877359908e+05
4.516303938652030192e+05
4.530416474863654003e+05
4.544012881153101334e+05
4.557243438828783692e+05
4.570355334430534858e+05
4.583643942207882064e+05
4.597384054393288097e+05
4.611759064114413341e+05
4.626808030402404256e+05
4.642406552078965469e+05
4.658288616201597033e+05
4.674105603089300566e+05
4.689508538185699726e+05
4.704233290091459639e+05
4.718167452876726747e+05
4.731382291330595617e+05
4.744121964312851196e+05
4.756752768951008329e+05
4.769684586594247958e+05
4.783282841763731558e+05
4.797790965069988160e+05
4.813280563045250019e+05
4.829640071984882234e+05
4.846603960237317369e+05
4.863815232970783836e+05
4.880906025808107806e+05
4.897576437014398398e+05
4.913652000284797396e+05
4.929105809105494991e+05
4.944041135971950716e+05
4.958641729678860866e+05
4.973106240960995201e+05
4.987587221518587321e+05
5.002152348946788115e+05
5.016776903641113895e+05
5.031365315288050915e+05
5.045790163979724748e+05
5.059933013417985640e+05
5.073714152295152890e+05
5.087105970298637403e+05
5.100133280917436350e+05
5.112869097800998134e+05
5.125433726367278723e+05
5.137999242982693831e+05
5.150793964341682731e+05
5.164096748666847125e+05
5.178211913701349986e+05
5.193422260662575136e+05
5.209927287816628814e+05
5.227781842663554708e+05
5.246853522236681310e+05
5.266813682885209564e+05
5.287168275722569088e+05
5.307324113646313781e+05
5.326677244517097715e+05
5.344705444567275699e+05
5.361047186942063272e+05
5.375553731485017342e+05
5.388307184345915448e+05
5.399603514905540505e+05
5.409904477367807413e+05
5.419766094213232864e+05
5.429754336294766981e+05
5.440361196739276638e+05
5.451935998035222292e+05
5.464646151723061921e+05
5.478477241914563347e+05
5.493273770574174123e+05
5.508810658722021617e+05
5.524875111803390319e+05
5.541333098539693747e+05
5.558157789937693160e+05
5.575409227744203527e+05
5.593171801839519758e+05
5.611472475786502473e+05
5.630211371985458536e+05
5.649133222334882012e+05
5.667853961330977036e+05
5.685936779472985072e+05
5.702994144917287631e+05
5.718783531653322279e+05
5.733267767169163562e+05
5.746623890173763502e+05
5.759201330855240813e+05
5.771444443584495457e+05
5.783801466932389885e+05
5.796641131953888107e+05
5.810191956258304417e+05
5.824511660859450931e+05
5.839488149844501168e+05
5.854869934353765566e+05
5.870321621973399306e+05
5.885497395967161283e+05
5.900121535254761111e+05
5.914061023773115594e+05
5.927373533794431714e+05
5.940316788952643983e+05
5.953313101686406881e+05
5.966873931559498888e+05
5.981499999602957396e+05
5.997578976964717731e+05
6.015302789972574683e+05
6.034620524879490258e+05
6.055233499372848310e+05
6.076629925869994331e+05
6.098150463357276749e+05
6.119073532013278455e+05
6.138709293056288734e+05
6.156491695670881309e+05
6.172057793387211859e+05
6.185303122135071317e+05
6.196403061149423011e+05
6.205794378786454909e+05
6.214118595504476689e+05
6.222137231968576089e+05
6.230635067633005092e+05
6.240328481636217330e+05
6.251791444619174581e+05
6.265404265735610388e+05
6.281323789025612641e+05
6.299471549828520510e+05
6.319538770227291388e+05
6.341011172970683547e+05
6.363218215805722866e+05
6.385407712244463619e+05
6.406838652534550056e+05
6.426876533109846059e+05
6.445071816751395818e+05
6.461206167868957855e+05
6.475301388057869626e+05
6.487597340757165803e+05
6.498511719612852903e+05
6.508593282993372995e+05
6.518472915159151889e+05
6.528809081827292684e+05
6.540221787945954129e+05
6.553214584492285503e+05
6.568095021127656801e+05
6.584913863387112506e+05
6.603445689576582517e+05
6.623224934639475541e+05
6.643634384928719373e+05
6.664024590723548317e+05
6.683831058813967975e+05
6.702657016632888699e+05
6.720302927247673506e+05
6.736743943591609132e+05
6.752074309129219037e+05
6.766445836855219677e+05
6.780023430205130717e+05
6.792967514685402857e+05
6.805438551989172120e+05
6.817609817936792970e+05
6.829674857504189713e+05
6.841843657762681833e+05
6.854330888319024816e+05
6.867344493875089101e+05
6.881080660096623469e+05
6.895723672843236709e+05
6.911441888618114172e+05
6.928369474183573620e+05
6.946569951989139663e+05
6.965989220898367930e+05
6.986416330470060930e+05
7.007473413662317907e+05
7.028648846189163160e+05
7.049372271826569922e+05
7.069113367356343661e+05
7.087475920722832670e+05
7.104259849784515100e+05
7.119475682233297266e+05
7.133313135925419629e+05
7.146080001635344233e+05
7.158133570860117907e+05
7.169823104689661413e+05
7.181451992559379432e+05
7.193258492138353176e+05
7.205409282736997120e+05
7.218001567020645598e+05
7.231073984025634127e+05
7.244629165121050319e+05
7.258668005868305918e+05
7.273228316437921021e+05
7.288413019932905445e+05
7.304391251626331359e+05
7.321362853818897856e+05
7.339491223591567250e+05
7.358825009882508311e+05
7.379237935606396059e+05
7.400412744582711020e+05
7.421880205886965850e+05
7.443103317895360524e+05
7.463579477784109768e+05
7.482927250785276992e+05
7.500932183437906206e+05
7.517544059521746822e+05
7.532837622923499439e+05
7.546961060045198537e+05
7.560096259681604570e+05
7.572443186009854544e+05
7.584224366346477764e+05
7.595693340789210051e+05
7.607129264386792202e+05
7.618809242362950463e+05
7.630964977229217766e+05
