6.811929553288437892e+05
6.790724807893176330e+05
6.769501441670457134e+05
6.748599882149981568e+05
6.728408222245352808e+05
6.709342745464032050e+05
6.691811900720930425e+05
6.676169723889598390e+05
6.662665139463479863e+05
6.651392422280104365e+05
6.642247811138872057e+05
6.634899185316801304e+05
6.628778877752999542e+05
6.623111159865942318e+05
6.616982506464907201e+05
6.609453199044952635e+05
6.599695225805878872e+05
6.587128815035255393e+05
6.571524208750112448e+05
6.553040383709173184e+05
6.532188075857132208e+05
6.509725752085122513e+05
6.486516370500496123e+05
6.463382633393326541e+05
6.440995456551220268e+05
6.419816348485307535e+05
6.400095475590478163e+05
6.381910943956164410e+05
6.365226746856040554e+05
6.349948140073717805e+05
6.335960986479553394e+05
6.323150894153045956e+05
6.311404583473290550e+05
6.300598402360141044e+05
6.290578636099802097e+05
6.281137880173620069e+05
6.271993084165608743e+05
6.262773575168456882e+05
6.253029085585571593e+05
6.242265785229114117e+05
6.230011360253774328e+05
6.215899842880105134e+05
6.199757093814118998e+05
6.181663072521593422e+05
6.161970127489314182e+05
6.141267151164853713e+05
6.120294082570171449e+05
6.099824800834152848e+05
6.080544411407096777e+05
6.062947097416922916e+05
6.047273801618567668e+05
6.033497924155362416e+05
6.021355661005208967e+05
6.010408698623359669e+05
6.000122511012314353e+05
5.989943788751998218e+05
5.979364668237802107e+05
5.967967709062263602e+05
5.955451875103553757e+05
5.941644106121785007e+05
5.926502154043914052e+05
5.910112244860553183e+05
5.892681325905475533e+05
5.874520598404138582e+05
5.856016872279670788e+05
5.837591624278747477e+05
5.819652984408977209e+05
5.802550230825910112e+05
5.786540912988552591e+05
5.771776529777743854e+05
5.758305508918925188e+05
5.746085667442686390e+05
5.734995863596751587e+05
5.724839564596718410e+05
5.715340040951253613e+05
5.706134283336736262e+05
5.696776806927152211e+05
5.686763264895511093e+05
5.675577770360523136e+05
5.662759572719283169e+05
5.647977461431194097e+05
5.631096467209456023e+05
5.612222060974976048e+05
5.591711499650786864e+05
5.570148545742481947e+05
5.548284479282617103e+05
5.526953502140748315e+05
5.506973557930381503e+05
5.489044485589008546e+05
5.473655162959616864e+05
5.461010744789319579e+05
5.450990482487593545e+05
5.443145272447669413e+05
5.436740834827590734e+05
5.430846399868584704e+05
5.424460255088949343e+05
5.416654281925418181e+05
5.406712582576310961e+05
5.394237385489529697e+05
5.379200283571504988e+05
5.361928018253239570e+05
5.343026759327279869e+05
5.323262994439810282e+05
5.303428535444898298e+05
5.284218985193413682e+05
5.266148900881677400e+05
5.249515001684013987e+05
5.234405059534588945e+05
5.220738947924431413e+05
5.208322944300260860e+05
5.196899803821354290e+05
5.186183895072155865e+05
5.175879595582599868e+05
5.165688562029503519e+05
5.155314828486803453e+05
5.144475324096464901e+05
5.132918729001327301e+05
5.120450195830785669e+05
5.106955886353313690e+05
5.092420861294639180e+05
5.076936298488494358e+05
5.060695639911629260e+05
5.043982019451134838e+05
5.027149821022203541e+05
5.010601471904927166e+05
4.994757987768734456e+05
4.980020424278994906e+05
4.966720891756583005e+05
4.955066376139798667e+05
4.945084725705687888e+05
4.936586976407266920e+05
4.929160820053906646e+05
4.922204983766420628e+05
4.915004444248736254e+05
4.906834852581706364e+05
4.897075439694609959e+05
4.885306398802387994e+05
4.871370445492459694e+05
4.855387429434481892e+05
4.837722185596722993e+05
4.818915684596385690e+05
4.799595544461967656e+05
4.780383409513910301e+05
4.761814304585629725e+05
4.744278188538039103e+05
4.727987926591734868e+05
4.712971967035668786e+05
4.699085254727078718e+05
4.686029396510812803e+05
4.673373559532701038e+05
4.660571055438505718e+05
4.646972073175424594e+05
4.631838738217230421e+05
4.614372425222521997e+05
4.593763238479384454e+05
4.569267026331575471e+05
4.540306857379720896e+05
4.506585663000960485e+05
4.468187917578146444e+05
4.425644177398942993e+05
4.379935457835208508e+05
4.332425119584555505e+05
4.284721838173021679e+05
4.238493871816613828e+05
4.195267103070122539e+05
4.156243408577592345e+05
4.122170826306848321e+05
4.093284863404358039e+05
4.069325269954060204e+05
4.049619005784370238e+05
4.033210753471658099e+05
4.019017830388359143e+05
4.005985780554510420e+05
3.993222977895794902e+05
3.980096599710144801e+05
3.966278474208944826e+05
3.951737721893436974e+05
3.936686928984478582e+05
3.921497517068466987e+05
3.906605007739327266e+05
3.892423896152940579e+05
3.879285061221610522e+05
3.867398953635212965e+05
3.856839572497026529e+05
3.847541039192799944e+05
3.839301204057574505e+05
3.831792697774088592e+05
3.824586773882217240e+05
3.817195406485729618e+05
3.809131495825498132e+05
3.799978295967529994e+05
3.789452085380278295e+05
3.777440989959921571e+05
3.764009217097476358e+05
3.749367463281337987e+05
3.733821889077610103e+05
3.717720535911461338e+05
3.701414454763069516e+05
3.685241951943458989e+05
3.669532380463256850e+05
3.654616277363274712e+05
3.640825575681914343e+05
3.628472202171668760e+05
3.617803298828860279e+05
3.608942167912299628e+05
3.601831476686528767e+05
3.596196819509447087e+05
3.591544567468551686e+05
3.587200136619320256e+05
3.582384036536228377e+05
3.576315340219066711e+05
3.568326534775274922e+05
3.557970451394630363e+05
3.545099549806572613e+05
3.529900900643177447e+05
3.512877181223278167e+05
3.494774248632431263e+05
3.476467275777608738e+05
3.458826870327088400e+05
3.442591017142821220e+05
3.428266555738439783e+05
3.416075935118373018e+05
3.405953865629888605e+05
3.397587731868750416e+05
3.390488184830197133e+05
3.384073557221575757e+05
3.377753216578814317e+05
3.370999009494375787e+05
3.363398546020823997e+05
3.354687735771948355e+05
3.344762219238108955e+05
3.333668603172274888e+05
3.321577655949472100e+05
3.308743577828137204e+05
3.295456051060431055e+05
3.281993966437836643e+05
3.268590024399078684e+05
3.255412791657875641e+05
3.242567539038310642e+05
3.230111071264687926e+05
3.218071348924121121e+05
3.206462051892659510e+05
3.195285744065667386e+05
3.184525416631686967e+05
3.174130137341663358e+05
3.164003683118317276e+05
3.154004121639046352e+05
3.143957927536410280e+05
3.133686399168078788e+05
3.123037342212715303e+05
3.111913041317380848e+05
3.100286997230150737e+05
3.088205942180668935e+05
3.075778508772504865e+05
3.063155674645510153e+05
3.050509366004623589e+05
3.038014102335285279e+05
3.025833215947776916e+05
3.014107698697944870e+05
3.002943890674628201e+05
2.992397066908018314e+05
2.982451278764583403e+05
2.973000122418623650e+05
2.963836362490663887e+05
2.954658739819549373e+05
2.945101141358262976e+05
2.934783355769384070e+05
2.923375801369033288e+05
2.910665237578134402e+05
2.896606445978062111e+05
2.881346981589528150e+05
2.865217832714327378e+05
2.848690597106888308e+05
2.832309436388525064e+05
2.816611532472621184e+05
2.802051610004954855e+05
2.788943933560274891e+05
2.777429848278515856e+05
2.767472176719513955e+05
2.758871774486324284e+05
2.751298090746374801e+05
2.744325481068939553e+05
2.737469799204123556e+05
2.730223913021018961e+05
2.722094290135434130e+05
2.712642085564922891e+05
2.701530607548092958e+05
2.688577179049134138e+05
2.673802725318231969e+05
2.657468753350467887e+05
2.640090313676287187e+05
2.622415786640268634e+05
2.605369571560529585e+05
2.589960674012775999e+05
2.577166967419655412e+05
2.567809836104842543e+05
2.562435925813524518e+05
2.561221699996947427e+05
2.563913131151928392e+05
2.569808303614439501e+05
2.577786072378516837e+05
2.586379855773925374e+05
2.593892167881496425e+05
2.598542189807026298e+05
2.598635047097967472e+05
2.592737427073634462e+05
2.579840395369890612e+05
2.559488122030367667e+05
2.531852313128551759e+05
2.497737555189153354e+05
2.458512363262241706e+05
2.415972783008486731e+05
2.372157062117177120e+05
2.329138089790175436e+05
2.288822848949427425e+05
2.252784620348388271e+05
2.222145547794557642e+05
2.197517048907717399e+05
2.178996219444416929e+05
2.166209793177492393e+05
2.158394016671500867e+05
2.154498373174597218e+05
2.153302142930485425e+05
2.153534027007589757e+05
2.153985758505284321e+05
2.153610825192764169e+05
2.151599794199193129e+05
2.147425116738036741e+05
2.140851253243513347e+05
2.131910403378660267e+05
2.120849251196781988e+05
2.108056687995751272e+05
2.093985198776999023e+05
2.079078710089763335e+05
2.063717189281531028e+05
2.048183939117173722e+05
2.032656642049594375e+05
2.017219119085081038e+05
2.001888392211448809e+05
1.986651145639170718e+05
1.971504479978311865e+05
1.956496905872009229e+05
1.941765862976312055e+05
1.927567293198082771e+05
1.914291392380547186e+05
1.902457727434513508e+05
1.892683686705200525e+05
1.885623466943558888e+05
1.881880275194814894e+05
1.881900962634556636e+05
1.885868181054279848e+05
1.893608671833439148e+05
1.904536308664782264e+05
1.917644649646469043e+05
1.931556455982465704e+05
1.944628092725624447e+05
1.955096756830000959e+05
1.961250268380980124e+05
1.961594782861648710e+05
1.954996501554423885e+05
1.940779136435508262e+05
1.918767856367909699e+05
1.889280049361495767e+05
1.853070886260763218e+05
1.811245855407203780e+05
1.765153196873592096e+05
1.716267765368777618e+05
1.666075908849484404e+05
1.615969541977356421e+05
1.567156840438907675e+05
1.520596246989025094e+05
1.476958951679769089e+05
1.436622269510105543e+05
1.399692619513126847e+05
1.366052876286941755e+05
1.335425682632793032e+05
1.307442677641377231e+05
1.281709877857275860e+05
1.257861487012582074e+05
1.235597566219143191e+05
1.214704375714122434e+05
1.195058960359088087e+05
1.176621206330932182e+05
1.159417146012180892e+05
1.143517109277644631e+05
1.129011873657892429e+05
1.115989514822719211e+05
1.104515178828175704e+05
1.094615335917750199e+05
1.086267203270360624e+05
1.079393162628704740e+05
1.073859504018957668e+05
1.069478914482592227e+05
1.066016668395648885e+05
1.063201018952128652e+05
1.060738348831131589e+05
1.058332982955979678e+05
1.055710363367660175e+05
1.052640988997202949e+05
1.048961632177646970e+05
1.044590204834127071e+05
1.039531377472056338e+05
1.033871557900496118e+05
1.027763826765368285e+05
1.021405430326270725e+05
1.015011853141470638e+05
1.008791814255007776e+05
1.002926585190446058e+05
9.975551954480633140e+04
9.927652031056668784e+04
9.885876525891562051e+04
9.849950608005451795e+04
9.819024716809377423e+04
9.791729014413246477e+04
9.766288756284512056e+04
9.740707470424617350e+04
9.713003983867853822e+04
9.681467398953996599e+04
9.644881953845918179e+04
9.602677581901512167e+04
9.554980548519786680e+04
9.502563871291272517e+04
9.446719123908833717e+04
9.389082167805809877e+04
9.331443620774676674e+04
9.275564564331766451e+04
9.223006403908869834e+04
9.174977591911391937e+04
9.132201952426873322e+04
9.094821427013771608e+04
9.062354179304734862e+04
9.033730342911211483e+04
9.007418180950196984e+04
8.981634028960387514e+04
8.954606196484937391e+04
8.924844754644580826e+04
8.891363431912992382e+04
8.853809678928276116e+04
8.812481327022232290e+04
8.768235388907571905e+04
8.722317301584673987e+04
8.676150696873868583e+04
8.631127144480247807e+04
8.588425983803336567e+04
8.548882791898804135e+04
8.512916625516640488e+04
8.480522275787421677e+04
8.451331221581510908e+04
8.424738620089706092e+04
8.400080613209333387e+04
8.376829022308663116e+04
8.354757102726056473e+04
8.334029735309103853e+04
8.315188930297989282e+04
8.299036636702338001e+04
8.286449172108796483e+04
8.278176316858250357e+04
8.274674226325076597e+04
8.275997219812391268e+04
8.281742562718219415e+04
8.291022007718410168e+04
8.302435982170152420e+04
8.314050196260042139e+04
8.323406421069173666e+04
8.327619286647789704e+04
8.323603328165576386e+04
8.308436242775802384e+04
8.279808203482504177e+04
8.236456856952990347e+04
8.178467728122723929e+04
8.107343965650336759e+04
8.025813618689916620e+04
7.937425208609917900e+04
7.846051870298534050e+04
7.755452518526071799e+04
7.669012402608284901e+04
7.589713729950481502e+04
7.520297429050283972e+04
7.463505434569739737e+04
7.422268596066554892e+04
7.399739301377376250e+04
7.399147442748711910e+04
7.423551299939694582e+04
7.475621223768893105e+04
7.557600319089413097e+04
7.671518912780255778e+04
7.819611880848467990e+04
8.004740414557603071e+04
8.230511420960338728e+04
8.500778680053919379e+04
8.818338706985476892e+04
9.182895289850819972e+04
9.588697175156926096e+04
1.002254114955803670e+05
1.046294881707538880e+05
1.088117531686216826e+05
1.124428321208453272e+05
1.151991614882249269e+05
1.168182535985216964e+05
1.171485165837875393e+05
1.161809627385320782e+05
1.140544286407329928e+05
1.110328879379445571e+05
1.074607469509755610e+05
1.037072790175364498e+05
1.001130348776618048e+05
9.694899964697251562e+04
9.439457660646058503e+04
9.253498296333794133e+04
9.137408560620961362e+04
9.085616331944632111e+04
9.088976643956977932e+04
9.136826784559503722e+04
9.218403739601385314e+04
9.323561519249338016e+04
9.442921565363576519e+04
9.567704319566451886e+04
9.689515498953164206e+04
9.800306403095676797e+04
9.892618036644370295e+04
9.960089077170980454e+04
9.998096584961572080e+04
1.000433803865990485e+05
9.979169009049412853e+04
9.925575628355563094e+04
9.848759180191782070e+04
9.755407645427764510e+04
9.652796851128456183e+04
9.547887425760299084e+04
9.446565233813672967e+04
9.353126503824070096e+04
9.270052477121073753e+04
9.198066797077220690e+04
9.136430116192858259e+04
9.083402652046637377e+04
9.036795642378026969e+04
8.994535170377994655e+04
8.955175106229967787e+04
8.918317483144917060e+04
8.884923588199737424e+04
8.857519654471856484e+04
8.840308555443615478e+04
8.839187488071639382e+04
8.861642708461318398e+04
8.916457109944881813e+04
9.013144215148016519e+04
9.161034523063928646e+04
9.368001375633786665e+04
9.638921263442651252e+04
9.974093892182722630e+04
1.036795790614844591e+05
1.080847986510323972e+05
1.127752966933159332e+05
1.175237810487601528e+05
1.220819490189568896e+05
1.262115783138102270e+05
1.297158938659788255e+05
1.324648707475953852e+05
1.344093294108695700e+05
1.355812823481197993e+05
1.360812317373932747e+05
1.360560269381518592e+05
1.356726498189447739e+05
1.350935104295056663e+05
1.344576290869993099e+05
1.338699891030520084e+05
1.333990784991607070e+05
1.330808319594724453e+05
1.329262143820521596e+05
1.329296245162138948e+05
1.330759554892054584e+05
1.333451987319968175e+05
1.337145634545303183e+05
1.341589149682023854e+05
1.346507379196184920e+05
1.351607639074671315e+05
1.356599489642039407e+05
1.361228199387232598e+05
1.365315513126318110e+05
1.368796950988742756e+05
1.371744053902004089e+05
1.374363022010672721e+05
1.376967107836407959e+05
1.379927057399250916e+05
1.383609683501082181e+05
1.388317577516432502e+05
1.394242264221976511e+05
1.401439183969329752e+05
1.409827105088791577e+05
1.419208737120266305e+05
1.429305097553910455e+05
1.439794599489525135e+05
1.450348984427969262e+05
1.460661365143138100e+05
1.470465460411066015e+05
1.479548223596328753e+05
1.487759537341158430e+05
1.495022240840223094e+05
1.501343989454165567e+05
1.506830288284702401e+05
1.511696450177576044e+05
1.516275714746354206e+05
1.521021191168430087e+05
1.526500014960130502e+05
1.533378428040842700e+05
1.542396113633944187e+05
1.554327444446888985e+05
1.569927282859247061e+05
1.589860583036761964e+05
1.614618667138384772e+05
1.644430087372499111e+05
1.679178978782842751e+05
1.718346961884593475e+05
1.760994541600146622e+05
1.805794009588830522e+05
1.851118529788448068e+05
1.895182617748475168e+05
1.936219345434800780e+05
1.972671237713653827e+05
2.003366829251132440e+05
2.027654695749489474e+05
2.045472147372631298e+05
2.057336171395081619e+05
2.064257777308155491e+05
2.067594694320274575e+05
2.068868126288251078e+05
2.069574367946914572e+05
2.071020438680033549e+05
2.074205307811548992e+05
2.079757193436441303e+05
2.087925997180179984e+05
2.098621044714115851e+05
2.111479581958612252e+05
2.125951016481452389e+05
2.141384485765366408e+05
2.157111170366743754e+05
2.172516214449488034e+05
2.187097240477652813e+05
2.200507176128430001e+05
2.212579042169888562e+05
2.223330373976952687e+05
2.232945881146476022e+05
2.241739212227570533e+05
2.250098108115819632e+05
2.258420967796472833e+05
2.267055609177401930e+05
2.276251458150016551e+05
2.286133809284204035e+05
2.296703545927870437e+05
2.307859335126016522e+05
2.319434013630726549e+05
2.331234525144712534e+05
2.343076001855916111e+05
2.354804507898425218e+05
2.366307627777181333e+05
2.377515525628204050e+05
2.388396327085361700e+05
2.398949004581836052e+05
2.409195560456055973e+05
2.419173347200493445e+05
2.428928235962764593e+05
2.438509599480209581e+05
2.447967955728593806e+05
2.457355243327274802e+05
2.466726405357277545e+05
2.476140058245641121e+05
2.485656202262989245e+05
2.495330237341595348e+05
2.505204338883926393e+05
2.515298607561871177e+05
2.525604721558594320e+05
2.536084107917639485e+05
2.546671447867331735e+05
2.557283257691953913e+05
2.567830622302369156e+05
2.578234738585042942e+05
2.588443398377805424e+05
2.598445768287440005e+05
2.608282099664464477e+05
2.618044911395612871e+05
2.627869201877029263e+05
2.637911359330190462e+05
2.648319119594855583e+05
2.659197400212235516e+05
2.670576512633035891e+05
2.682389869958345080e+05
2.694467840129160904e+05
2.706552760963552282e+05
2.718337089757753420e+05
2.729522076614012476e+05
2.739888727429116261e+05
2.749367615968962200e+05
2.758091448670825339e+05
2.766416053098111879e+05
2.774902096337130060e+05
2.784259682932060095e+05
2.795267631139229052e+05
2.808684940348613891e+05
2.825171468266224838e+05
2.845228578990642563e+05
2.869161612656577490e+05
2.897058797575058998e+05
2.928779078014944680e+05
2.963944967400469468e+05
3.001943537345518707e+05
3.041944671614689287e+05
3.082946726363156340e+05
3.123854189683878212e+05
3.163581659212505328e+05
3.201167860360443592e+05
3.235877332769376808e+05
3.267268700100905844e+05
3.295216706341616227e+05
3.319887104401173419e+05
3.341674482605976518e+05
3.361119633983885869e+05
3.378823892822539201e+05
3.395374153924359707e+05
3.411286502185195568e+05
3.426970818698016228e+05
3.442714667245320161e+05
3.458682426200323389e+05
3.474924748167807702e+05
3.491393767245333875e+05
3.507960902186295134e+05
3.524436290663637919e+05
3.540591029738039360e+05
3.556184368516876712e+05
3.570996954202590277e+05
3.584868235819843831e+05
3.597732345317658037e+05
3.609644012471270980e+05
3.620785915651125251e+05
3.631451917194937123e+05
3.642006206101041171e+05
3.652824834642108763e+05
3.664231511481408379e+05
3.676442098124117474e+05
3.689531048233991605e+05
3.703427995836905902e+05
3.717944910453737248e+05
3.732825813594730571e+05
3.747804710540008964e+05
3.762655543964891694e+05
3.777221615330751520e+05
3.791419893077897723e+05
3.805224842797269812e+05
3.818643103524381877e+05
3.831691813971648808e+05
3.844389397532085422e+05
3.856760402601726237e+05
3.868849130649167928e+05
3.880733291488595423e+05
3.892529848507033312e+05
3.904389367319701705e+05
3.916480084132481134e+05
3.928966277877789689e+05
3.941986365826272522e+05
3.955634914430342033e+05
3.969950734218643629e+05
3.984911546002136893e+05
4.000434797180173919e+05
4.016383853712905548e+05
4.032578604022696964e+05
4.048809357318182592e+05
4.064852985855967272e+05
4.080490724846014054e+05
4.095527704882833641e+05
4.109814525803708821e+05
4.123270321174130659e+05
4.135904671327925171e+05
4.147833135343402973e+05
4.159279519210088765e+05
4.170558736549916212e+05
4.182037915241985465e+05
4.194079599551362335e+05
4.206977559168615262e+05
4.220900282402634621e+05
4.235857513754181564e+05
4.251700351781722857e+05
4.268156485022134148e+05
4.284891854572931770e+05
4.301581943837146973e+05
4.317973020861875266e+05
4.333917207377728191e+05
4.349374039314204711e+05
4.364382052009317558e+05
4.379013000477311434e+05
4.393325607593994937e+05
4.407334213729588664e+05
4.421001557614752091e+05
4.434256751541841077e+05
4.447032107942274306e+05
4.459307727215405321e+05
4.471151261677435250e+05
4.482741596635348396e+05
4.494368519851628807e+05
4.506405093082920648e+05
4.519254903250368661e+05
4.533282064133164822e+05
4.548736745460520033e+05
4.565691726855082088e+05
4.584004756688222406e+05
4.603316968479104107e+05
4.623090221017202712e+05
4.642678032979821437e+05
4.661418082104437635e+05
4.678730596625500475e+05
4.694206662053860491e+05
4.707672708444779273e+05
4.719221140576375183e+05
4.729201583218384767e+05
4.738172527385482681e+05
4.746819409983158112e+05
4.755851826865336625e+05
4.765898105064204428e+05
4.777417625585575588e+05
4.790648324900246807e+05
4.805598592112129554e+05
4.822081384114602115e+05
4.839777483965358115e+05
4.858308244020021521e+05
4.877298159443570767e+05
4.896413927636676817e+05
4.915376582795053255e+05
4.933952989674103446e+05
4.951939037422406836e+05
4.969147629503238713e+05
4.985410469891832327e+05
5.000595735755477799e+05
5.014636613872948801e+05
5.027560604947997490e+05
5.039507822738749674e+05
5.050728617557560792e+05
5.061556261245519272e+05
5.072357895738320658e+05
5.083474502998992684e+05
5.095165847950219759e+05
5.107576875246685813e+05
5.120736742838499486e+05
5.134591449443502352e+05
5.149059046760852216e+05
5.164087305584868882e+05
5.179691553880392457e+05
5.195956860874454142e+05
5.213001827843994251e+05
5.230915915275845327e+05
5.249692498776707798e+05
5.269181522136657732e+05
5.289078300007556099e+05
5.308952213982999092e+05
5.328306348084922647e+05
5.346651457314993022e+05
5.363577056954251602e+05
5.378807345914652105e+05
5.392236411543830764e+05
5.403942117758628447e+05
5.414179783841004828e+05
5.423356371661504963e+05
5.431986012958054198e+05
5.440630310902429046e+05
5.449831699386385735e+05
5.460052648087880807e+05
5.471634235845620278e+05
5.484782596139285015e+05
5.499582063950533047e+05
5.516023598526910646e+05
5.534031325390470447e+05
5.553472185005981009e+05
5.574143274110284401e+05
5.595744289804956643e+05
5.617852543719450478e+05
5.639920551498017740e+05
5.661309999198191799e+05
5.681363620343419025e+05
5.699503176349755377e+05
5.715332155593173811e+05
5.728718750538999448e+05
5.739838298742622137e+05
5.749162992406170815e+05
5.757397892373909708e+05
5.765373797126631252e+05
5.773917147572137183e+05
5.783722794584508520e+05
5.795255363362034550e+05
5.808698481580860680e+05
5.823959566082719248e+05
5.840724415676831268e+05
5.858544693731098669e+05
5.876935853033387102e+05
5.895464213250809116e+05
5.913808178527490236e+05
5.931786819795191986e+05
5.949356259768492309e+05
5.966579089274023427e+05
5.983574826116207987e+05
6.000461457607911434e+05
6.017300073390156031e+05
6.034055795960220275e+05
6.050586918790899217e+05
6.066668905065666186e+05
6.082050878796873149e+05
6.096531824067346752e+05
6.110035683772367192e+05
6.122662439614624018e+05
6.134697600226526847e+05
6.146574011185897980e+05
6.158793769818292931e+05
6.171829550468681846e+05
6.186029997933746781e+05
6.201551574200380128e+05
6.218330730163159315e+05
6.236099035249309381e+05
6.254434008703429718e+05
6.272832732929858612e+05
6.290794436157731107e+05
6.307900388058745302e+05
6.323881945533318212e+05
6.338668529378027888e+05
6.352406944227727363e+05
6.365444053682441590e+05
6.378269142861757427e+05
6.391421368729856331e+05
6.405379373579111416e+05
6.420459520513070747e+05
6.436750956549245166e+05
6.454107083214255981e+05
6.472195927203021711e+05
6.490592604230177822e+05
6.508883445310704410e+05
6.526749178711399436e+05
6.544004666518712183e+05
6.560590577270229114e+05
6.576530379048791947e+05
6.591876925918967463e+05
6.606673001623270102e+05
6.620940600403695134e+05
6.634699409923707135e+05
6.648002191121437354e+05
6.660968417132092873e+05
6.673799365617132280e+05
6.686766140376582043e+05
6.700172792088144924e+05
6.714305364920233842e+05
6.729381313651213422e+05
6.745511814930115361e+05
6.762683889213637449e+05
6.780762953907699557e+05
6.799511978323912481e+05
6.818621741546536796e+05
6.837747059486000799e+05
6.856544743844256736e+05
6.874709455888776574e+05
6.892003641393728321e+05
6.908278306684654672e+05
6.923483212692216039e+05
6.937667700077162590e+05
6.950975315222251229e+05
6.963635157990815351e+05
6.975950186917847022e+05
6.988279225325167645e+05
7.001007832671842771e+05
7.014505604486749507e+05
7.029073643618825590e+05
7.044893107447231887e+05
7.061989793251828523e+05
7.080227587743885815e+05
7.099335122687816620e+05
7.118958352057863958e+05
7.138722164923729142e+05
7.158281193433677545e+05
7.177345420708378078e+05
7.195677960865553468e+05
7.213075406371983700e+05
7.229349588676397689e+05
7.244329464391596848e+05
7.257892722769750981e+05
7.270022101264169905e+05
7.280867329144806135e+05
7.290786249482905259e+05
7.300341716830163496e+05
7.310243934338928666e+05
7.321246376040952746e+05
7.334020182824033545e+05
7.349040092879572185e+05
7.366511045534659643e+05
7.386350133384288056e+05
7.408219769323089859e+05
7.431592934171061497e+05
7.455826418720235815e+05
7.480224256785209291e+05
7.504086530334682902e+05
7.526750565054104663e+05
7.547635395812019706e+05
7.566294348992485320e+05
7.582468803739149589e+05
7.596126467571818503e+05
7.607466695533733582e+05
7.616885261315919925e+05
7.624907013774755178e+05
7.632108632577153621e+05
