6.822847963319063419e+05
6.802678258767187363e+05
6.782167804320052965e+05
6.761626043591344496e+05
6.741366348024533363e+05
6.721707286254423670e+05
6.702968841136881383e+05
6.685452438431549817e+05
6.669402650013839593e+05
6.654959839641002472e+05
6.642120397809416754e+05
6.630720497973731253e+05
6.620450944883968914e+05
6.610899138554378878e+05
6.601605248849436175e+05
6.592117322814192157e+05
6.582034362679409096e+05
6.571034054685384035e+05
6.558888154434722383e+05
6.545470366056088824e+05
6.530758871696529677e+05
6.514831352650646586e+05
6.497848203842770308e+05
6.480021976522434270e+05
6.461577199647575617e+05
6.442711286669485271e+05
6.423570148674410302e+05
6.404248937567571411e+05
6.384819636496319436e+05
6.365376463175626704e+05
6.346081888172477484e+05
6.327194081827520858e+05
6.309061738946427358e+05
6.292082532371080015e+05
6.276633080660405103e+05
6.262987262867613463e+05
6.251243301669895882e+05
6.241277696931537939e+05
6.232737192682359600e+05
6.225070968955978751e+05
6.217596715341131203e+05
6.209588038567149779e+05
6.200367688733512769e+05
6.189391406724599656e+05
6.176310262691364624e+05
6.161004278265341418e+05
6.143585779998758808e+05
6.124376085950157139e+05
6.103862657560993684e+05
6.082645047919416102e+05
6.061376822955586249e+05
6.040707863592347130e+05
6.021228398316197563e+05
6.003414285679088207e+05
5.987573660793747986e+05
5.973798397012514761e+05
5.961928909851703793e+05
5.951545257817348465e+05
5.941998136180589208e+05
5.932487719181703869e+05
5.922186218097113306e+05
5.910384669076708378e+05
5.896631770696297754e+05
5.880828811292198952e+05
5.863253213348467834e+05
5.844502176481137285e+05
5.825370624984751921e+05
5.806695498305415967e+05
5.789204861824597465e+05
5.773404037119190907e+05
5.759516035040463321e+05
5.747476954827939626e+05
5.736974806492769858e+05
5.727515104455978144e+05
5.718497519233098719e+05
5.709291806429363787e+05
5.699305376029342879e+05
5.688038035567982588e+05
5.675121871091856156e+05
5.660346460288974922e+05
5.643671543546178145e+05
5.625230122911942890e+05
5.605323999667214230e+05
5.584411206506347517e+05
5.563081985293069156e+05
5.542018752841237001e+05
5.521937168752386933e+05
5.503509899398294510e+05
5.487280508557911962e+05
5.473579985963940853e+05
5.462460966772742104e+05
5.453663909936741693e+05
5.446625630768169649e+05
5.440534427389613120e+05
5.434428476735844743e+05
5.427326029991423711e+05
5.418368290757950163e+05
5.406950389297324000e+05
5.392814715600837953e+05
5.376085825833934359e+05
5.357237421245778678e+05
5.336997367129051127e+05
5.316212065761727281e+05
5.295701674089428270e+05
5.276138928467056248e+05
5.257975982289868407e+05
5.241428444915924338e+05
5.226508967315198388e+05
5.213089898034227081e+05
5.200969635297338828e+05
5.189921158334144275e+05
5.179711569462728221e+05
5.170094108255654573e+05
5.160784570735857706e+05
5.151439252276612096e+05
5.141650439604459680e+05
5.130969190695242141e+05
5.118956100960449548e+05
5.105251771782934666e+05
5.089652119631494279e+05
5.072170905752666295e+05
5.053073323916787049e+05
5.032869677556992392e+05
5.012265959152216674e+05
4.992076890246793046e+05
4.973114820761437877e+05
4.956073054183419445e+05
4.941423456489354721e+05
4.929345392344041611e+05
4.919696983910353156e+05
4.912032072892014985e+05
4.905658912456264952e+05
4.899730861902972101e+05
4.893355738193560392e+05
4.885708870301551651e+05
4.876134959320421913e+05
4.864225393250798807e+05
4.849860772041740129e+05
4.833213137261648080e+05
4.814708481637892546e+05
4.794956674780289177e+05
4.774661633554685977e+05
4.754527904583463096e+05
4.735179681983923074e+05
4.717104351577288471e+05
4.700625756692814175e+05
4.685904441003531683e+05
4.672955676698295283e+05
4.661673390458824579e+05
4.651850133555352804e+05
4.643189088882972719e+05
4.635311161086503416e+05
4.627765241868480225e+05
4.620050451176549541e+05
4.611655210389096756e+05
4.602111233748224913e+05
4.591053941106785205e+05
4.578277086753958720e+05
4.563769719370731618e+05
4.547727269770413404e+05
4.530533794875734020e+05
4.512717351696640835e+05
4.494884127422404708e+05
4.477639297577314428e+05
4.461504136099130847e+05
4.446840031759416452e+05
4.433790601780625293e+05
4.422252377219821210e+05
4.411881834771165159e+05
4.402141555175071117e+05
4.392381439391529420e+05
4.381943462097521988e+05
4.370272236113532563e+05
4.357010680349052418e+05
4.342061784041241626e+05
4.325604090348258032e+05
4.308058702441973728e+05
4.290016504095324199e+05
4.272142479919861071e+05
4.255076923658292508e+05
4.239350372888517450e+05
4.225322135734508047e+05
4.213144675798132666e+05
4.202751164700528607e+05
4.193862667297624866e+05
4.186013660587735358e+05
4.178597066389365937e+05
4.170929778162618750e+05
4.162335544941103435e+05
4.152235303401764249e+05
4.140228817739463993e+05
4.126149298339696252e+05
4.110076528825770365e+05
4.092303371734106913e+05
4.073262360307405470e+05
4.053429264159045415e+05
4.033225471917819232e+05
4.012939261658829637e+05
3.992678676730711595e+05
3.972359036409595283e+05
3.951719971876827767e+05
3.930363057252712897e+05
3.907802004379199934e+05
3.883520935194324702e+05
3.857039076909032301e+05
3.827979666000952711e+05
3.796136623138633440e+05
3.761527225062086363e+05
3.724416634161861730e+05
3.685303923029468278e+05
3.644869193562149885e+05
3.603893878859249526e+05
3.563175577344609774e+05
3.523459985224039410e+05
3.485404533841285738e+05
3.449574586145896465e+05
3.416459762199048419e+05
3.386491081627954845e+05
3.360041776867297594e+05
3.337404103094316670e+05
3.318746368419252103e+05
3.304063437746126438e+05
3.293136999921830720e+05
3.285519035259307711e+05
3.280545709248071071e+05
3.277382390239480301e+05
3.275095474676947342e+05
3.272743281040505972e+05
3.269475528058549389e+05
3.264628265117029659e+05
3.257799203544080374e+05
3.248888835398715455e+05
3.238097010745930602e+05
3.225872851297149900e+05
3.212826140068034874e+05
3.199617435463944566e+05
3.186848981234240928e+05
3.174977390267177252e+05
3.164262614195659407e+05
3.154758223237883067e+05
3.146338561251285719e+05
3.138751443762641866e+05
3.131681995939780609e+05
3.124813892609691829e+05
3.117877638116315356e+05
3.110680231149120373e+05
3.103115326299268054e+05
3.095156899962106254e+05
3.086841922076718765e+05
3.078248459860638250e+05
3.069475121324190986e+05
3.060626116188751184e+05
3.051803913646215806e+05
3.043108993735881522e+05
3.034644008032664424e+05
3.026518253097526031e+05
3.018848110743804718e+05
3.011750221370438812e+05
3.005326475330907851e+05
2.999642833413514309e+05
2.994706577137031709e+05
2.990447882290380658e+05
2.986711071141973371e+05
2.983258739308927907e+05
2.979789081917078584e+05
2.975964318927823915e+05
2.971446909462440526e+05
2.965940190422569285e+05
2.959230368061301415e+05
2.951226469605330494e+05
2.941993557394291274e+05
2.931772850480565685e+05
2.920981763020177605e+05
2.910188569280696684e+05
2.900060812558918260e+05
2.891292700880282209e+05
2.884522546380397398e+05
2.880254623533539707e+05
2.878799272902422817e+05
2.880240657781286864e+05
2.884434576146339532e+05
2.891031152467314969e+05
2.899511140074715368e+05
2.909221563526252285e+05
2.919397458643888240e+05
2.929161695912565337e+05
2.937503568583015003e+05
2.943247183029745938e+05
2.945029842436743784e+05
2.941315147147366079e+05
2.930462544054189930e+05
2.910863509107998689e+05
2.881136289446941810e+05
2.840350926767380442e+05
2.788240564317187527e+05
2.725349700502326014e+05
2.653078122910637176e+05
2.573599489714615338e+05
2.489660586459763290e+05
2.404293543834202283e+05
2.320491482957059052e+05
2.240903659679947596e+05
2.167598718645152112e+05
2.101927363689751073e+05
2.044494033244132006e+05
1.995226718591765384e+05
1.953519178809901059e+05
1.918412561244945973e+05
1.888783668917396280e+05
1.863513019664322201e+05
1.841614810243185493e+05
1.822320347633992205e+05
1.805114494402739219e+05
1.789730212156508933e+05
1.776109354201427195e+05
1.764339111093799002e+05
1.754573845638031489e+05
1.746952178629103873e+05
1.741519374720523483e+05
1.738165125713365560e+05
1.736586203203793266e+05
1.736281532548082178e+05
1.736583588056011649e+05
1.736724634659370058e+05
1.735929894490465231e+05
1.733523506984420819e+05
1.729028882415550470e+05
1.722244280676372000e+05
1.713277960458893504e+05
1.702534609032337030e+05
1.690654350223248475e+05
1.678415091392688919e+05
1.666615990791701188e+05
1.655962807710806374e+05
1.646974359573692200e+05
1.639923914247007924e+05
1.634821620870944462e+05
1.631435978144263499e+05
1.629345724142108520e+05
1.628009732947420562e+05
1.626841984274185088e+05
1.625280953388316848e+05
1.622846637463103980e+05
1.619182395710320852e+05
1.614081592994437087e+05
1.607500136073949689e+05
1.599555637988060771e+05
1.590513038510588231e+05
1.580756143242675753e+05
1.570745492192008533e+05
1.560965292165334395e+05
1.551865122567774379e+05
1.543804529186907748e+05
1.537009275947047572e+05
1.531546355688832118e+05
1.527321213565027865e+05
1.524096176998540759e+05
1.521525306317637733e+05
1.519198929818689357e+05
1.516691299743524869e+05
1.513606448869942978e+05
1.509619234152884455e+05
1.504509634777504252e+05
1.498188241086172638e+05
1.490710019936880562e+05
1.482272914843443723e+05
1.473198607312655949e+05
1.463895171627665113e+05
1.454804919971227064e+05
1.446344386979493138e+05
1.438845947196216730e+05
1.432511118613193394e+05
1.427383871540506079e+05
1.423348541391476174e+05
1.420152080205626262e+05
1.417445586038272595e+05
1.414836611714868341e+05
1.411942626802294108e+05
1.408437380599868775e+05
1.404085041485735856e+05
1.398760454257543315e+05
1.392456266721544089e+05
1.385278402691931988e+05
1.377430876460420550e+05
1.369190481408719788e+05
1.360872562192349287e+05
1.352791089264436159e+05
1.345218654464342399e+05
1.338353289758012397e+05
1.332298089464987861e+05
1.327056558864599792e+05
1.322542650031334488e+05
1.318601253729515884e+05
1.315033661069850496e+05
1.311623270850590197e+05
1.308158699544387928e+05
1.304453218185398582e+05
1.300360256510604522e+05
1.295784521623638284e+05
1.290687684745761799e+05
1.285087412815862335e+05
1.279049285603290336e+05
1.272672779040487803e+05
1.266074374879082607e+05
1.259372052665302326e+05
1.252675152537056128e+05
1.246081636679955118e+05
1.239681659569898620e+05
1.233563281023645686e+05
1.227814541721609421e+05
1.222516973648032144e+05
1.217728975924421538e+05
1.213462247052429302e+05
1.209658736741892644e+05
1.206177455670359632e+05
1.202798884596709831e+05
1.199249941846687434e+05
1.195246091632898606e+05
1.190541474794644892e+05
1.184974954980015609e+05
1.178500709026743425e+05
1.171196097779828997e+05
1.163245539648029517e+05
1.154904989918176434e+05
1.146455699598613137e+05
1.138157325751501776e+05
1.130209319022050186e+05
1.122726673280374525e+05
1.115732659461325529e+05
1.109167922146726778e+05
1.102912710556646634e+05
1.096817146658904385e+05
1.090733346792224766e+05
1.084543077743694885e+05
1.078175683175174636e+05
1.071613322158359224e+05
1.064883748556513165e+05
1.058044095439903758e+05
1.051161385080063628e+05
1.044295986948252685e+05
1.037492846625943785e+05
1.030782575463122630e+05
1.024191449168530671e+05
1.017757030293162679e+05
1.011545079967894999e+05
1.005663596197589795e+05
1.000270631332526100e+05
9.955732736343229772e+04
9.918153946574134170e+04
9.892516410341708979e+04
9.881054928264535556e+04
9.885111248819068715e+04
9.904430770763197506e+04
9.936441520901779586e+04
9.975688955712066672e+04
1.001364608198619244e+05
1.003910854502648872e+05
1.003929664936481568e+05
1.000162334079612774e+05
9.915883714487309044e+04
9.776439344127508230e+04
9.583879359867941821e+04
9.345690097169205546e+04
9.075662825694154890e+04
8.792067768941266695e+04
8.514934518549389031e+04
8.263006029441152350e+04
8.051004347960758605e+04
7.887743146324739791e+04
7.775385315859422553e+04
7.709853692001309537e+04
7.682148123775378917e+04
7.680168560867159977e+04
7.690616810651363630e+04
7.700632713678438449e+04
7.698968803735090478e+04
7.676666882265132153e+04
7.627324565913900733e+04
7.547103815023702919e+04
7.434634343925757275e+04
7.290920433559730009e+04
7.119298977685175487e+04
6.925447679770246032e+04
6.717420905683386081e+04
6.505693704800384876e+04
6.303202167381726758e+04
6.125355250606998015e+04
5.989944685642973491e+04
5.916804868978822196e+04
5.927010191367684456e+04
6.041395086760355480e+04
6.278286046568468009e+04
6.650553896801848896e+04
7.162385678574955091e+04
7.806446447307709605e+04
8.562237979404479847e+04
9.396371031693661644e+04
1.026512379365882371e+05
1.111912644093776034e+05
1.190943794392317650e+05
1.259385149763452064e+05
1.314213362911125587e+05
1.353913032931206399e+05
1.378519958401246695e+05
1.389408798790257424e+05
1.388895281072993239e+05
1.379756989153948089e+05
1.364778900273451000e+05
1.346404266623523436e+05
1.326530647634464258e+05
1.306449847830071521e+05
1.286900835023817490e+05
1.268191348227576818e+05
1.250345168525975605e+05
1.233242234214625787e+05
1.216731659459882649e+05
1.200708903203881346e+05
1.185156181694839615e+05
1.170150105702792644e+05
1.155843565937979438e+05
1.142430875220701564e+05
1.130106194883467833e+05
1.119024976822444005e+05
1.109276267552228237e+05
1.100870435852778901e+05
1.093742914509595139e+05
1.087770885488647036e+05
1.082797391547783918e+05
1.078656622269960208e+05
1.075195049999227340e+05
1.072285157056904136e+05
1.069830925430004281e+05
1.067766313246689824e+05
1.066049150903107366e+05
1.064653168101775373e+05
1.063560452832198062e+05
1.062755926167091529e+05
1.062224693870924966e+05
1.061952495812067355e+05
1.061928826961542363e+05
1.062151555696779833e+05
1.062631108815888874e+05
1.063391859379219823e+05
1.064468658761077095e+05
1.065897713205911568e+05
1.067703001255635754e+05
1.069881504923919856e+05
1.072391835916989803e+05
1.075150717518755700e+05
1.078040067939985747e+05
1.080924543262020161e+05
1.083676200720844063e+05
1.086200452795396122e+05
1.088456553691488371e+05
1.090466918092285632e+05
1.092312443431357242e+05
1.094114892171807733e+05
1.096011048703952256e+05
1.098125521829448408e+05
1.100548932514261251e+05
1.103325908992077166e+05
1.106453818789391953e+05
1.109889982454054552e+05
1.113563474254657049e+05
1.117387903699410381e+05
1.121273170890416368e+05
1.125135893797008321e+05
1.128908952227881964e+05
1.132550063593090745e+05
1.136048059164790320e+05
1.139424608816517139e+05
1.142729415434424154e+05
1.146028541742724919e+05
1.149387923367982730e+05
1.152856189553829317e+05
1.156451684014359635e+05
1.160157643306710088e+05
1.163927159646580549e+05
1.167696678594440455e+05
1.171404355809035187e+05
1.175008364373980585e+05
1.178500456417697424e+05
1.181911493084163812e+05
1.185307706701391580e+05
1.188778540046695271e+05
1.192418572131786786e+05
1.196307079513299541e+05
1.200489177604380238e+05
1.204962295563132357e+05
1.209671005747195013e+05
1.214511972027412558e+05
1.219349052344157681e+05
1.224036566567757400e+05
1.228446777141278872e+05
1.232496227415736503e+05
1.236165245385961898e+05
1.239505952103325544e+05
1.242636436810066953e+05
1.245721864454828028e+05
1.248946355295538669e+05
1.252481689112378808e+05
1.256459682838879380e+05
1.260954360946546076e+05
1.265978087291564007e+05
1.271493185755173618e+05
1.277437787578839198e+05
1.283762141189730028e+05
1.290469734817209246e+05
1.297656587140807387e+05
1.305542175488546200e+05
1.314486768543891376e+05
1.324992212056888966e+05
1.337685951328794763e+05
1.353290495841024385e+05
1.372581884133446147e+05
1.396340569117858540e+05
1.425296688999406178e+05
1.460069757942938013e+05
1.501101708144551376e+05
1.548583227193577331e+05
1.602377088223104074e+05
1.661948077116794884e+05
1.726315214148662344e+05
1.794045356525478128e+05
1.863305198236995202e+05
1.931979857228301698e+05
1.997851822612575488e+05
2.058817764854569687e+05
2.113107858010479249e+05
2.159467693212714803e+05
2.197268984124296985e+05
2.226530782364210172e+05
2.247853089571737510e+05
2.262283155523970199e+05
2.271145867823461886e+05
2.275871026781916153e+05
2.277843342856461823e+05
2.278289863678069378e+05
2.278208951972245122e+05
2.278337943134803500e+05
2.279153565203445614e+05
2.280898373354375071e+05
2.283625727473480802e+05
2.287254373214363004e+05
2.291622392157092108e+05
2.296530981928121182e+05
2.301772342169217882e+05
2.307142149195164093e+05
2.312443192308433936e+05
2.317489745413005294e+05
2.322120460464062344e+05
2.326221649845646753e+05
2.329755550240341108e+05
2.332783036988628737e+05
2.335469774465821392e+05
2.338069262553072767e+05
2.340883794931457960e+05
2.344211911025175650e+05
2.348295657781579939e+05
2.353281393830627494e+05
2.359204213143596135e+05
2.365999917190742563e+05
2.373541891894669097e+05
2.381694977206805488e+05
2.390375373366815038e+05
2.399604904189693625e+05
2.409549122544636484e+05
2.420531217035401496e+05
2.433017006457205862e+05
2.447570249309281935e+05
2.464781942867574980e+05
2.485182058386884746e+05
2.509146733049880131e+05
2.536817267270493903e+05
2.568047886131673004e+05
2.602395753043115546e+05
2.639158779371869168e+05
2.677455693394812406e+05
2.716331760390973650e+05
2.754866489161882200e+05
2.792259759963576798e+05
2.827880657200829592e+05
2.861276263364976621e+05
2.892150799946252373e+05
2.920333581934043905e+05
2.945754186001857161e+05
2.968435438321413239e+05
2.988503041457619402e+05
3.006200232325387187e+05
3.021891387722505606e+05
3.036041838897518464e+05
3.049170746233134996e+05
3.061785481008123606e+05
3.074314552748585702e+05
3.087058083435264998e+05
3.100169422170767211e+05
3.113671064512481098e+05
3.127496892136939568e+05
3.141545205144247157e+05
3.155725601920998306e+05
3.169987294831625768e+05
3.184324445896552643e+05
3.198762122424960253e+05
3.213331690565358731e+05
3.228045715291869128e+05
3.242880284125102335e+05
3.257768738525659428e+05
3.272606828181243618e+05
3.287266503894021735e+05
3.301614382928660489e+05
3.315531170755756903e+05
3.328929417695449083e+05
3.341768170097015100e+05
3.354063676287400885e+05
3.365895064219086198e+05
3.377403189796406077e+05
3.388780567652928876e+05
3.400251353533738293e+05
3.412042950205624802e+05
3.424354040699077304e+05
3.437326013093396323e+05
3.451024349225278711e+05
3.465433404357312829e+05
3.480463521250464837e+05
3.495965895341649884e+05
3.511749807906903443e+05
3.527598876989640412e+05
3.543286215063449345e+05
3.558590550501001417e+05
3.573315040116840973e+05
3.587307996206560056e+05
3.600481858671379741e+05
3.612825472874426632e+05
3.624406016968287295e+05
3.635360086410109652e+05
3.645876751603753655e+05
3.656177203050044482e+05
3.666495275544198812e+05
3.677061321748853661e+05
3.688089853253137553e+05
3.699770112059452804e+05
3.712258497883234522e+05
3.725672041618959047e+05
3.740082210853350698e+05
3.755508059205024038e+05
3.771907575905061094e+05
3.789166867621045676e+05
3.807088929636699031e+05
3.825386683976618224e+05
3.843687163588404073e+05
3.861553449082644656e+05
3.878527303727923427e+05
3.894189128301805467e+05
3.908225176561207045e+05
3.920487804619756644e+05
3.931034827537024394e+05
3.940138778029842651e+05
3.948263961966913776e+05
3.956015783915850334e+05
3.964070727280393476e+05
3.973096303454766748e+05
3.983669624390132958e+05
3.996202873375033378e+05
4.010884707242051954e+05
4.027647625887667527e+05
4.046170487278903020e+05
4.065920812882666942e+05
4.086233294454408460e+05
4.106411257517238846e+05
4.125830480866106227e+05
4.144023078402585816e+05
4.160724380538330879e+05
4.175876330908312229e+05
4.189593077726959600e+05
4.202103900811368367e+05
4.213692365153178107e+05
4.224647981266382267e+05
4.235239360649069422e+05
4.245708932367898524e+05
4.256281859061951982e+05
4.267178012642856338e+05
4.278616447280760040e+05
4.290806057400455466e+05
4.303922356821194990e+05
4.318076432239804417e+05
4.333286101643912843e+05
4.349459812445778516e+05
4.366400610346155590e+05
4.383831600576821365e+05
4.401437685712547973e+05
4.418913313860524213e+05
4.436004338178504840e+05
4.452534501949971891e+05
4.468412624078305671e+05
4.483623091598107712e+05
4.498207135583813069e+05
4.512243619727990008e+05
4.525835392106500803e+05
4.539102218911955133e+05
4.552176683271839283e+05
4.565197678012290853e+05
4.578298087364500971e+05
4.591587644873662503e+05
4.605136112402613508e+05
4.618963406848722952e+05
4.633041299801284331e+05
4.647307013063179329e+05
4.661684726804198581e+05
4.676108668064326630e+05
4.690541644584285677e+05
4.704984847537557944e+05
4.719477176807458163e+05
4.734084433225204702e+05
4.748880492655855487e+05
4.763924409015497658e+05
4.779239229665819439e+05
4.794799258387129521e+05
4.810531292631018441e+05
4.826331371861344087e+05
4.842092717403805000e+05
4.857735249846085208e+05
4.873225170399778872e+05
4.888576191479706322e+05
4.903831308000090648e+05
4.919032425001175725e+05
4.934190741098652361e+05
4.949270733331206138e+05
4.964194768512195442e+05
4.978866457576737739e+05
4.993203036176374881e+05
5.007163867445314536e+05
5.020764855212580296e+05
5.034075498161638388e+05
5.047202932412705268e+05
5.060271933199434425e+05
5.073409536449926673e+05
5.086738363173010293e+05
5.100376666642942000e+05
5.114438922339185374e+05
5.129030580947933486e+05
5.144234281595532084e+05
5.160090197759434814e+05
5.176577324711888214e+05
5.193603332832252490e+05
5.211007899358234135e+05
5.228579765026380774e+05
5.246083438117930200e+05
5.263289201792525128e+05
5.280000245771807386e+05
5.296072538601972628e+05
5.311425332742532482e+05
5.326042265322312014e+05
5.339964846359079238e+05
5.353281820804033196e+05
5.366119032065839274e+05
5.378633953969579889e+05
5.391016091130874120e+05
5.403489400923328940e+05
5.416308107331893407e+05
5.429736194868644234e+05
5.444005921249442035e+05
5.459261148158512078e+05
5.475502689514248632e+05
5.492558808497493155e+05
5.510099641754921759e+05
5.527699710036520846e+05
5.544933473356734030e+05
5.561474030600661645e+05
5.577162148085898953e+05
5.592023911001041997e+05
5.606235607364438474e+05
5.620054570478820242e+05
5.633745427195526427e+05
5.647528204901828431e+05
5.661560606121679302e+05
5.675949265636504861e+05
5.690772693593758158e+05
5.706097018469285686e+05
5.721973811261584051e+05
5.738421541055330308e+05
5.755401584964982467e+05
5.772801784199313261e+05
5.790435558882327750e+05
5.808056691388057079e+05
5.825384113081005635e+05
5.842130219360411866e+05
5.858029575918186456e+05
5.872868873351938091e+05
5.886520038387238747e+05
5.898975230345922755e+05
5.910376845537994523e+05
5.921031311129062669e+05
5.931395655724735698e+05
5.942031536121148383e+05
5.953530679048820166e+05
5.966424881424708292e+05
5.981099192884837976e+05
5.997726743964449270e+05
6.016238244520676089e+05
6.036330670841712272e+05
6.057511032969597727e+05
6.079164857974036131e+05
6.100636372085385956e+05
6.121308080257303081e+05
6.140670200001556659e+05
6.158373551156600006e+05
6.174261872732427437e+05
6.188380978502278449e+05
6.200963459681193344e+05
6.212389868691260926e+05
6.223130947672430193e+05
6.233679800361957168e+05
6.244486226072626887e+05
6.255905870394834783e+05
6.268173490135465981e+05
6.281403199765670579e+05
6.295611202130718157e+05
6.310750782593318727e+05
6.326747101679735351e+05
6.343520964237311855e+05
6.360995347472464200e+05
6.379084447947718436e+05
6.397670810793091077e+05
6.416580526835243218e+05
6.435568552573424531e+05
6.454325044662790606e+05
6.472508647654630477e+05
6.489804327249018243e+05
6.505993541332959430e+05
6.521016691456917906e+05
6.535005682556659449e+05
6.548270421290522208e+05
6.561236573088862933e+05
6.574348770911848405e+05
6.587967346151995007e+05
6.602291423313474515e+05
6.617333858087583212e+05
6.632955804994241334e+05
6.648947016685962444e+05
6.665120791802337626e+05
6.681386893905780744e+05
6.697774327854055446e+05
6.714395389672997408e+05
6.731365239448718494e+05
6.748708503173602512e+05
6.766289693392578047e+05
6.783796098574176431e+05
6.800783906501764432e+05
6.816777549659385113e+05
6.831395641550287837e+05
6.844469117180485046e+05
6.856119526953015011e+05
6.866776006214396330e+05
6.877124612778585870e+05
6.887999447681659367e+05
6.900237752401428297e+05
6.914528539337567054e+05
6.931285057564905146e+05
6.950565727668914478e+05
6.972057683886467712e+05
6.995124333903697552e+05
7.018906263954121387e+05
7.042455724501840305e+05
7.064880127942728577e+05
7.085469721102742478e+05
7.103788424147166079e+05
7.119713999185573775e+05
7.133423233504577074e+05
7.145328288607900031e+05
7.155979853180138161e+05
7.165959081996667664e+05
7.175781778172081104e+05
7.185834332030554069e+05
7.196352525806133635e+05
7.207443618998299353e+05
7.219141752416866366e+05
7.231478896139126737e+05
7.244549773652835283e+05
7.258550102065103129e+05
7.273773186250546714e+05
7.290559875810747035e+05
7.309209677898318041e+05
7.329873660949626938e+05
7.352458813364707166e+05
7.376574835914089344e+05
7.401545795877373312e+05
7.426491881598210894e+05
7.450465671697726939e+05
7.472610193338237004e+05
7.492299258456031093e+05
7.509227011016813340e+05
7.523430721920841606e+05
7.535251529767403845e+05
7.545253652073960984e+05
7.554127906763841165e+05
7.562599909423462814e+05
7.571352037976174615e+05
7.580958518865719670e+05
7.591830327237646561e+05
7.604171679513844429e+05
7.617958252222876763e+05
