6.815569957182876533e+05
6.798879804218906211e+05
6.782493242284763837e+05
6.766475404892821098e+05
6.750877694720508298e+05
6.735743835436886875e+05
6.721103448657626286e+05
6.706953828319371678e+05
6.693237285678907065e+05
6.679825403438183712e+05
6.666520399702226277e+05
6.653077668922652956e+05
6.639245223509205971e+05
6.624809276029320899e+05
6.609633661067379871e+05
6.593684508271744708e+05
6.577037927847504616e+05
6.559873561455493327e+05
6.542457977154543623e+05
6.525119261296230834e+05
6.508210782290569041e+05
6.492061760243799072e+05
6.476916909893173724e+05
6.462875501429521246e+05
6.449847219428694807e+05
6.437543219426369760e+05
6.425513345853949431e+05
6.413226468237070367e+05
6.400175934398545651e+05
6.385982844487689435e+05
6.370470414057815215e+05
6.353692709962467197e+05
6.335915766696155770e+05
6.317562014072801685e+05
6.299135208534270059e+05
6.281141788375930628e+05
6.264018878965906333e+05
6.248073887440144317e+05
6.233439172516025137e+05
6.220047573190347757e+05
6.207637223117141984e+05
6.195792683573078830e+05
6.184021741058330517e+05
6.171855048927373718e+05
6.158944552630727412e+05
6.145132574966910761e+05
6.130470115911859320e+05
6.115178915243905503e+05
6.099570994514015038e+05
6.083953678553537466e+05
6.068551393063467694e+05
6.053466640083738603e+05
6.038685686823457945e+05
6.024117219310352812e+05
6.009641817616745830e+05
5.995150374849936925e+05
5.980559265700574033e+05
5.965803814937903080e+05
5.950822657191979233e+05
5.935548930225486401e+05
5.919918898885876406e+05
5.903897800359174144e+05
5.887512158895883476e+05
5.870872860162302386e+05
5.854176193975731730e+05
5.837679107508943416e+05
5.821655345163927414e+05
5.806345941395182163e+05
5.791917967902368400e+05
5.778440337532857666e+05
5.765878294072968420e+05
5.754102757253145101e+05
5.742908857855877141e+05
5.732039103925431846e+05
5.721208445910395822e+05
5.710129222764496226e+05
5.698533458005541470e+05
5.686189659668584354e+05
5.672912676494154148e+05
5.658568341956759105e+05
5.643077816949152621e+05
5.626427200376583496e+05
5.608684719241432613e+05
5.590021653632320231e+05
5.570727264256156050e+05
5.551205940228988184e+05
5.531948388397033559e+05
5.513476807031114586e+05
5.496273073052365799e+05
5.480704998353739502e+05
5.466966349065015092e+05
5.455042027047451120e+05
5.444703235931694508e+05
5.435531643179154489e+05
5.426968146960085724e+05
5.418380429518182063e+05
5.409142335433242843e+05
5.398715946114608087e+05
5.386724382046374958e+05
5.373001849331567064e+05
5.357609578692318173e+05
5.340812975374070229e+05
5.323024967385744676e+05
5.304729689848748967e+05
5.286405476802933263e+05
5.268464532873351127e+05
5.251219307767677819e+05
5.234875650291364291e+05
5.219544360547687975e+05
5.205258909400512348e+05
5.191988725183919887e+05
5.179643072374549229e+05
5.168067285524114850e+05
5.157038121815526392e+05
5.146266563029667595e+05
5.135414384423057782e+05
5.124126289940372226e+05
5.112074045462651411e+05
5.099004497729884461e+05
5.084781007854914642e+05
5.069408483233233565e+05
5.053035887854081811e+05
5.035935835278356681e+05
5.018466657912733499e+05
5.001025959861175506e+05
4.984004680988483597e+05
4.967747452206410817e+05
4.952520606238911860e+05
4.938486399208502844e+05
4.925682548521315912e+05
4.914009597882973030e+05
4.903232248866943992e+05
4.893001440679160296e+05
4.882899897751476383e+05
4.872506143143138615e+05
4.861464019237043685e+05
4.849540532597982092e+05
4.836656686261567520e+05
4.822883392260498367e+05
4.808404654779291013e+05
4.793459239802674856e+05
4.778277174179544090e+05
4.763027644401315483e+05
4.747790841852668673e+05
4.732559540218465845e+05
4.717268384979168186e+05
4.701841671050478471e+05
4.686245417877483997e+05
4.670528284236429608e+05
4.654839023374292883e+05
4.639415093741985038e+05
4.624545500840473687e+05
4.610517940443076077e+05
4.597563409787630662e+05
4.585810021613504505e+05
4.575253238669794519e+05
4.565744747604892473e+05
4.556998937982814386e+05
4.548615096411804552e+05
4.540113914017649367e+05
4.530986922800588654e+05
4.520755780289715040e+05
4.509035092048610095e+05
4.495589184593358659e+05
4.480371805145547260e+05
4.463539351993877208e+05
4.445432879920271807e+05
4.426530547949906322e+05
4.407378565609511570e+05
4.388513347045424744e+05
4.370389393835715600e+05
4.353326059954359080e+05
4.337482188830132363e+05
4.322861606876632432e+05
4.309345938905012445e+05
4.296745620028986596e+05
4.284856539148327429e+05
4.273509141323766089e+05
4.262599006247512298e+05
4.252092251273681759e+05
4.242004622216063435e+05
4.232358918922321172e+05
4.223130710353835020e+05
4.214196379522497300e+05
4.205299395754769212e+05
4.196049101955363294e+05
4.185960312013108050e+05
4.174531943769909558e+05
4.161350940195532166e+05
4.146197649445502902e+05
4.129124719171413453e+05
4.110485863490723423e+05
4.090902950629341649e+05
4.071175918224058696e+05
4.052154519150111591e+05
4.034598965048622340e+05
4.019056064369554515e+05
4.005769883467091713e+05
3.994635367737289635e+05
3.985194378605304519e+05
3.976669215783381951e+05
3.968028956010099500e+05
3.958086191231768462e+05
3.945622206106394297e+05
3.929534573276442825e+05
3.908992637727908441e+05
3.883576667142828810e+05
3.853370740496909129e+05
3.818982377591014956e+05
3.781475072841348592e+05
3.742220513316161232e+05
3.702698853271049447e+05
3.664290286252550432e+05
3.628103609489886439e+05
3.594876295009593014e+05
3.564959574769638130e+05
3.538378460532520548e+05
3.514938202056926675e+05
3.494340755967737059e+05
3.476278587821577094e+05
3.460485747864599107e+05
3.446742435125861666e+05
3.434843791905867402e+05
3.424552660025915829e+05
3.415558080485870596e+05
3.407457155417254544e+05
3.399769525771680637e+05
3.391983609314522473e+05
3.383624308384752367e+05
3.374325303453549277e+05
3.363886992081440403e+05
3.352304394000037573e+05
3.339757266798208002e+05
3.326564999893787899e+05
3.313118255532251205e+05
3.299804654160252539e+05
3.286945439530804870e+05
3.274754655914125615e+05
3.263324486719034030e+05
3.252633227874061558e+05
3.242568218340761377e+05
3.232955486491777119e+05
3.223589832618855871e+05
3.214261789860693389e+05
3.204779981235387386e+05
3.194988349143082742e+05
3.184777934355763136e+05
3.174092969150153222e+05
3.162931431436184794e+05
3.151340861724868300e+05
3.139410868414565339e+05
3.127264024072792381e+05
3.115046637897330802e+05
3.102920215536519536e+05
3.091053454836620367e+05
3.079613641153267235e+05
3.068755665989976260e+05
3.058607018565007602e+05
3.049248292298782617e+05
3.040690932515908498e+05
3.032856510067777126e+05
3.025563684287758661e+05
3.018529154163326602e+05
3.011386780089166132e+05
3.003725108310513897e+05
2.995138999409091193e+05
2.985287474698665901e+05
2.973948310668080812e+05
2.961060467322257464e+05
2.946747439929962857e+05
2.931317134735477157e+05
2.915236349662074936e+05
2.899080520998637658e+05
2.883462565846772632e+05
2.868948595287731732e+05
2.855972349946573377e+05
2.844762954214512138e+05
2.835300341752885724e+05
2.827308543134789797e+05
2.820289442275811452e+05
2.813590594947925420e+05
2.806493102149360348e+05
2.798301920335423783e+05
2.788422582024708972e+05
2.776414351369456854e+05
2.762017869913063478e+05
2.745162133116922923e+05
2.725958588813775568e+05
2.704688474799608230e+05
2.681784614330905024e+05
2.657803735862848116e+05
2.633383128240685910e+05
2.609177887365511269e+05
2.585781669209284883e+05
2.563642079482531408e+05
2.542987913878399704e+05
2.523786338590771775e+05
2.505742696742714907e+05
2.488345391171580413e+05
2.470946632264793734e+05
2.452860747920995927e+05
2.433458266776716628e+05
2.412237077104146592e+05
2.388860283937857603e+05
2.363160883766199404e+05
2.335122477506259747e+05
2.304850136277870333e+05
2.272545084556812362e+05
2.238491866411585361e+05
2.203059380880721728e+05
2.166710394161707372e+05
2.130010094037698873e+05
2.093623903203058580e+05
2.058297662734518817e+05
2.024818025510963053e+05
1.993955827366901212e+05
1.966399103237557283e+05
1.942684730595094152e+05
1.923138413039080915e+05
1.907832112612338678e+05
1.896566341308406554e+05
1.888882083490844525e+05
1.884103682770954911e+05
1.881410035558033269e+05
1.879927297544682806e+05
1.878832570693275193e+05
1.877455294718099467e+05
1.875361894891814154e+05
1.872410125679466873e+05
1.868762811032043246e+05
1.864856309556210472e+05
1.861326498890242074e+05
1.858903175464552478e+05
1.858290671408183116e+05
1.860056124498995196e+05
1.864545594236512843e+05
1.871841764328042918e+05
1.881766736157214327e+05
1.893922387055851868e+05
1.907752516416930594e+05
1.922608275189888664e+05
1.937801861564814753e+05
1.952641422655451752e+05
1.966449063400153827e+05
1.978570169547332334e+05
1.988383656831861590e+05
1.995319348245077417e+05
1.998882664168888004e+05
1.998681339633175230e+05
1.994446525913079095e+05
1.986042234664378630e+05
1.973461524374901783e+05
1.956812722465358092e+05
1.936301887689915893e+05
1.912217329442703631e+05
1.884918694882896089e+05
1.854828761117229587e+05
1.822423026833611075e+05
1.788212243988731352e+05
1.752716366836086090e+05
1.716433475410006358e+05
1.679811435703612224e+05
1.643230980991985416e+05
1.607005616681226529e+05
1.571397435432579368e+05
1.536641399428063014e+05
1.502967035240204132e+05
1.470607666712148348e+05
1.439792904600731272e+05
1.410727619595631550e+05
1.383566628336497233e+05
1.358396133825442812e+05
1.335229889690620766e+05
1.314021656107535237e+05
1.294688755599257129e+05
1.277137370842137461e+05
1.261280268406642572e+05
1.247041562106925703e+05
1.234349004620166961e+05
1.223119522548423265e+05
1.213246176275618927e+05
1.204593612913573597e+05
1.197005078416872566e+05
1.190318974714444194e+05
1.184388930821523682e+05
1.179099997571377462e+05
1.174375291807220055e+05
1.170171320243141090e+05
1.166464547658177762e+05
1.163234722814971174e+05
1.160450974705737317e+05
1.158064839957435906e+05
1.156011262955477578e+05
1.154215662310081389e+05
1.152603467643533659e+05
1.151108426792777173e+05
1.149677080680017534e+05
1.148268379365492438e+05
1.146848830633782636e+05
1.145384515028176975e+05
1.143831765401304292e+05
1.142128450738008250e+05
1.140187772061238938e+05
1.137896317528667132e+05
1.135117759057635994e+05
1.131702857854084286e+05
1.127505269766602578e+05
1.122401068942317652e+05
1.116308295261591120e+05
1.109201804112069221e+05
1.101118934251930041e+05
1.092153370463980245e+05
1.082437773425914056e+05
1.072119284855852748e+05
1.061334524782441149e+05
1.050191055624786386e+05
1.038760197417510644e+05
1.027082284827059630e+05
1.015181438697968551e+05
1.003084207502387580e+05
9.908358855713560479e+04
9.785098094343753473e+04
9.662075408248076565e+04
9.540504055240540765e+04
9.421645885736777564e+04
9.306627738971993676e+04
9.196255575980227150e+04
9.090860133481092635e+04
8.990209246798961249e+04
8.893519137314071122e+04
8.799583816301217303e+04
8.707015437879390083e+04
8.614553384432962048e+04
8.521368050888486323e+04
8.427271660614538996e+04
8.332763640528664109e+04
8.238882099529399420e+04
8.146893250466760946e+04
8.057906100784386217e+04
7.972529117946572660e+04
7.890676345845639298e+04
7.811584425144776469e+04
7.734034896667920111e+04
7.656711595845884585e+04
7.578583115127719066e+04
7.499197844912736036e+04
7.418812812411588675e+04
7.338333697881245462e+04
7.259101637296659464e+04
7.182603548404763569e+04
7.110195479570375755e+04
7.042912609559108387e+04
6.981404408257969772e+04
6.925993375448555162e+04
6.876823928961942147e+04
6.834051977617721423e+04
6.798025775793561479e+04
6.769419429983446025e+04
6.749294522319338284e+04
6.739077173062409565e+04
6.740446014744635613e+04
6.755133419917403080e+04
6.784651892409080756e+04
6.829972144215085427e+04
6.891197370341590431e+04
6.967293638489127625e+04
7.055940989217342576e+04
7.153557196338189533e+04
7.255514827690532547e+04
7.356528201208931569e+04
7.451142429364407144e+04
7.534227136557994527e+04
7.601375101005146280e+04
7.649135556055890629e+04
7.675066794212446257e+04
7.677656562916212715e+04
7.656209889309134451e+04
7.610823345516843256e+04
7.542543518796675198e+04
7.453751239838892070e+04
7.348740510630061908e+04
7.234395891987386858e+04
7.120832662311194872e+04
7.021854356522244052e+04
6.955090620189715992e+04
6.941685466817603447e+04
7.005400481597158068e+04
7.170989676682902791e+04
7.461728471348817402e+04
7.896086457303524367e+04
8.483753053685686609e+04
9.221538453571473656e+04
1.008999446668207238e+05
1.105179327764651680e+05
1.205282490979834984e+05
1.302654878457215091e+05
1.390140592117817141e+05
1.461024730791260372e+05
1.510003162403419847e+05
1.533975475430763618e+05
1.532484045826329384e+05
1.507700467134846258e+05
1.463968017984224425e+05
1.407012571636073408e+05
1.343003534469209553e+05
1.277663218464575039e+05
1.215587988763338362e+05
1.159874142595695012e+05
1.112060527880980226e+05
1.072331797905605199e+05
1.039885741566378565e+05
1.013358902249313978e+05
9.912208116455409618e+04
9.720776540535429376e+04
9.548597156141824962e+04
9.388951872143597575e+04
9.238916290036149439e+04
9.098552702853482333e+04
8.969792551447529695e+04
8.855277273354963108e+04
8.757358228222286562e+04
8.677380649596906733e+04
8.615305138747647288e+04
8.569659942573377339e+04
8.537771732090967998e+04
8.516192941892937233e+04
8.501229126274846203e+04
8.489468368047270633e+04
8.478224764835387759e+04
8.465828297064670187e+04
8.451722822414227994e+04
8.436369797629285313e+04
8.420991993125257432e+04
8.407220964460197138e+04
8.396726595732048736e+04
8.390902491868534707e+04
8.390659181219768652e+04
8.396345406699930027e+04
8.407786237529237405e+04
8.424403866310720332e+04
8.445376889730909897e+04
8.469795821998019528e+04
8.496782679801895574e+04
8.525556385184275860e+04
8.555440491427696543e+04
8.585823815986093541e+04
8.616096661448430677e+04
8.645593158552120440e+04
8.673570728869538289e+04
8.699248353956350184e+04
8.721906910559245443e+04
8.741032259025966050e+04
8.756463277795519389e+04
8.768500714089405665e+04
8.777942416889991728e+04
8.786033356986271974e+04
8.794346065667788207e+04
8.804628058995475294e+04
8.818659786048175010e+04
8.838158156922270427e+04
8.864741327585786348e+04
8.899947890427017410e+04
8.945285395675674954e+04
9.002274220306794450e+04
9.072455382499142434e+04
9.157344638519616274e+04
9.258337129530323728e+04
9.376590840528470289e+04
9.512934316225977091e+04
9.667845471450244077e+04
9.841529355857530027e+04
1.003408713847258041e+05
1.024572882617209398e+05
1.047695496061203303e+05
1.072863086511407892e+05
1.100190371446873178e+05
1.129795827884607716e+05
1.161765415156834497e+05
1.196111836202208651e+05
1.232737322706527630e+05
1.271406200437563384e+05
1.311730492773307196e+05
1.353168859718977765e+05
1.395037209125763038e+05
1.436528689158979105e+05
1.476741254656486562e+05
1.514712080518389703e+05
1.549459190339700435e+05
1.580031219861673017e+05
1.605565744559604791e+05
1.625354749125761737e+05
1.638912696119081811e+05
1.646038978292853571e+05
1.646863626569405606e+05
1.641864512734404125e+05
1.631847015243765491e+05
1.617883253869369801e+05
1.601216317815871735e+05
1.583143195938005520e+05
1.564895864554879954e+05
1.547541257448762772e+05
1.531916931161604880e+05
1.518610967927123129e+05
1.507984195784151088e+05
1.500223073800554848e+05
1.495405410632112762e+05
1.493560267580514774e+05
1.494708066590419330e+05
1.498875351363130030e+05
1.506087768497228681e+05
1.516351339889605879e+05
1.529633752762262302e+05
1.545853991456579824e+05
1.564882121304533212e+05
1.586544680772513675e+05
1.610628083642915590e+05
1.636874245797574986e+05
1.664968555633796495e+05
1.694527443145359575e+05
1.725097427725889138e+05
1.756176681970205973e+05
1.787263123128872248e+05
1.817921971338160802e+05
1.847854985246976430e+05
1.876948146013546793e+05
1.905277713926913275e+05
1.933066260716085962e+05
1.960596679606901889e+05
1.988107104227023665e+05
2.015697143876932387e+05
2.043272750190254301e+05
2.070544547762529692e+05
2.097077535480849328e+05
2.122375177694606828e+05
2.145973234997494728e+05
2.167520030210930563e+05
2.186828212109501474e+05
2.203893997797524207e+05
2.218888668228857277e+05
2.232130957134184428e+05
2.244047934074275254e+05
2.255128398428844230e+05
2.265869842419585912e+05
2.276719959905398136e+05
2.288016734903042961e+05
2.299935632047932013e+05
2.312455639943698770e+05
2.325355588572194683e+05
2.338247449333397090e+05
2.350645226274132147e+05
2.362058935347450315e+05
2.372095870426039328e+05
2.380548152795239002e+05
2.387447498485795804e+05
2.393074791819013772e+05
2.397921757079870149e+05
2.402612392623345077e+05
2.407800423529382388e+05
2.414063909456093097e+05
2.421818313491679146e+05
2.431264904438983067e+05
2.442383477904695028e+05
2.454968928905738867e+05
2.468702337972989189e+05
2.483240801575468504e+05
2.498307359729636519e+05
2.513763223422036099e+05
2.529648451972731855e+05
2.546183218478851486e+05
2.563728750465991907e+05
2.582714055731825647e+05
2.603540892455013527e+05
2.626484308073307620e+05
2.651608466250626370e+05
2.678716400393960066e+05
2.707347185104300734e+05
2.736825129317330429e+05
2.766354482325905701e+05
2.795142336561390548e+05
2.822524809748655534e+05
2.848069555628185044e+05
2.871632173031152342e+05
2.893354332731656614e+05
2.913604928271818790e+05
2.932878805453570676e+05
2.951677167816536385e+05
2.970397114927264047e+05
2.989254152677637758e+05
3.008252040052958182e+05
3.027201752426469466e+05
3.045779264483511215e+05
3.063603700301661156e+05
3.080315275781064411e+05
3.095636445130485808e+05
3.109407776745243464e+05
3.121599072335698875e+05
3.132302889296001522e+05
3.141719990183359478e+05
3.150144272819923353e+05
3.157950017426191480e+05
3.165579176888201036e+05
3.173523064588834532e+05
3.182292412435226724e+05
3.192372553539776127e+05
3.204165641141129308e+05
3.217927824367071735e+05
3.233714195676642703e+05
3.251346148891186458e+05
3.270413255430126446e+05
3.290314932326630806e+05
3.310337714845826267e+05
3.329754746875258861e+05
3.347928203569545294e+05
3.364394714814880863e+05
3.378918537668978097e+05
3.391505480034392676e+05
3.402379655178356916e+05
3.411932413344217348e+05
3.420656603060489870e+05
3.429079315815700684e+05
3.437703240690354723e+05
3.446962153477470274e+05
3.457191521527157165e+05
3.468612082029148005e+05
3.481323255346883088e+05
3.495304211051554885e+05
3.510422311311061494e+05
3.526450106710459804e+05
3.543091906994962483e+05
3.560018916789827053e+05
3.576908816289965180e+05
3.593483015303524444e+05
3.609534130697543733e+05
3.624938239241772681e+05
3.639650627692869166e+05
3.653688548821597942e+05
3.667107999152185512e+05
3.679982388577537495e+05
3.692388950976823107e+05
3.704404857234187657e+05
3.716110981433736742e+05
3.727598793037182768e+05
3.738975724907913827e+05
3.750366272023312631e+05
3.761908767637669225e+05
3.773749751233629067e+05
3.786038043477060855e+05
3.798919017386140767e+05
3.812527102482657647e+05
3.826972936475400929e+05
3.842322327489563613e+05
3.858567862658238155e+05
3.875599582033700426e+05
3.893186141091403551e+05
3.910979275711983209e+05
3.928550088384582778e+05
3.945455983002665453e+05
3.961325095649074647e+05
3.975935749806451495e+05
3.989266436471626512e+05
4.001499035944778007e+05
4.012972444626655197e+05
4.024100060106561286e+05
4.035276273393948213e+05
4.046799657877324498e+05
4.058833285758647835e+05
4.071408931866617058e+05
4.084467471102292184e+05
4.097917743363651098e+05
4.111693208065535291e+05
4.125789369975200389e+05
4.140272612722656922e+05
4.155259672746794531e+05
4.170874373408442480e+05
4.187193483061007573e+05
4.204196380962962867e+05
4.221733262421869440e+05
4.239523319831807748e+05
4.257187497801007703e+05
4.274311049305129563e+05
4.290521759081865894e+05
4.305563738172003650e+05
4.319346866492262343e+05
4.331958852770441445e+05
4.343638324462317978e+05
4.354719174870116403e+05
4.365564166584255290e+05
4.376506803150761407e+05
4.387814851680831634e+05
4.399679399503691820e+05
4.412224035789928166e+05
4.425523217620299547e+05
4.439618680913883145e+05
4.454527020663486910e+05
4.470237650735758943e+05
4.486705254250493599e+05
4.503842610151794506e+05
4.521518219896711526e+05
4.539559953621842433e+05
4.557763068761229515e+05
4.575899906965224072e+05
4.593729537019259878e+05
4.611007608964448445e+05
4.627498333766206633e+05
4.642990837421961478e+05
4.657321006228221231e+05
4.670397832904582028e+05
4.682230869512193603e+05
4.692953236733005033e+05
4.702833174829478958e+05
4.712266930134438444e+05
4.721747627066194545e+05
4.731809268296810333e+05
4.742951842231366318e+05
4.755561003572066547e+05
4.769841035350607708e+05
4.785779810703208204e+05
4.803157766659946647e+05
4.821600731618923601e+05
4.840662813187503489e+05
4.859915735406355234e+05
4.879019208182236762e+05
4.897754145412854268e+05
4.916014044384728768e+05
4.933764221435281215e+05
4.950988340843376936e+05
4.967643511143035139e+05
4.983639338364191353e+05
4.998845861975843436e+05
5.013124667112029856e+05
5.026370426420557196e+05
5.038548515618326492e+05
5.049717811246334459e+05
5.060034308863162296e+05
5.069738081307234243e+05
5.079130874967600685e+05
5.088552863878016360e+05
5.098364674431569292e+05
5.108936001251807320e+05
5.120637022358466638e+05
5.133825514155655983e+05
5.148822499164906330e+05
5.165872706946772523e+05
5.185092142256307416e+05
5.206411764845899306e+05
5.229531447129797307e+05
5.253900019106081454e+05
5.278734269844511291e+05
5.303082537039027084e+05
5.325928678619205020e+05
5.346322445608505514e+05
5.363515312696998008e+05
5.377078534021123778e+05
5.386982923429494258e+05
5.393626469669983489e+05
5.397804404785014922e+05
5.400624826358598657e+05
5.403380236940934556e+05
5.407391047013548668e+05
5.413841227888560388e+05
5.423628693883545930e+05
5.437252829945086269e+05
5.454757687967276433e+05
5.475741037115191575e+05
5.499427396297561936e+05
5.524790055437434930e+05
5.550696951148398221e+05
5.576051942149548559e+05
5.599908170645218343e+05
5.621541952592022717e+05
5.640489064703139011e+05
5.656554523453303846e+05
5.669808202109367121e+05
5.680572365185044473e+05
5.689398019254168030e+05
5.697021129823460942e+05
5.704291533411837881e+05
5.712076555107089225e+05
5.721153198255664902e+05
5.732110751879573800e+05
5.745285133674495155e+05
5.760737148209862644e+05
5.778273469413807616e+05
5.797497850738987327e+05
5.817875561920688488e+05
5.838797162224905333e+05
5.859635329769264208e+05
5.879795652561056195e+05
5.898765181209056173e+05
5.916160270579091739e+05
5.931769985501690535e+05
5.945586765354654053e+05
5.957815069906804711e+05
5.968852087972236332e+05
5.979240701094075339e+05
5.989601042565508978e+05
6.000550935486713424e+05
6.012626533712396631e+05
6.026213456353866495e+05
6.041497003893487854e+05
6.058438468311751494e+05
6.076782699323577108e+05
6.096098778639725642e+05
6.115850075420270441e+05
6.135482792167845182e+05
6.154515768108994234e+05
6.172611926990910433e+05
6.189615446630088845e+05
6.205548057146829087e+05
6.220569637410889845e+05
6.234917861228984548e+05
6.248845340965096839e+05
6.262569671678454615e+05
6.276244360002911417e+05
6.289950931807347806e+05
6.303707928075507516e+05
6.317491771392156370e+05
6.331265633747652173e+05
6.345012505913819186e+05
6.358766189150285209e+05
6.372630350742226001e+05
6.386774768961371155e+05
6.401402749778460711e+05
6.416694558470479678e+05
6.432744412565471139e+05
6.449516310157997068e+05
6.466840976165987086e+05
6.484461569267228479e+05
6.502114820847960655e+05
6.519616537666945951e+05
6.536915088357080240e+05
6.554087580984566594e+05
6.571277183575462550e+05
6.588596298623366747e+05
6.606037102068216773e+05
6.623430128950679209e+05
6.640472743749293732e+05
6.656820255367626669e+05
6.672205667348272400e+05
6.686541253225745168e+05
6.699961830741184531e+05
6.712792715533361770e+05
6.725454750165138394e+05
6.738342086825933075e+05
6.751716419894477585e+05
6.765652130791769596e+05
6.780045762684947113e+05
6.794680072067414876e+05
6.809316720798349706e+05
6.823787093170661246e+05
6.838056682836945402e+05
6.852250006788473111e+05
6.866634481067522429e+05
6.881569782477612607e+05
6.897433670638090698e+05
6.914537693551109405e+05
6.933048048787822481e+05
6.952927833042173879e+05
6.973915197927865665e+05
6.995545860233707353e+05
7.017218231854208279e+05
7.038287967883441597e+05
7.058170331572269788e+05
7.076427074775117217e+05
7.092820388804621762e+05
7.107327372805372579e+05
7.120119748100636061e+05
7.131520825130839366e+05
7.141953005778773222e+05
7.151885495898638619e+05
7.161786655065729283e+05
7.172081878953145351e+05
7.183117717200885527e+05
7.195135271219504066e+05
7.208258267807490192e+05
7.222500918928879546e+05
7.237796562792218756e+05
7.254041164262254024e+05
7.271138919786774786e+05
7.289033933160494780e+05
7.307714642461300828e+05
7.327186507191269193e+05
7.347420792194345267e+05
7.368298459805226885e+05
7.389573220227701822e+05
7.410873541946909390e+05
7.431750325015627313e+05
7.451759432283458300e+05
7.470553385488623753e+05
7.487950951537655201e+05
7.503960207062655827e+05
7.518747715626287973e+05
7.532566694353159983e+05
7.545671875120218610e+05
7.558252015491470229e+05
7.570401883530506166e+05
7.582138783737292979e+05
7.593452027398665668e+05
7.604363953356442507e+05
7.614980924317298923e+05
7.625520180945307948e+05
