3.412774409894441487e+05
3.402661189719784888e+05
3.392966864778321469e+05
3.383682528096511960e+05
3.374786714755449793e+05
3.366256950697328430e+05
3.358075355806592270e+05
3.350231760120192776e+05
3.342726683011432760e+05
3.335573772545302054e+05
3.328798764171161456e+05
3.322431360522538889e+05
3.316488361402523005e+05
3.310950292590756435e+05
3.305738017116118572e+05
3.300698299994562985e+05
3.295606523878078442e+05
3.290190527129389811e+05
3.284173188378973282e+05
3.277325222261362942e+05
3.269515913813614752e+05
3.260749364080341184e+05
3.251176956511751050e+05
3.241081863587226253e+05
3.230837012582187890e+05
3.220843044353903388e+05
3.211457008138718666e+05
3.202925482479309430e+05
3.195336735152957262e+05
3.188604354548558476e+05
3.182488836228498840e+05
3.176654525305591524e+05
3.170749370484981919e+05
3.164487450136316475e+05
3.157712199496482499e+05
3.150423027801823919e+05
3.142758469147096039e+05
3.134941919817943126e+05
3.127207137444591499e+05
3.119726303280759603e+05
3.112561730865155696e+05
3.105653930192544940e+05
3.098846701937006437e+05
3.091938464916369412e+05
3.084741991577237495e+05
3.077134213074608124e+05
3.069083290906178881e+05
3.060649071460369742e+05
3.051961735312895034e+05
3.043188929639366106e+05
3.034502658910444588e+05
3.026054354440987809e+05
3.017961739196316921e+05
3.010306426920056692e+05
3.003138061582701048e+05
2.996479696647854871e+05
2.990329819551476976e+05
2.984658449796631467e+05
2.979397553092527087e+05
2.974429039451474673e+05
2.969576082591227605e+05
2.964604473267938010e+05
2.959239397464172216e+05
2.953199226159326499e+05
2.946242409280480351e+05
2.938218104521096684e+05
2.929107847897983156e+05
2.919046017928387737e+05
2.908311423245570040e+05
2.897289825455532409e+05
2.886415129785413737e+05
2.876102580626762938e+05
2.866688682615284924e+05
2.858389475046198932e+05
2.851282672499388573e+05
2.845312500524982461e+05
2.840311142177140573e+05
2.836028850427443977e+05
2.832165849669724703e+05
2.828401942085252958e+05
2.824422678837832063e+05
2.819942808141036658e+05
2.814727956861714483e+05
2.808614396504501929e+05
2.801525099129204755e+05
2.793479106538390624e+05
2.784591296888752840e+05
2.775061134252314223e+05
2.765151393112898804e+05
2.755160092580569908e+05
2.745389891459480859e+05
2.736118561724706669e+05
2.727572427864291822e+05
2.719903117609724286e+05
2.713167856041059713e+05
2.707315170277655125e+05
2.702180256570759811e+05
2.697495498819525819e+05
2.692920018851499772e+05
2.688087344688986777e+05
2.682663824387657805e+05
2.676405123277298408e+05
2.669196783407456242e+05
2.661068593484878656e+05
2.652180281168801594e+05
2.642784742748507997e+05
2.633181099866369623e+05
2.623670919003773015e+05
2.614526822653413692e+05
2.605975619756568049e+05
2.598191373307401082e+05
2.591290542092493561e+05
2.585322808435225161e+05
2.580256497414449987e+05
2.575963864531696890e+05
2.572215684487214021e+05
2.568694164478694438e+05
2.565027929158244515e+05
2.560844646829371632e+05
2.555829235934959142e+05
2.549771957115209952e+05
2.542592966998526244e+05
2.534337533640074544e+05
2.525146216033087112e+05
2.515212855214852607e+05
2.504746708477099019e+05
2.493952007982643554e+05
2.483029848749059602e+05
2.472197013774713851e+05
2.461708313996838697e+05
2.451866493008619291e+05
2.443007698972938815e+05
2.435459363038953452e+05
2.429477650028071366e+05
2.425179736120200832e+05
2.422489415477562579e+05
2.421112262228659529e+05
2.420549909935413161e+05
2.420154126094254898e+05
2.419212541121116083e+05
2.417050963736908161e+05
2.413133412934422668e+05
2.407141052208990441e+05
2.399015311354564619e+05
2.388958001948243764e+05
2.377390510730471287e+05
2.364882692698261526e+05
2.352067362247903366e+05
2.339556855093660997e+05
2.327874387185525557e+05
2.317406914805559500e+05
2.308380550698469742e+05
2.300856200889214815e+05
2.294742232821002253e+05
2.289821490291128866e+05
2.285790186239340110e+05
2.282305137118597922e+05
2.279033674548128038e+05
2.275698558954062755e+05
2.272109674726743251e+05
2.268175979668899672e+05
2.263894999985886971e+05
2.259322249673965562e+05
2.254528048471357324e+05
2.249552947866313916e+05
2.244374121555689198e+05
2.238892866576194065e+05
2.232947908351613733e+05
2.226351804840377299e+05
2.218940709612195205e+05
2.210623600180597859e+05
2.201417401513800723e+05
2.191459066648522567e+05
2.180992700606214930e+05
2.170336502376294811e+05
2.159838436806926329e+05
2.149830360830517893e+05
2.140588525297413871e+05
2.132305403198480199e+05
2.125074914710488520e+05
2.118890887215925031e+05
2.113656973807687755e+05
2.109205083245993301e+05
2.105318648732409056e+05
2.101756913026514812e+05
2.098276840342864452e+05
2.094650043232457538e+05
2.090672941009835049e+05
2.086169218507536280e+05
2.080984860461739008e+05
2.074977939128924627e+05
2.068007713588954357e+05
2.059929401500460808e+05
2.050600715779415914e+05
2.039902979532627796e+05
2.027773894432496163e+05
2.014243035877828370e+05
1.999457789916843467e+05
1.983688777827088488e+05
1.967309748750970466e+05
1.950755106584785681e+05
1.934465204195953265e+05
1.918832476536473259e+05
1.904159617032229435e+05
1.890635789452225727e+05
1.878331023606518283e+05
1.867204922719460155e+05
1.857124662170348456e+05
1.847888402454439492e+05
1.839252119810651056e+05
1.830958971622278623e+05
1.822769987078069535e+05
1.814493461060303962e+05
1.806008960106128652e+05
1.797281415590250981e+05
1.788361989567110722e+05
1.779375103674477432e+05
1.770494366432557872e+05
1.761912888589136710e+05
1.753814528249345894e+05
1.746351462404171762e+05
1.739630560097205162e+05
1.733707593519714719e+05
1.728585957419321057e+05
1.724216430009857286e+05
1.720496655059257173e+05
1.717272240589380090e+05
1.714343690206295578e+05
1.711483118814817863e+05
1.708461450216643861e+05
1.705081829805149464e+05
1.701210758190332563e+05
1.696797342011004221e+05
1.691874079128541052e+05
1.686538751469493436e+05
1.680923693091341411e+05
1.675162989370056603e+05
1.669368187115118199e+05
1.663618944817726151e+05
1.657968646828761557e+05
1.652459121720288531e+05
1.647135595838417648e+05
1.642053848759479588e+05
1.637275559754022688e+05
1.632853212938066281e+05
1.628810504557352397e+05
1.625126306166507711e+05
1.621729231605666573e+05
1.618506207048554497e+05
1.615323513427836879e+05
1.612054336187922163e+05
1.608604522237043711e+05
1.604928875739187060e+05
1.601033700540564605e+05
1.596966136185782379e+05
1.592795269222127390e+05
1.588592338563732046e+05
1.584416786651038856e+05
1.580311836165894056e+05
1.576309072490359540e+05
1.572437902178880759e+05
1.568734079176191299e+05
1.565242241959618405e+05
1.562010165085892659e+05
1.559076105576257978e+05
1.556453861130970181e+05
1.554121753731381032e+05
1.552021033036886365e+05
1.550066265861529391e+05
1.548166092074335029e+05
1.546248841451171902e+05
1.544285533886962221e+05
1.542303695910612005e+05
1.540389010973330587e+05
1.538676637062641967e+05
1.537337924266658083e+05
1.536569312050578592e+05
1.536587559731584624e+05
1.537629914726535499e+05
1.539951479348721623e+05
1.543807645511591691e+05
1.549409402324434195e+05
1.556844740175508487e+05
1.565969766431599564e+05
1.576286338640456670e+05
1.586835538603704481e+05
1.596144022698222834e+05
1.602259306180845597e+05
1.602897923128129332e+05
1.595707442164814565e+05
1.578613493204475380e+05
1.550193830930039112e+05
1.510002464833139966e+05
1.458766203857453947e+05
1.398396993621008296e+05
1.331802499169948860e+05
1.262524131551709579e+05
1.194272322697445779e+05
1.130451081731862068e+05
1.073761620217837190e+05
1.025950239699819940e+05
9.877278072252920538e+04
9.588491484910054714e+04
9.383111852030488080e+04
9.246144187343074009e+04
9.160334639375531697e+04
9.108544501946427044e+04
9.075541245482943486e+04
9.049119620314307394e+04
9.020591396140647703e+04
8.984757795726304175e+04
8.939509813940507593e+04
8.885201455266837729e+04
8.823922768093898776e+04
8.758773422997765010e+04
8.693209781804101658e+04
8.630512465187822818e+04
8.573399042592516344e+04
8.523788014251166896e+04
8.482705211840035918e+04
8.450311415465749451e+04
8.426020378109917510e+04
8.408670695515476109e+04
8.396714738472655881e+04
8.388394026704336284e+04
8.381881785382003000e+04
8.375386761705842218e+04
8.367223813870617596e+04
8.355863658199674683e+04
8.339976020603954385e+04
8.318478494035715994e+04
8.290599033986518043e+04
8.255953711309604114e+04
8.214632959019151167e+04
8.167279707029121346e+04
8.115133955994305143e+04
8.060014513981554774e+04
8.004213586407122784e+04
7.950294974228423962e+04
7.900809308508936374e+04
7.857964097241786658e+04
7.823304823956685141e+04
7.797469249200857303e+04
7.780067023148469161e+04
7.769712133362831082e+04
7.764202957208975567e+04
7.760813427708401287e+04
7.756638704503941699e+04
7.748935540772866807e+04
7.735410521748315659e+04
7.714431470008328324e+04
7.685158451582810085e+04
7.647602657669551263e+04
7.602621414326420927e+04
7.551849794419827231e+04
7.497561962635698728e+04
7.442456111196873826e+04
7.389368570537191408e+04
7.340942108736551018e+04
7.299292755074097659e+04
7.265730175380776927e+04
7.240583280560043931e+04
7.223165139027468103e+04
7.211884077431610785e+04
7.204478693830354314e+04
7.198331292778931675e+04
7.190802931976894615e+04
7.179536247246447601e+04
7.162687639275648689e+04
7.139072540137590840e+04
7.108228494773939019e+04
7.070413627835342777e+04
7.026559410023546661e+04
6.978188494368421379e+04
6.927297134316641313e+04
6.876194865785900038e+04
6.827296630175749306e+04
6.782874217478351784e+04
6.744789996397236246e+04
6.714249460046454624e+04
6.691614451715163887e+04
6.676313781527780520e+04
6.666873756937039434e+04
6.661071802048746031e+04
6.656196321031902335e+04
6.649379043965099845e+04
6.637954838515838492e+04
6.619799782611278351e+04
6.593601580117759295e+04
6.559026565893332008e+04
6.516762880413619132e+04
6.468437149811788549e+04
6.416418867309804773e+04
6.363539616976792604e+04
6.312761573780729668e+04
6.266831534041860868e+04
6.227955006252114981e+04
6.197522206421937153e+04
6.175915769071083923e+04
6.162427969352286891e+04
6.155310326690683723e+04
6.151966936992735282e+04
6.149282816670525062e+04
6.144051912015901326e+04
6.133442619286961417e+04
6.115420721242226864e+04
6.089048833341159479e+04
6.054601532093983406e+04
6.013473261799519969e+04
5.967902226316098677e+04
5.920574378777165839e+04
5.874194841196377092e+04
5.831112729507165204e+04
5.793060937890102650e+04
5.761034432465988357e+04
5.735292778385774000e+04
5.715447517525790317e+04
5.700589074808228906e+04
5.689419386655330163e+04
5.680377085482749681e+04
5.671761077445981209e+04
5.661867211687612871e+04
5.649148323483203421e+04
5.632393012535290472e+04
5.610900035069698788e+04
5.584611355043757067e+04
5.554164262783909362e+04
5.520834235783723852e+04
5.486363269068191585e+04
5.452696769830309495e+04
5.421676934328176867e+04
5.394753597837854613e+04
5.372770398713208124e+04
5.355865785757790582e+04
5.343501094697519875e+04
5.334600347024853545e+04
5.327766349664981681e+04
5.321529131161955593e+04
5.314585229172949767e+04
5.305996058864178485e+04
5.295325852774873056e+04
5.282710956638585776e+04
5.268861079593966133e+04
5.254999432641390740e+04
5.242752965123437752e+04
5.234006118507667998e+04
5.230731114765170059e+04
5.234804252587182418e+04
5.247811314504570328e+04
5.270837860335096047e+04
5.304235565326593496e+04
5.347358757106674602e+04
5.398280326219375274e+04
5.453524289094677079e+04
5.507888079716609354e+04
5.554457891551278590e+04
5.584926421607119846e+04
5.590287224841960415e+04
5.561898208098287432e+04
5.492792766507287160e+04
5.379004914683859533e+04
5.220608793197570776e+04
5.022189483203206328e+04
4.792571133417786768e+04
4.543804548011814040e+04
4.289605125443651923e+04
4.043570379007032898e+04
3.817548270237116230e+04
3.620462889324282878e+04
3.457760634603600192e+04
3.331470786764188233e+04
3.240734313458560064e+04
3.182580639155500467e+04
3.152732395046537567e+04
3.146275742707857717e+04
3.158117990216876569e+04
3.183234365805635389e+04
3.216761601705055000e+04
3.254020427595313595e+04
3.290546075471573567e+04
3.322184901501195418e+04
3.345286181682354072e+04
3.356988554390597710e+04
3.355574949582017143e+04
3.340850380713741470e+04
3.314484555238977191e+04
3.280255825093825842e+04
3.244133662716465187e+04
3.214142384274914366e+04
3.199958983352179712e+04
3.212214961822877740e+04
3.261501171664874710e+04
3.357121782700809126e+04
3.505709893071888655e+04
3.709893768253800954e+04
3.967266574152674002e+04
4.269931843102782295e+04
4.604842751804399450e+04
4.955015749983368733e+04
5.301499954226324189e+04
5.625776728752971394e+04
5.912119046463853738e+04
6.149416821654004161e+04
6.332093939651094843e+04
6.459975439424145588e+04
6.537236210911047237e+04
6.570786542141856626e+04
6.568554335304029519e+04
6.538083384005160042e+04
6.485708623283360794e+04
6.416357645986886928e+04
6.333838195741825621e+04
6.241360752767487429e+04
6.142034888484358089e+04
6.039151744152874016e+04
5.936182031417581311e+04
5.836532789385458454e+04
5.743181306030366250e+04
5.658326013531537319e+04
5.583167207752920513e+04
5.517874416110986931e+04
5.461735863512335345e+04
5.413438362115086784e+04
5.371403355732479395e+04
5.334106731981318444e+04
5.300328661289681622e+04
5.269304541664002318e+04
5.240770424608385656e+04
5.214912064157153509e+04
5.192236558227534260e+04
5.173392229991128261e+04
5.158967954763925809e+04
5.149307140709318628e+04
5.144371512090190663e+04
5.143683071416943858e+04
5.146358426299048733e+04
5.151230303103970073e+04
5.157031227687531646e+04
5.162599579704704956e+04
5.167062998529593460e+04
5.169960296258227754e+04
5.171279129565050971e+04
5.171408169807115337e+04
5.171023157193580846e+04
5.170940105324027536e+04
5.171972401361538505e+04
5.174821420601980935e+04
5.180015614987334993e+04
5.187895922515117854e+04
5.198631157792778686e+04
5.212240001868066611e+04
5.228598424193816754e+04
5.247422301461227471e+04
5.268231236540790269e+04
5.290315258781881130e+04
5.312734418311010813e+04
5.334377235415353061e+04
5.354087055930003407e+04
5.370840935198268562e+04
5.383943289701607864e+04
5.393185829297991586e+04
5.398931157849571900e+04
5.402097604895249242e+04
5.404048941238102270e+04
5.406414452645815618e+04
5.410875360179528070e+04
5.418951773443682760e+04
5.431814763485714502e+04
5.450137617560850049e+04
5.473994289407652832e+04
5.502812929922130570e+04
5.535395443062177947e+04
5.570015114234825887e+04
5.604598673959638108e+04
5.636984752047328948e+04
5.665229990056518727e+04
5.687913694371325255e+04
5.704380397321474447e+04
5.714864070331394760e+04
5.720459904009658203e+04
5.722944475960017735e+04
5.724481924533403071e+04
5.727279937407115358e+04
5.733266169927067676e+04
5.743842063596514345e+04
5.759744025855242944e+04
5.781013270125743293e+04
5.807055868293884851e+04
5.836768177464186738e+04
5.868706572778801637e+04
5.901286276972985070e+04
5.932994491583459603e+04
5.962595892774068489e+04
5.989298611837067438e+04
6.012844803554524697e+04
6.033498975866378896e+04
6.051930137704883236e+04
6.069013538848762983e+04
6.085602749383145419e+04
6.102332575332568376e+04
6.119503521281977009e+04
6.137072864384850982e+04
6.154745476935713668e+04
6.172130337720119860e+04
6.188914239390437433e+04
6.205005177815220668e+04
6.220611698373159743e+04
6.236245201703042403e+04
6.252653347353414574e+04
6.270709266801983904e+04
6.291291106577726168e+04
6.315189971685525961e+04
6.343083521345800546e+04
6.375608468867326155e+04
6.413556696814674797e+04
6.458202458270519855e+04
6.511737434414042946e+04
6.577745165570797690e+04
6.661593567329745565e+04
6.770580768676311709e+04
6.913659020760832937e+04
7.100606015668241889e+04
7.340621920968338964e+04
7.640490643483193708e+04
8.002616788988503686e+04
8.423378939708406688e+04
8.892268100650580891e+04
9.392172573934230604e+04
9.900933887022495037e+04
1.039398762053343235e+05
1.084760854218155582e+05
1.124209772724709183e+05
1.156424612888500997e+05
1.180859180097424833e+05
1.197729994311959745e+05
1.207883537931444589e+05
1.212585940101536544e+05
1.213289439283197280e+05
1.211424580960465391e+05
1.208249515782783856e+05
1.204765776980705996e+05
1.201691466604275629e+05
1.199472982900456118e+05
1.198316182736981718e+05
1.198224362293087324e+05
1.199038923663667374e+05
1.200484679012974229e+05
1.202223053647824418e+05
1.203913202164474787e+05
1.205275496953734691e+05
1.206147013549000258e+05
1.206516997190968832e+05
1.206532876429362950e+05
1.206473551117062016e+05
1.206694509070975910e+05
1.207556390152352687e+05
1.209352799331213901e+05
1.212253292220856383e+05
1.216273566463643801e+05
1.221278168363760487e+05
1.227013350991489278e+05
1.233161095648416958e+05
1.239401280423143035e+05
1.245468283373647282e+05
1.251190789910410531e+05
1.256508359548920271e+05
1.261464104193736421e+05
1.266178253261753416e+05
1.270811233095313655e+05
1.275526382419959555e+05
1.280461341833269835e+05
1.285713899756586761e+05
1.291343601037030021e+05
1.297385982078306843e+05
1.303873092018592579e+05
1.310852789337477298e+05
1.318400325257912627e+05
1.326618443951841327e+05
1.335625702262284176e+05
1.345535892027052178e+05
1.356433527159780206e+05
1.368350970762219513e+05
1.381252015117148694e+05
1.395024988007532957e+05
1.409486255877650401e+05
1.424392825045878708e+05
1.439461048963493959e+05
1.454387612536001543e+05
1.468869234428138006e+05
1.482618879023262707e+05
1.495378267647820176e+05
1.506928322357764700e+05
1.517099986638402916e+05
1.525787135513607354e+05
1.532961219295060146e+05
1.538684806760072242e+05
1.543119542949713941e+05
1.546524137375902792e+05
1.549239962234519771e+05
1.551664891179275292e+05
1.554218876683572307e+05
1.557306328397489560e+05
1.561280193546660594e+05
1.566411191132046224e+05
1.572863925409147050e+05
1.580680610489722167e+05
1.589773322729242500e+05
1.599926678694711882e+05
1.610813581388637540e+05
1.622026054496015713e+05
1.633120629678702971e+05
1.643673709710069816e+05
1.653338210582761094e+05
1.661890407472059887e+05
1.669256665281904279e+05
1.675513877261224261e+05
1.680863845889975491e+05
1.685588411886609974e+05
1.689996612607727002e+05
1.694376041413827625e+05
1.698957759206110204e+05
1.703898836024764169e+05
1.709280963726527989e+05
1.715119626251503942e+05
1.721377227376565279e+05
1.727975272189417738e+05
1.734803978627060715e+05
1.741730864886856289e+05
1.748611496320097940e+05
1.755305092373137304e+05
1.761695459507697960e+05
1.767714767431870278e+05
1.773365230691921024e+05
1.778732719708586228e+05
1.783987096135747270e+05
1.789366474338934931e+05
1.795146030073279690e+05
1.801595520461750857e+05
1.808932422866229899e+05
1.817278841492292995e+05
1.826629808410944825e+05
1.836838587066561158e+05
1.847621743111550168e+05
1.858583851601802453e+05
1.869259294783209916e+05
1.879166783933626430e+05
1.887870790935844125e+05
1.895042752314718091e+05
1.900513772040020558e+05
1.904310111496228492e+05
1.906663794178279641e+05
1.907993759926606144e+05
1.908858084409251751e+05
1.909883805668200366e+05
1.911686115893717797e+05
1.914791251910418214e+05
1.919576271297554194e+05
1.926234290875881270e+05
1.934767289750729396e+05
1.945002526704384363e+05
1.956624946525284031e+05
1.969217413387692068e+05
1.982302539159895387e+05
1.995382672344361199e+05
2.007976709050189529e+05
2.019653072884194553e+05
2.030057869778391323e+05
2.038936856287530391e+05
2.046150248607642134e+05
2.051680498766399978e+05
2.055634136958846939e+05
2.058238665457595780e+05
2.059834042004624789e+05
2.060856355316012050e+05
2.061810407469594502e+05
2.063229312735849235e+05
2.065622905916661257e+05
2.069421291642343858e+05
2.074923101198005606e+05
2.082258296684767993e+05
2.091372465791694995e+05
2.102034794030164194e+05
2.113867276651179709e+05
2.126389753756129357e+05
2.139074333854793222e+05
2.151402956435414962e+05
2.162922191995405010e+05
2.173289398997497046e+05
2.182304424851844669e+05
2.189922022412577935e+05
2.196242692326420802e+05
2.201483582904453506e+05
2.205935336451456242e+05
2.209913902076702798e+05
2.213717157276469807e+05
2.217594340534706425e+05
2.221732411694530165e+05
2.226258812754488608e+05
2.231256099074844096e+05
2.236781542460456258e+05
2.242884416646247846e+05
2.249615051769590937e+05
2.257022403463360970e+05
2.265140284587684728e+05
2.273965963428113027e+05
2.283437773646050482e+05
2.293419754283782968e+05
2.303700311907367141e+05
2.314008313520805968e+05
2.324044810148132965e+05
2.333523645953205705e+05
2.342211577776562190e+05
2.349959340212639945e+05
2.356718827956441673e+05
2.362546265606502420e+05
2.367594551859714556e+05
2.372098520816388482e+05
2.376355024142889015e+05
2.380697329194439808e+05
2.385462451401548460e+05
2.390951740412858198e+05
2.397388659769171209e+05
2.404881284157207410e+05
2.413398499736632803e+05
2.422767183030751185e+05
2.432693229502165923e+05
2.442803814881414874e+05
2.452703533231370675e+05
2.462034300596234971e+05
2.470528483916483528e+05
2.478046296491639223e+05
2.484591552054162021e+05
2.490303875130013039e+05
2.495429885730448586e+05
2.500279955488152045e+05
2.505179863475020975e+05
2.510427094779973850e+05
2.516259209371762699e+05
2.522837236457386462e+05
2.530242001845957711e+05
2.538477726191422553e+05
2.547476738984527183e+05
2.557101995404678455e+05
2.567148844160115113e+05
2.577351600009304530e+05
2.587401430958071433e+05
2.596978839507784869e+05
2.605797761680522235e+05
2.613651985451996443e+05
2.620451507621559722e+05
2.626238491941297543e+05
2.631179022804564447e+05
2.635534914646606194e+05
2.639625637763041887e+05
2.643791276068502339e+05
2.648363201961823506e+05
2.653642356925902423e+05
2.659879567234377610e+05
2.667251449089583475e+05
2.675829976644461276e+05
2.685551487256110995e+05
2.696197530174398562e+05
2.707401378558060387e+05
2.718688413946602959e+05
2.729547642026357935e+05
2.739519851384171052e+05
2.748280616127536050e+05
2.755696803835241590e+05
2.761843291388194193e+05
2.766978690042558592e+05
2.771490038818432949e+05
2.775822616273188614e+05
2.780410913337554666e+05
2.785621952461278415e+05
2.791715722296161111e+05
2.798822547839984181e+05
2.806935219598208205e+05
2.815914264846601873e+05
2.825506212190157967e+05
2.835375272617017617e+05
2.845147523785801022e+05
2.854463644913088647e+05
2.863032763728231657e+05
2.870677751227052067e+05
2.877362717811036273e+05
2.883196921601180802e+05
2.888414908630766440e+05
2.893338536381287267e+05
2.898330374925594660e+05
2.903748338162914733e+05
2.909908269813185325e+05
2.917056208222149871e+05
2.925347718046454829e+05
2.934830234039517818e+05
2.945426556558637531e+05
2.956922246927208034e+05
2.968964030763307819e+05
2.981077658433030010e+05
2.992710587731976411e+05
3.003298124463896384e+05
3.012343936141773593e+05
3.019500353542485973e+05
3.024632745588350226e+05
3.027855582921520690e+05
3.029533797986699501e+05
3.030249238796271966e+05
3.030736717480287771e+05
3.031797215925377677e+05
3.034198172534880578e+05
3.038573256520318100e+05
3.045336262815041700e+05
3.054624095601484296e+05
3.066280438332188642e+05
3.079884154072210658e+05
3.094816434779335978e+05
3.110351641297296155e+05
3.125752142907180241e+05
3.140349029670907184e+05
3.153597423607943347e+05
3.165104181761662476e+05
3.174633403458205285e+05
3.182098807552950457e+05
3.187551324844909832e+05
3.191166662178448751e+05
3.193233478701384156e+05
3.194140077699771500e+05
3.194356850944382022e+05
3.194412608857551822e+05
3.194864332727463334e+05
3.196260999215129414e+05
3.199102883010050864e+05
3.203798659157081274e+05
3.210624187961400603e+05
3.219688858045610832e+05
3.230916667890403187e+05
3.244048340016570874e+05
3.258666839898652397e+05
3.274242459277904127e+05
3.290187567506302148e+05
3.305908360200629686e+05
3.320843490167129203e+05
3.334486825021127006e+05
3.346400420788172050e+05
3.356229456638400443e+05
3.363729780141944066e+05
3.368810566175173735e+05
3.371582896079984494e+05
3.372395586910802522e+05
3.371837516970415018e+05
3.370692896308655618e+05
3.369849980833661975e+05
3.370178996344708139e+05
3.372405406060179812e+05
3.377006343447132385e+05
3.384151118073349353e+05
3.393694656044511357e+05
3.405220396498267073e+05
3.418120348733519204e+05
3.431696047312117298e+05
3.445263965190883609e+05
3.458250497457482852e+05
3.470263512432808639e+05
3.481129810417729313e+05
3.490891859771691961e+05
3.499763872190547409e+05
3.508056057839950081e+05
3.516084315795448492e+05
3.524087310653860332e+05
3.532171348906509811e+05
3.540295532210505917e+05
3.548297868411760428e+05
3.555951573434877209e+05
3.563033681402433431e+05
3.569387304198783822e+05
3.574963756828244077e+05
3.579838515894472948e+05
3.584202268806102220e+05
3.588332836432761396e+05
3.592555092169258860e+05
3.597195382215799764e+05
3.602536166463821428e+05
3.608776748713560519e+05
3.616006754075217177e+05
3.624198973844812717e+05
3.633225717095879954e+05
3.642897347114786389e+05
3.653014497975847917e+05
3.663419340836157789e+05
3.674029287009079708e+05
3.684840491548395948e+05
3.695897875249347417e+05
3.707240083076557494e+05
3.718837484341719537e+05
3.730545118360446650e+05
3.742088672610238427e+05
3.753091338998258580e+05
3.763136370999144274e+05
3.771848989619878121e+05
3.778975754788203631e+05
3.784441181929527083e+05
3.788369099224831443e+05
