6.820489865058916621e+05
6.802469835092269350e+05
6.784491296401756117e+05
6.766908474457076518e+05
6.749996328239049762e+05
6.733913417844686192e+05
6.718692974012120394e+05
6.704261544927696232e+05
6.690474352960560936e+05
6.677151444477608893e+05
6.664101294831217965e+05
6.651127303053855430e+05
6.638023062066211132e+05
6.624569158185315318e+05
6.610544136039210716e+05
6.595755204042830737e+05
6.580083609918165021e+05
6.563530385603639297e+05
6.546244630324594909e+05
6.528520315771085443e+05
6.510757149368192768e+05
6.493392371385556180e+05
6.476819127839439316e+05
6.461310415841140784e+05
6.446965210626175394e+05
6.433687081223812420e+05
6.421198072885093279e+05
6.409084049293176504e+05
6.396863002534050029e+05
6.384064987213563873e+05
6.370310920570569579e+05
6.355377382802886423e+05
6.339236019049992319e+05
6.322059560431876453e+05
6.304191896431988571e+05
6.286086464435887756e+05
6.268224188698775833e+05
6.251027493396323407e+05
6.234788677190791350e+05
6.219627997074798914e+05
6.205489425056877080e+05
6.192172208834592020e+05
6.179387291787473951e+05
6.166822427331409417e+05
6.154199990120435832e+05
6.141316284348849440e+05
6.128058049275099766e+05
6.114398024483390618e+05
6.100375166427169461e+05
6.086066381787325954e+05
6.071556495950578246e+05
6.056912540257651126e+05
6.042167410369045101e+05
6.027315978835528949e+05
6.012323558852453716e+05
5.997142937460888643e+05
5.981733622526265681e+05
5.966076940705826273e+05
5.950183357517580735e+05
5.934092383031245554e+05
5.917868352693972411e+05
5.901595584932040656e+05
5.885374113776857266e+05
5.869314350732066669e+05
5.853528044882329414e+05
5.838114860643291613e+05
5.823147626272956841e+05
5.808662090068740072e+05
5.794656392541178502e+05
5.781101059047710150e+05
5.767954397215357749e+05
5.755174387756475480e+05
5.742719229389647953e+05
5.730534617412306834e+05
5.718533599652651465e+05
5.706580128858706448e+05
5.694487091922934633e+05
5.682033614829044091e+05
5.668997952796937898e+05
5.655195764929278521e+05
5.640512274660682306e+05
5.624920878454573685e+05
5.608487291156605352e+05
5.591363253864785656e+05
5.573774520649487386e+05
5.556004654448494548e+05
5.538372178123362828e+05
5.521197537134431768e+05
5.504759901005604770e+05
5.489250552526336396e+05
5.474735467278833967e+05
5.461140586921592476e+05
5.448267682428918779e+05
5.435838660005794372e+05
5.423556287860482698e+05
5.411164168882488739e+05
5.398490382935365196e+05
5.385466186378328130e+05
5.372119761723430129e+05
5.358551431613191962e+05
5.344899042238362599e+05
5.331300958406854188e+05
5.317861542556118220e+05
5.304622390310856281e+05
5.291542874541510828e+05
5.278494824063826818e+05
5.265276421198366443e+05
5.251647823040287476e+05
5.237385220961873420e+05
5.222342678039462189e+05
5.206505263938170974e+05
5.190015997212720104e+05
5.173164572138421936e+05
5.156336711077711079e+05
5.139935525703034364e+05
5.124295630874960334e+05
5.109613163912336458e+05
5.095909454769151052e+05
5.083035298126755515e+05
5.070711049325497588e+05
5.058589370015033055e+05
5.046324559362974251e+05
5.033634487404662650e+05
5.020345811126379995e+05
5.006417807368989452e+05
4.991943399898462230e+05
4.977127996725639678e+05
4.962248752888548188e+05
4.947599793220093125e+05
4.933432599979080842e+05
4.919903754747655476e+05
4.907042540745792794e+05
4.894747226040677633e+05
4.882811481508441502e+05
4.870973546489890432e+05
4.858973752836211934e+05
4.846603789516981342e+05
4.833734733195294393e+05
4.820319002753176028e+05
4.806370722205495695e+05
4.791935804072508472e+05
4.777064975241684588e+05
4.761799777905021328e+05
4.746175170220436412e+05
4.730235576163490186e+05
4.714056576580416877e+05
4.697763112066163449e+05
4.681536878039747244e+05
4.665609346386962570e+05
4.650241031126799644e+05
4.635690923641474219e+05
4.622181677222476574e+05
4.609866002202426898e+05
4.598798378714405117e+05
4.588914603883931413e+05
4.580020886818046565e+05
4.571794643671445083e+05
4.563800284930574708e+05
4.555523689325439627e+05
4.546427143903396209e+05
4.536021667919467436e+05
4.523946909114776645e+05
4.510042827509370400e+05
4.494395165174684953e+05
4.477340051101403660e+05
4.459421581074115238e+05
4.441307299255104153e+05
4.423676731318397797e+05
4.407104623553577112e+05
4.391962023473100271e+05
4.378355009737806395e+05
4.366113792174413684e+05
4.354835312250533025e+05
4.343971754149944754e+05
4.332947333434254397e+05
4.321278725063162274e+05
4.308672871370852226e+05
4.295080864181438810e+05
4.280697180087717134e+05
4.265906682362794527e+05
4.251193464127167827e+05
4.237032609366464894e+05
4.223787224947094219e+05
4.211629720076221274e+05
4.200500350242073182e+05
4.190109169518527342e+05
4.179980371427088976e+05
4.169530603065339383e+05
4.158165770322820754e+05
4.145375811243270873e+05
4.130806248876161408e+05
4.114290623229668126e+05
4.095838548524580547e+05
4.075587029383784393e+05
4.053733258834882290e+05
4.030471465259332908e+05
4.005952945121975499e+05
3.980278765572281554e+05
3.953522600695195724e+05
3.925771204702294781e+05
3.897165342791819712e+05
3.867925552639172529e+05
3.838353577755066217e+05
3.808808928367446642e+05
3.779667743017062312e+05
3.751275670128790080e+05
3.723906952754212543e+05
3.697738795882430859e+05
3.672844972742314567e+05
3.649207406386337825e+05
3.626740740302691120e+05
3.605323444225881831e+05
3.584829560411429266e+05
3.565156825388055295e+05
3.546248464939250844e+05
3.528106722976798774e+05
3.510796171939835767e+05
3.494434786788173369e+05
3.479171619603016297e+05
3.465152280437283916e+05
3.452477038781256997e+05
3.441160005824521650e+05
3.431099860092617455e+05
3.422071570137689705e+05
3.413744236877816147e+05
3.405723568230567034e+05
3.397610669379634783e+05
3.389064037671627593e+05
3.379850449987422908e+05
3.369873151387424441e+05
3.359171509509661701e+05
3.347893419269580045e+05
3.336248333109489176e+05
3.324453193788084318e+05
3.312684650245507946e+05
3.301048429264110746e+05
3.289571279569965554e+05
3.278214114375165082e+05
3.266899018165348680e+05
3.255539616415426135e+05
3.244064887094890000e+05
3.232430344451760757e+05
3.220615974048296921e+05
3.208615241616866551e+05
3.196422286659119418e+05
3.184024375848774216e+05
3.171404149379988085e+05
3.158552107052702340e+05
3.145485385373369791e+05
3.132265467295050621e+05
3.119006253971945262e+05
3.105865759346313425e+05
3.093019571416024119e+05
3.080620922219319036e+05
3.068758330272776657e+05
3.057424597798428149e+05
3.046508700189025840e+05
3.035815092697882210e+05
3.025105688271784456e+05
3.014151934579793015e+05
3.002781212824978284e+05
2.990904347207311075e+05
2.978518030989694525e+05
2.965684440312156221e+05
2.952497039950691396e+05
2.939044579524255241e+05
2.925384249762672116e+05
2.911531015509559656e+05
2.897464937759950990e+05
2.883153352787286276e+05
2.868581098767335061e+05
2.853780085447562742e+05
2.838849562659747899e+05
2.823960375321675092e+05
2.809339953011430916e+05
2.795239150487424922e+05
2.781886474572694278e+05
2.769438724114223151e+05
2.757938704335752991e+05
2.747289797598668374e+05
2.737253659721604199e+05
2.727471818811504636e+05
2.717505953213416506e+05
2.706887084957197658e+05
2.695162609800834907e+05
2.681932714702293160e+05
2.666873434015913517e+05
2.649750031496815500e+05
2.630428667256943882e+05
2.608894271394388343e+05
2.585277908196048811e+05
2.559889533288232633e+05
2.533245195333162555e+05
2.506074661022165674e+05
2.479297890539258951e+05
2.453966197978110868e+05
2.431173668446378724e+05
2.411952910947173368e+05
2.397173492199127795e+05
2.387460119446021272e+05
2.383141616321596666e+05
2.384233400473698857e+05
2.390448563917411957e+05
2.401228253244411317e+05
2.415781891214135103e+05
2.433131192255474452e+05
2.452156849759331963e+05
2.471650660310173407e+05
2.490376717777171580e+05
2.507142604660267534e+05
2.520876372747436981e+05
2.530699907744926459e+05
2.535986561004621326e+05
2.536392276017881813e+05
2.531854697839371802e+05
2.522562122503105493e+05
2.508900942110508040e+05
2.491394083891315968e+05
2.470642717837677046e+05
2.447279746649611625e+05
2.421938090401485388e+05
2.395231727528456831e+05
2.367744507777993858e+05
2.340021459116559417e+05
2.312559095886928553e+05
2.285793858998523792e+05
2.260090009232566226e+05
2.235729264625975338e+05
2.212904130221594241e+05
2.191715710575016274e+05
2.172175592429758981e+05
2.154210796468520712e+05
2.137671058419537731e+05
2.122338496792329825e+05
2.107940337310681352e+05
2.094165069882494863e+05
2.080680987476007431e+05
2.067154081678840157e+05
2.053260995810955064e+05
2.038693431425153976e+05
2.023153499768691836e+05
2.006344054709684278e+05
1.987961905430709885e+05
1.967702666751671932e+05
1.945282674361997051e+05
1.920476702649891959e+05
1.893162885408737638e+05
1.863361635196245334e+05
1.831255840676218504e+05
1.797185254071802774e+05
1.761616403523912013e+05
1.725096913559789828e+05
1.688206603387407959e+05
1.651515964147959603e+05
1.615556883284178621e+05
1.580803821837172436e+05
1.547659304240750789e+05
1.516437474918826483e+05
1.487343412114643143e+05
1.460451769774293934e+05
1.435693197744237259e+05
1.412858399008574779e+05
1.391626636347999738e+05
1.371618835729577986e+05
1.352467422452652536e+05
1.333888504332979501e+05
1.315739372208204586e+05
1.298046651629818953e+05
1.280997307028470386e+05
1.264894090438250423e+05
1.250086119856436126e+05
1.236891326240421331e+05
1.225528769868485688e+05
1.216075111191950564e+05
1.208452243264754215e+05
1.202444727306355344e+05
1.197738842783543078e+05
1.193971608728315914e+05
1.190778526130776736e+05
1.187832115991040046e+05
1.184867803260727669e+05
1.181697497400260327e+05
1.178213221638652758e+05
1.174383278129900427e+05
1.170242527261258074e+05
1.165877547202899295e+05
1.161407518230538699e+05
1.156962675783127779e+05
1.152663401773631922e+05
1.148603509453982988e+05
1.144840394777673791e+05
1.141392605509855348e+05
1.138242897251973918e+05
1.135343196368067584e+05
1.132617949966985325e+05
1.129964184455148934e+05
1.127249399211475393e+05
1.124310847200179123e+05
1.120960558876598516e+05
1.116999098021210229e+05
1.112237908974959864e+05
1.106526441764743504e+05
1.099777544917254854e+05
1.091984086453203054e+05
1.083221766125054419e+05
1.073636988023565209e+05
1.063423080069284915e+05
1.052791455807852035e+05
1.041945302094415092e+05
1.031061721719863417e+05
1.020284663076093129e+05
1.009726872274737107e+05
9.994761096405606077e+04
9.896001009043384693e+04
9.801463404890894890e+04
9.711361520810637739e+04
9.625559290481783682e+04
9.543507583374784735e+04
9.464257265429776453e+04
9.386580247372233134e+04
9.309192798298140406e+04
9.231036667347476759e+04
9.151546827014182054e+04
9.070829563160415273e+04
8.989693462688419095e+04
8.909513044898374937e+04
8.831949201351769443e+04
8.758589401731359249e+04
8.690593244454266096e+04
8.628429842947160068e+04
8.571772976495976036e+04
8.519583054316703056e+04
8.470360204188349599e+04
8.422510290052805794e+04
8.374735488335405535e+04
8.326351505029437249e+04
8.277448925204979605e+04
8.228854908794384392e+04
8.181905016379019071e+04
8.138089374188410875e+04
8.098676794364693342e+04
8.064432186221606389e+04
8.035521878674803884e+04
8.011653821506255190e+04
7.992439401669186191e+04
7.977908995625424723e+04
7.969079438630778168e+04
7.968464153528214956e+04
7.980430017763530486e+04
8.011324971834711323e+04
8.069312124637508532e+04
8.163843955448394991e+04
8.304704110918867809e+04
8.500559224430710310e+04
8.757029023212313768e+04
9.074417049193465209e+04
9.445433226075183484e+04
9.853430113359968527e+04
1.027178277825481637e+05
1.066498141283255682e+05
1.099172896283248992e+05
1.120987147610697284e+05
1.128245120219336532e+05
1.118373481898092432e+05
1.090390178622856765e+05
1.045127634668844694e+05
9.851523072744626552e+04
9.143948186044645263e+04
8.375734225687340950e+04
7.595374285679761670e+04
6.846645754847697390e+04
6.164183646714505448e+04
5.571205105073764571e+04
5.079379492869452952e+04
4.690396422930782137e+04
4.398551883443721454e+04
4.193659259659668896e+04
4.063739475545338064e+04
3.997165575930192426e+04
3.984153132641981938e+04
4.017650703386178793e+04
4.093779189075250906e+04
4.212001872311347688e+04
4.375190417146034451e+04
4.589693479515973740e+04
4.865416012699020212e+04
5.215785459346014250e+04
5.657339940243559249e+04
6.208572386491460929e+04
6.887670530103126657e+04
7.708966630542659550e+04
8.678271022091292252e+04
9.787752983212775143e+04
1.101150983304235124e+05
1.230323531650719815e+05
1.359728081002878316e+05
1.481381767587042414e+05
1.586784108247779659e+05
1.668065968162951467e+05
1.719164575819930760e+05
1.736770186863226118e+05
1.720829402151200920e+05
1.674492683149705408e+05
1.603528606556850427e+05
1.515352789794628043e+05
1.417897573546324275e+05
1.318559882751665427e+05
1.223413309987723624e+05
1.136780110238321067e+05
1.061161782885464345e+05
9.974515791290746711e+04
9.453141595842309471e+04
9.036172189833805896e+04
8.708262987810822960e+04
8.453117321251251269e+04
8.255520629469306732e+04
8.102433137803935097e+04
7.983362189481552923e+04
7.890263359966289136e+04
7.817187923858908471e+04
7.759838883609516779e+04
7.715140962596661120e+04
7.680881642400422425e+04
7.655443411721184384e+04
7.637622387473929848e+04
7.626514941142212774e+04
7.621450065251962224e+04
7.621947446887966362e+04
7.627685681716722320e+04
7.638469409544246446e+04
7.654188432526419638e+04
7.674767411183803051e+04
7.700111863220523810e+04
7.730062882655573776e+04
7.764375635669364419e+04
7.802732566322098137e+04
7.844791815603597206e+04
7.890258474710208247e+04
7.938956208619460813e+04
7.990873375112244685e+04
8.046161893786236760e+04
8.105077019112234120e+04
8.167859121546926326e+04
8.234572383448394248e+04
8.304928474302089307e+04
8.378134033232573711e+04
8.452806230830277491e+04
8.526996976653409365e+04
8.598350476068683201e+04
8.664390969941549702e+04
8.722902448976517189e+04
8.772329069193596661e+04
8.812104911621574138e+04
8.842823758908841410e+04
8.866187321089657780e+04
8.884719751944008749e+04
8.901295754868164659e+04
8.918582687809453637e+04
8.938527343827765435e+04
8.962014276719774352e+04
8.988783011377741059e+04
9.017625746275031997e+04
9.046813782621962309e+04
9.074641924316876975e+04
9.099953592989896424e+04
9.122523043020212208e+04
9.143218968898804451e+04
9.163938520934125700e+04
9.187359808171894110e+04
9.216595597613505379e+04
9.254833351078347187e+04
9.305022812218632316e+04
9.369638032699040195e+04
9.450513986629825376e+04
9.548749794302979717e+04
9.664679826580174267e+04
9.797928340175586345e+04
9.947566937320282159e+04
1.011237730528216343e+05
1.029118738030502864e+05
1.048321254077005287e+05
1.068831430670545669e+05
1.090710034981900826e+05
1.114083001821098733e+05
1.139114336804785416e+05
1.165967714604146604e+05
1.194765216771006235e+05
1.225551066097080766e+05
1.258266027018020977e+05
1.292735922493818507e+05
1.328676408345630625e+05
1.365715431307519902e+05
1.403433402901260124e+05
1.441417886579376063e+05
1.479324629677830380e+05
1.516931880292575806e+05
1.554172896751707594e+05
1.591134587932658033e+05
1.628018428810515325e+05
1.665070694561123382e+05
1.702498498029787152e+05
1.740392227525268099e+05
1.778672093335371464e+05
1.817067968607462535e+05
1.855131259019569843e+05
1.892269377364864631e+05
1.927790324076725519e+05
1.960947160544676008e+05
1.990977789935044711e+05
2.017141341520495771e+05
2.038755926764733449e+05
2.055242396961791092e+05
2.066175459828605235e+05
2.071338758228006482e+05
2.070776259618352051e+05
2.064830079258024925e+05
2.054155291453949467e+05
2.039705062773743994e+05
2.022683635749820678e+05
2.004469227964385645e+05
1.986513009333176014e+05
1.970223669516747177e+05
1.956849687652379798e+05
1.947373198173426208e+05
1.942429846387446742e+05
1.942267406593860651e+05
1.946751427093570819e+05
1.955418751860069460e+05
1.967570664359963557e+05
1.982388968338376144e+05
1.999053308805288398e+05
2.016838419134480355e+05
2.035175976958695392e+05
2.053675541045798163e+05
2.072109386361014040e+05
2.090373596954606473e+05
2.108440410887991602e+05
2.126314490206121409e+05
2.144000379610063683e+05
2.161482702326590661e+05
2.178716966976639815e+05
2.195628106010764604e+05
2.212115233505151118e+05
2.228062771848721604e+05
2.243358341807243996e+05
2.257916035729837313e+05
2.271700725893268827e+05
2.284746657701303775e+05
2.297163417215007939e+05
2.309125081045437837e+05
2.320843169134914351e+05
2.332529098611961526e+05
2.344355206330900255e+05
2.356423868075607461e+05
2.368751828592901293e+05
2.381272666481246997e+05
2.393855881968196773e+05
2.406337681891622196e+05
2.418556747321336879e+05
2.430388057006628369e+05
2.441768807973456278e+05
2.452712213149926974e+05
2.463307202335639158e+05
2.473704635982100444e+05
2.484093313546972931e+05
2.494671375356526114e+05
2.505620052915633423e+05
2.517086542509523279e+05
2.529180778528987430e+05
2.541987281805694220e+05
2.555588816810892022e+05
2.570094476948091760e+05
2.585662301561102213e+05
2.602506614177716547e+05
2.620883343205272686e+05
2.641052187400977709e+05
2.663221310560088605e+05
2.687486386416223249e+05
2.713779271836740081e+05
2.741840943704041420e+05
2.771228341575720115e+05
2.801356596787105082e+05
2.831569151375606307e+05
2.861221222534885746e+05
2.889759078242373653e+05
2.916779369227765710e+05
2.942058405997996451e+05
2.965548742922206293e+05
2.987347479977393523e+05
3.007645689934908878e+05
3.026670712710544467e+05
3.044632969745140872e+05
3.061687055532900267e+05
3.077913724984176224e+05
3.093325390344001935e+05
3.107893204679274349e+05
3.121589267655622680e+05
3.134433764689701493e+05
3.146534922268908704e+05
3.158110338388917153e+05
3.169481784550239681e+05
3.181041427935628453e+05
3.193194259855609271e+05
3.206287572889560251e+05
3.220541977176078944e+05
3.235998767483349075e+05
3.252495522205370944e+05
3.269676554388045333e+05
3.287038530371755478e+05
3.304005371232089237e+05
3.320021238381638541e+05
3.334646526205546688e+05
3.347639930872728000e+05
3.359010546781275189e+05
3.369028101898854948e+05
3.378186731749047176e+05
3.387126902764016413e+05
3.396529091421815101e+05
3.406999194634371670e+05
3.418967590176369995e+05
3.432620761983273551e+05
3.447877344000754529e+05
3.464411217469561379e+05
3.481715145941205556e+05
3.499191264516207157e+05
3.516250776380070020e+05
3.532404878930570558e+05
3.547331959112129989e+05
3.560911615508384421e+05
3.573222848010638263e+05
3.584510403169515193e+05
3.595128494856014731e+05
3.605474079381712363e+05
3.615922310543273343e+05
3.626775069689434022e+05
3.638230207613545354e+05
3.650374978852253407e+05
3.663202544721185113e+05
3.676645771844149567e+05
3.690618519524779404e+05
3.705052272628872306e+05
3.719916569263390265e+05
3.735215898658783990e+05
3.750963062171355123e+05
3.767137377387786401e+05
3.783642615052538458e+05
3.800281497975780512e+05
3.816759754270611447e+05
3.832724032245800481e+05
3.847827239752812893e+05
3.861805662349968334e+05
3.874547603215210838e+05
3.886134729667762876e+05
3.896844234032665263e+05
3.907110027808933519e+05
3.917451348760804394e+05
3.928384489239776740e+05
3.940336157883851556e+05
3.953575174367139698e+05
3.968174032575144665e+05
3.984005230095761945e+05
4.000770816170804319e+05
4.018058327828343026e+05
4.035412499902344425e+05
4.052409963062974857e+05
4.068723843732191017e+05
4.084167138373770285e+05
4.098708062368489336e+05
4.112456633365912130e+05
4.125628041852291208e+05
4.138492975261505344e+05
4.151326510584682110e+05
4.164365188066288829e+05
4.177777568106513936e+05
4.191649012726956280e+05
4.205978558024232043e+05
4.220685359332159860e+05
4.235623569055219996e+05
4.250605870477629360e+05
4.265435534850201802e+05
4.279944281868466642e+05
4.294029514964603586e+05
4.307681847456225660e+05
4.320994231051479001e+05
4.334148059898842475e+05
4.347378123419153271e+05
4.360924695043388638e+05
4.374984788240122725e+05
4.389674288011182798e+05
4.405008666863899562e+05
4.420904194514618139e+05
4.437196311804580619e+05
4.453668871120138210e+05
4.470087613378646784e+05
4.486232652950250194e+05
4.501926450971466838e+05
4.517054769463439006e+05
4.531578397369281156e+05
4.545533845756701194e+05
4.559022622355576605e+05
4.572191250186918769e+05
4.585206937780141016e+05
4.598235173930659657e+05
4.611424350013281801e+05
4.624898962044869550e+05
4.638758635277979774e+05
4.653077453845153213e+05
4.667898550811134046e+05
4.683222618326944648e+05
4.698994097341026645e+05
4.715092536858516978e+05
4.731336760747830849e+05
4.747505609668536927e+05
4.763372759028616711e+05
4.778747313114671269e+05
4.793509190825550468e+05
4.807629900932087330e+05
4.821174345686971210e+05
4.834285546314296662e+05
4.847159100250486517e+05
4.860015997839721385e+05
4.873080760265646968e+05
4.886567654390344396e+05
4.900672793719256297e+05
4.915566278680809774e+05
4.931377802075162181e+05
4.948172023206950398e+05
4.965915799475738313e+05
4.984445966638462851e+05
5.003450893402436050e+05
5.022478983778507682e+05
5.040981763839986525e+05
5.058389548139268882e+05
5.074207186605597963e+05
5.088109822194490116e+05
5.100016646642693668e+05
5.110124930459886091e+05
5.118895613745464361e+05
5.126992681538737961e+05
5.135188436387108522e+05
5.144253318370766356e+05
5.154850881522224518e+05
5.167455833269678405e+05
5.182306646276434185e+05
5.199395947802876472e+05
5.218493877387666726e+05
5.239193903381071868e+05
5.260968480156811420e+05
5.283223603841748554e+05
5.305345893808091059e+05
5.326741575539242476e+05
5.346871531988198403e+05
5.365288393325355137e+05
5.381679220950533636e+05
5.395911058015982853e+05
5.408068818672277266e+05
5.418469571595031302e+05
5.427638122349685291e+05
5.436237631000499241e+05
5.444963801748204278e+05
5.454426366276919143e+05
5.465050196260681842e+05
5.477025426661360543e+05
5.490321170265326509e+05
5.504755833960573655e+05
5.520097194303103024e+05
5.536155466005851049e+05
5.552836859364261618e+05
5.570141902067887131e+05
5.588115137206485961e+05
5.606771427081687143e+05
5.626031432987044100e+05
5.645692382892364403e+05
5.665443580587570323e+05
5.684917230936202686e+05
5.703752588150496595e+05
5.721650172687520972e+05
5.738402033979755361e+05
5.753897882805896224e+05
5.768117782979917247e+05
5.781124750433461741e+05
5.793064771314315731e+05
5.804171793775423430e+05
5.814767422312113922e+05
5.825243915354339406e+05
5.836025217190996045e+05
5.847510754016223364e+05
5.860015386911154492e+05
5.873722063457226614e+05
5.888660163164288970e+05
5.904714314407216152e+05
5.921659393783095293e+05
5.939211049615946831e+05
5.957079107406057883e+05
5.975013079497778090e+05
5.992832794404280139e+05
6.010440966040131170e+05
6.027817469677419867e+05
6.044997477516790386e+05
6.062038143283496611e+05
6.078981329964137403e+05
6.095821992747067707e+05
6.112491688213131856e+05
6.128863225303823128e+05
6.144776202150699683e+05
6.160076295122849988e+05
6.174656631424746010e+05
6.188489472144190222e+05
6.201640724661857821e+05
6.214266243927446194e+05
6.226594230796220945e+05
6.238899917919447180e+05
6.251477023129098816e+05
6.264607291833170457e+05
6.278527836606546771e+05
6.293397698836164782e+05
6.309269276934411610e+05
6.326073795529272174e+05
6.343629216674208874e+05
6.361672468047902221e+05
6.379907874726599548e+05
6.398055570821984438e+05
6.415882905587670393e+05
6.433210432651346782e+05
6.449898457513622707e+05
6.465832470737061230e+05
6.480928123800505418e+05
6.495165544932277407e+05
6.508643109706445830e+05
6.521622639169667382e+05
6.534532417600894114e+05
6.547906768474157434e+05
6.562267274290930945e+05
6.577979185910724336e+05
6.595133099824042292e+05
6.613497623173483880e+05
6.632564356341648381e+05
6.651672514215458650e+05
6.670171742011385504e+05
6.687570268740769243e+05
6.703625248953989940e+05
6.718357135584965581e+05
6.731998196928239195e+05
6.744904782940018922e+05
6.757467152822562493e+05
6.770040995958887506e+05
6.782908745272002416e+05
6.796265435454251710e+05
6.810218897918603616e+05
6.824797365518612787e+05
6.839964067959568929e+05
6.855641881748788292e+05
6.871748134847908514e+05
6.888231803542892449e+05
6.905098124692533165e+05
6.922405164119920228e+05
6.940225823462605476e+05
6.958584333253900986e+05
6.977391185414387146e+05
6.996406608581653563e+05
7.015255571548911976e+05
7.033498696757880971e+05
7.050740951540585374e+05
7.066743382351128384e+05
7.081499793498598738e+05
7.095251519792336039e+05
7.108434309361467604e+05
7.121573164964830503e+05
7.135155693950352725e+05
7.149517996485321783e+05
7.164770313357523410e+05
7.180776981127104955e+05
7.197191784360943129e+05
7.213538938290250953e+05
7.229322663402594626e+05
7.244144112812008243e+05
7.257802788362065330e+05
7.270360969977752538e+05
7.282155158916244982e+05
7.293748599031678168e+05
7.305832312542001018e+05
7.319095427951281890e+05
7.334094469140011352e+05
7.351152069010647247e+05
7.370307205388261937e+05
7.391323898018586915e+05
7.413748526590367546e+05
7.436993573482321808e+05
7.460422088696655119e+05
7.483413368417385500e+05
7.505403003222516272e+05
7.525903595097276848e+05
7.544519987687523244e+05
7.560971507023293525e+05
7.575124613735773601e+05
7.587027626362397568e+05
7.596931338780811056e+05
7.605280053331129020e+05
7.612667005158842076e+05
7.619761926733648870e+05
7.627229721908024512e+05
