6.778558572492237436e+05
6.757989721843930893e+05
6.740065334727932932e+05
6.724725235031554475e+05
6.711716155947082443e+05
6.700675332602194976e+05
6.691204485776786460e+05
6.682916783604259836e+05
6.675451961138651241e+05
6.668466056946465978e+05
6.661608502877844730e+05
6.654499968671153765e+05
6.646721286824730923e+05
6.637819556537871249e+05
6.627333784999472555e+05
6.614839241167533910e+05
6.600006212146106409e+05
6.582664531334242783e+05
6.562860818242775276e+05
6.540892793423878029e+05
6.517306516458468977e+05
6.492849031758940546e+05
6.468379705482452409e+05
6.444755407341022510e+05
6.422713459578151815e+05
6.402778346766702598e+05
6.385212161977216601e+05
6.370016316070427420e+05
6.356977451399494894e+05
6.345739055112724891e+05
6.335875975633475464e+05
6.326952887159337988e+05
6.318557299018088961e+05
6.310308448957538931e+05
6.301851023751444882e+05
6.292844988112671999e+05
6.282960567560844356e+05
6.271883147349688224e+05
6.259329041192565346e+05
6.245070833403570578e+05
6.228969756656729151e+05
6.211011137088462710e+05
6.191336770382215036e+05
6.170265912667701486e+05
6.148295926700101700e+05
6.126075763168928679e+05
6.104350378887564875e+05
6.083880538617173443e+05
6.065348231856937055e+05
6.049261572037129663e+05
6.035873961148003582e+05
6.025130846850059461e+05
6.016654249640310882e+05
6.009770839041656582e+05
6.003583785838134354e+05
5.997082022116485750e+05
5.989273531407644041e+05
5.979323234975256491e+05
5.966672755896588787e+05
5.951120416639707983e+05
5.932845873838184634e+05
5.912374017950493144e+05
5.890484999522939324e+05
5.868088473299110774e+05
5.846087349524241872e+05
5.825257397463890957e+05
5.806163524880798068e+05
5.789123017852696357e+05
5.774213674109556014e+05
5.761314427528930828e+05
5.750160791768471245e+05
5.740398337832750985e+05
5.731623227554095211e+05
5.723406675621254835e+05
5.715306992080342025e+05
5.706876568846267182e+05
5.697671520942394855e+05
5.687269663974250434e+05
5.675299392461773241e+05
5.661478607775826240e+05
5.645659326290145982e+05
5.627870125517286360e+05
5.608345853213703958e+05
5.587533317185435444e+05
5.566064215154969133e+05
5.544692601737595396e+05
5.524202494434722466e+05
5.505299403448515804e+05
5.488505052392963553e+05
5.474075615283995867e+05
5.461960113610053668e+05
5.451808168781773420e+05
5.443026818730608793e+05
5.434876534556564875e+05
5.426588785915473709e+05
5.417483141010854160e+05
5.407062117561665364e+05
5.395067111484137131e+05
5.381487733293053461e+05
5.366527511978948023e+05
5.350538236757222330e+05
5.333940620659602573e+05
5.317149269232000224e+05
5.300515674861288862e+05
5.284296072411430068e+05
5.268643891371318605e+05
5.253621158840053249e+05
5.239220496875499375e+05
5.225389299916722812e+05
5.212049627085710526e+05
5.199110390721693402e+05
5.186471633552134153e+05
5.174023253759157378e+05
5.161641919243262382e+05
5.149189973065034719e+05
5.136519160353977932e+05
5.123480542307430296e+05
5.109940490500964224e+05
5.095801371948570013e+05
5.081024363465101342e+05
5.065650664894191432e+05
5.049816354266180424e+05
5.033755700038669165e+05
5.017788474781083642e+05
5.002289012819166528e+05
4.987638245341353468e+05
4.974164071926057804e+05
4.962079243174876319e+05
4.951428433127060998e+05
4.942056485221338226e+05
4.933607325973311672e+05
4.925557725996095687e+05
4.917282795210847398e+05
4.908142633418623009e+05
4.897574252734105685e+05
4.885171673624056857e+05
4.870740493712273310e+05
4.854319928353672149e+05
4.836172723877956159e+05
4.816748847940422129e+05
4.796631151756949839e+05
4.776470732013233937e+05
4.756918135085629183e+05
4.738555456066335319e+05
4.721834387860351708e+05
4.707025804667804623e+05
4.694186452190329437e+05
4.683147078057408216e+05
4.673523998945224448e+05
4.664753360455148504e+05
4.656144859558133758e+05
4.646949688282308052e+05
4.636435818313541240e+05
4.623962494357827818e+05
4.609045361108483630e+05
4.591404635301955859e+05
4.570991383385652443e+05
4.547990653725190205e+05
4.522803587333709584e+05
4.496012367022708640e+05
4.468331570330789546e+05
4.440548102087863372e+05
4.413451177825625055e+05
4.387755308322637575e+05
4.364023037784456392e+05
4.342598755220729508e+05
4.323567627048788127e+05
4.306752247863322846e+05
4.291753163931459421e+05
4.278029288773716544e+05
4.265003440695086028e+05
4.252170440786452382e+05
4.239183303588490235e+05
4.225898072819762747e+05
4.212368597262255498e+05
4.198795930450886954e+05
4.185449091101281811e+05
4.172580976675353595e+05
4.160363054229774862e+05
4.148855003287293948e+05
4.138013028293300886e+05
4.127727185136604239e+05
4.117868499448233051e+05
4.108324592091825907e+05
4.099009038826393080e+05
4.089842402003208408e+05
4.080716558899357915e+05
4.071462593075924669e+05
4.061842033302296768e+05
4.051571576006208779e+05
4.040376851651466568e+05
4.028057904155902797e+05
4.014543630661412608e+05
3.999916597514766618e+05
3.984400892048469395e+05
3.968318246914268821e+05
3.952025647676553926e+05
3.935847934491701890e+05
3.920012854016052443e+05
3.904588544184330385e+05
3.889420397916737711e+05
3.874069098521897686e+05
3.857763061435993877e+05
3.839390488438882167e+05
3.817560456747121643e+05
3.790752650111045805e+05
3.757551166246880894e+05
3.716926415426004096e+05
3.668502805587155162e+05
3.612740981657387456e+05
3.550978120146776200e+05
3.485304876541376580e+05
3.418301109879382420e+05
3.352689029822251177e+05
3.290979739634100115e+05
3.235183282069482957e+05
3.186628202909036772e+05
3.145904936506550875e+05
3.112918975104442216e+05
3.087021855173513759e+05
3.067182072345041088e+05
3.052161543274304713e+05
3.040672018571975641e+05
3.031496353908895981e+05
3.023569569290843792e+05
3.016022942679533153e+05
3.008200057821944938e+05
2.999655914653878426e+05
2.990148583687149221e+05
2.979628202908260282e+05
2.968222353081535548e+05
2.956212588688452961e+05
2.943996224177383701e+05
2.932030919578964240e+05
2.920765821550478577e+05
2.910569301045929897e+05
2.901666879084012471e+05
2.894102117615060997e+05
2.887728325512565207e+05
2.882231798051988590e+05
2.877180537801375613e+05
2.872088021459171432e+05
2.866480310957188485e+05
2.859956115850721253e+05
2.852232135089530493e+05
2.843169135980654391e+05
2.832777325873199152e+05
2.821202611515764147e+05
2.808698238033792586e+05
2.795588557616849430e+05
2.782232478137951693e+05
2.768992855361946276e+05
2.756214862497145659e+05
2.744212315429422306e+05
2.733257739811078645e+05
2.723571059325333335e+05
2.715303534375379095e+05
2.708517076866717543e+05
2.703162613610260305e+05
2.699063221361512551e+05
2.695907707587161567e+05
2.693258667129863752e+05
2.690576882734650280e+05
2.687262074765822617e+05
2.682708469367436483e+05
2.676371820839209831e+05
2.667841820275230566e+05
2.656910474133489770e+05
2.643624292316456558e+05
2.628307733146653045e+05
2.611548558714581595e+05
2.594142433780902647e+05
2.577002569696583378e+05
2.561047867782060348e+05
2.547087465653575491e+05
2.535719676968770800e+05
2.527259493032653118e+05
2.521702759611222427e+05
2.518728878335983900e+05
2.517738912955978012e+05
2.517922835843819776e+05
2.518347976923770620e+05
2.518059783427673974e+05
2.516185179184995359e+05
2.512028069162129541e+05
2.505146345241143717e+05
2.495400803742654680e+05
2.482969130126190430e+05
2.468322400360046013e+05
2.452166634949499567e+05
2.435356755121458264e+05
2.418793911006702692e+05
2.403319120906503522e+05
2.389616478290359082e+05
2.378138034494984604e+05
2.369059943186912278e+05
2.362275531792242255e+05
2.357425769889325020e+05
2.353961750167860300e+05
2.351228475208249583e+05
2.348555881130093476e+05
2.345342663708784094e+05
2.341121197862992412e+05
2.335596689275427198e+05
2.328659054122365778e+05
2.320370369149851613e+05
2.310933293302730890e+05
2.300646808331898937e+05
2.289855748742980650e+05
2.278900636265981593e+05
2.268074435726813390e+05
2.257592431125218864e+05
2.247579648381767038e+05
2.238076769762808399e+05
2.229060948240340804e+05
2.220473915045705799e+05
2.212248045671537402e+05
2.204322575552104972e+05
2.196646470524512697e+05
2.189169797608563676e+05
2.181829615027494146e+05
2.174537870011132036e+05
2.167177361003154365e+05
2.159608539796633704e+05
2.151686366187826497e+05
2.143283789420133398e+05
2.134317084554808971e+05
2.124767890776319255e+05
2.114696919433167786e+05
2.104244833967353043e+05
2.093617117994153523e+05
2.083052270492438984e+05
2.072776340063194511e+05
2.062950814355332404e+05
2.053623878802667314e+05
2.044695830620399211e+05
2.035907504359558225e+05
2.026856430779342190e+05
2.017040288389824564e+05
2.005922289908949751e+05
1.993009355061410752e+05
1.977931622594816727e+05
1.960511115751378820e+05
1.940808254592405865e+05
1.919137532377669995e+05
1.896048030780665867e+05
1.872270078771175758e+05
1.848635220347785507e+05
1.825981352104282123e+05
1.805057193533938553e+05
1.786439631682515319e+05
1.770474352815043821e+05
1.757245701754236070e+05
1.746577263714344008e+05
1.738061208624302235e+05
1.731112180863323156e+05
1.725039990576953569e+05
1.719133888158344489e+05
1.712749462627772882e+05
1.705387574638770020e+05
1.696754172913587827e+05
1.686791360187653627e+05
1.675674085791228281e+05
1.663772765432498418e+05
1.651588486581228499e+05
1.639672446341036120e+05
1.628543509949875588e+05
1.618616863823181775e+05
1.610153300260774267e+05
1.603233989992738934e+05
1.597760991678106075e+05
1.593480096366334183e+05
1.590020224777401017e+05
1.586942419321038760e+05
1.583791336046249489e+05
1.580142930052318843e+05
1.575643616200148826e+05
1.570038283770432172e+05
1.563186638882088591e+05
1.555068868178852426e+05
1.545782207871533465e+05
1.535529742304209794e+05
1.524602131332885474e+05
1.513352602618551173e+05
1.502165865716116386e+05
1.491422609866037965e+05
1.481462539733731828e+05
1.472549915644019202e+05
1.464845840079977352e+05
1.458390908604445576e+05
1.453100477154668188e+05
1.448773054470989737e+05
1.445110625213277235e+05
1.441748379364190623e+05
1.438290536865955801e+05
1.434348698216092307e+05
1.429579255970673985e+05
1.423716642329923052e+05
1.416599410032453306e+05
1.408186385101002525e+05
1.398560639154994278e+05
1.387920125853836071e+05
1.376555640119434393e+05
1.364818998512267135e+05
1.353086279823096993e+05
1.341721741996535275e+05
1.331047124430366966e+05
1.321318672096472292e+05
1.312711366559588350e+05
1.305307857046694116e+05
1.299089473349881446e+05
1.293928616629113385e+05
1.289584893579670461e+05
1.285710053537646454e+05
1.281867584423126682e+05
1.277570871118449431e+05
1.272339324839830806e+05
1.265766098115012574e+05
1.257585796399720421e+05
1.247727888552064542e+05
1.236342551296609599e+05
1.223790555411423848e+05
1.210596351061399037e+05
1.197371667586011026e+05
1.184723446783875843e+05
1.173163103072621889e+05
1.163033367875051772e+05
1.154464875833405677e+05
1.147368477261997759e+05
1.141462510701063147e+05
1.136328236385677010e+05
1.131482256034207385e+05
1.126452628282617370e+05
1.120845808033711073e+05
1.114394358893117023e+05
1.106979963896436093e+05
1.098631469031606975e+05
1.089502222772919922e+05
1.079833768602012278e+05
1.069913607425274240e+05
1.060033644149247702e+05
1.050453967401349219e+05
1.041374742744495888e+05
1.032917799902389525e+05
1.025118950009097462e+05
1.017931707623711118e+05
1.011242339947468863e+05
1.004894729199603462e+05
9.987216137176701159e+04
9.925770046132634161e+04
9.863637355369064608e+04
9.800507294206613733e+04
9.736766609758403501e+04
9.673396695670460758e+04
9.611756704081366479e+04
9.553296872452975367e+04
9.499249967627695878e+04
9.450339258258989139e+04
9.406526761234630249e+04
9.366815861916125868e+04
9.329124707960370870e+04
9.290260120005940553e+04
9.246036313768646505e+04
9.191583377375356213e+04
9.121864379284957249e+04
9.032365040886808129e+04
8.919849469007016160e+04
8.783016285161553242e+04
8.622872044327110052e+04
8.442683111034885223e+04
8.247470607538975310e+04
8.043146961963167996e+04
7.835510352458625857e+04
7.629368373210025311e+04
7.428028177753207274e+04
7.233274185891846719e+04
7.045795843237252848e+04
6.865884226424733060e+04
6.694139490271599789e+04
6.531947172202148067e+04
6.381580636771210993e+04
6.245929939772799844e+04
6.127991699512328341e+04
6.030335156665923569e+04
5.954763650362878252e+04
5.902321939801990084e+04
5.873682836476468947e+04
5.869816381015186926e+04
5.892736034640555590e+04
5.946056913145963335e+04
6.035108797531961318e+04
6.166427423183496285e+04
6.346592791777036473e+04
6.580567033993764198e+04
6.869863370756657969e+04
7.210997900097943784e+04
7.594687169551970146e+04
8.006130362086775131e+04
8.426469594949689053e+04
8.835214746833745448e+04
9.213141608100572194e+04
9.545017131440802768e+04
9.821532530163892079e+04
1.004003341868379357e+05
1.020396199962011451e+05
1.032126391496060096e+05
1.040225428440582327e+05
1.045751415581418987e+05
1.049629200756285863e+05
1.052566622624057200e+05
1.055046917482408171e+05
1.057376648649342242e+05
1.059758114583048009e+05
1.062356154255159345e+05
1.065338818487937824e+05
1.068884670758163702e+05
1.073161714107700100e+05
1.078290871143678669e+05
1.084309445992975961e+05
1.091147740028784319e+05
1.098626672801304812e+05
1.106477825060154573e+05
1.114381457662644825e+05
1.122013956702974829e+05
1.129094444538592797e+05
1.135421067274487868e+05
1.140890311443580285e+05
1.145496813724950480e+05
1.149315502145644277e+05
1.152471574567956413e+05
1.155106053476688976e+05
1.157345086614990869e+05
1.159279792530869163e+05
1.160960605745373177e+05
1.162406358843300695e+05
1.163624565642064554e+05
1.164636464829908509e+05
1.165499172583665204e+05
1.166318226687645219e+05
1.167246723703911703e+05
1.168471328458614298e+05
1.170189386440852686e+05
1.172583880634042725e+05
1.175803193335871620e+05
1.179950517081145808e+05
1.185084112686682201e+05
1.191225797035579890e+05
1.198372453615855047e+05
1.206504891552755143e+05
1.215590104839036649e+05
1.225576156225643645e+05
1.236382288905204623e+05
1.247889202265148924e+05
1.259934895529072091e+05
1.272319943437074544e+05
1.284823060938624258e+05
1.297224357754234225e+05
1.309330945616834360e+05
1.320998481489067199e+05
1.332143197687881184e+05
1.342741658898872556e+05
1.352818953836181317e+05
1.362429079279103025e+05
1.371632947345471184e+05
1.380479401812348806e+05
1.388993207317247579e+05
1.397171922290324583e+05
1.404991595160129073e+05
1.412419692017192137e+05
1.419432553957994969e+05
1.426033839846501360e+05
1.432269835625650012e+05
1.438237465552001377e+05
1.444081688013099483e+05
1.449980864996568125e+05
1.456121403358207608e+05
1.462665811763006786e+05
1.469720469490067917e+05
1.477310196153879515e+05
1.485365873308261507e+05
1.493729063604276744e+05
1.502174284903662046e+05
1.510445968696602213e+05
1.518303849156585347e+05
1.525568257661414100e+05
1.532156126633829263e+05
1.538099825208039838e+05
1.543544257187705080e+05
1.548722387135424360e+05
1.553914383450821333e+05
1.559399408863542776e+05
1.565410452157366381e+05
1.572100935135724721e+05
1.579527720869059849e+05
1.587650186887492309e+05
1.596341194679371547e+05
1.605404541681851842e+05
1.614595001125498093e+05
1.623640090724241454e+05
1.632265206058842014e+05
1.640223947660208796e+05
1.647332907150266983e+05
1.653506041499905987e+05
1.658780310300673882e+05
1.663323618050962687e+05
1.667419160465698806e+05
1.671426137056259904e+05
1.675723274535593227e+05
1.680646319516997901e+05
1.686432135173052084e+05
1.693180244626969215e+05
1.700838715394230385e+05
1.709216600566873385e+05
1.718020714987099345e+05
1.726910621132468514e+05
1.735562333178118570e+05
1.743728744948406238e+05
1.751284071229797264e+05
1.758241796170938469e+05
1.764741221441027883e+05
1.771005745132293378e+05
1.777284042740584409e+05
1.783790325664264674e+05
1.790659620629172714e+05
1.797928398776503745e+05
1.805542052211683767e+05
1.813382225188346347e+05
1.821302141760423547e+05
1.829158321199633647e+05
1.836831553148223029e+05
1.844236098264641478e+05
1.851320875091626076e+05
1.858068095990263973e+05
1.864493393088503508e+05
1.870648318074390991e+05
1.876623050437528291e+05
1.882545563657525345e+05
1.888573815334335086e+05
1.894879397708105680e+05
1.901623775674135832e+05
1.908930946753188618e+05
1.916862320189849124e+05
1.925400152410028968e+05
1.934444554840103665e+05
1.943825987924762594e+05
1.953331063984766952e+05
1.962735760989460687e+05
1.971838199748427724e+05
1.980483733896632621e+05
1.988577982233099756e+05
1.996087399777197861e+05
2.003030485371011600e+05
2.009464576256078435e+05
2.015473043352721725e+05
2.021156085572298907e+05
2.026626197792832099e+05
2.032007667921387765e+05
2.037438642047787434e+05
2.043074402800643584e+05
2.049091238624549587e+05
2.055691240798315848e+05
2.063109159013676981e+05
2.071622684901535104e+05
2.081566806267952488e+05
2.093350858275378996e+05
2.107473629808332189e+05
2.124528099842232186e+05
2.145184648341135471e+05
2.170141986259818950e+05
2.200040310483941867e+05
2.235341564185009338e+05
2.276195091626932553e+05
2.322319058632345113e+05
2.372933401253641932e+05
2.426774614304863208e+05
2.482205707507903862e+05
2.537410019818527799e+05
2.590632904216065654e+05
2.640419214113110211e+05
2.685793201080961735e+05
2.726341870276417467e+05
2.762188322267683689e+05
2.793869626536322176e+05
2.822155485292713274e+05
2.847853572744757985e+05
2.871644004110550159e+05
2.893972270118330489e+05
2.915012723788495059e+05
2.934698541863707942e+05
2.952802224081444438e+05
2.969044124991462450e+05
2.983204798101250199e+05
2.995219221585253254e+05
3.005236495702964021e+05
3.013636485827283468e+05
3.021003762688824791e+05
3.028067139168538270e+05
3.035618193471731502e+05
3.044423355500452453e+05
3.055141862537985435e+05
3.068257942031319253e+05
3.084032123098626616e+05
3.102474950591106899e+05
3.123346309723897721e+05
3.146183388504416798e+05
3.170358028902706574e+05
3.195158979186184588e+05
3.219887492679590941e+05
3.243948712468083249e+05
3.266919622609294602e+05
3.288578908005997073e+05
3.308894052271526889e+05
3.327973011539012659e+05
3.345997269102154532e+05
3.363156413863952039e+05
3.379600684423733037e+05
3.395419307500527939e+05
3.410642942951731384e+05
3.425261992864233907e+05
3.439250861459689913e+05
3.452590793798466329e+05
3.465288151017164928e+05
3.477388138753464445e+05
3.488984629504395998e+05
3.500225253569238703e+05
3.511309172309839050e+05
3.522474742157821893e+05
3.533976330288120662e+05
3.546053014041031711e+05
3.558895003969450481e+05
3.572614797011928749e+05
3.587228850836079218e+05
3.602652804607573780e+05
3.618710372868122649e+05
3.635154032395547838e+05
3.651694574579282198e+05
3.668035850544866989e+05
3.683910018107111682e+05
3.699107537422051537e+05
3.713496105987488991e+05
3.727024762070618453e+05
3.739713597338824766e+05
3.751634467149064294e+05
3.762891351897115237e+05
3.773608568055889918e+05
3.783930558937400929e+05
3.794030407637933386e+05
3.804118746605484048e+05
3.814443268826567219e+05
3.825272514022411779e+05
3.836864465668397024e+05
3.849427512119928724e+05
3.863085214724114630e+05
3.877855367115768022e+05
3.893648616992603056e+05
3.910284960384187871e+05
3.927520856860495987e+05
3.945077858812974300e+05
3.962665944799849531e+05
3.979999655010699062e+05
3.996809922025417909e+05
4.012856638385533588e+05
4.027945465885499143e+05
4.041948197797790053e+05
4.054821699111884809e+05
4.066618742457220796e+05
4.077486127619926119e+05
4.087650257695180480e+05
4.097395073791629402e+05
4.107039095796037000e+05
4.116916174769675126e+05
4.127359825827647001e+05
4.138686786009569769e+05
4.151174640390543500e+05
4.165031834133845405e+05
4.180364306343417265e+05
4.197147861084387405e+05
4.215216175621678703e+05
4.234270250472996850e+05
4.253908104150354629e+05
4.273667192765988875e+05
4.293069517959385412e+05
4.311661592651295359e+05
4.329046639381891582e+05
4.344911320458031842e+05
4.359051024810827221e+05
4.371395349955806159e+05
4.382030479819733882e+05
4.391210790527855279e+05
4.399351136088219937e+05
4.406994959597053821e+05
4.414760263176576118e+05
4.423272409153112094e+05
4.433096467849274632e+05
4.444680736373090767e+05
4.458317947718398646e+05
4.474124363473137491e+05
4.492032620255197398e+05
4.511793789834409254e+05
4.532987227309136069e+05
4.555041031127603492e+05
4.577268314277282916e+05
4.598923037615286303e+05
4.619274046857901849e+05
4.637689344441349385e+05
4.653717500570779084e+05
4.667151719966024393e+05
4.678064883498882991e+05
4.686809482459789142e+05
4.693982464152156608e+05
4.700359746728331083e+05
4.706808005801467225e+05
4.714183039894644171e+05
4.723225721719738212e+05
4.734468618855775567e+05
4.748167867361204699e+05
4.764273927837150986e+05
4.782449849337236956e+05
4.802136580539425486e+05
4.822653785377063905e+05
4.843315153327722801e+05
4.863532972206458217e+05
4.882889724767907173e+05
4.901164003184407484e+05
4.918310980933653773e+05
4.934409737224965356e+05
4.949597130102546071e+05
4.964008786894552759e+05
4.977742592621693620e+05
4.990851123537371750e+05
5.003359904596193228e+05
5.015300991037566564e+05
5.026747985848342651e+05
5.037839685044300859e+05
5.048784307089057402e+05
5.059842975380306598e+05
5.071297604001465370e+05
5.083412604458065471e+05
5.096400717293647467e+05
5.110400789196401602e+05
5.125470596074069035e+05
5.141592647086235229e+05
5.158687091953594354e+05
5.176624623303652043e+05
5.195233944340393646e+05
5.214302314862685162e+05
5.233572434832125437e+05
5.252742573827271117e+05
5.271477672519059852e+05
5.289436297242749715e+05
5.306312466154466383e+05
5.321884628086821176e+05
5.336059352207486518e+05
5.348896899906722829e+05
5.360610317244285252e+05
5.371537298855074914e+05
5.382091657303108368e+05
5.392705753521021688e+05
5.403775383797312388e+05
5.415615351707175141e+05
5.428429767159322510e+05
5.442298332475058269e+05
5.457179156060584355e+05
5.472928654187275097e+05
5.489337678190547740e+05
5.506178954651261447e+05
5.523255388414399931e+05
5.540434984550570371e+05
5.557659585892340401e+05
5.574922634567684727e+05
5.592223473594401730e+05
5.609516991370628821e+05
5.626681826671834569e+05
5.643524667202278506e+05
5.659823836360266432e+05
5.675398208549586125e+05
5.690175169863329502e+05
5.704229683585534804e+05
5.717776712167686783e+05
5.731117171261626063e+05
5.744555673403195105e+05
5.758318960224979091e+05
5.772502878580637043e+05
5.787063911023181863e+05
5.801854044664996909e+05
5.816682517898703227e+05
5.831380699595221085e+05
5.845849109949809499e+05
5.860075974894671235e+05
5.874129295841170242e+05
5.888133510081301210e+05
5.902244037518299883e+05
5.916628582491521956e+05
5.931456279292487307e+05
5.946889087436191039e+05
5.963067633519808296e+05
5.980086798023519805e+05
5.997962946855128976e+05
6.016601454519672552e+05
6.035776804158160230e+05
6.055136311634833692e+05
6.074232726511979708e+05
6.092582732329893624e+05
6.109740688470362220e+05
6.125372504365096102e+05
6.139314685892891139e+05
6.151607928049133625e+05
6.162501176170695107e+05
6.172428212250467623e+05
6.181962476546360413e+05
6.191756468702873681e+05
6.202470860052095959e+05
6.214697513823255431e+05
6.228881686903859954e+05
6.245251941473621409e+05
6.263770013651499758e+05
6.284114274002376478e+05
6.305707120305571007e+05
6.327788214133301517e+05
6.349523957562079886e+05
6.370132941583360080e+05
6.389001511294457596e+05
6.405765713133191457e+05
6.420345414636633359e+05
6.432929968191810185e+05
6.443927291246019304e+05
6.453894925821581855e+05
6.463470368790735956e+05
6.473310248227675911e+05
6.484038291287173051e+05
6.496195812485523056e+05
6.510189031657392625e+05
6.526234515766593395e+05
6.544313371233863290e+05
6.564150849872092949e+05
6.585236519855349325e+05
6.606890527098220773e+05
6.628367242935197428e+05
6.648974661376678851e+05
6.668181728761859704e+05
6.685688874317201553e+05
6.701447983408174478e+05
6.715632556429351680e+05
6.728571613987726159e+05
6.740668169856033055e+05
6.752323500394214643e+05
6.763883186229992425e+05
6.775612600681022741e+05
6.787700887524581049e+05
6.800285460253945785e+05
6.813484684602443594e+05
6.827425087507369462e+05
6.842251331216207473e+05
6.858112234328840859e+05
6.875123673077063868e+05
6.893317663419032469e+05
6.912593792759026401e+05
6.932691692346888594e+05
6.953199611329329200e+05
6.973604600289576920e+05
6.993376964933092240e+05
7.012069814836306032e+05
7.029408072557852138e+05
7.045342833671533735e+05
7.060056176005984889e+05
7.073915267053078860e+05
7.087388217098178575e+05
7.100943212088677101e+05
7.114954648943995126e+05
7.129635571981101530e+05
7.145007168587679043e+05
7.160906832896776032e+05
7.177029173712655902e+05
7.192990544784674421e+05
7.208406659493662883e+05
7.222972993294113548e+05
7.236537449926279951e+05
7.249153793694480555e+05
7.261103770565827144e+05
7.272877746437937021e+05
7.285109817505436949e+05
7.298473663199786097e+05
7.313557401000374230e+05
7.330744921828611987e+05
7.350133075195291312e+05
7.371506294180434197e+05
7.394374364569677273e+05
7.418060493528092047e+05
7.441812900445511332e+05
7.464909634972016793e+05
7.486734542387261754e+05
7.506818063129574293e+05
7.524851965394665021e+05
7.540694453045558184e+05
7.554377966134713497e+05
7.566119367638782132e+05
7.576319080241873162e+05
7.585530854429629399e+05
7.594391739977649413e+05
7.603519857307315106e+05
7.613406821943576215e+05
