6.810509632996476721e+05
6.788775592018057359e+05
6.767523459183606319e+05
6.747035783433904871e+05
6.727555420472088736e+05
6.709299596973577281e+05
6.692463660202876199e+05
6.677213833182478556e+05
6.663671039442631882e+05
6.651887940870127641e+05
6.641820595788751962e+05
6.633296958109275438e+05
6.625987870994402329e+05
6.619390998343357351e+05
6.612841121647817781e+05
6.605558082555454457e+05
6.596735004389415262e+05
6.585656166196643608e+05
6.571820826569296187e+05
6.555042139141742373e+05
6.535493057770584710e+05
6.513683961070842342e+05
6.490375585250307340e+05
6.466449052593612578e+05
6.442765807856720639e+05
6.420050514993626857e+05
6.398820072026182897e+05
6.379366210690989392e+05
6.361783581255428726e+05
6.346024758832460502e+05
6.331960529094174271e+05
6.319427411361825652e+05
6.308251980697754771e+05
6.298250094097944675e+05
6.289206392897224287e+05
6.280844441588150803e+05
6.272800361872889334e+05
6.264612750007072464e+05
6.255738781967066461e+05
6.245600626402195776e+05
6.233658315742945997e+05
6.219496960363310063e+05
6.202910290645104833e+05
6.183961278403740143e+05
6.163004725843671476e+05
6.140664811395021388e+05
6.117769789513197029e+05
6.095253537545792060e+05
6.074038027079697931e+05
6.054912437206356553e+05
6.038424781527952291e+05
6.024801349825765938e+05
6.013907443258385174e+05
6.005258475158493966e+05
5.998082790473069763e+05
5.991427638878740836e+05
5.984290571221626597e+05
5.975753497216319665e+05
5.965097629375631223e+05
5.951883807321310742e+05
5.935991343557451619e+05
5.917616200620617019e+05
5.897234007344627753e+05
5.875535270517627941e+05
5.853340706875239266e+05
5.831505466395743424e+05
5.810822514400498476e+05
5.791936638152821688e+05
5.775280013630047906e+05
5.761037212300586980e+05
5.749142385613563238e+05
5.739305593216806883e+05
5.731060541683085030e+05
5.723823557731148321e+05
5.716953758026256692e+05
5.709806678270091070e+05
5.701777253423958318e+05
5.692332022361914860e+05
5.681033781449967064e+05
5.667563731002492132e+05
5.651745780307955574e+05
5.633574905302176485e+05
5.613246780601694481e+05
5.591180587468807353e+05
5.568022781793818576e+05
5.544618709409816656e+05
5.521942799599125283e+05
5.500986906564331148e+05
5.482618617708154488e+05
5.467433585998684866e+05
5.455633774457802065e+05
5.446963150149658322e+05
5.440722417312880279e+05
5.435866783458278514e+05
5.431170461435850011e+05
5.425424866808571387e+05
5.417629457521373406e+05
5.407137088155880338e+05
5.393728178567382274e+05
5.377605635852573905e+05
5.359319946238370612e+05
5.339646651167820673e+05
5.319444208429454593e+05
5.299519181124914903e+05
5.280519788239985937e+05
5.262870691387167899e+05
5.246753545391128864e+05
5.232130298561812378e+05
5.218799684125267086e+05
5.206471970899327425e+05
5.194843665408526431e+05
5.183653943118201569e+05
5.172709401619370910e+05
5.161873161618438317e+05
5.151026177470097318e+05
5.140018919347359333e+05
5.128636192827156046e+05
5.116594324256902328e+05
5.103578896476688096e+05
5.089316399616986746e+05
5.073659976925445371e+05
5.056662782533313730e+05
5.038614709857323323e+05
5.020028398916980950e+05
5.001574669002507580e+05
4.983980879096037243e+05
4.967914070547244046e+05
4.953872283438983141e+05
4.942103008236579481e+05
4.932560042471003253e+05
4.924902157692511100e+05
4.918531035643939977e+05
4.912662349962340668e+05
4.906421754493717453e+05
4.898955610432536923e+05
4.889543882107667159e+05
4.877700223109696526e+05
4.863243253514461685e+05
4.846324978038768750e+05
4.827408109199903556e+05
4.807193305450437474e+05
4.786508086749925278e+05
4.766178439589808695e+05
4.746908704835234676e+05
4.729193154636884574e+05
4.713273745509174769e+05
4.699145433802278712e+05
4.686597536607030197e+05
4.675271488680804032e+05
4.664714827471730532e+05
4.654418160943624680e+05
4.643833076981384656e+05
4.632379660477489815e+05
4.619458148603722802e+05
4.604478125690351590e+05
4.586911295658437884e+05
4.566363402225074824e+05
4.542651377196941175e+05
4.515866703677144833e+05
4.486406877221566392e+05
4.454963160319058225e+05
4.422462296448777197e+05
4.389969549588725786e+05
4.358567851482979022e+05
4.329231616563446587e+05
4.302713866567101795e+05
4.279462524799715029e+05
4.259577150612641126e+05
4.242811760990876937e+05
4.228623133244104101e+05
4.216257457452209783e+05
4.204862138723919634e+05
4.193605176062972168e+05
4.181783264872484724e+05
4.168902436837787391e+05
4.154721318638546509e+05
4.139255254713117029e+05
4.122747067068806500e+05
4.105614800790366717e+05
4.088387383522717282e+05
4.071636445235803258e+05
4.055908747042049654e+05
4.041661195439285366e+05
4.029200690702756401e+05
4.018633675088336458e+05
4.009833190041588969e+05
4.002432027322499780e+05
3.995847655622374732e+05
3.989338426880336483e+05
3.982083287399027613e+05
3.973271642636963516e+05
3.962188164873532369e+05
3.948279544859403977e+05
3.931195288354280638e+05
3.910800786710191169e+05
3.887166427816534997e+05
3.860540460794336395e+05
3.831315110624698573e+05
3.799994614134101430e+05
3.767170231505379197e+05
3.733501529002544121e+05
3.699697275382216903e+05
3.666486021147159627e+05
3.634568280944196158e+05
3.604549572348716902e+05
3.576863855896235909e+05
3.551705616237505456e+05
3.528991547182133654e+05
3.508367678579250351e+05
3.489266451494218200e+05
3.471004981920510181e+05
3.452905275004935102e+05
3.434412511551024509e+05
3.415189185783831635e+05
3.395169215572142275e+05
3.374564767412100919e+05
3.353827322731634486e+05
3.333572005128372693e+05
3.314479421426326735e+05
3.297191567571107298e+05
3.282217466962244362e+05
3.269860653603750980e+05
3.260175722310878919e+05
3.252956617067389307e+05
3.247756250183261000e+05
3.243935351448971778e+05
3.240736909275026410e+05
3.237379744422638905e+05
3.233160247324642842e+05
3.227546467268585693e+05
3.220246277394525823e+05
3.211233875295983162e+05
3.200727237576915068e+05
3.189121416515982710e+05
3.176894601934876991e+05
3.164511074564281735e+05
3.152344660793350195e+05
3.140638270291613298e+05
3.129502750268494128e+05
3.118946300648649340e+05
3.108918171272309846e+05
3.099349275517035858e+05
3.090177105559015763e+05
3.081350433251402574e+05
3.072817580730277114e+05
3.064507879275203450e+05
3.056317779730944894e+05
3.048110734121787245e+05
3.039734439068085630e+05
3.031052219786709175e+05
3.021979555112760863e+05
3.012514044221508666e+05
3.002748522610524087e+05
2.992862071698748623e+05
2.983090446546520106e+05
2.973683424963705475e+05
2.964859659102943842e+05
2.956769031453974312e+05
2.949469079582468839e+05
2.942917540396506083e+05
2.936979255235210876e+05
2.931443544907943578e+05
2.926047686610763776e+05
2.920502701284010545e+05
2.914518716206962708e+05
2.907828461344742100e+05
2.900208904201480327e+05
2.891502303654444986e+05
2.881638360213020933e+05
2.870657928330248687e+05
2.858735856887336704e+05
2.846196951333169709e+05
2.833516668792054406e+05
2.821298762314015185e+05
2.810226345467758947e+05
2.800989739874503575e+05
2.794201638574599638e+05
2.790314881588316057e+05
2.789558606150915730e+05
2.791904293326092884e+05
2.797065409613682423e+05
2.804525185502587701e+05
2.813579368319191271e+05
2.823377234014708083e+05
2.832946653492970509e+05
2.841197893598534865e+05
2.846914092504317523e+05
2.848749575300840661e+05
2.845264545097889495e+05
2.835021101577779627e+05
2.816749238685147138e+05
2.789565836545962375e+05
2.753203004517611116e+05
2.708185037453100085e+05
2.655894279741478967e+05
2.598487843463296012e+05
2.538664036103990511e+05
2.479317879516553076e+05
2.423155735724115220e+05
2.372349714044643915e+05
2.328300363258951693e+05
2.291546226761036669e+05
2.261821682304577844e+05
2.238231758512294036e+05
2.219492921221934375e+05
2.204185262039459485e+05
2.190971649856821459e+05
2.178757127022710338e+05
2.166780217472118384e+05
2.154641639052930113e+05
2.142283040170639870e+05
2.129929702525934845e+05
2.118009361737735453e+05
2.107057212614728487e+05
2.097616387576861307e+05
2.090143668735410902e+05
2.084930705239030067e+05
2.082050210966078157e+05
2.081333916549471323e+05
2.082384864780369680e+05
2.084622010841441224e+05
2.087350993747292960e+05
2.089851830000230111e+05
2.091472114586214302e+05
2.091713027449270885e+05
2.090295326345864742e+05
2.087194196760296472e+05
2.082635836173065181e+05
2.077054758433373063e+05
2.071017816485285584e+05
2.065127005738614826e+05
2.059916486350701598e+05
2.055759099799120449e+05
2.052794354127106490e+05
2.050884854304035543e+05
2.049603302157203143e+05
2.048248973534447723e+05
2.045891555533382634e+05
2.041440799390441389e+05
2.033741088171660376e+05
2.021688912969367520e+05
2.004367192545974103e+05
1.981183617228764051e+05
1.951992808445350092e+05
1.917177413799974602e+05
1.877664620334938227e+05
1.834863602240181644e+05
1.790524927884290810e+05
1.746540918964575103e+05
1.704720863354117319e+05
1.666581906839519506e+05
1.633192989449754241e+05
1.605096392979144584e+05
1.582313345459233678e+05
1.564422111160560162e+05
1.550683968528161640e+05
1.540187251300877251e+05
1.531982302331734099e+05
1.525188538211496489e+05
1.519065381529090228e+05
1.513048205458539887e+05
1.506756413593680481e+05
1.499982725880375947e+05
1.492671484601905395e+05
1.484890969248469046e+05
1.476801992404926277e+05
1.468623562543746375e+05
1.460596461121772882e+05
1.452946786477845162e+05
1.445853028577292571e+05
1.439421137366419134e+05
1.433671651843282743e+05
1.428541064134936896e+05
1.423896596601751517e+05
1.419560395351217885e+05
1.415336960422196717e+05
1.411037395021142438e+05
1.406496030046600499e+05
1.401578497322130715e+05
1.396183942115296377e+05
1.390246140985498205e+05
1.383737760261041112e+05
1.376678967837717209e+05
1.369147470509955310e+05
1.361283865044678678e+05
1.353285754915617581e+05
1.345386974709355854e+05
1.337823471891596273e+05
1.330792741510267660e+05
1.324416868135950353e+05
1.318718837003691006e+05
1.313618044071726035e+05
1.308945466380442813e+05
1.304473905184620526e+05
1.299955771954642405e+05
1.295160603034902160e+05
1.289906251814209099e+05
1.284080274591458146e+05
1.277650249588619481e+05
1.270663118178073346e+05
1.263234296743104642e+05
1.255527868125698878e+05
1.247730140633988049e+05
1.240020314219862485e+05
1.232543402548467857e+05
1.225391063839147973e+05
1.218594834924325260e+05
1.212133271135458635e+05
1.205950361191316333e+05
1.199978752099366538e+05
1.194159440444921493e+05
1.188450765162066964e+05
1.182823674809699878e+05
1.177245894582121400e+05
1.171662511194588442e+05
1.165982521921177395e+05
1.160079111361962714e+05
1.153806500262611662e+05
1.147030126624124823e+05
1.139662012573981192e+05
1.131691127960811427e+05
1.123199811559551308e+05
1.114361073380474700e+05
1.105416441481075599e+05
1.096638512709513161e+05
1.088285554690343561e+05
1.080556976667343115e+05
1.073558245045808144e+05
1.067282095741718804e+05
1.061610026124481810e+05
1.056334444121912384e+05
1.051198001760601474e+05
1.045943126089160942e+05
1.040362241426842520e+05
1.034338327164023067e+05
1.027866806053072505e+05
1.021053442558383103e+05
1.014088426378454169e+05
1.007202860458770447e+05
1.000618716704841208e+05
9.945053159728045284e+04
9.889536769449739950e+04
9.839750611755334830e+04
9.795233206331955444e+04
9.755344398723957420e+04
9.719728946376833483e+04
9.688740139040927170e+04
9.663739606302534230e+04
9.647226712508797937e+04
9.642782014047117264e+04
9.654820817240451288e+04
9.688144691055736621e+04
9.747265631631179713e+04
9.835483829940804571e+04
9.953747705797103117e+04
1.009941931226209854e+05
1.026518764131196949e+05
1.043846881528417580e+05
1.060164662155968690e+05
1.073339549913968658e+05
1.081108911198327551e+05
1.081398493303336581e+05
1.072658826141684258e+05
1.054144844385723263e+05
1.026070133806432568e+05
9.895948461070837220e+04
9.466476798926602351e+04
8.996241267293815326e+04
8.510318724988470785e+04
8.031613119774121151e+04
7.578441610369134287e+04
7.163332990850927308e+04
6.793034183737332933e+04
6.469452717105004558e+04
6.191124316963652382e+04
5.954790964966236061e+04
5.756768804705416551e+04
5.593922354846999951e+04
5.464193710514271515e+04
5.366735234821106133e+04
5.301754896242188261e+04
5.270210807324231428e+04
5.273494357024411875e+04
5.313224531552236294e+04
5.391239411397679214e+04
5.509812116541128489e+04
5.672038491011424048e+04
5.882251967051107204e+04
6.146238670417830872e+04
6.470985152263911004e+04
6.863727537210841547e+04
7.330208173247387458e+04
7.872278355380994617e+04
8.485265270014479756e+04
9.155759773390286136e+04
9.860574375399743440e+04
1.056748819486765278e+05
1.123802639438482875e+05
1.183199605300616822e+05
1.231297622264378733e+05
1.265361866479163145e+05
1.283959043845289998e+05
1.287130525219879928e+05
1.276314880663023796e+05
1.254051960395579517e+05
1.223548446645733056e+05
1.188205539080170420e+05
1.151200753576292191e+05
1.115185549197610671e+05
1.082122063960635423e+05
1.053248581380569376e+05
1.029142395509028865e+05
1.009841967637774651e+05
9.949941890414569934e+04
9.840016914768650895e+04
9.761546942861996649e+04
9.707391759506191011e+04
9.671176777308605961e+04
9.647815711723599816e+04
9.633752838578190131e+04
9.626946114975906676e+04
9.626631484972700127e+04
9.632928779980915715e+04
9.646366415918235725e+04
9.667410596213031386e+04
9.696080997792269045e+04
9.731717291159537854e+04
9.772930810841851053e+04
9.817738129646162270e+04
9.863835867522945045e+04
9.908947589017705468e+04
9.951161567418675986e+04
9.989186027671286138e+04
1.002247415143277176e+05
1.005120720053883415e+05
1.007616002625715046e+05
1.009849877582922054e+05
1.011956930411361100e+05
1.014072583390541695e+05
1.016322751954108971e+05
1.018820407093245885e+05
1.021666941337256430e+05
1.024955110331401374e+05
1.028770522549752495e+05
1.033189936069360701e+05
1.038276394767844613e+05
1.044072776516055164e+05
1.050596068705274083e+05
1.057834435809632123e+05
1.065748127823965333e+05
1.074274017776109540e+05
1.083332599728716013e+05
1.092835935548206617e+05
1.102695252588655567e+05
1.112827328133190458e+05
1.123159082905703253e+05
1.133629809033789352e+05
1.144190371888431546e+05
1.154798938145392021e+05
1.165413579649947933e+05
1.175983401393499807e+05
1.186441136007039604e+05
1.196700717712463520e+05
1.206662633588477474e+05
1.216227773589313001e+05
1.225317589984271035e+05
1.233895608399549674e+05
1.241983781922660855e+05
1.249667616166836378e+05
1.257086565361463290e+05
1.264410312709586869e+05
1.271805983580800093e+05
1.279404608688830631e+05
1.287276007965460594e+05
1.295419202018994110e+05
1.303771005207095004e+05
1.312230060762116045e+05
1.320689089200294693e+05
1.329066042869896046e+05
1.337325756525769539e+05
1.345487009704711672e+05
1.353614348153001047e+05
1.361798074306207127e+05
1.370128447316179518e+05
1.378670915243821801e+05
1.387448267105084087e+05
1.396433380635768117e+05
1.405553337361048616e+05
1.414702767670106550e+05
1.423762127018876199e+05
1.432615831689992046e+05
1.441166040705941268e+05
1.449339993312087609e+05
1.457091307145122846e+05
1.464397492898529454e+05
1.471256502401725447e+05
1.477684413319812156e+05
1.483714937619189732e+05
1.489400059023215435e+05
1.494810258665483270e+05
1.500032596754294937e+05
1.505165257656576578e+05
1.510307915785950026e+05
1.515548432791397790e+05
1.520947938452152302e+05
1.526528027660198859e+05
1.532265034678546072e+05
1.538096376580195792e+05
1.543942290214571112e+05
1.549743046556064219e+05
1.555507744580724102e+05
1.561367281358155305e+05
1.567622098561855091e+05
1.574775174622478662e+05
1.583542043787533767e+05
1.594831555108692555e+05
1.609693065924495459e+05
1.629227999069697107e+05
1.654467153563940374e+05
1.686220935705563170e+05
1.724917949634746183e+05
1.770456587610200222e+05
1.822101053774777683e+05
1.878453591198268405e+05
1.937525650557059853e+05
1.996912402725079446e+05
2.054051215739259496e+05
2.106522318562268047e+05
2.152336308969339298e+05
2.190153554958945897e+05
2.219395483626367059e+05
2.240232916715002211e+05
2.253464370255391404e+05
2.260319568951709080e+05
2.262234773421187710e+05
2.260645354391491564e+05
2.256829705815548659e+05
2.251821725113873545e+05
2.246391724204438215e+05
2.241081668194938684e+05
2.236272240013285191e+05
2.232256966281107743e+05
2.229301899559155281e+05
2.227676711709017982e+05
2.227652527434588701e+05
2.229471139432386553e+05
2.233297259782835899e+05
2.239168726758713019e+05
2.246958779816614988e+05
2.256360517610461393e+05
2.266898152153072297e+05
2.277964441301730403e+05
2.288879863344017358e+05
2.298966840308573155e+05
2.307630969172256300e+05
2.314439980693636462e+05
2.319189798197509081e+05
2.321946336134246376e+05
2.323052904127840302e+05
2.323097351618424582e+05
2.322840293876925425e+05
2.323114237435281393e+05
2.324710487389183836e+05
2.328273885437940189e+05
2.334223624207212415e+05
2.342712435246374807e+05
2.353628546637173276e+05
2.366637325899637945e+05
2.381253942533574591e+05
2.396934942613242019e+05
2.413174817180180107e+05
2.429593046726257307e+05
2.445997900234055705e+05
2.462416078200451157e+05
2.479082489772849658e+05
2.496391534736692847e+05
2.514818719463522721e+05
2.534827299576271034e+05
2.556777290590598423e+05
2.580852991975362238e+05
2.607020642897398211e+05
2.635021311888073105e+05
2.664397269476982183e+05
2.694544399594378774e+05
2.724779725419233437e+05
2.754412327371367137e+05
2.782807649832952884e+05
2.809438667006397154e+05
2.833921424180950853e+05
2.856035822868492687e+05
2.875734256513383589e+05
2.893140603941783193e+05
2.908540713190055103e+05
2.922363948543164879e+05
2.935154717483131681e+05
2.947533679477144033e+05
2.960150276564428350e+05
2.973630382602968602e+05
2.988524225147884572e+05
3.005259798815864488e+05
3.024106056746050017e+05
3.045149033058731002e+05
3.068283351750943693e+05
3.093221239063232788e+05
3.119520380885998602e+05
3.146629867961558048e+05
3.173949929286401602e+05
3.200897251951064100e+05
3.226965305747311213e+05
3.251769812765329261e+05
3.275073491214896203e+05
3.296789870525766164e+05
3.316970741510533844e+05
3.335783564887868706e+05
3.353483546358850435e+05
3.370381708948739106e+05
3.386807773299097316e+05
3.403067020520509686e+05
3.419393745935500483e+05
3.435908616525910911e+05
3.452590450474707177e+05
3.469272440071259043e+05
3.485668166617631796e+05
3.501425359752669465e+05
3.516197837929406087e+05
3.529720970111818169e+05
3.541874793973846827e+05
3.552721658378822613e+05
3.562510829597008415e+05
3.571649292994714342e+05
3.580644442300697556e+05
3.590029315514256014e+05
3.600283801617695717e+05
3.611765494666165323e+05
3.624661668971778126e+05
3.638969643911555759e+05
3.654507445014076657e+05
3.670951247780460981e+05
3.687891677230180940e+05
3.704898357828782173e+05
3.721581416321189608e+05
3.737639808078377973e+05
3.752889091961263330e+05
3.767265327190383105e+05
3.780806683914320893e+05
3.793619336014676956e+05
3.805837955187090556e+05
3.817592233346994035e+05
3.828988496632991591e+05
3.840110070609750110e+05
3.851033416230905568e+05
3.861851679463601322e+05
3.872695216730046668e+05
3.883740450621977216e+05
3.895202975438099238e+05
3.907316054065729259e+05
3.920299515706005041e+05
3.934325586454106960e+05
3.949487627748429659e+05
3.965776191100089345e+05
3.983065325124798692e+05
4.001111219402572606e+05
4.019564827492996701e+05
4.037999413074533804e+05
4.055952394921389641e+05
4.072978307055502664e+05
4.088706675168527290e+05
4.102896150536438217e+05
4.115475388643395854e+05
4.126562514551470522e+05
4.136458436662640888e+05
4.145613903894348186e+05
4.154574846984894248e+05
4.163914128709881916e+05
4.174159748034990043e+05
4.185729724129671813e+05
4.198882584323852789e+05
4.213689934638192062e+05
4.230034314708749880e+05
4.247631791466462892e+05
4.266075062254322693e+05
4.284889909599629464e+05
4.303596295362532837e+05
4.321765439172490151e+05
4.339065612066378817e+05
4.355291471473575220e+05
4.370374026536673773e+05
4.384370631501894677e+05
4.397437032245850423e+05
4.409786669219897594e+05
4.421645804082906689e+05
4.433215392609812552e+05
4.444650339754434535e+05
4.456062691490389407e+05
4.467547737434054725e+05
4.479223061404618784e+05
4.491263727923560655e+05
4.503915389242394012e+05
4.517472777929683798e+05
4.532222656691849115e+05
4.548363975641494617e+05
4.565928555392547278e+05
4.584728677858033334e+05
4.604351849245685735e+05
4.624209573817928904e+05
4.643630958233261481e+05
4.661978966192429652e+05
4.678761385838795104e+05
4.693711342697354848e+05
4.706821677429177216e+05
4.718329960057621938e+05
4.728662378550724243e+05
4.738352465415525367e+05
4.747953560361695709e+05
4.757962378867949592e+05
4.768766132557198289e+05
4.780618687758490560e+05
4.793643805616179015e+05
4.807857317750236834e+05
4.823196816691343556e+05
4.839548065834036679e+05
4.856761545928537380e+05
4.874658590665828087e+05
4.893031823447513161e+05
4.911646841810509795e+05
4.930250541374799795e+05
4.948587254526308388e+05
4.966419403282429557e+05
4.983546990758667816e+05
4.999821027391158277e+05
5.015149149518570630e+05
5.029495232543867314e+05
5.042876704511057469e+05
5.055362645047767437e+05
5.067073281652716687e+05
5.078178879374125972e+05
5.088894922463195981e+05
5.099471543904523714e+05
5.110177672179406509e+05
5.121282791857688571e+05
5.133040122880606796e+05
5.145673920130332699e+05
5.159371158007426420e+05
5.174275476845353842e+05
5.190480181535747834e+05
5.208017749834966380e+05
5.226845269340843661e+05
5.246827557184875477e+05
5.267721671500308439e+05
5.289167840695353225e+05
5.310692561573243001e+05
5.331729606068091234e+05
5.351663292558288667e+05
5.369894772213108372e+05
5.385925992677771719e+05
5.399448552243117010e+05
5.410418471232389566e+05
5.419096220853583654e+05
5.426036409980232129e+05
5.432023094684118405e+05
5.437961518579600379e+05
5.444749970435985597e+05
5.453161223307359032e+05
5.463759016712669982e+05
5.476862469293326139e+05
5.492555011008859146e+05
5.510720945426047547e+05
5.531087504867003299e+05
5.553255073515502736e+05
5.576710475007883506e+05
5.600831868371183518e+05
5.624902290698363213e+05
5.648148119955807924e+05
5.669808992072667461e+05
5.689231484846237581e+05
5.705966669194612186e+05
5.719846806814698502e+05
5.731020870010582730e+05
5.739939865220346255e+05
5.747296161631337600e+05
5.753931072969245724e+05
5.760728954630752560e+05
5.768514337496104417e+05
5.777963762707257411e+05
5.789539185856197728e+05
5.803447031226715771e+05
5.819626113443596987e+05
5.837767043520475272e+05
5.857363460318722064e+05
5.877790624603948090e+05
5.898400509084670339e+05
5.918616912421319867e+05
5.938012053505372023e+05
5.956349251439915970e+05
5.973584353707605042e+05
5.989829184265823569e+05
6.005289950512467185e+05
6.020199068474163068e+05
6.034758600568663096e+05
6.049107924775076099e+05
6.063319590955337044e+05
6.077418540138661629e+05
6.091413586252626264e+05
6.105327824070677161e+05
6.119216669646765804e+05
6.133167653174587758e+05
6.147283116403961321e+05
6.161653379070265219e+05
6.176331515428693965e+05
6.191320153643632075e+05
6.206575711753404466e+05
6.222028090814063326e+05
6.237607259682395961e+05
6.253265520138262073e+05
6.268986934802157339e+05
6.284782127510125283e+05
6.300673878984533949e+05
6.316682692138506100e+05
6.332819708846986759e+05
6.349088151914681075e+05
6.365487698933513602e+05
6.382013289913808694e+05
6.398643155817198567e+05
6.415318972695181146e+05
6.431929434741328005e+05
6.448311829854296520e+05
6.464281256799965631e+05
6.479685053047213005e+05
6.494465999037792208e+05
6.508708868564157747e+05
6.522646228409127798e+05
6.536612017031548312e+05
6.550951169545112643e+05
6.565912621532044141e+05
6.581563232521737227e+05
6.597756422746198950e+05
6.614171930849902565e+05
6.630417998064573621e+05
6.646163879840823356e+05
6.661258097529360093e+05
6.675791469116903609e+05
6.690082561692687450e+05
6.704589656488463515e+05
6.719777490941940341e+05
6.735980203582543181e+05
6.753300334904986667e+05
6.771569838619630318e+05
6.790379514168386813e+05
6.809165404329836601e+05
6.827329186643580906e+05
6.844365265456297202e+05
6.859968358625802211e+05
6.874099818761851639e+05
6.886998061603686074e+05
6.899128778603861574e+05
6.911083983127768151e+05
6.923452975240073865e+05
6.936698241200598422e+05
6.951070057172477245e+05
6.966582845398846548e+05
6.983056731080785394e+05
7.000206333974031731e+05
7.017744096656034235e+05
7.035463240672663087e+05
7.053276071380117210e+05
7.071201594075502362e+05
7.089314262682129629e+05
7.107676364427803783e+05
7.126277420975459972e+05
7.144997091604615562e+05
7.163598182209235383e+05
7.181748099568218458e+05
7.199062664517511148e+05
7.215165029292783001e+05
7.229752380469640484e+05
7.242662264963934431e+05
7.253928415170764783e+05
7.263814185612139991e+05
7.272812203633333556e+05
7.281603100866745226e+05
7.290974247931437567e+05
7.301709504597384948e+05
7.314470053888394032e+05
7.329691058234599186e+05
7.347516802598029608e+05
7.367787947194313165e+05
7.390080902332501719e+05
7.413785649258815683e+05
7.438199528868527850e+05
7.462613898843755014e+05
7.486378061855705455e+05
7.508936854790133657e+05
7.529849112432120601e+05
7.548798953263080912e+05
7.565608787416680716e+05
7.580254542953339405e+05
7.592875083971129498e+05
7.603764363357939292e+05
7.613338874801304191e+05
7.622082696443989407e+05
7.630482963192980969e+05
