6.108678894781625131e+05
6.096102094511709874e+05
6.085781534398738295e+05
6.077045831083321245e+05
6.069073459117133170e+05
6.061044407168544130e+05
6.052280964667485096e+05
6.042344212170187384e+05
6.031068268497437239e+05
6.018534803122550948e+05
6.005007072102456586e+05
5.990849395729751559e+05
5.976453509219394764e+05
5.962181914072352229e+05
5.948327182311083889e+05
5.935080798833172303e+05
5.922507187398150563e+05
5.910525272111514350e+05
5.898906107810869580e+05
5.887296229377283016e+05
5.875270873640738428e+05
5.862411181590100750e+05
5.848389381592916325e+05
5.833040491083253874e+05
5.816401041440409608e+05
5.798704420892323833e+05
5.780335400539573748e+05
5.761758418731116690e+05
5.743440766600066563e+05
5.725790632931001019e+05
5.709121849985974841e+05
5.693645761019162601e+05
5.679480809672719333e+05
5.666666277804240817e+05
5.655169446568558924e+05
5.644883391558428993e+05
5.635621302140757907e+05
5.627117967232111841e+05
5.619047216483799275e+05
5.611056388034640113e+05
5.602809244987640996e+05
5.594022438801513053e+05
5.584481524118613452e+05
5.574031057770053158e+05
5.562545849869210506e+05
5.549900913408524357e+05
5.535960506194676273e+05
5.520599658424650552e+05
5.503757174447819125e+05
5.485503404659868684e+05
5.466096082637880463e+05
5.445997846427279292e+05
5.425839972041464644e+05
5.406334279600215377e+05
5.388152650471386733e+05
5.371804915197709342e+05
5.357547341660690727e+05
5.345345386847344926e+05
5.334898808001868892e+05
5.325719720317024039e+05
5.317240220216785092e+05
5.308920023712095572e+05
5.300327872986748116e+05
5.291181659767543897e+05
5.281346884436010150e+05
5.270805582257838687e+05
5.259613679228789406e+05
5.247862480060992530e+05
5.235651955921747722e+05
5.223074508554202039e+05
5.210202751069859369e+05
5.197075877056337195e+05
5.183685077727794414e+05
5.169965112402276718e+05
5.155801967919223243e+05
5.141063035565812024e+05
5.125647319647682016e+05
5.109542848698797752e+05
5.092871777084541973e+05
5.075904369675286580e+05
5.059031707185027190e+05
5.042700555451220716e+05
5.027327122794258175e+05
5.013214040771411383e+05
5.000493743791666930e+05
4.989112003757247003e+05
4.978851636553434073e+05
4.969383992784908041e+05
4.960329629491713713e+05
4.951311415070634685e+05
4.941991385470356327e+05
4.932092372709160554e+05
4.921411813797865761e+05
4.909835341018153122e+05
4.897352285714998725e+05
4.884067617269068141e+05
4.870199696213412681e+05
4.856053890195840504e+05
4.841969033139580861e+05
4.828244283046660130e+05
4.815063718818488996e+05
4.802440746259732405e+05
4.790201732635809458e+05
4.778018707696460770e+05
4.765487370352459839e+05
4.752233236478407634e+05
4.738019617099073366e+05
4.722828945084383595e+05
4.706894502076816862e+05
4.690671514891953557e+05
4.674751909403426689e+05
4.659741781410125550e+05
4.646130864001425216e+05
4.634185913292702753e+05
4.623893919273999636e+05
4.614967820897129714e+05
4.606910766977034509e+05
4.599120001226043096e+05
4.591002779290878680e+05
4.582076737765315920e+05
4.572035031937327003e+05
4.560768747830655193e+05
4.548350836045605829e+05
4.534993347943523549e+05
4.520991802601615782e+05
4.506668402762790211e+05
4.492322223166442709e+05
4.478191629800671944e+05
4.464432588522582082e+05
4.451115123622550163e+05
4.438237561264112592e+05
4.425754000198328868e+05
4.413606074438325595e+05
4.401747934253819403e+05
4.390155374342548894e+05
4.378816139762743260e+05
4.367706341318845516e+05
4.356764102039912832e+05
4.345873128838197445e+05
4.334865084045990952e+05
4.323542162866427680e+05
4.311713500423193327e+05
4.299234196662244503e+05
4.286035543073773733e+05
4.272138961606167140e+05
4.257652012596065761e+05
4.242749873716052389e+05
4.227647990607251995e+05
4.212570782541553490e+05
4.197718590320736985e+05
4.183232642247704207e+05
4.169157696294949856e+05
4.155404997291163309e+05
4.141723280101251439e+05
4.127690155468399753e+05
4.112737127617236692e+05
4.096216422668665182e+05
4.077506809432046139e+05
4.056141654604024370e+05
4.031930737092327327e+05
4.005043194279975723e+05
3.976025434878710075e+05
3.945743917661969317e+05
3.915263248609824223e+05
3.885687793103121221e+05
3.858003562494744547e+05
3.832953881259068148e+05
3.810969455355110113e+05
3.792156717899252544e+05
3.776334208956855000e+05
3.763099466059188126e+05
3.751908880934164044e+05
3.742157441913399962e+05
3.733250403455818305e+05
3.724662100611329079e+05
3.715978076450468507e+05
3.706916950344574871e+05
3.697329871805282310e+05
3.687178745063347742e+05
3.676498908365360112e+05
3.665355874556539347e+05
3.653807398509857012e+05
3.641880687073291629e+05
3.629570252681329148e+05
3.616855868964220281e+05
3.603733971681988914e+05
3.590251437734935316e+05
3.576529419637256069e+05
3.562767438670489937e+05
3.549223672128759208e+05
3.536174568419623538e+05
3.523863266465153429e+05
3.512449793356231530e+05
3.501975766461706371e+05
3.492352709257420502e+05
3.483377348623629659e+05
3.474770878781867796e+05
3.466233471149636898e+05
3.457501398367634392e+05
3.448393029288994148e+05
3.438832364687033696e+05
3.428844659043208230e+05
3.418526674078437500e+05
3.408001695894287550e+05
3.397373772115164902e+05
3.386694891542679397e+05
3.375953324675079784e+05
3.365083446950188954e+05
3.353990421959194355e+05
3.342579795437130961e+05
3.330783095218091039e+05
3.318574618753911345e+05
3.305979214504866977e+05
3.293073739054130856e+05
3.279985022861826583e+05
3.266885224557753536e+05
3.253983058663645061e+05
3.241508250559854205e+05
3.229687562237498933e+05
3.218713485340212355e+05
3.208709926265795366e+05
3.199701424678203184e+05
3.191592733384281164e+05
3.184163987497119815e+05
3.177084032671970199e+05
3.169941772122088005e+05
3.162293177166718524e+05
3.153719733570857206e+05
3.143892038894517464e+05
3.132629796466467669e+05
3.119947176836848375e+05
3.106071843203713652e+05
3.091428373560587061e+05
3.076582981381076970e+05
3.062155374338945840e+05
3.048712807955402532e+05
3.036667746963554528e+05
3.026201534848625306e+05
3.017231306144216796e+05
3.009427379030927550e+05
3.002276501259962679e+05
2.995176104659160483e+05
2.987538967080108705e+05
2.978887578107011504e+05
2.968922358202800388e+05
2.957555548179480247e+05
2.944910423346358584e+05
2.931291373160140356e+05
2.917133390473490581e+05
2.902939945373008377e+05
2.889217135381967528e+05
2.876410511898010154e+05
2.864849741779282922e+05
2.854705416748930584e+05
2.845961746093353722e+05
2.838408415347395348e+05
2.831654412588435225e+05
2.825165765893153730e+05
2.818327263015597709e+05
2.810524691941596684e+05
2.801238917025296250e+05
2.790137329458521563e+05
2.777144163215216831e+05
2.762471419708108297e+05
2.746598202268548193e+05
2.730197443340569735e+05
2.714022280674348003e+05
2.698775355585472425e+05
2.684989193067606539e+05
2.672942843173961737e+05
2.662630222186535830e+05
2.653782484076962573e+05
2.645934479257452185e+05
2.638517284803359071e+05
2.630956378595554270e+05
2.622757695575230173e+05
2.613569588112131169e+05
2.603215302083371207e+05
2.591696192979931657e+05
2.579169723877279903e+05
2.565908400703793159e+05
2.552246823013677495e+05
2.538524601987178612e+05
2.525033292933012708e+05
2.511975440149710630e+05
2.499442662868908956e+05
2.487416750874649733e+05
2.475792871104470687e+05
2.464418076777679962e+05
2.453133201320751105e+05
2.441804142102254846e+05
2.430331088147896517e+05
2.418631387542026641e+05
2.406601441545018170e+05
2.394071774952594133e+05
2.380773727767877863e+05
2.366334007939081348e+05
2.350305090408455580e+05
2.332227981785874872e+05
2.311713278573212156e+05
2.288520429069059319e+05
2.262615577929922147e+05
2.234194849546858168e+05
2.203669889712803415e+05
2.171622431819725898e+05
2.138741413484456716e+05
2.105757976627401658e+05
2.073390661411951296e+05
2.042307032911259448e+05
2.013101480375792016e+05
1.986284393119509041e+05
1.962276604953596252e+05
1.941404670666178863e+05
1.923895740739034372e+05
1.909873656686029863e+05
1.899359000247163640e+05
1.892274870505254366e+05
1.888457909041611420e+05
1.887671905637436139e+05
1.889620388572782977e+05
1.893955369287243229e+05
1.900281412896211259e+05
1.908156432526019635e+05
1.917092067411285825e+05
1.926556704664938734e+05
1.935983270666519820e+05
1.944782404419674422e+05
1.952360173589587212e+05
1.958138576679556572e+05
1.961576915190286818e+05
1.962192719894849870e+05
1.959582067426384601e+05
1.953440363940474635e+05
1.943585288798544789e+05
1.929982829846637323e+05
1.912774847280909889e+05
1.892302875227734912e+05
1.869119387637822074e+05
1.843976511671970366e+05
1.817784719951338775e+05
1.791540505435589293e+05
1.766230750550492958e+05
1.742729452326268947e+05
1.721706616142080165e+05
1.703567753862250829e+05
1.688435851379915839e+05
1.676178068550591124e+05
1.666469768194317294e+05
1.658881295976015972e+05
1.652969607004569552e+05
1.648357432424979052e+05
1.644786433290310961e+05
1.642136630873032263e+05
1.640411248924512183e+05
1.639692844587940490e+05
1.640082025120070321e+05
1.641632952382089279e+05
1.644299451456033275e+05
1.647901961518696044e+05
1.652119920341515681e+05
1.656508253153747064e+05
1.660532160226432316e+05
1.663612272784986126e+05
1.665172284978349344e+05
1.664682420490615186e+05
1.661693576324726455e+05
1.655858338863137178e+05
1.646936666320057702e+05
1.634786518824398227e+05
1.619343239254749496e+05
1.600595194857965980e+05
1.578565398802593118e+05
1.553307857787025278e+05
1.524922620819073054e+05
1.493586067018876201e+05
1.459585566053505463e+05
1.423343478265644808e+05
1.385416763482917158e+05
1.346465328302469570e+05
1.307192376527463784e+05
1.268269648775715759e+05
1.230265857212710689e+05
1.193595832545173180e+05
1.158501388325147127e+05
1.125065333995990950e+05
1.093251026921495068e+05
1.062954336065842217e+05
1.034054179499675083e+05
1.006451231829572062e+05
9.800899666586882086e+04
9.549645777424056723e+04
9.311128120177745586e+04
9.086027693824065500e+04
8.875167752193976776e+04
8.679346487101352250e+04
8.499172614664792491e+04
8.334909384189519915e+04
8.186340029738332669e+04
8.052679482806328451e+04
7.932563504423962149e+04
7.824139560655993409e+04
7.725262465445509588e+04
7.633768453100732586e+04
7.547775259461945097e+04
7.465943765421111311e+04
7.387643742258418933e+04
7.312989245064975694e+04
7.242739368101154105e+04
7.178087456342772930e+04
7.120379935139378358e+04
7.070813316322903847e+04
7.030157001868379302e+04
6.998543241858125839e+04
6.975355497171419847e+04
6.959232499909431499e+04
6.948187751341366675e+04
6.939825275924750895e+04
6.931616405369782296e+04
6.921193619050165580e+04
6.906618164629556122e+04
6.886586922386652441e+04
6.860556643188530870e+04
6.828775878472048498e+04
6.792224334763773368e+04
6.752466666679728951e+04
6.711435245233500609e+04
6.671165931274183095e+04
6.633521452078149014e+04
6.599944822750153253e+04
6.571285362134217576e+04
6.547728820979173906e+04
6.528841617589409725e+04
6.513712572857172199e+04
6.501152419646040653e+04
6.489900082807583385e+04
6.478789733069708745e+04
6.466852181257180928e+04
6.453350723436220142e+04
6.437774601859488030e+04
6.419823786568319338e+04
6.399413043950394785e+04
6.376704328474545764e+04
6.352153039060460287e+04
6.326536180147266714e+04
6.300927093269730540e+04
6.276594565040386078e+04
6.254829411913175136e+04
6.236729653367819265e+04
6.222995269546630880e+04
6.213787295595747855e+04
6.208691625139191456e+04
6.206800129956179444e+04
6.206890097621039604e+04
6.207658022261103906e+04
6.207952803683801903e+04
6.206958156849888474e+04
6.204290743027236022e+04
6.200002328365464928e+04
6.194494452071196429e+04
6.188368610597707448e+04
6.182243093294288701e+04
6.176570689506051713e+04
6.171490986099347356e+04
6.166747021975948883e+04
6.161687466763428529e+04
6.155361102460999246e+04
6.146691006447294785e+04
6.134695351817869960e+04
6.118706628477064078e+04
6.098538100415882218e+04
6.074559239805834659e+04
6.047668866562471521e+04
6.019187744023900450e+04
5.990719606612360076e+04
5.964040100771019934e+04
5.941062000778859510e+04
5.923896432300491142e+04
5.914995899477396597e+04
5.917340976486507861e+04
5.934629873735057481e+04
5.971449750049709110e+04
6.033438996716467955e+04
6.127469502320111496e+04
6.261864266296354617e+04
6.446605247353209415e+04
6.693385611608464387e+04
7.015252101140664308e+04
7.425522384686577425e+04
7.935711988162649504e+04
8.552410210429166909e+04
9.273399752444378100e+04
1.008374540646084643e+05
1.095293997544651647e+05
1.183431687002659892e+05
1.266768135383062472e+05
1.338544980120433029e+05
1.392164890123399964e+05
1.422218692345988820e+05
1.425419764946752402e+05
1.401223572151768894e+05
1.351974430262480455e+05
1.282535920190582983e+05
1.199490588666081021e+05
1.110097655908697634e+05
1.021243178950565343e+05
9.385954890498891473e+04
8.661030409388442058e+04
8.058714648070558906e+04
7.583644533838768257e+04
7.228134987863656715e+04
6.977036944607693295e+04
6.812214064994576620e+04
6.715900091114117822e+04
6.672655561572112492e+04
6.670024511767919466e+04
6.698233490768207412e+04
6.749369174577078957e+04
6.816446230476231722e+04
6.892676943654584466e+04
6.971119653016935627e+04
7.044746862777785282e+04
7.106859323133729049e+04
7.151694736582749465e+04
7.175047079660420422e+04
7.174725292748642096e+04
7.150730927067885932e+04
7.105109021562949056e+04
7.041506503024534322e+04
6.964538805584935471e+04
6.879102989878930384e+04
6.789776532528559619e+04
6.700406687538592087e+04
6.613936766845390957e+04
6.532450484996814339e+04
6.457363212134338391e+04
6.389665011428426806e+04
6.330130716959941492e+04
6.279451201009651413e+04
6.238291491724797379e+04
6.207325297916175623e+04
6.187314726756470191e+04
6.179290891856278904e+04
6.184849752766280290e+04
6.206521331497652136e+04
6.248116872572542343e+04
6.314923546244409954e+04
6.413611238135243912e+04
6.551746771626238478e+04
6.736878340938677138e+04
6.975251339589283452e+04
7.270331016020415700e+04
7.621410572097844852e+04
8.022639575602038531e+04
8.462782689959659183e+04
8.925896536512117018e+04
9.392909288141562138e+04
9.843855265639335266e+04
1.026032912500139500e+05
1.062764918596568023e+05
1.093628972651404329e+05
1.118233829133414692e+05
1.136699059637377213e+05
1.149532704631252418e+05
1.157475071208033914e+05
1.161347747344526579e+05
1.161937290753656998e+05
1.159927829821659252e+05
1.155881807857077074e+05
1.150257538346188230e+05
1.143447642227605684e+05
1.135822927844430815e+05
1.127769753720068547e+05
1.119713348509346688e+05
1.112123733059668739e+05
1.105504451732697926e+05
1.100367375482557545e+05
1.097199412056334695e+05
1.096428708646595624e+05
1.098398239340762520e+05
1.103353012350533827e+05
1.111443526907317573e+05
1.122743345446771127e+05
1.137274140250600758e+05
1.155028868131657509e+05
1.175983848546966910e+05
1.200093515788102231e+05
1.227266514629500889e+05
1.257327048528372834e+05
1.289969479957608273e+05
1.324716262881880393e+05
1.360889299099064083e+05
1.397603242914503207e+05
1.433786700163921050e+05
1.468233961294537294e+05
1.499685852852876415e+05
1.526933483696263283e+05
1.548933546533693443e+05
1.564919520053996530e+05
1.574491150109971059e+05
1.577666324858596781e+05
1.574885299548832700e+05
1.566966142810961464e+05
1.555019934708676301e+05
1.540341777553982101e+05
1.524296788221134630e+05
1.508218153481602494e+05
1.493328125853261736e+05
1.480684983581314445e+05
1.471152299980631797e+05
1.465383430044863198e+05
1.463814512374610640e+05
1.466662544819856121e+05
1.473929256591832673e+05
1.485414446899415925e+05
1.500742746239671542e+05
1.519405148016954772e+05
1.540812208509327611e+05
1.564351446288755105e+05
1.589439189781187451e+05
1.615558115339725919e+05
1.642275777731420822e+05
1.669244981759689690e+05
1.696191641839504009e+05
1.722897995983971050e+05
1.749188112640876789e+05
1.774919417023614224e+05
1.799980182211074280e+05
1.824290188811084954e+05
1.847800820152183878e+05
1.870491521277995198e+05
1.892361076222707343e+05
1.913413891417533450e+05
1.933643136457893997e+05
1.953014138154276006e+05
1.971452648813947453e+05
1.988842961276530405e+05
2.005039643732411496e+05
2.019893654620889574e+05
2.033289367579780228e+05
2.045184998981219833e+05
2.055646716189208964e+05
2.064867341815359541e+05
2.073163940500107710e+05
2.080953483073782991e+05
2.088710567475410935e+05
2.096914478966795723e+05
2.105994114174979914e+05
2.116278663955754309e+05
2.127960067780936370e+05
2.141070809784131998e+05
2.155478226897604764e+05
2.170894644342918764e+05
2.186901694522619073e+05
2.202987131644530455e+05
2.218592834014105028e+05
2.233172570008983312e+05
2.246256621808113123e+05
2.257517353052819089e+05
2.266826223189618904e+05
2.274290414299010299e+05
2.280257975152466388e+05
2.285285002343531523e+05
2.290066050133851822e+05
2.295337479421589233e+05
2.301770154688113835e+05
2.309870764547739236e+05
2.319909432956756791e+05
2.331885949042711291e+05
2.345539468683081213e+05
2.360398677431520482e+05
2.375862570515226980e+05
2.391297160711763718e+05
2.406131164797712991e+05
2.419934370895678003e+05
2.432465962594130251e+05
2.443686105523419683e+05
2.453731531321595539e+05
2.462863118334858736e+05
2.471398832052142243e+05
2.479647452061914373e+05
2.487856718077639234e+05
2.496184449876902218e+05
2.504694457627993834e+05
2.513372826691632508e+05
2.522156355365343334e+05
2.530964450808187248e+05
2.539728156767647888e+05
2.548413555098445213e+05
2.557039571788345347e+05
2.565690910106397641e+05
2.574525439345162013e+05
2.583773185001845122e+05
2.593722940099637490e+05
2.604693801418345829e+05
2.616992716503676202e+05
2.630864123626281507e+05
2.646441913869678392e+05
2.663715354204552132e+05
2.682518405400589108e+05
2.702546532977661118e+05
2.723398266352321371e+05
2.744632547936908086e+05
2.765829239636510611e+05
2.786640098985627992e+05
2.806821039546601824e+05
2.826242375443272176e+05
2.844880082680423511e+05
2.862795795876445482e+05
2.880114746100718621e+05
2.897008703631451353e+05
2.913686136458291439e+05
2.930386229068235843e+05
2.947369489373231190e+05
2.964897218252232415e+05
2.983195638306492474e+05
3.002406916488692514e+05
3.022536380292221438e+05
3.043410231875756290e+05
3.064658914857627824e+05
3.085737248164179036e+05
3.105984388628685847e+05
3.124716800351789570e+05
3.141338456571417046e+05
3.155446974778381409e+05
3.166913822208864149e+05
3.175921332706680987e+05
3.182947935689457809e+05
3.188703621377067757e+05
3.194027736990728881e+05
3.199768421664297348e+05
3.206665811293623992e+05
3.215259160663119983e+05
3.225831972671460244e+05
3.238400722357234336e+05
3.252743891552088317e+05
3.268460803632713505e+05
3.285045673069109907e+05
3.301962027578714769e+05
3.318705879628817784e+05
3.334851421739088837e+05
3.350078685049994965e+05
3.364186627500919858e+05
3.377096342690424644e+05
3.388847611083710799e+05
3.399589226347838412e+05
3.409561404697917169e+05
3.419068660071322229e+05
3.428443995891220402e+05
3.438008804744030349e+05
3.448035385718417820e+05
3.458718882934964495e+05
3.470162627008782001e+05
3.482376833149629529e+05
3.495287535326565267e+05
3.508751934875249863e+05
3.522577793894389761e+05
3.536546469979756512e+05
3.550439810484612244e+05
3.564069658602123964e+05
3.577306069075426785e+05
3.590098379784064018e+05
3.602483582092144061e+05
3.614579123971457593e+05
3.626561085122980876e+05
3.638631834151353687e+05
3.650982781820408418e+05
3.663757889226381085e+05
3.677023150927207316e+05
3.690747070162986638e+05
3.704796920426426223e+05
3.718954294294503052e+05
3.732950190682813991e+05
3.746514959166338667e+05
3.759433466748527717e+05
3.771593132769135409e+05
3.783013504706025124e+05
3.793850619736724766e+05
3.804375658772776951e+05
3.814932915529674501e+05
3.825885231340407627e+05
3.837555707203801721e+05
3.850173864061382483e+05
3.863833769825589261e+05
3.878471303666167078e+05
3.893866759002261679e+05
3.909675995716875186e+05
3.925487737151266774e+05
3.940897445222075912e+05
3.955582078900629422e+05
3.969357826210504281e+05
3.982206223794370308e+05
3.994262333390113781e+05
4.005769148731833557e+05
4.017011594252245268e+05
4.028248441990750143e+05
4.039660034592076554e+05
4.051324531706495327e+05
4.063227336859707721e+05
4.075299514708529459e+05
4.087473184722271981e+05
4.099736577797243372e+05
4.112170053160836105e+05
4.124948043775630649e+05
4.138300868605097057e+05
4.152443070242253016e+05
4.167487755848820088e+05
4.183374471849050606e+05
4.199837357201217674e+05
4.216429635114626726e+05
4.232602980935527594e+05
4.247822265077658230e+05
4.261684540249828133e+05
4.274010282746039447e+05
4.284884591174435336e+05
4.294641749058177811e+05
4.303801782164427568e+05
4.312977149751192774e+05
4.322769781212981325e+05
4.333675286477010231e+05
4.346006186839428847e+05
4.359842548081630957e+05
4.375017005840543425e+05
4.391139860404664068e+05
4.407665864725390566e+05
4.423996199006528477e+05
4.439598508425322943e+05
4.454118954688459635e+05
4.467457758503264049e+05
4.479786443559748586e+05
4.491499923286981648e+05
4.503114984801593237e+05
4.515142108621954685e+05
4.527964430493800319e+05
4.541753880683010793e+05
4.556442113960556453e+05
4.571747745053544641e+05
4.587247269173653913e+05
4.602468857711325982e+05
4.616987049669586122e+05
4.630500607920254115e+05
4.642882540694524068e+05
4.654197840435405960e+05
4.664689521221265895e+05
4.674737114374723169e+05
4.684794695619845879e+05
4.695318301469009020e+05
4.706694899927118677e+05
4.719185747310381266e+05
4.732894740784021560e+05
4.747766913250518846e+05
4.763614684851833154e+05
4.780162383010294288e+05
4.797095646678609191e+05
4.814103278810560587e+05
4.830904423404592089e+05
4.847261106238430948e+05
4.862981849269235972e+05
4.877923777306487900e+05
4.891998033690932207e+05
4.905178282019640319e+05
4.917507603697297163e+05
4.929097722432916053e+05
4.940116934547200217e+05
4.950768061164667597e+05
4.961262521691112779e+05
4.971798688365303096e+05
4.982550819084304385e+05
4.993669851430777344e+05
5.005291558645910700e+05
5.017543861444426002e+05
5.030545355184419896e+05
5.044391335981803713e+05
5.059129853389377240e+05
5.074735688968758914e+05
5.091092259900406934e+05
5.107989505452735466e+05
5.125140921908727614e+05
5.142217283898866735e+05
5.158890367140956805e+05
5.174878272213385208e+05
5.189984553708181484e+05
5.204125259875815245e+05
5.217340099510693108e+05
5.229785749444152461e+05
5.241710994942780817e+05
5.253415560106777120e+05
5.265197552299560048e+05
5.277298097137478180e+05
5.289854755231124582e+05
5.302875943181816256e+05
5.316245423465775093e+05
5.329758865188020281e+05
5.343185177563000470e+05
5.356336869020656450e+05
5.369129420600853628e+05
5.381611688211031724e+05
5.393957502452397021e+05
5.406420409813489532e+05
5.419264962645722553e+05
5.432695241251018597e+05
5.446801964078041492e+05
5.461543462963446509e+05
5.476765069888280705e+05
5.492249655752750114e+05
5.507782986622990575e+05
5.523213952637516195e+05
5.538492337124339538e+05
5.553674264291408472e+05
5.568894991903059417e+05
5.584317265307636699e+05
5.600068886753189145e+05
5.616184776704515098e+05
5.632567110806086566e+05
5.648973126676199026e+05
5.665034853648205753e+05
5.680309047556455480e+05
5.694349747728201328e+05
5.706791103865633486e+05
5.717425575030704495e+05
5.726263068900562357e+05
5.733560011777437758e+05
5.739812717695093015e+05
5.745715253184528556e+05
5.752086990802568616e+05
5.759778680800537113e+05
5.769568348375604255e+05
5.782060035692485981e+05
5.797599290989653673e+05
5.816218612270148005e+05
5.837622773296048399e+05
5.861217705023643794e+05
5.886178342444143491e+05
5.911542917315538507e+05
5.936316419350195210e+05
5.959566304907721933e+05
5.980498917541108094e+05
5.998513197996614035e+05
6.013235532966984902e+05
6.024542827440910041e+05
6.032578795033032075e+05
6.037762332098985789e+05
6.040780039639048046e+05
6.042551462297394173e+05
6.044158204754937906e+05
6.046736916677957634e+05
6.051348350657344563e+05
6.058845372546409490e+05
6.069767011579101672e+05
6.084280799652799033e+05
6.102183052807967179e+05
6.122951282425225945e+05
6.145830907004687469e+05
6.169934493056843057e+05
6.194336413147262065e+05
6.218155252510632854e+05
6.240624549926776672e+05
6.261154845075216144e+05
6.279385837367717177e+05
6.295220372061128728e+05
6.308827653157737805e+05
6.320605819692562800e+05
6.331104055283785565e+05
6.340917681507319212e+05
6.350580054538601544e+05
6.360477549698399380e+05
6.370807170375169953e+05
6.381583203597152606e+05
6.392685248552901903e+05
6.403930111358643044e+05
6.415147293974515051e+05
6.426241591776930727e+05
6.437233574795830064e+05
6.448275645896702772e+05
6.459645305354264565e+05
6.471717845387925627e+05
6.484919716094528558e+05
6.499663887653636048e+05
6.516271528263310902e+05
6.534890042778669158e+05
6.555423625413340051e+05
6.577495503812901443e+05
6.600458147491088603e+05
6.623458247026294703e+05
6.645549463464041473e+05
6.665832239090903895e+05
6.683591320484704338e+05
6.698401531593831023e+05
6.710181156691547949e+05
6.719187046048257034e+05
6.725960881500876276e+05
6.731246362957910169e+05
6.735898996271265205e+05
6.740803983839632710e+05
6.746807340407080483e+05
6.754656400941873435e+05
6.764942904911388177e+05
6.778045991272480460e+05
6.794080917366419453e+05
6.812866885634101927e+05
6.833929173422297463e+05
6.856544909431501292e+05
