6.809084897979805246e+05
6.786363780341942329e+05
6.764090221337300027e+05
6.742785670039037941e+05
6.722945160252014175e+05
6.705005524004844483e+05
6.689304171103663975e+05
6.676033478602969553e+05
6.665198546745843487e+05
6.656586694885200122e+05
6.649756077164002927e+05
6.644049135656423168e+05
6.638634827280121390e+05
6.632581249274881557e+05
6.624956320578653831e+05
6.614947770428506192e+05
6.601985625889594667e+05
6.585843477473523235e+05
6.566692936678380938e+05
6.545091863501772750e+05
6.521901160306942184e+05
6.498143485335560981e+05
6.474833823649957776e+05
6.452820211084791226e+05
6.432669681726302952e+05
6.414620804091887549e+05
6.398605041419359623e+05
6.384321366594271967e+05
6.371337688878431218e+05
6.359191116648323368e+05
6.347465652127126232e+05
6.335836828841710230e+05
6.324083697653032141e+05
6.312076222970641684e+05
6.299749345927094109e+05
6.287074303835420869e+05
6.274034833721604664e+05
6.260612239822653355e+05
6.246780062741208822e+05
6.232506765573607991e+05
6.217763607413206482e+05
6.202534697746825404e+05
6.186826932324355002e+05
6.170678637214264600e+05
6.154166587800862035e+05
6.137411002772419015e+05
6.120577064684906509e+05
6.103870191804516362e+05
6.087521875350936316e+05
6.071764350077431882e+05
6.056795652345241979e+05
6.042740541997090913e+05
6.029615541205133777e+05
6.017306629911307245e+05
6.005565815234135371e+05
5.994028984687022166e+05
5.982253748779729940e+05
5.969773406881528208e+05
5.956161649623824051e+05
5.941101253878041171e+05
5.924448071671143407e+05
5.906279311486595543e+05
5.886913892905435059e+05
5.866894418529049726e+05
5.846926191113429377e+05
5.827778118810778251e+05
5.810160842221629573e+05
5.794605490938787116e+05
5.781368996592871845e+05
5.770387371052139206e+05
5.761287624027949059e+05
5.753454953568474157e+05
5.746138556816047058e+05
5.738570798934788909e+05
5.730073094746300485e+05
5.720128045977732399e+05
5.708409089104552986e+05
5.694772260044320719e+05
5.679225172247592127e+05
5.661892378911422566e+05
5.642992704687631922e+05
5.622834550569058629e+05
5.601823634899922181e+05
5.580468983860219596e+05
5.559370895001480822e+05
5.539179995565590216e+05
5.520527198566539446e+05
5.503935968985203654e+05
5.489736253350480692e+05
5.478000799179002643e+05
5.468519275411694543e+05
5.460816045669226442e+05
5.454207352471566992e+05
5.447886330041985493e+05
5.441021273548213067e+05
5.432853526683752425e+05
5.422784371278950712e+05
5.410443316756291315e+05
5.395731930220418144e+05
5.378837936045973329e+05
5.360215049935788848e+05
5.340526572346524335e+05
5.320556125276685925e+05
5.301096497179873986e+05
5.282835051349585410e+05
5.266258234876620118e+05
5.251595556101955008e+05
5.238814246870262432e+05
5.227661988178690081e+05
5.217741389459575294e+05
5.208591820841106819e+05
5.199755207758812467e+05
5.190812191926838132e+05
5.181389405754501931e+05
5.171151204724388663e+05
5.159794628658088041e+05
5.147062555131511763e+05
5.132779081370874192e+05
5.116898242097824113e+05
5.099547911155965412e+05
5.081048908157687401e+05
5.061895416998146684e+05
5.042694160640006885e+05
5.024071951308380230e+05
5.006569974237679853e+05
4.990545945647022454e+05
4.976102088704503840e+05
4.963049842850817950e+05
4.950914487402508967e+05
4.938977016565741505e+05
4.926347602017365280e+05
4.912063941353154369e+05
4.895206825680890470e+05
4.875022833861999097e+05
4.851040132079515606e+05
4.823159618353251717e+05
4.791702730032802792e+05
4.757401280984432087e+05
4.721324126473835786e+05
4.684748455583790783e+05
4.648996546776300529e+05
4.615267850321682636e+05
4.584498158939724672e+05
4.557271317147952504e+05
4.533795858495445573e+05
4.513942844490556745e+05
4.497326878055630950e+05
4.483404217798917089e+05
4.471562497911852552e+05
4.461185046735763317e+05
4.451685555489514372e+05
4.442520741686011315e+05
4.433195192543533631e+05
4.423271800344053772e+05
4.412394375025810441e+05
4.400319825202913489e+05
4.386950013303827727e+05
4.372350963774661068e+05
4.356750067369660246e+05
4.340508511345813167e+05
4.324073386361629819e+05
4.307918970090598450e+05
4.292488028528844006e+05
4.278141753277730313e+05
4.265122705912094098e+05
4.253531028026131098e+05
4.243312025730797322e+05
4.234253755682278425e+05
4.225995682261423790e+05
4.218051970309077296e+05
4.209853429035228328e+05
4.200809325331816217e+05
4.190384685900238110e+05
4.178182353782157879e+05
4.164014683889728040e+05
4.147949436079262523e+05
4.130318582194456831e+05
4.111686031797778560e+05
4.092778339544513146e+05
4.074389080404303968e+05
4.057271560379223665e+05
4.042035764161501429e+05
4.029064405967292259e+05
4.018460089915784774e+05
4.010031089010991855e+05
4.003317332683373825e+05
3.997651563897554297e+05
3.992244661617902457e+05
3.986280464262091555e+05
3.979005207413060125e+05
3.969799864902189584e+05
3.958228959851294057e+05
3.944064839021989028e+05
3.927290316915579606e+05
3.908084339598792722e+05
3.886795315998050501e+05
3.863905970627480419e+05
3.839992743938495987e+05
3.815682097169697518e+05
3.791605406609812635e+05
3.768353465791715425e+05
3.746431423572218046e+05
3.726215911365995416e+05
3.707918257581319776e+05
3.691560109347943799e+05
3.676968747538580210e+05
3.663797395574089023e+05
3.651570780918042292e+05
3.639749796656548278e+05
3.627804031574438559e+05
3.615279376929929131e+05
3.601850268808663241e+05
3.587350845285463729e+05
3.571784003947650199e+05
3.555310345926446607e+05
3.538220179200822604e+05
3.520892270664606476e+05
3.503744071254879818e+05
3.487179818597658887e+05
3.471544165372195421e+05
3.457088387261189637e+05
3.443953275470912922e+05
3.432168461889497703e+05
3.421664077101247967e+05
3.412288992804581067e+05
3.403830871100935619e+05
3.396035798099733656e+05
3.388627659397352836e+05
3.381328236533011659e+05
3.373878004652008531e+05
3.366055657548329327e+05
3.357692856963218655e+05
3.348680709970498574e+05
3.338966333684890415e+05
3.328540980447737966e+05
3.317424340338245966e+05
3.305651417837279150e+05
3.293267778112919768e+05
3.280335803841981106e+05
3.266949797301844810e+05
3.253253094422302675e+05
3.239447865759860142e+05
3.225789357332040672e+05
3.212560983990537934e+05
3.200033393353307620e+05
3.188416845519102062e+05
3.177819554292946705e+05
3.168223693606497836e+05
3.159485944551533321e+05
3.151362555061203893e+05
3.143552347317535314e+05
3.135747009044615552e+05
3.127677330516963848e+05
3.119146526049735839e+05
3.110046197538786801e+05
3.100355282963279751e+05
3.090126080019325600e+05
3.079463255379074835e+05
3.068501415966595523e+05
3.057384768288944615e+05
3.046249615374322166e+05
3.035208213494340889e+05
3.024331955292011844e+05
3.013633422206596588e+05
3.003050002716592862e+05
2.992434993243260542e+05
2.981563480623021023e+05
2.970158434429990593e+05
2.957937190150697134e+05
2.944671332614826970e+05
2.930246487225901219e+05
2.914705423589164857e+05
2.898259894446977414e+05
2.881263713041489245e+05
2.864149789920578478e+05
2.847344043569340720e+05
2.831175949664294021e+05
2.815806673724594293e+05
2.801190739285583259e+05
2.787077591377156787e+05
2.773048422700733063e+05
2.758575001918711932e+05
2.743083940638374188e+05
2.726012824288942502e+05
2.706852379027838469e+05
2.685177803671623114e+05
2.660678383947736584e+05
2.633194499835456954e+05
2.602764699960340513e+05
2.569675232959350687e+05
2.534495021915058314e+05
2.498075490652490116e+05
2.461499830562917923e+05
2.425979577626327518e+05
2.392713396359532198e+05
2.362737251142774185e+05
2.336800748756059329e+05
2.315298617110724153e+05
2.298270836548348307e+05
2.285465514928601042e+05
2.276442282392628840e+05
2.270686257588966982e+05
2.267705184121196216e+05
2.267092677444467845e+05
2.268553554153818986e+05
2.271897730318474933e+05
2.277014090911002131e+05
2.283835017844041286e+05
2.292298319037042675e+05
2.302309317100680200e+05
2.313704105023486773e+05
2.326215853588722530e+05
2.339448229211465514e+05
2.352861408423709800e+05
2.365775366023084789e+05
2.377391969795565819e+05
2.386833245242417906e+05
2.393189929891829961e+05
2.395573604226975294e+05
2.393167445772708161e+05
2.385273768043947348e+05
2.371359005040300835e+05
2.351097082185556064e+05
2.324409856868920324e+05
2.291499690043716691e+05
2.252866280803341360e+05
2.209299516733819619e+05
2.161842984314854257e+05
2.111728223587095563e+05
2.060286060572454007e+05
2.008846479821061657e+05
1.958641120893245970e+05
1.910722067615763517e+05
1.865907389458964462e+05
1.824758661820467678e+05
1.787589560208272305e+05
1.754498957277287263e+05
1.725418147616492643e+05
1.700160896425085957e+05
1.678467102247852890e+05
1.660035041319809679e+05
1.644541703589239914e+05
1.631653922478244058e+05
1.621033970680102939e+05
1.612342400984725682e+05
1.605239410404745140e+05
1.599385204612690723e+05
1.594440273926354712e+05
1.590067649114807136e+05
1.585939936848745565e+05
1.581753254471957334e+05
1.577247921186382591e+05
1.572232684988582914e+05
1.566606656840621145e+05
1.560372140237545536e+05
1.553632717295889743e+05
1.546574054573536559e+05
1.539429105372322956e+05
1.532433592772627599e+05
1.525780716717824689e+05
1.519585010723211453e+05
1.513863701412769442e+05
1.508539982480848266e+05
1.503467229854719772e+05
1.498467843467337661e+05
1.493376701085178356e+05
1.488078293371928448e+05
1.482528728892566578e+05
1.476758219780207437e+05
1.470854954714888299e+05
1.464935850731294777e+05
1.459112356189090933e+05
1.453459791572771501e+05
1.447996956968316517e+05
1.442679712078849261e+05
1.437408897704762348e+05
1.432050089408291678e+05
1.426460687191685720e+05
1.420518860275408952e+05
1.414148802690603479e+05
1.407337479926382948e+05
1.400139444253730180e+05
1.392668257412546373e+05
1.385075420430033118e+05
1.377520196093631384e+05
1.370135913847094344e+05
1.362999765644847648e+05
1.356113225161182345e+05
1.349398691884716682e+05
1.342714762176318618e+05
1.335888158581273456e+05
1.328755834465637454e+05
1.321207453035085637e+05
1.313217525764615857e+05
1.304858551642889652e+05
1.296291121910196525e+05
1.287732824185735080e+05
1.279413113837844430e+05
1.271524551332442788e+05
1.264181157546825998e+05
1.257392352835800411e+05
1.251057048838446353e+05
1.244978251864296471e+05
1.238895034733718494e+05
1.232526381529939099e+05
1.225620113122806360e+05
1.217999541013510898e+05
1.209600484461203014e+05
1.200491948163484631e+05
1.190875447152374545e+05
1.181060953117154277e+05
1.171421573684838804e+05
1.162333630978428118e+05
1.154112594113375962e+05
1.146957110027039162e+05
1.140912392531456862e+05
1.135860519077195058e+05
1.131539661177725648e+05
1.127588393324581848e+05
1.123606451239206363e+05
1.119220631105566572e+05
1.114144229348953231e+05
1.108220217051920918e+05
1.101441618996246834e+05
1.093946673054541752e+05
1.085990673435474164e+05
1.077900336279795447e+05
1.070019403679093666e+05
1.062655404402351123e+05
1.056036675826835999e+05
1.050286078726966080e+05
1.045413997517879907e+05
1.041329234109461977e+05
1.037863262467505847e+05
1.034801642978993768e+05
1.031916327693239728e+05
1.028993811825453449e+05
1.025856056437064108e+05
1.022373238461115834e+05
1.018469195085013343e+05
1.014121605142783228e+05
1.009359364633973164e+05
1.004259323455429840e+05
9.989437554959459521e+04
9.935788968323379231e+04
9.883738308082906588e+04
9.835780348586084438e+04
9.794750330411898904e+04
9.763688161476310052e+04
9.745591599781360128e+04
9.743021625748314545e+04
9.757539906007001991e+04
9.788997210581443505e+04
9.834754607143999601e+04
9.888996023317845538e+04
9.942356397923044278e+04
9.982109018025267869e+04
9.993096665925254638e+04
9.959442796911383630e+04
9.866865284119613352e+04
9.705196582932412275e+04
9.470569707763117913e+04
9.166726406600055634e+04
8.805065993185373372e+04
8.403344132733774313e+04
7.983263191069729510e+04
7.567463561449153349e+04
7.176545448406196374e+04
6.826694057133329625e+04
6.528281233162977151e+04
6.285550440849707229e+04
6.097246858653169329e+04
5.957894911502944160e+04
5.859375348366933031e+04
5.792496694514320552e+04
5.748351292921252025e+04
5.719350783271442924e+04
5.699919279407864815e+04
5.686873451543394185e+04
5.679542000795740023e+04
5.679684856172492437e+04
5.691275333952680376e+04
5.720209358820011403e+04
5.773999033921655791e+04
5.861483366734295123e+04
5.992540116867946199e+04
6.177714586584955396e+04
6.427615749185314053e+04
6.751904095183464233e+04
7.157747990440345893e+04
7.647777088233956601e+04
8.217794446050861734e+04
8.854757361991709331e+04
9.535698882264514396e+04
1.022823621482325543e+05
1.089304632008144399e+05
1.148821717169219337e+05
1.197483304475940531e+05
1.232270738765446004e+05
1.251500812607618718e+05
1.255071288267176715e+05
1.244434354519417102e+05
1.222310228053121100e+05
1.192214943408487306e+05
1.157913908260321041e+05
1.122916656015700137e+05
1.090101125272474019e+05
1.061510214770030871e+05
1.038315814004433196e+05
1.020910191287356720e+05
1.009069012270776584e+05
1.002133950967501733e+05
9.991793662911535648e+04
9.991478435884315695e+04
1.000955639089597535e+05
1.003576880807430280e+05
1.006114705836613284e+05
1.007861595727092645e+05
1.008344590810949594e+05
1.007347642752994434e+05
1.004904748755683686e+05
1.001262881903596426e+05
9.968205751962705108e+04
9.920534596623365360e+04
9.874401238981634378e+04
9.833999372710075113e+04
9.802500176146684680e+04
9.781832028192900179e+04
9.772645572956524848e+04
9.774417554084988660e+04
9.785647583104654041e+04
9.804117303638219892e+04
9.827198086963831156e+04
9.852199180578892992e+04
9.876737566504570714e+04
9.899088046799103904e+04
9.918450397199536383e+04
9.935065816282010928e+04
9.950137715743719309e+04
9.965559919356468890e+04
9.983512509489872900e+04
1.000602820638584089e+05
1.003464025436889642e+05
1.007019056218819460e+05
1.011281684495817462e+05
1.016207532426062389e+05
1.021711763923111139e+05
1.027684166461942223e+05
1.033997209415320831e+05
1.040507821508411143e+05
1.047057777156039083e+05
1.053478804705211078e+05
1.059606374542791018e+05
1.065301690328295372e+05
1.070476747493359871e+05
1.075114507746848685e+05
1.079276495981965854e+05
1.083093418783619418e+05
1.086739531367494201e+05
1.090396606584682741e+05
1.094216715516794502e+05
1.098293515383464110e+05
1.102649249134141864e+05
1.107240045122669544e+05
1.111976853761804668e+05
1.116755105554004404e+05
1.121484194167994574e+05
1.126108703610953235e+05
1.130616526455739368e+05
1.135033495120294829e+05
1.139408317147473863e+05
1.143794074985431507e+05
1.148232595374414959e+05
1.152745819089611177e+05
1.157334945174788154e+05
1.161985017378609191e+05
1.166671001380601228e+05
1.171361813845259603e+05
1.176020866929291224e+05
1.180604448171148688e+05
1.185061418704926909e+05
1.189338378312221903e+05
1.193393414091418672e+05
1.197219324480049982e+05
1.200874656609249651e+05
1.204518762361781992e+05
1.208445681771351519e+05
1.213110899372077547e+05
1.219144680390615104e+05
1.227345810328248190e+05
1.238650507732897386e+05
1.254073528433454921e+05
1.274622173007822275e+05
1.301188568134924571e+05
1.334430197050794377e+05
1.374652078448581742e+05
1.421705509860620077e+05
1.474917815171607945e+05
1.533065453485900944e+05
1.594399588873025787e+05
1.656728912235505122e+05
1.717558976312841405e+05
1.774280467976614891e+05
1.824391183836392302e+05
1.865729265376940602e+05
1.896690279425609042e+05
1.916399671927010932e+05
1.924815858483827906e+05
1.922747472759944794e+05
1.911779744086675055e+05
1.894117644561277993e+05
1.872365188513186877e+05
1.849269121837555431e+05
1.827459676041971252e+05
1.809220245358473039e+05
1.796311931786364585e+05
1.789869212912143848e+05
1.790371779866681900e+05
1.797687347902799665e+05
1.811172714186401572e+05
1.829815920295667020e+05
1.852400240724734613e+05
1.877669711949095363e+05
1.904475667465103907e+05
1.931885162620672490e+05
1.959236883242026088e+05
1.986139084955700964e+05
2.012416263177057554e+05
2.038023296863942523e+05
2.062953341841006768e+05
2.087165408420351450e+05
2.110548927993512771e+05
2.132928775535108871e+05
2.154100513285420020e+05
2.173877234497223399e+05
2.192128982549436041e+05
2.208802408802777645e+05
2.223918390090099419e+05
2.237554196896431677e+05
2.249821223306932079e+05
2.260848472126259003e+05
2.270777423584158823e+05
2.279768164645370271e+05
2.288011969837644428e+05
2.295743047558366670e+05
2.303241968631105847e+05
2.310824941909927875e+05
2.318816197065896704e+05
2.327505020177645201e+05
2.337094009832080628e+05
2.347649821835017065e+05
2.359070367164797790e+05
2.371081394181544601e+05
2.383269809847541037e+05
2.395151862136645941e+05
2.406264060439036402e+05
2.416256988835253287e+05
2.424969937348301173e+05
2.432468591188788705e+05
2.439037481175141875e+05
2.445130249047464458e+05
2.451290312828493479e+05
2.458059614717811928e+05
2.465893173522088618e+05
2.475093391251771536e+05
2.485772629904560163e+05
2.497847336586931779e+05
2.511062757859840349e+05
2.525043833340397687e+05
2.539364636619730445e+05
2.553625632757735148e+05
2.567525753234100703e+05
2.580916059896639199e+05
2.593824513941213663e+05
2.606447010550185223e+05
2.619107079294575087e+05
2.632193388272580341e+05
2.646088403784172842e+05
2.661102131031393073e+05
2.677421982402977301e+05
2.695084800241354969e+05
2.713971727535777027e+05
2.733822584786028601e+05
2.754264522540504113e+05
2.774849869222606649e+05
2.795099404199771234e+05
2.814548562583156745e+05
2.832794357651253813e+05
2.849539791246823152e+05
2.864630734370091814e+05
2.878078838009526371e+05
2.890064225024078623e+05
2.900914253598118667e+05
2.911059296480331686e+05
2.920971981628360809e+05
2.931100814836262143e+05
2.941810835158798727e+05
2.953342147398074158e+05
2.965792369672372588e+05
2.979122912486948189e+05
2.993183700358586502e+05
3.007748144622702384e+05
3.022550449320205953e+05
3.037319985015015700e+05
3.051810929030181142e+05
3.065827941831142525e+05
3.079249241842652555e+05
3.092047037837426760e+05
3.104302903159365524e+05
3.116213888202037197e+05
3.128085276859118603e+05
3.140308252509377780e+05
3.153324486668535974e+05
3.167583105408310657e+05
3.183496992006878136e+05
3.201404305756540853e+05
3.221538193206762662e+05
3.244004688575926702e+05
3.268767452834915021e+05
3.295638904970305739e+05
3.324279582076105871e+05
3.354209387799489195e+05
3.384834088905232493e+05
3.415487569111926714e+05
3.445486063363674330e+05
3.474186904319445021e+05
3.501042986505759181e+05
3.525645704136636341e+05
3.547752566082093399e+05
3.567299202887163847e+05
3.584397462961194105e+05
3.599321279470670270e+05
3.612480809022233007e+05
3.624384543363919947e+05
3.635589959540106938e+05
3.646646030551358126e+05
3.658034552199697937e+05
3.670119977590611088e+05
3.683117630295070703e+05
3.697087069501513033e+05
3.711951612681402476e+05
3.727538333503029426e+05
3.743627487946649198e+05
3.759998178241403075e+05
3.776458987914812751e+05
3.792857770396671840e+05
3.809071971115330816e+05
3.824987389294549357e+05
3.840476922808077652e+05
3.855390372673296952e+05
3.869562053943690844e+05
3.882836371815379243e+05
3.895105027225604863e+05
3.906345317194454838e+05
3.916648343160687364e+05
3.926228754432632122e+05
3.935412681087638484e+05
3.944605914668908226e+05
3.954248489658991457e+05
3.964763649442477617e+05
3.976508752900302061e+05
3.989733789623205084e+05
4.004550954905282124e+05
4.020917116869838210e+05
4.038630321557271527e+05
4.057341398720453726e+05
4.076581520007920335e+05
4.095805530758966343e+05
4.114448765789945028e+05
4.131992191216160427e+05
4.148027875812337152e+05
4.162314950376370689e+05
4.174816189879878075e+05
4.185707589702036930e+05
4.195357671534193796e+05
4.204278946399933193e+05
4.213059584377942956e+05
4.222287242711276631e+05
4.232477891931131016e+05
4.244020060967862373e+05
4.257140200973341707e+05
4.271889790358315222e+05
4.288151317557203001e+05
4.305659284747762140e+05
4.324033237576613319e+05
4.342820816587395966e+05
4.361548323077483801e+05
4.379773972902334062e+05
4.397136229558442137e+05
4.413388608327195398e+05
4.428414750376261072e+05
4.442223106326931156e+05
4.454926922676536487e+05
4.466719200890209177e+05
4.477851682473682449e+05
4.488621857098013861e+05
4.499365079861060949e+05
4.510443791273868410e+05
4.522225342946655583e+05
4.535044461711946642e+05
4.549153827653556364e+05
4.564673139161270810e+05
4.581550362599643413e+05
4.599547396248157602e+05
4.618257001774020027e+05
4.637150767771243118e+05
4.655651310803606757e+05
4.673217232054440537e+05
4.689426832818057155e+05
4.704046070767235360e+05
4.717067744450605242e+05
4.728712863986453158e+05
4.739391911845424911e+05
4.749632515971307876e+05
4.759988744948399835e+05
4.770952604582278873e+05
4.782887679239999270e+05
4.795997696419861168e+05
4.810331492070108652e+05
4.825814884217831423e+05
4.842293718554128427e+05
4.859572892933702096e+05
4.877442224288630532e+05
4.895687885970478528e+05
4.914093923784750514e+05
4.932440126758667757e+05
4.950501035422764835e+05
4.968048488232078962e+05
4.984858865556967212e+05
5.000726344164342154e+05
5.015483568101605051e+05
5.029029430484578479e+05
5.041359777139892103e+05
5.052592458933420712e+05
5.062976132825290551e+05
5.072874754942733562e+05
5.082726771748338942e+05
5.092986936401595594e+05
5.104065382747442345e+05
5.116279697470237152e+05
5.129830408392306417e+05
5.144800851513005327e+05
5.161173181425082730e+05
5.178847671027836041e+05
5.197654473763389396e+05
5.217354432915228535e+05
5.237634355764104403e+05
5.258107802262000041e+05
5.278331975973640801e+05
5.297845055649630958e+05
5.316219517359510064e+05
5.333120025902199559e+05
5.348352412865164224e+05
5.361893383302071597e+05
5.373896507581501501e+05
5.384675396442700876e+05
5.394667567863145377e+05
5.404382690004423494e+05
5.414338885721485130e+05
5.424992919222359778e+05
5.436674648170333821e+05
5.449540640639625490e+05
5.463562312685509678e+05
5.478557391031470615e+05
5.494260464424900711e+05
5.510413435131841106e+05
5.526846636106184451e+05
5.543521876888986444e+05
5.560520999193616444e+05
5.577983448284645565e+05
5.596015858191053849e+05
5.614607520179130370e+05
5.633583343239203095e+05
5.652611707790025976e+05
5.671264601597575238e+05
5.689109712310435716e+05
5.705805156591009581e+05
5.721169501927510137e+05
5.735210431850414025e+05
5.748109712710261811e+05
5.760174607408096781e+05
5.771772900660063606e+05
5.783269287794715492e+05
5.794976399647344369e+05
5.807126790394942509e+05
5.819865458587782923e+05
5.833257786814876599e+05
5.847305940746148117e+05
5.861967484500708524e+05
5.877172248882687418e+05
5.892836072146606166e+05
5.908871856927425833e+05
5.925198926187143661e+05
5.941751043543389533e+05
5.958482327807784313e+05
5.975369448971032398e+05
5.992408541630618274e+05
6.009606333357678959e+05
6.026966668561932165e+05
6.044475205545225181e+05
6.062085883403193438e+05
6.079712438186090440e+05
6.097226938819218194e+05
6.114465600367662264e+05
6.131240770637112437e+05
6.147357514820232755e+05
6.162633649743888527e+05
6.176922817524357233e+05
6.190140334110348485e+05
6.202290411444066558e+05
6.213490979883181863e+05
6.223989705760192592e+05
6.234163479710122338e+05
6.244495045173222898e+05
6.255524934340131003e+05
6.267783424319402548e+05
6.281713585373345995e+05
6.297600181213044561e+05
6.315518628664562711e+05
6.335313583446284756e+05
6.356609856510928366e+05
6.378851971115974011e+05
6.401364903285442851e+05
6.423427934823576361e+05
6.444354787050778978e+05
6.463574060699846596e+05
6.480702853766777553e+05
6.495603514068055665e+05
6.508411087841792032e+05
6.519520241186723579e+05
6.529527157957579475e+05
6.539133254760969430e+05
6.549029645525239175e+05
6.559788917586200405e+05
6.571789967022739584e+05
6.585191847285646945e+05
6.599957283172765747e+05
6.615911689353846014e+05
6.632814929679497145e+05
6.650423432864097413e+05
6.668528320813809987e+05
6.686966445837599458e+05
6.705610547736816807e+05
6.724348947495665634e+05
6.743064332708220463e+05
6.761617847082806984e+05
6.779841895553355571e+05
6.797544153946627630e+05
6.814525138321610866e+05
6.830609959467173321e+05
6.845690099144877167e+05
6.859764379900983768e+05
6.872963490015706047e+05
6.885543652663276298e+05
6.897844036142297555e+05
6.910216759327783948e+05
6.922951634029789129e+05
6.936223145847918931e+05
6.950080705941773485e+05
6.964486559308621800e+05
6.979385790155050345e+05
6.994778591111612041e+05
7.010763043362307362e+05
7.027528160688068019e+05
7.045296813497183612e+05
7.064237682574772043e+05
7.084376506879461231e+05
7.105535799241265049e+05
7.127320784805825679e+05
7.149153608381822705e+05
7.170344713389369426e+05
7.190184080943210283e+05
7.208036008683285909e+05
7.223426183412363753e+05
7.236114720779984491e+05
7.246150701955686091e+05
7.253902294803258264e+05
7.260053989085825160e+05
7.265561967950199032e+05
7.271562582861713599e+05
7.279237684794565430e+05
7.289652230503755854e+05
7.303590406459324295e+05
7.321422283081975766e+05
7.343030619946154766e+05
7.367816298878217349e+05
7.394783546264494071e+05
7.422687780167734018e+05
7.450215481244124239e+05
7.476161136393926572e+05
7.499571666418401292e+05
7.519840641816951102e+05
7.536747687560054474e+05
7.550448039449789794e+05
7.561421365983770229e+05
7.570389203086164780e+05
7.578210009018536657e+05
7.585762596613094211e+05
7.593832606051481562e+05
7.603020122901240829e+05
7.613685964907011949e+05
