6.796185380337632960e+05
6.778764168154656654e+05
6.762765645193441305e+05
6.748053525982669089e+05
6.734401081047226908e+05
6.721528518612425542e+05
6.709147197733490029e+05
6.697004384171266574e+05
6.684916929248620290e+05
6.672781622890442377e+05
6.660556124856148381e+05
6.648215715622365242e+05
6.635702749082014197e+05
6.622891684889133321e+05
6.609588928342941217e+05
6.595573664030333748e+05
6.580668304184672888e+05
6.564812645530295558e+05
6.548111183540294878e+05
6.530831087587069487e+05
6.513346321561625227e+05
6.496043990789589006e+05
6.479223611562905135e+05
6.463022661467193393e+05
6.447391769129629247e+05
6.432124896222056122e+05
6.416931469732458936e+05
6.401525633930735057e+05
6.385706041169650853e+05
6.369406793277697871e+05
6.352711867549167946e+05
6.335836370644979179e+05
6.319084588677909924e+05
6.302796171616658103e+05
6.287289555093455128e+05
6.272808671942363726e+05
6.259477402569288388e+05
6.247266657952739624e+05
6.235980289703462040e+05
6.225266059403009713e+05
6.214655005335243186e+05
6.203626638565271860e+05
6.191690244668415980e+05
6.178466960100844735e+05
6.163755641294509405e+05
6.147568655460970476e+05
6.130130494370642118e+05
6.111840249374830164e+05
6.093206171240170952e+05
6.074765301895933226e+05
6.057003009467100492e+05
6.040286244334393414e+05
6.024820714590406278e+05
6.010636486098035239e+05
5.997599947574842954e+05
5.985444616195139242e+05
5.973810976512348279e+05
5.962287406312443782e+05
5.950449119723746553e+05
5.937896934437822783e+05
5.924299217445364920e+05
5.909437076816638000e+05
5.893246354554451536e+05
5.875844362881353591e+05
5.857528879271680489e+05
5.838743361596198520e+05
5.820013363730434794e+05
5.801869434333113022e+05
5.784776009101837408e+05
5.769081657333859475e+05
5.754995692167646484e+05
5.742585084369205870e+05
5.731779552350994200e+05
5.722374433747406583e+05
5.714028920954408823e+05
5.706266593259077054e+05
5.698490506340842694e+05
5.690023383010859834e+05
5.680175456655326998e+05
5.668332125465881545e+05
5.654045534396484727e+05
5.637111713490877301e+05
5.617618269993175054e+05
5.595954574581841007e+05
5.572783615009484347e+05
5.548979782278796192e+05
5.525539316336767515e+05
5.503471241084882058e+05
5.483678179526956519e+05
5.466839371707813116e+05
5.453311716534859734e+05
5.443066502381878672e+05
5.435677281001622323e+05
5.430366973842727020e+05
5.426110866338544292e+05
5.421779724660762586e+05
5.416297747377224732e+05
5.408786551492644940e+05
5.398670004938608035e+05
5.385724246462131850e+05
5.370069744145963341e+05
5.352114227040262194e+05
5.332463853379006032e+05
5.311823441490262048e+05
5.290904867842465173e+05
5.270356957053194055e+05
5.250722269304235233e+05
5.232418353530893801e+05
5.215735334369583870e+05
5.200839565584429074e+05
5.187774914910893422e+05
5.176458216122150188e+05
5.166671628163616988e+05
5.158059670492089936e+05
5.150140498477043584e+05
5.142338634440388414e+05
5.134040522612279747e+05
5.124666926141212462e+05
5.113749943510789308e+05
5.100999542364599765e+05
5.086346049460706417e+05
5.069950478704739362e+05
5.052182031124458881e+05
5.033569007072558161e+05
5.014733508441981976e+05
4.996320688072429039e+05
4.978930596063810517e+05
4.963056898311821278e+05
4.949034263407943654e+05
4.936996456209882745e+05
4.926849744601603015e+05
4.918268974434212432e+05
4.910723817162237247e+05
4.903538470056062215e+05
4.895979970464113867e+05
4.887361103644545656e+05
4.877137601164136431e+05
4.864979104740068433e+05
4.850799933441819157e+05
4.834746858599258703e+05
4.817152699337328668e+05
4.798472297432302730e+05
4.779218706332047004e+05
4.759912344617857598e+05
4.741047054918074864e+05
4.723068411575977807e+05
4.706354776098698494e+05
4.691192202534212265e+05
4.677739566057319171e+05
4.665987438821465475e+05
4.655719841217479552e+05
4.646489658124409616e+05
4.637616010012901388e+05
4.628207154488669476e+05
4.617208437623266364e+05
4.603473386006903602e+05
4.585856942994793644e+05
4.563330579716869397e+05
4.535116326512942323e+05
4.500829031820062082e+05
4.460605005493327044e+05
4.415185542125960346e+05
4.365921800123566063e+05
4.314677416979969130e+05
4.263626817544990918e+05
4.214974891364544746e+05
4.170648517536078580e+05
4.132023253101152950e+05
4.099744071400020039e+05
4.073677991720074788e+05
4.053005112107633031e+05
4.036422437203031150e+05
4.022411118192989961e+05
4.009508082494892296e+05
3.996528583609819179e+05
3.982703674603032996e+05
3.967720034198574140e+05
3.951672316997767775e+05
3.934954730606987141e+05
3.918125667345627444e+05
3.901776664375822293e+05
3.886427259020632482e+05
3.872454846158224391e+05
3.860058099778830656e+05
3.849247030568363843e+05
3.839852729338736390e+05
3.831553042961327010e+05
3.823913321779542021e+05
3.816441195183176314e+05
3.808650622060020687e+05
3.800125315858951653e+05
3.790568467184946057e+05
3.779827226402672823e+05
3.767887119647835498e+05
3.754841200031357585e+05
3.740847302821290214e+05
3.726090434106098837e+05
3.710764181076429668e+05
3.695076069719196530e+05
3.679270514731250005e+05
3.663653978822621284e+05
3.648603931516146986e+05
3.634547573426330928e+05
3.621906606836961000e+05
3.611016901207393385e+05
3.602042284500259557e+05
3.594906332652101410e+05
3.589263412951609935e+05
3.584521208082772791e+05
3.579914246363797574e+05
3.574615266511276714e+05
3.567862070258802269e+05
3.559074264601126197e+05
3.547937610280984663e+05
3.534442285045029130e+05
3.518872421391976532e+05
3.501754391765178298e+05
3.483777727449277299e+05
3.465704138572661905e+05
3.448277652103421860e+05
3.432144574324916466e+05
3.417788198664084775e+05
3.405481352149238810e+05
3.395259907537032850e+05
3.386920926903431537e+05
3.380048445746364887e+05
3.374067036220351583e+05
3.368318456140974304e+05
3.362151308579694596e+05
3.355009607154911500e+05
3.346505034200226073e+05
3.336460152110691415e+05
3.324915468464731239e+05
3.312100752788234386e+05
3.298378498948678607e+05
3.284172945090674912e+05
3.269900022210677853e+05
3.255911386807654635e+05
3.242460064689373248e+05
3.229688266867961502e+05
3.217632289513146388e+05
3.206237121174010681e+05
3.195374836146808811e+05
3.184864540026040631e+05
3.174494964045233210e+05
3.164051591301900917e+05
3.153347919763802784e+05
3.142256552921235561e+05
3.130732764905481017e+05
3.118823114804325742e+05
3.106655093014787417e+05
3.094409355340617476e+05
3.082281472422060906e+05
3.070443112553951214e+05
3.059012166297140066e+05
3.048037924680831493e+05
3.037502477173709776e+05
3.027334748789078440e+05
3.017430481852943776e+05
3.007670768852315377e+05
2.997933501586841303e+05
2.988095677442283486e+05
2.978028717522119987e+05
2.967592363023171783e+05
2.956634046430203016e+05
2.944999240992303239e+05
2.932554492933160509e+05
2.919219882632910740e+05
2.905003291523198131e+05
2.890026655035621370e+05
2.874535172429822269e+05
2.858883985942879226e+05
2.843502003525197506e+05
2.828837779739538673e+05
2.815296307646009955e+05
2.803177403165726573e+05
2.792625965801131097e+05
2.783602197054196731e+05
2.775876525293195737e+05
2.769050196599162882e+05
2.762598791413234430e+05
2.755932741269472172e+05
2.748466616461718804e+05
2.739687876224628999e+05
2.729216174254576326e+05
2.716846225656709867e+05
2.702570332922958187e+05
2.686580206095598405e+05
2.669250718808348174e+05
2.651109828571910039e+05
2.632798650537048816e+05
2.615023952612693247e+05
2.598503198354515189e+05
2.583901105872070184e+05
2.571757657509626006e+05
2.562410885169953690e+05
2.555922736100459297e+05
2.552021090014244546e+05
2.550073375040574756e+05
2.549105503921306517e+05
2.547873527182487014e+05
2.544985556380356429e+05
2.539060573517200537e+05
2.528901707065060909e+05
2.513656953758229502e+05
2.492941380675396067e+05
2.466901162057346082e+05
2.436209711154934776e+05
2.401997408777779201e+05
2.365726874805832340e+05
2.329033725731194136e+05
2.293557175254860485e+05
2.260784999193983967e+05
2.231933211470644455e+05
2.207873029893565108e+05
2.189108051738688955e+05
2.175795355576330039e+05
2.167797706516539329e+05
2.164751356790545979e+05
2.166134827670156083e+05
2.171327119632931717e+05
2.179647423204322986e+05
2.190371787736205442e+05
2.202725712364818610e+05
2.215856250400469871e+05
2.228793454655548849e+05
2.240417794841088471e+05
2.249454819617813046e+05
2.254517409304614994e+05
2.254207202046469902e+05
2.247270763532672427e+05
2.232786881759116368e+05
2.210345547049302550e+05
2.180173296352070756e+05
2.143167390011632815e+05
2.100821669179471792e+05
2.055053993140281236e+05
2.007970195950003690e+05
1.961614428780952294e+05
1.917756171255650697e+05
1.877750927867288701e+05
1.842490030273557932e+05
1.812432481851930497e+05
1.787694958272264339e+05
1.768168418220005406e+05
1.753631165038915642e+05
1.743835856667363551e+05
1.738558191831033328e+05
1.737604766869814193e+05
1.740785287048581813e+05
1.747859600493402977e+05
1.758473185924960126e+05
1.772096007815806370e+05
1.787978999486046087e+05
1.805139688659655512e+05
1.822383768021608703e+05
1.838363391511756054e+05
1.851666746662469232e+05
1.860928206846143585e+05
1.864944998497923661e+05
1.862785219099451497e+05
1.853873151266467466e+05
1.838040810571817565e+05
1.815539095286256925e+05
1.787007226805525424e+05
1.753404669228880957e+05
1.715914533458591322e+05
1.675830766287018778e+05
1.634442663399255543e+05
1.592929413703763566e+05
1.552274983588279574e+05
1.513210453154852439e+05
1.476187605362393660e+05
1.441384487286149233e+05
1.408740796799456293e+05
1.378018127548132325e+05
1.348877285331650637e+05
1.320962348388951505e+05
1.293979491794289497e+05
1.267758579205890128e+05
1.242287706322764425e+05
1.217715308364506345e+05
1.194320457150570292e+05
1.172458256595773128e+05
1.152492177733941644e+05
1.134727375354913238e+05
1.119357883704581182e+05
1.106436506076085643e+05
1.095870469724394788e+05
1.087440166561715741e+05
1.080833978956903738e+05
1.075690105652673519e+05
1.071636539338767325e+05
1.068322443376973824e+05
1.065437392915183591e+05
1.062718472504731180e+05
1.059948268942696450e+05
1.056948671934736049e+05
1.053575635775804112e+05
1.049718618497307179e+05
1.045305786598584091e+05
1.040313176586660848e+05
1.034773875984751940e+05
1.028782657246048620e+05
1.022492497730911273e+05
1.016101566177654604e+05
1.009831728465930646e+05
1.003901642484664044e+05
9.984986205410027469e+04
9.937535792658443097e+04
9.897227817699378647e+04
9.863789929905098688e+04
9.836133492787675641e+04
9.812478371171095932e+04
9.790568967903642624e+04
9.767954458851205709e+04
9.742297175237597548e+04
9.711668893258535536e+04
9.674796366423444124e+04
9.631224545602530998e+04
9.581377046969153162e+04
9.526506226259177492e+04
9.468537569187492772e+04
9.409824027520375967e+04
9.352835806500203034e+04
9.299820834006069344e+04
9.252480515151657164e+04
9.211711867529907613e+04
9.177466156373213744e+04
9.148761211169746821e+04
9.123858408082464302e+04
9.100580002571878140e+04
9.076707481195182481e+04
9.050378402516420465e+04
9.020396783553787100e+04
8.986392790934348886e+04
8.948805610193958273e+04
8.908707174502832640e+04
8.867520713108884229e+04
8.826707016475855198e+04
8.787489672151606646e+04
8.750671883248229278e+04
8.716569819848885527e+04
8.685059504050279793e+04
8.655712370151413779e+04
8.627981562944644247e+04
8.601396350960351992e+04
8.575724029412472737e+04
8.551066014058727887e+04
8.527867077942781907e+04
8.506833679759215738e+04
8.488777674802891852e+04
8.474421703243744560e+04
8.464216551624436397e+04
8.458223016085771087e+04
8.456098060446786985e+04
8.457198780368165171e+04
8.460784138221672038e+04
8.466262934623645560e+04
8.473416323318754439e+04
8.482520746240568405e+04
8.494314331858910737e+04
8.509783777939667925e+04
8.529792959402271663e+04
8.554619820354871626e+04
8.583504125539794040e+04
8.614325332351698307e+04
8.643519757180506713e+04
8.666307074347620073e+04
8.677232989379133505e+04
8.670960332538171497e+04
8.643173024658068607e+04
8.591415491288329940e+04
8.515688266173326701e+04
8.418662718942656647e+04
8.305455660914645705e+04
8.182999108159789466e+04
8.059127937021611433e+04
7.941567346045658633e+04
7.837020563083587331e+04
7.750534175898264220e+04
7.685262498663892620e+04
7.642676863914525893e+04
7.623183401971994317e+04
7.627033047930132307e+04
7.655336878649302525e+04
7.710946014288344304e+04
7.798930315317100030e+04
7.926411086438133498e+04
8.101587411099461315e+04
8.331951627648147405e+04
8.621903822324832436e+04
8.970206171177739452e+04
9.367897156954009552e+04
9.797335021512566891e+04
1.023290063458364457e+05
1.064355511784752598e+05
1.099698120908526471e+05
1.126456827178866661e+05
1.142618474881614675e+05
1.147364315927503922e+05
1.141203991023857816e+05
1.125867322414815426e+05
1.103984580222313089e+05
1.078635358176337031e+05
1.052870135894162813e+05
1.029302087636484357e+05
1.009835559172607464e+05
9.955550407248392003e+04
9.867589951643139648e+04
9.830970456852833740e+04
9.837603476730240800e+04
9.876805827280241647e+04
9.937064369217689091e+04
1.000741020960337482e+05
1.007835125414595968e+05
1.014238211201208032e+05
1.019412646617644496e+05
1.023018746801329398e+05
1.024879910169236246e+05
1.024938644718116993e+05
1.023214656140115985e+05
1.019774436015333922e+05
1.014717699535189604e+05
1.008180481308730814e+05
1.000349457630079414e+05
9.914789175845783029e+04
9.819017268287803745e+04
9.720283359324478079e+04
9.623320568132775952e+04
9.533228032733801228e+04
9.455140372220923018e+04
9.393884177276032278e+04
9.353670276236388600e+04
9.337857751578181342e+04
9.348811702862041420e+04
9.387862722714930715e+04
9.455360311749883112e+04
9.550794123085674073e+04
9.672938996720593423e+04
9.819969434533269668e+04
9.989494876034569461e+04
1.017849340331903659e+05
1.038316461810432229e+05
1.059876935982138821e+05
1.081955594354094210e+05
1.103887273465609615e+05
1.124952819863254408e+05
1.144439008842388284e+05
1.161713681302979676e+05
1.176301382185841358e+05
1.187942853852491971e+05
1.196624725201640686e+05
1.202572726974250982e+05
1.206210497348824720e+05
1.208093812411122053e+05
1.208834697866961360e+05
1.209030350572002353e+05
1.209208475297641853e+05
1.209794948272778420e+05
1.211103583771967096e+05
1.213342996902921004e+05
1.216633247938911518e+05
1.221025286347668589e+05
1.226518440594709245e+05
1.233074042416636366e+05
1.240625485855754378e+05
1.249085912418365770e+05
1.258354379181224795e+05
1.268320511040094862e+05
1.278867103633506340e+05
1.289870413283236121e+05
1.301198829094855319e+05
1.312711685503018380e+05
1.324260472110877745e+05
1.335694262683165143e+05
1.346869911144642683e+05
1.357665901881239843e+05
1.367997254086300381e+05
1.377828012682008266e+05
1.387177854087747983e+05
1.396120236076492874e+05
1.404771184424460516e+05
1.413269896229881560e+05
1.421754329425377073e+05
1.430336253135248262e+05
1.439080425154915720e+05
1.447991589127593325e+05
1.457011226140435610e+05
1.466024085724344768e+05
1.474873014965695038e+05
1.483379716814978456e+05
1.491368654014217027e+05
1.498691092363870121e+05
1.505246120724737702e+05
1.510995552411049139e+05
1.515970212667743326e+05
1.520266435905953695e+05
1.524033503796583682e+05
1.527454837686770770e+05
1.530727526051881432e+05
1.534045835392714071e+05
1.537594449603575049e+05
1.541556028998341935e+05
1.546134952781179163e+05
1.551594667867445969e+05
1.558300386660178192e+05
1.566753364839966816e+05
1.577599835109335545e+05
1.591599086268176907e+05
1.609542305084977706e+05
1.632125843940138293e+05
1.659796659807603864e+05
1.692599610835577478e+05
1.730062049993187538e+05
1.771148280878066435e+05
1.814304988470883400e+05
1.857601226438997255e+05
1.898947016938620363e+05
1.936357526497920335e+05
1.968218795052269998e+05
1.993508391198254540e+05
2.011930829000174999e+05
2.023942217651082610e+05
2.030658996249307238e+05
2.033667881642026769e+05
2.034773509452397993e+05
2.035731905455926899e+05
2.038018619733148080e+05
2.042669684967844223e+05
2.050214507162192604e+05
2.060697965525774634e+05
2.073770701720241050e+05
2.088816569788586348e+05
2.105086072667265544e+05
2.121812467141917150e+05
2.138298895609172469e+05
2.153975775760590332e+05
2.168434424492464168e+05
2.181444417776886257e+05
2.192959557278339635e+05
2.203112924897874764e+05
2.212197994430704857e+05
2.220632053805503820e+05
2.228900887603710871e+05
2.237488948263312050e+05
2.246805126090249396e+05
2.257118260581583309e+05
2.268516704509486153e+05
2.280901843016872590e+05
2.294017509773401835e+05
2.307508241545661876e+05
2.320992312818210048e+05
2.334132798144033295e+05
2.346692115204024594e+05
2.358561318906265078e+05
2.369762409283413435e+05
2.380427714107654465e+05
2.390763721835585020e+05
2.401007631370958698e+05
2.411384242928992026e+05
2.422069519805501041e+05
2.433165535505755979e+05
2.444689459577172529e+05
2.456576681804713735e+05
2.468695596378082118e+05
2.480869848198081017e+05
2.492903671436913428e+05
2.504607194025908248e+05
2.515820211189180263e+05
2.526433660238451557e+05
2.536407268740286236e+05
2.545780261951555149e+05
2.554671188045510789e+05
2.563264278589142777e+05
2.571783454416795284e+05
2.580459616561871080e+05
2.589499811102987733e+05
2.599066306493236043e+05
2.609269387634042650e+05
2.620171572056640580e+05
2.631795927442912362e+05
2.644129746061149635e+05
2.657117840606199461e+05
2.670645923667364405e+05
2.684521259706573910e+05
2.698462198923832620e+05
2.712108458684717771e+05
2.725059806463419809e+05
2.736943280921545811e+05
2.747500370412702323e+05
2.756678050126101589e+05
2.764703367079254822e+05
2.772121696540975245e+05
2.779784104464090196e+05
2.788778431372459745e+05
2.800309730274707545e+05
2.815546048253851477e+05
2.835453010274540284e+05
2.860643856448142324e+05
2.891270115428827121e+05
2.926972358143762685e+05
2.966901303340869490e+05
3.009808096414412721e+05
3.054190482814157731e+05
3.098471089430982247e+05
3.141177710331366980e+05
3.181095503847425571e+05
3.217367955384982051e+05
3.249535755628193147e+05
3.277516871643015184e+05
3.301542850682641729e+05
3.322072562785506016e+05
3.339704112778450362e+05
3.355099862570911646e+05
3.368931255902039120e+05
3.381842473442595219e+05
3.394426974357325234e+05
3.407209419109771843e+05
3.420626859739103820e+05
3.435006341777277412e+05
3.450539972967939684e+05
3.467262008662626613e+05
3.485034743647911237e+05
3.503550420121882344e+05
3.522354746049754904e+05
3.540894173753911164e+05
3.558584432365794783e+05
3.574892845981160644e+05
3.589422723030882189e+05
3.601985552695780643e+05
3.612646708115636138e+05
3.621733333417344838e+05
3.629799039818227175e+05
3.637548140917754499e+05
3.645730777666812646e+05
3.655027244105405407e+05
3.665943061314891092e+05
3.678734673678552499e+05
3.693379280189511483e+05
3.709592896778482245e+05
3.726890769411230576e+05
3.744676231975708506e+05
3.762339775447708089e+05
3.779350039535975666e+05
3.795322089082967723e+05
3.810054352548505412e+05
3.823532353546638624e+05
3.835903399287665961e+05
3.847430707731683506e+05
3.858437634538327693e+05
3.869252766329262522e+05
3.880165028613648610e+05
3.891395047135722707e+05
3.903085233550835983e+05
3.915306951673210133e+05
3.928079380518941907e+05
3.941392252877184656e+05
3.955224380742734647e+05
3.969552129418821423e+05
3.984346218293181737e+05
3.999559965212299139e+05
4.015115535145691247e+05
4.030895529349779827e+05
4.046745115227205679e+05
4.062485875243420014e+05
4.077938420934752212e+05
4.092948201854415820e+05
4.107408553578614374e+05
4.121276476265053498e+05
4.134578843716812553e+05
4.147408709975669626e+05
4.159912717076837434e+05
4.172271543955512461e+05
4.184676254659412662e+05
4.197304310581301688e+05
4.210299400067503448e+05
4.223758480208644178e+05
4.237727389888522448e+05
4.252203788561640540e+05
4.267144265600983636e+05
4.282472287533712806e+05
4.298085261569004506e+05
4.313861309019712498e+05
4.329667753837429336e+05
4.345372748642578954e+05
4.360859094795073615e+05
4.376036662267987849e+05
4.390848801978168776e+05
4.405269906504716491e+05
4.419295350848933449e+05
4.432929455923084752e+05
4.446179359740318032e+05
4.459061078024891904e+05
4.471618724322305061e+05
4.483950879041570588e+05
4.496232526145923184e+05
4.508719546910593635e+05
4.521726607672146638e+05
4.535577397188866162e+05
4.550535789584249142e+05
4.566734202138000401e+05
4.584118436925309361e+05
4.602425590482308762e+05
4.621204113671872183e+05
4.639875190782960854e+05
4.657825096199905383e+05
4.674511297647242900e+05
4.689561899871007190e+05
4.702848656112784520e+05
4.714517846825195011e+05
4.724970431513091316e+05
4.734792509180321358e+05
4.744648120830119005e+05
4.755156503849410801e+05
4.766781832175703021e+05
4.779762223046129220e+05
4.794095218803653261e+05
4.809581044977378333e+05
4.825907689169721561e+05
4.842749471513462486e+05
4.859848080314128310e+05
4.877053110283049755e+05
4.894314722535234760e+05
4.911637998145245365e+05
4.929020576262350078e+05
4.946398448317321599e+05
4.963619288343486842e+05
4.980451610513631022e+05
4.996625898085803492e+05
5.011894550555275055e+05
5.026093141743328306e+05
5.039186276539315586e+05
5.051286236034562462e+05
5.062640024420769769e+05
5.073588609304628917e+05
5.084509206984475022e+05
5.095755561110823182e+05
5.107610932146029081e+05
5.120263739060388762e+05
5.133807863299375167e+05
5.148261333013756666e+05
5.163591665526872384e+05
5.179735775601567002e+05
5.196607141839832184e+05
5.214090618463419378e+05
5.232032268278691918e+05
5.250234597779766191e+05
5.268465263378790114e+05
5.286480942560619442e+05
5.304060794461439364e+05
5.321039224850801984e+05
5.337327548458923120e+05
5.352918314829573501e+05
5.367872264419801068e+05
5.382293187678584363e+05
5.396298336422720458e+05
5.409991267970456975e+05
5.423441547256696504e+05
5.436673624981931644e+05
5.449666650721856859e+05
5.462367468441165984e+05
5.474718660923998104e+05
5.486700319524218794e+05
5.498377978554484434e+05
5.509942226532720961e+05
5.521722065191753209e+05
5.534157825807097834e+05
5.547730995331942104e+05
5.562864014128365088e+05
5.579816327764481539e+05
5.598607302316513378e+05
5.618989396165172802e+05
5.640478966089549940e+05
5.662434112340888241e+05
5.684156442165707704e+05
5.704990825462040957e+05
5.724403509406452067e+05
5.742029855041125556e+05
5.757692991285993485e+05
5.771400298806047067e+05
5.783325436438802863e+05
5.793781571478660917e+05
5.803189030308754882e+05
5.812039152477832977e+05
5.820855721545716515e+05
5.830155308478416409e+05
5.840407823089414742e+05
5.851998765358008677e+05
5.865195524399370188e+05
5.880121500463159755e+05
5.896742952769555850e+05
5.914873092810724629e+05
5.934195361139877932e+05
5.954303521066092653e+05
5.974751751273398986e+05
5.995105237421091879e+05
6.014982104044859298e+05
6.034080821152521530e+05
6.052192092382150004e+05
6.069198670018557459e+05
6.085068822646995541e+05
6.099848619294490200e+05
6.113655394802412484e+05
6.126671296570478007e+05
6.139133488630482461e+05
6.151317619757582434e+05
6.163513597443161998e+05
6.175996367194291670e+05
6.188997374158691382e+05
6.202682976321489550e+05
6.217143716609677067e+05
6.232394087784844451e+05
6.248378543679662980e+05
6.264978425441645086e+05
6.282017205533653032e+05
6.299266705684235785e+05
6.316461421872172505e+05
6.333328200037218630e+05
6.349632661257432774e+05
6.365233901884191437e+05
6.380130112738600001e+05
6.394475503366600024e+05
6.408556194802839309e+05
6.422727533838729141e+05
6.437331062518266262e+05
6.452618289797751931e+05
6.468705529585587792e+05
6.485570337932610419e+05
6.503082141046865145e+05
6.521046460363514489e+05
6.539240247787428088e+05
6.557425829179458087e+05
6.575347109603246208e+05
6.592725040883033071e+05
6.609272386967741186e+05
6.624738467661692994e+05
6.638977281622033333e+05
6.652015971815071534e+05
6.664093656889277045e+05
6.675647414699050132e+05
6.687240312577660661e+05
6.699448055187776918e+05
6.712736648349560564e+05
6.727366894062116044e+05
6.743351762369659264e+05
6.760474681671253638e+05
6.778358363099955022e+05
6.796561615881586913e+05
6.814678405453817686e+05
6.832417510925707174e+05
6.849648642373221228e+05
6.866408462575792801e+05
6.882866616311878897e+05
6.899258503238307312e+05
6.915798972949900199e+05
6.932598268772911979e+05
6.949605130806167144e+05
6.966598329835899640e+05
6.983235673872114858e+05
6.999151408345063683e+05
7.014075242433383828e+05
7.027936274489653297e+05
7.040917628620353062e+05
7.053442413519414840e+05
7.066093295247713104e+05
7.079488326302758651e+05
7.094147256816645386e+05
7.110381883207226638e+05
7.128232810753082158e+05
7.147459158924579388e+05
7.167574202822712250e+05
7.187913508231465239e+05
7.207723255356001901e+05
7.226261439666382503e+05
7.242907898992212722e+05
7.257276555624408647e+05
7.269314960569282994e+05
7.279366893276204355e+05
7.288170542969850358e+05
7.296773324764659628e+05
7.306365142748050857e+05
7.318058821419021115e+05
7.332668794679838466e+05
7.350546349667180330e+05
7.371516523386113113e+05
7.394931496500474168e+05
7.419819244065923849e+05
7.445078672364368103e+05
7.469664424821063876e+05
7.492718192536265124e+05
7.513631103536152514e+05
7.532049951188520063e+05
7.547855861487380462e+05
7.561141896842219867e+05
7.572200114434126299e+05
7.581509735492545879e+05
7.589707933015362360e+05
7.597529124073080020e+05
7.605714669191463618e+05
7.614912948455469450e+05
