6.102963483475862304e+05
6.088348532506462652e+05
6.076716078427633038e+05
6.067636545936041512e+05
6.060435765388343716e+05
6.054301991444411688e+05
6.048395022345898906e+05
6.041939377644468332e+05
6.034292204489805736e+05
6.024985959286681609e+05
6.013751936483996687e+05
6.000531186919804895e+05
5.985475008721089689e+05
5.968931300938299391e+05
5.951409800073601073e+05
5.933521372571229003e+05
5.915893998550359393e+05
5.899077759665759513e+05
5.883458435460524634e+05
5.869200362466648221e+05
5.856232802282457706e+05
5.844282239453479415e+05
5.832940185222610598e+05
5.821747026022881037e+05
5.810270434430802707e+05
5.798162158926298143e+05
5.785186993753245333e+05
5.771228017551590456e+05
5.756278549071806483e+05
5.740431464262881782e+05
5.723871293210688746e+05
5.706867217774722958e+05
5.689760025493158028e+05
5.672936273844863754e+05
5.656788449681062484e+05
5.641667694751649396e+05
5.627841066855072277e+05
5.615464720721434569e+05
5.604577501785774948e+05
5.595109702313389862e+05
5.586894673145060660e+05
5.579671167593585560e+05
5.573072503528397065e+05
5.566611052475094330e+05
5.559676517637525685e+05
5.551567860435118200e+05
5.541569431768198265e+05
5.529065017551688943e+05
5.513666185147227952e+05
5.495321093189923558e+05
5.474371311193532310e+05
5.451536731731579639e+05
5.427827522191415774e+05
5.404400566814086633e+05
5.382390349974685814e+05
5.362747988225145964e+05
5.346117509203426307e+05
5.332767989236336434e+05
5.322587089072676608e+05
5.315129042603546986e+05
5.309700877479104092e+05
5.305466360350716859e+05
5.301548408577212831e+05
5.297116450140370289e+05
5.291452935550843831e+05
5.283999811903368682e+05
5.274388928387667984e+05
5.262459592597327428e+05
5.248263394768448779e+05
5.232053587386117433e+05
5.214255944365490577e+05
5.195420731759913615e+05
5.176160032140777330e+05
5.157079024393772124e+05
5.138711983263290022e+05
5.121472874630376464e+05
5.105626906824865728e+05
5.091284528009897331e+05
5.078414614989387919e+05
5.066870191909855930e+05
5.056418705961591913e+05
5.046769944478076650e+05
5.037597831763863796e+05
5.028556659927875735e+05
5.019296204008072964e+05
5.009481811938363244e+05
4.998823664511268726e+05
4.987114142336177756e+05
4.974265638030152186e+05
4.960336499076822074e+05
4.945533098726544995e+05
4.930182274712825892e+05
4.914678481264141155e+05
4.899419484852596070e+05
4.884748541867229505e+05
4.870917323400336318e+05
4.858073941068941494e+05
4.846269249480587896e+05
4.835468019494463224e+05
4.825553117662127479e+05
4.816319597007484408e+05
4.807466628112023463e+05
4.798602086216171156e+05
4.789273077443022048e+05
4.779025953533909633e+05
4.767486048354812665e+05
4.754436978181773447e+05
4.739876816368874861e+05
4.724034699224059586e+05
4.707343214144967496e+05
4.690373961870858911e+05
4.673751502651576884e+05
4.658062852863647859e+05
4.643777079650532687e+05
4.631185024259411148e+05
4.620364928839117638e+05
4.611176376968321274e+05
4.603281932907170849e+05
4.596192575353225111e+05
4.589329690425941953e+05
4.582094009334385046e+05
4.573931395260192221e+05
4.564386899160373723e+05
4.553141185408992460e+05
4.540026208875729353e+05
4.525019441152209765e+05
4.508218371479407651e+05
4.489800063130132039e+05
4.469974130640485673e+05
4.448940332963247201e+05
4.426862100118300878e+05
4.403863380693122162e+05
4.380048661496549030e+05
4.355537346934025991e+05
4.330497429159729509e+05
4.305162443540859967e+05
4.279820933052743203e+05
4.254777373214639374e+05
4.230294271222558455e+05
4.206533106271468569e+05
4.183514119716137648e+05
4.161110803693525959e+05
4.139085455158264958e+05
4.117160169653908233e+05
4.095106758001590497e+05
4.072832653551236726e+05
4.050440016683433787e+05
4.028241948226411478e+05
4.006730817254825961e+05
3.986505568927950226e+05
3.968173853079478140e+05
3.952248686939508771e+05
3.939058101916334708e+05
3.928681594291641377e+05
3.920921518823295482e+05
3.915312370806671679e+05
3.911166410193836782e+05
3.907649704909076681e+05
3.903878138354039402e+05
3.899019068897648249e+05
3.892382853798281285e+05
3.883490779823502526e+05
3.872111946590641164e+05
3.858269250190883758e+05
3.842220710568522918e+05
3.824424580604282091e+05
3.805494720019567758e+05
3.786148681240947335e+05
3.767147956800240790e+05
3.749230135969920084e+05
3.733036352883173968e+05
3.719042239740250516e+05
3.707503655884793261e+05
3.698427710256639984e+05
3.691575020421678782e+05
3.686492606210074155e+05
3.682570837025142973e+05
3.679114306978411041e+05
3.675415873327574227e+05
3.670824629184055957e+05
3.664801132486765273e+05
3.656955930818289635e+05
3.647070005674866843e+05
3.635098190849531093e+05
3.621158739111725590e+05
3.605513552510416484e+05
3.588543607622178388e+05
3.570722615086807054e+05
3.552589449337629485e+05
3.534717480598608381e+05
3.517677913178505260e+05
3.501995409634212265e+05
3.488097563865025877e+05
3.476264057180655655e+05
3.466584798138730694e+05
3.458937257977018016e+05
3.452990665634633042e+05
3.448239206694053719e+05
3.444059707460548962e+05
3.439783918314194307e+05
3.434773355322431889e+05
3.428486146146410611e+05
3.420529186547360150e+05
3.410692909947403823e+05
3.398968200964307762e+05
3.385544982952359132e+05
3.370790983092082897e+05
3.355209173876839341e+05
3.339374923816860537e+05
3.323858865240172017e+05
3.309147060163678834e+05
3.295573529881701688e+05
3.283279490416711196e+05
3.272208281996041769e+05
3.262136537144209142e+05
3.252733416823301231e+05
3.243633614245271892e+05
3.234508010984510765e+05
3.225118396356041776e+05
3.215348058152695885e+05
3.205206161688237917e+05
3.194808792595865089e+05
3.184342480886501726e+05
3.174017197486810037e+05
3.164016120716882288e+05
3.154449711125207250e+05
3.145321905481202994e+05
3.136515830163705978e+05
3.127804293252599891e+05
3.118885870269927545e+05
3.109441217227048473e+05
3.099198119107077364e+05
3.087990093661510618e+05
3.075793986293105409e+05
3.062737247183182044e+05
3.049073912525956985e+05
3.035136794600005960e+05
3.021278980209563160e+05
3.007818638979441603e+05
2.994997568495634478e+05
2.982957902528330451e+05
2.971735795766884112e+05
2.961267853617662913e+05
2.951406146106002270e+05
2.941939656728476402e+05
2.932621904447067063e+05
2.923204537844554870e+05
2.913474567145225592e+05
2.903289704797668965e+05
2.892603977758397814e+05
2.881476017651195871e+05
2.870055710418258095e+05
2.858550263253913145e+05
2.847176361024400685e+05
2.836109011893456918e+05
2.825438712368052802e+05
2.815146544199191267e+05
2.805102513511018478e+05
2.795087103994338540e+05
2.784830932744816528e+05
2.774063633964251494e+05
2.762561387459047837e+05
2.750183213490442722e+05
2.736889166485471651e+05
2.722738206733561237e+05
2.707868597211742890e+05
2.692467669697379461e+05
2.676739458868544898e+05
2.660877508924138383e+05
2.645046682028010255e+05
2.629373544618507731e+05
2.613941725252152246e+05
2.598787913257636828e+05
2.583896169094829238e+05
2.569191914084388409e+05
2.554540446492974588e+05
2.539756153893275186e+05
2.524626710263122804e+05
2.508951856694298331e+05
2.492590621507876203e+05
2.475506437958494644e+05
2.457798566727766010e+05
2.439711217486959649e+05
2.421617801155510824e+05
2.403984524080333067e+05
2.387322392217985180e+05
2.372137779141014616e+05
2.358888863435867825e+05
2.347950119615762087e+05
2.339582410426630522e+05
2.333904610569877550e+05
2.330865083493748971e+05
2.330216551792005775e+05
2.331503049146043486e+05
2.334069508291281818e+05
2.337101287864154729e+05
2.339693181939036294e+05
2.340938106815341453e+05
2.340018611219874001e+05
2.336282626655922795e+05
2.329289207722339197e+05
2.318818623802592338e+05
2.304850699802583549e+05
2.287522430274432991e+05
2.267078662903936638e+05
2.243828031770766538e+05
2.218111790798098664e+05
2.190287797723108670e+05
2.160727360573275946e+05
2.129819945387266926e+05
2.097980045871683396e+05
2.065651473535483819e+05
2.033306261252512923e+05
2.001437462509252073e+05
1.970546612496974703e+05
1.941127071634847089e+05
1.913644045032573631e+05
1.888511469267898356e+05
1.866066071598000999e+05
1.846540227234660997e+05
1.830037429145135684e+05
1.816516131453003327e+05
1.805788123374338611e+05
1.797535690847924852e+05
1.791347921068253927e+05
1.786771831189613149e+05
1.783370133199086122e+05
1.780775604898663005e+05
1.778732666595213523e+05
1.777119529808211373e+05
1.775948361791611242e+05
1.775345306436230312e+05
1.775515967749803385e+05
1.776704288118904224e+05
1.779153077869052358e+05
1.783072627434153983e+05
1.788620290506977180e+05
1.795889695393271104e+05
1.804904716429961845e+05
1.815611821853993461e+05
1.827865614999359241e+05
1.841406069963587506e+05
1.855830953740475525e+05
1.870571461686156108e+05
1.884881435549171001e+05
1.897849616703351203e+05
1.908440245029036887e+05
1.915561110416415613e+05
1.918151785877218936e+05
1.915280121917845972e+05
1.906233368102970126e+05
1.890591620711471187e+05
1.868274788494566455e+05
1.839558568466385186e+05
1.805058877362587664e+05
1.765687278368607222e+05
1.722582299549170421e+05
1.677023535483845044e+05
1.630337211401253007e+05
1.583803160746742797e+05
1.538573287727024581e+05
1.495610008564172895e+05
1.455649850340812409e+05
1.419192977374474576e+05
1.386515061573814310e+05
1.357694838934381842e+05
1.332649714482738927e+05
1.311172977495887317e+05
1.292968887587086065e+05
1.277684903913915477e+05
1.264942412832566188e+05
1.254367643743106019e+05
1.245622976429430564e+05
1.238436260532193701e+05
1.232623348261223873e+05
1.228098084473631025e+05
1.224865291764643189e+05
1.222995721247013571e+05
1.222586463658738066e+05
1.223714314274644130e+05
1.226391533546019928e+05
1.230532577129599085e+05
1.235937034536314750e+05
1.242289535373061808e+05
1.249173448548032757e+05
1.256093124577378330e+05
1.262499617278291407e+05
1.267816707178302458e+05
1.271466499622580595e+05
1.272895749544826831e+05
1.271604671489107277e+05
1.267179193087172462e+05
1.259325713516066462e+05
1.247905004345510824e+05
1.232959649744109629e+05
1.214728158434241923e+05
1.193639335470078659e+05
1.170283103949312208e+05
1.145358501566312043e+05
1.119605040205617843e+05
1.093728417192226043e+05
1.068334067305653880e+05
1.043881203030215838e+05
1.020665784008937335e+05
9.988342997186147841e+04
9.784230407236817700e+04
9.594115354983058933e+04
9.417755883026146330e+04
9.255257632271393959e+04
9.107212606257300649e+04
8.974560293941631971e+04
8.858219120304762328e+04
8.758604009375539317e+04
8.675181110111915041e+04
8.606201505465294758e+04
8.548704261442083225e+04
8.498802113423759874e+04
8.452185583230799239e+04
8.404727411324961577e+04
8.353052814242792374e+04
8.294961895065943827e+04
8.229636130802874686e+04
8.157613617973748478e+04
8.080562512311324826e+04
8.000910908994496276e+04
7.921403885292171617e+04
7.844658624171352130e+04
7.772780953545053490e+04
7.707093684140291589e+04
7.648009094052380533e+04
7.595054793095524656e+04
7.547035897294414463e+04
7.502291668295170530e+04
7.458988011761555390e+04
7.415384116175533563e+04
7.370023965351196239e+04
7.321828164771955926e+04
7.270090760615030013e+04
7.214410258499317570e+04
7.154596700461125874e+04
7.090594890953927825e+04
7.022450144744185673e+04
6.950323095868447854e+04
6.874540820223283663e+04
6.795658163454501482e+04
6.714498801567108603e+04
6.632150830383953871e+04
6.549904973789391079e+04
6.469141180694304057e+04
6.391186259612225695e+04
6.317175727035480668e+04
6.247953194556183735e+04
6.184029752935261058e+04
6.125607431313791312e+04
6.072651483346692839e+04
6.024982990641023935e+04
5.982360589714198431e+04
5.944528246370294073e+04
5.911221082308063342e+04
5.882137382608307234e+04
5.856896654503780155e+04
5.835007889336650260e+04
5.815868697818553483e+04
5.798806458379875403e+04
5.783159675450368377e+04
5.768384276218784362e+04
5.754158624279192736e+04
5.740455796665209346e+04
5.727554993946064496e+04
5.715977105157383630e+04
5.706350794006737124e+04
5.699239898958207050e+04
5.694982795311274094e+04
5.693601880995799002e+04
5.694831715054745291e+04
5.698288191224581533e+04
5.703765236597837065e+04
5.711611179718064523e+04
5.723116326565844793e+04
5.740844904743575171e+04
5.768869049857067876e+04
5.812900649752464960e+04
5.880350590508873574e+04
5.980352471615614195e+04
6.123752172037513083e+04
6.322983785201753199e+04
6.591647902365533810e+04
6.943526689048933622e+04
7.390773742688752827e+04
7.941159862293901097e+04
8.594554078037443105e+04
9.339221293708203302e+04
1.014889876799861231e+05
1.098180265259352891e+05
1.178255912081532879e+05
1.248749349667657225e+05
1.303283891591585998e+05
1.336448976377024956e+05
1.344725079943346500e+05
1.327140147240909864e+05
1.285491645049115468e+05
1.224073238092981628e+05
1.148970072896105412e+05
1.067091264895694330e+05
9.851600017136926181e+04
9.088684041892891400e+04
8.423369045247323811e+04
7.879241512947468436e+04
7.463455105096228363e+04
7.170005320844534435e+04
6.983919342111390142e+04
6.885354937504169357e+04
6.852969882398923801e+04
6.866322200655342021e+04
6.907364798361055728e+04
6.961250060343212681e+04
7.016673174306290457e+04
7.065912618800760538e+04
7.104638089590500749e+04
7.131499604119521973e+04
7.147506256433513772e+04
7.155239527329869452e+04
7.157996548594282649e+04
7.158992942450009286e+04
7.160752980332443258e+04
7.164774156867414422e+04
7.171487241830452695e+04
7.180463868609433121e+04
7.190773792684098589e+04
7.201376767550154182e+04
7.211450751896023576e+04
7.220598479446372949e+04
7.228921233918660437e+04
7.236985292785549245e+04
7.245723002328016446e+04
7.256306824598886305e+04
7.270019550811547379e+04
7.288129174569497991e+04
7.311771478206252505e+04
7.341848424133041408e+04
7.378959597829893755e+04
7.423387671959123691e+04
7.475150561566289980e+04
7.534113229384308215e+04
7.600128708431514679e+04
7.673161540779654752e+04
7.753345603708495037e+04
7.840943972428335110e+04
7.936206238187220879e+04
8.039149907401001838e+04
8.149318256210605614e+04
8.265580656271835323e+04
8.386039296118398488e+04
8.508087663010640244e+04
8.628633378444331174e+04
8.744456888893025462e+04
8.852637921530459425e+04
8.950955801832796715e+04
9.038168600520092878e+04
9.114104068801873655e+04
9.179546661633173062e+04
9.235963949029029754e+04
9.285162016125094669e+04
9.328976366170805704e+04
9.369086791147523036e+04
9.406999769957365061e+04
9.444188151654371177e+04
9.482334691570459108e+04
9.523606083378977200e+04
9.570888927809767483e+04
9.627940256726958614e+04
9.699430210103443824e+04
9.790872701581637375e+04
9.908446805214561755e+04
1.005870892956746247e+05
1.024818968927405367e+05
1.048286724719946942e+05
1.076751725882029132e+05
1.110496192053654231e+05
1.149527591717964824e+05
1.193504847578380432e+05
1.241683613613963098e+05
1.292895561829299259e+05
1.345574815372847079e+05
1.397839143702781585e+05
1.447624924645194842e+05
1.492864785445168964e+05
1.531687407680026663e+05
1.562612339844635862e+05
1.584710438710393209e+05
1.597703634879073943e+05
1.601986076577508065e+05
1.598561329048760817e+05
1.588905093870870769e+05
1.574776826797161484e+05
1.558013269399229612e+05
1.540339483344255714e+05
1.523227410040234099e+05
1.507819567791987502e+05
1.494919705414800555e+05
1.485037561019654677e+05
1.478465268142782152e+05
1.475360407591447583e+05
1.475814752882788016e+05
1.479895970089006296e+05
1.487658731982595928e+05
1.499129253613750916e+05
1.514271841451430228e+05
1.532947744673728012e+05
1.554876340127757285e+05
1.579607537849859800e+05
1.606512880660433439e+05
1.634801079542481166e+05
1.663561126868212305e+05
1.691832080764853163e+05
1.718693083756333508e+05
1.743361109088970115e+05
1.765279215692269499e+05
1.784176973894630792e+05
1.800088716816334345e+05
1.813324165991446644e+05
1.824397482257123920e+05
1.833931192740712431e+05
1.842557096401003073e+05
1.850835180321544467e+05
1.859204373736983107e+05
1.867968476752564311e+05
1.877310635941335349e+05
1.887323464453929046e+05
1.898040722439266683e+05
1.909459822167928214e+05
1.921550383115875011e+05
1.934250316365246254e+05
1.947455559299285815e+05
1.961011541656466143e+05
1.974713567373967380e+05
1.988320113160299952e+05
2.001578664335003705e+05
2.014259473171104910e+05
2.026189803689982800e+05
2.037280660536537762e+05
2.047539822989560198e+05
2.057068581757467182e+05
2.066043715416326595e+05
2.074689635496857809e+05
2.083247315028219891e+05
2.091946286481230345e+05
2.100984015501140675e+05
2.110514140827553056e+05
2.120642358384851250e+05
2.131426903148214042e+05
2.142880105519581994e+05
2.154968432204822311e+05
2.167610419120932929e+05
2.180674261623840430e+05
2.193978637680439861e+05
2.207300772130408732e+05
2.220394393932884850e+05
2.233017351627720345e+05
2.244965159839762200e+05
2.256103931534524017e+05
2.266395133767131774e+05
2.275905888858513208e+05
2.284801790356475976e+05
2.293323384393932647e+05
2.301751278293884243e+05
2.310367179879092437e+05
2.319418482274746057e+05
2.329092363463443471e+05
2.339502366565201373e+05
2.350686981521537527e+05
2.362616863352824003e+05
2.375205848204903887e+05
2.388321319974912331e+05
2.401791579595943913e+05
2.415410847507347644e+05
2.428945108400520403e+05
2.442142956979852170e+05
2.454754332758608507e+05
2.466556945054658863e+05
2.477386568146494974e+05
2.487164805303726462e+05
2.495917491882051399e+05
2.503778777592934493e+05
2.510979289886056795e+05
2.517820361017288815e+05
2.524638992232601740e+05
2.531769492759033456e+05
2.539507620005718782e+05
2.548081936916877166e+05
2.557635411936079036e+05
2.568218360604929912e+05
2.579791970387375914e+05
2.592240174308666901e+05
2.605386813176082214e+05
2.619014958760799782e+05
2.632885848972660606e+05
2.646755845006495365e+05
2.660390874145177077e+05
2.673578739284407930e+05
2.686140250286069931e+05
2.697940142270996585e+05
2.708898048947326606e+05
2.718998549113241024e+05
2.728298099066935247e+05
2.736926369515541010e+05
2.745080728805680992e+05
2.753015117358239950e+05
2.761027097874348401e+05
2.769447731330728275e+05
2.778636980355586857e+05
2.788982927635599626e+05
2.800898195380280376e+05
2.814804315985416179e+05
2.831096520931421546e+05
2.850087682043432724e+05
2.871938967236372409e+05
2.896592790662096813e+05
2.923727558237171615e+05
2.952751698138400097e+05
2.982846776969978237e+05
3.013058223144448129e+05
3.042420361390222097e+05
3.070093138301441795e+05
3.095483380585056148e+05
3.118324872899667826e+05
3.138698964204909862e+05
3.156989580027384800e+05
3.173781033360913279e+05
3.189720585131181288e+05
3.205376730473585194e+05
3.221125820009304443e+05
3.237092788724897546e+05
3.253157843519112794e+05
3.269023674417707953e+05
3.284322114645545371e+05
3.298729829185593408e+05
3.312062220915921498e+05
3.324323056386529352e+05
3.335701322821429931e+05
3.346521924309895257e+05
3.357168445812950376e+05
3.368001328652524389e+05
3.379292711037541158e+05
3.391191445134952664e+05
3.403721427066835458e+05
3.416806738380406750e+05
3.430310884098476381e+05
3.444075954830730334e+05
3.457950614364797948e+05
3.471801881431429065e+05
3.485512452767535578e+05
3.498970516859479831e+05
3.512061053267247626e+05
3.524666099970990908e+05
3.536677244200038258e+05
3.548018361049995292e+05
3.558672291091657826e+05
3.568703115757392370e+05
3.578266432083454565e+05
3.587603063167649088e+05
3.597015836463050218e+05
3.606833102382872021e+05
3.617365472002922324e+05
3.628863255755068967e+05
3.641481314444894670e+05
3.655256030988363782e+05
3.670096688369082985e+05
3.685791447571916506e+05
3.702026748032259056e+05
3.718418211765125743e+05
3.734550594787867740e+05
3.750023572248704149e+05
3.764499070996665396e+05
3.777744804032511893e+05
3.789668168648458086e+05
3.800335164441498928e+05
3.809970499255820760e+05
3.818937248708388070e+05
3.827696899551303359e+05
3.836753116727779270e+05
3.846585138237214414e+05
3.857579289280677331e+05
3.869969278049176792e+05
3.883796727317584446e+05
3.898901672422993579e+05
3.914947908214288182e+05
3.931480659486310324e+05
3.948005958771181758e+05
3.964074970222371630e+05
3.979354620493432740e+05
3.993669263253880781e+05
4.007005850637227995e+05
4.019484812526465394e+05
4.031307552879868890e+05
4.042696668573578354e+05
4.053845472714573843e+05
4.064889415535038570e+05
4.075904910190638620e+05
4.086932810472470010e+05
4.098016368387714610e+05
4.109238765132864355e+05
4.120744714255811996e+05
4.132734881070235861e+05
4.145430377600343199e+05
4.159015188531449530e+05
4.173573532827702002e+05
4.189043139778089244e+05
4.205201970418224810e+05
4.221695666457371553e+05
4.238099624384472845e+05
4.253998375922906562e+05
4.269060401272649760e+05
4.283090068965140963e+05
4.296047796569812926e+05
4.308040006849293713e+05
4.319287412014537258e+05
4.330081589987179032e+05
4.340737153523961897e+05
4.351543663152790396e+05
4.362721002853460377e+05
4.374384747831809800e+05
4.386531444734249962e+05
4.399053522827072302e+05
4.411786981495807995e+05
4.424583022154258215e+05
4.437382350652592722e+05
4.450264609214958618e+05
4.463450003722425899e+05
4.477245468753350433e+05
4.491948065050267614e+05
4.507735193098745076e+05
4.524577306056667003e+05
4.542201624043674092e+05
4.560118336369327153e+05
4.577701340727804345e+05
4.594301232169601135e+05
4.609363129958022037e+05
4.622525409726166981e+05
4.633683545308455359e+05
4.643011683633439243e+05
4.650940967465820140e+05
4.658098354618482990e+05
4.665214437306796317e+05
4.673014383777855546e+05
4.682111319460688392e+05
4.692923318725568824e+05
4.705631093314916943e+05
4.720183239670595503e+05
4.736342530219949549e+05
4.753755274248487549e+05
4.772020963248647749e+05
4.790743236641316907e+05
4.809553821046450175e+05
4.828113688312394079e+05
4.846104724266597768e+05
4.863227055128522916e+05
4.879211663639678736e+05
4.893848223162469221e+05
4.907019043473362690e+05
4.918725822680331767e+05
4.929098125810864149e+05
4.938379652278923313e+05
4.946896788107819739e+05
4.955019815078764223e+05
4.963128174039687146e+05
4.971587440671942895e+05
4.980739249025433091e+05
4.990899159806112875e+05
5.002353793906115461e+05
5.015348574691513786e+05
5.030060987131829024e+05
5.046560280626059393e+05
5.064761391825322062e+05
5.084386617489528144e+05
5.104951202406170196e+05
5.125786845766384504e+05
5.146109580911230296e+05
5.165126770875264774e+05
5.182165271923888358e+05
5.196793479722506600e+05
5.208907818428596365e+05
5.218760848729065619e+05
5.226921983746188926e+05
5.234178550456438679e+05
5.241399347283183597e+05
5.249390700323896017e+05
5.258774585316010052e+05
5.269910710955009563e+05
5.282872566961903358e+05
5.297474976185659179e+05
5.313340730433221906e+05
5.329988238103643525e+05
5.346921150790252723e+05
5.363703888134849258e+05
5.380012396765990416e+05
5.395655793798762606e+05
5.410570515126647661e+05
5.424793459746333538e+05
5.438423977367477491e+05
5.451586008601838257e+05
5.464400775372848148e+05
5.476976798206781968e+05
5.489418028575743083e+05
5.501843958895510295e+05
5.514410066891931929e+05
5.527315286338885780e+05
5.540786664336299291e+05
5.555039271658150246e+05
5.570219129030988552e+05
5.586344789772451622e+05
5.603266201803112635e+05
5.620656292033576174e+05
5.638042395363561809e+05
5.654874016717690974e+05
5.670613922554147430e+05
5.684833957605133764e+05
5.697296397826222237e+05
5.708005435286426218e+05
5.717219752744046273e+05
5.725424160391419427e+05
5.733264694828604115e+05
5.741457030338871991e+05
5.750682479350807844e+05
5.761488852517518681e+05
5.774213958387001185e+05
5.788946343163001584e+05
5.805530626893023727e+05
5.823614714252859121e+05
5.842726018481384963e+05
5.862356950795539888e+05
5.882038736920923693e+05
5.901387631420138059e+05
5.920117169877691194e+05
5.938021097579414491e+05
5.954940535698407330e+05
5.970733030345367733e+05
5.985259164318792755e+05
5.998395083538201870e+05
6.010069010824015131e+05
6.020310013689992484e+05
6.029291297289216891e+05
6.037350212683480931e+05
6.044973132923085941e+05
6.052743476087002782e+05
6.061262223061447730e+05
6.071058783640034962e+05
6.082513298108614981e+05
6.095808326700094622e+05
6.110919295253138989e+05
6.127641825653717387e+05
6.145644059407511959e+05
6.164526861726464704e+05
6.183876126729852986e+05
6.203298284324198030e+05
6.222439078671002062e+05
6.240992458449351834e+05
6.258708041968791513e+05
6.275402001462379703e+05
6.290970054897207301e+05
6.305396444671807112e+05
6.318752163110875990e+05
6.331179533449672163e+05
6.342866292296134634e+05
6.354017123274316546e+05
6.364831524672637461e+05
6.375493468619794585e+05
6.386172343718835618e+05
6.397029279462058330e+05
6.408220931724881520e+05
6.419895234735232079e+05
6.432179240305951098e+05
6.445164919871762395e+05
6.458901340916360496e+05
6.473399078482495388e+05
6.488645913937222213e+05
6.504625210143220611e+05
6.521324236644547200e+05
6.538722218006792245e+05
6.556756856933658710e+05
6.575279886294283206e+05
6.594021202818544116e+05
6.612582434480376542e+05
6.630472743126406567e+05
6.647184894945151173e+05
6.662294063409798546e+05
6.675552077416456304e+05
6.686950192524774466e+05
6.696733890200802125e+05
6.705369192092226585e+05
6.713474548011753941e+05
6.721739353591104737e+05
6.730847238435713807e+05
6.741412161791886901e+05
6.753924491774277994e+05
6.768699327391652623e+05
6.785823530305401655e+05
6.805108903695698828e+05
6.826069831894133240e+05
6.847946844024768798e+05
6.869788972577623790e+05
