2.739001180024725036e+05
2.724664906411847332e+05
2.710009730725053814e+05
2.695885945169297047e+05
2.683066469848282286e+05
2.672168596317318152e+05
2.663602033854741603e+05
2.657544549587605288e+05
2.653941414624198223e+05
2.652522975892996765e+05
2.652835656934845611e+05
2.654283912415712257e+05
2.656182186417807825e+05
2.657815574279188877e+05
2.658505759539887658e+05
2.657676065518332762e+05
2.654907656961350003e+05
2.649979131658711703e+05
2.642884088136267383e+05
2.633824941984511097e+05
2.623185010724827298e+05
2.611483577670431696e+05
2.599319816717538633e+05
2.587311413492579595e+05
2.576033206316341239e+05
2.565960861009851797e+05
2.557424634257611178e+05
2.550578228275221481e+05
2.545386899035457755e+05
2.541636930538199376e+05
2.538965558376021218e+05
2.536907266874469351e+05
2.534950130081012903e+05
2.532595160285711463e+05
2.529412360914225865e+05
2.525088591553827573e+05
2.519463527634443308e+05
2.512550469379654096e+05
2.504538816493506311e+05
2.495775538213728869e+05
2.486724777251191845e+05
2.477908041005608393e+05
2.469831573737127183e+05
2.462911160522728460e+05
2.457406462622444087e+05
2.453376272123670205e+05
2.450662878983203263e+05
2.448908834876607871e+05
2.447603878933461965e+05
2.446154760036324442e+05
2.443967046210094122e+05
2.440526355243064172e+05
2.435467004241182876e+05
2.428618656445922970e+05
2.420025520704039081e+05
2.409937158411185083e+05
2.398774112097286270e+05
2.387074760040732508e+05
2.375431687495046644e+05
2.364426327863364131e+05
2.354569688796837872e+05
2.346254853799394332e+05
2.339724175732977455e+05
2.335051515866071859e+05
2.332138425013885717e+05
2.330723219569020439e+05
2.330402987297219806e+05
2.330669373141936958e+05
2.330958145037914510e+05
2.330709485310266900e+05
2.329431621389242064e+05
2.326756935712546692e+05
2.322479323031397653e+05
2.316565300209130510e+05
2.309138222142760642e+05
2.300442258423171297e+05
2.290797524171917757e+05
2.280558100000033446e+05
2.270080847942347755e+05
2.259706981027460424e+05
2.249752983176962589e+05
2.240504719984209223e+05
2.232208966350088012e+05
2.225059268726787122e+05
2.219176601578688133e+05
2.214588397781360545e+05
2.211211518312190310e+05
2.208845300248154090e+05
2.207179843752007582e+05
2.205822090229321038e+05
2.204338249603600125e+05
2.202306647509134782e+05
2.199371589686500374e+05
2.195287911642414692e+05
2.189948170856811630e+05
2.183389182013926329e+05
2.175779801574230660e+05
2.167395324591036479e+05
2.158584369774888037e+05
2.149732209006526100e+05
2.141222020793574338e+05
2.133394562829037022e+05
2.126508176371810841e+05
2.120704013418296818e+05
2.115983803025977977e+05
2.112207240738590190e+05
2.109112411107924709e+05
2.106356642087177897e+05
2.103569327396423905e+05
2.100405118943078560e+05
2.096586815438148333e+05
2.091931668079016381e+05
2.086360543920575874e+05
2.079893888549680414e+05
2.072640074945659144e+05
2.064780517341686937e+05
2.056553297743324074e+05
2.048234882132503553e+05
2.040119007564469648e+05
2.032492942925002426e+05
2.025612968593579717e+05
2.019681798635626328e+05
2.014830191803422058e+05
2.011103614185599436e+05
2.008453643009318621e+05
2.006733807296081504e+05
2.005700863283609797e+05
2.005024214789375255e+05
2.004306914637095761e+05
2.003120347274990927e+05
2.001051227337101009e+05
1.997755059145055420e+05
1.993006521110500616e+05
1.986736097465931089e+05
1.979044487505248107e+05
1.970191343523817777e+05
1.960561013333669398e+05
1.950613016617810354e+05
1.940827262175634096e+05
1.931653015551951539e+05
1.923467235505240387e+05
1.916543903007030603e+05
1.911033173892555060e+05
1.906948558192951023e+05
1.904161586413230689e+05
1.902405290726587118e+05
1.901288772522062063e+05
1.900324186953188619e+05
1.898964780297333491e+05
1.896649342341254232e+05
1.892846230786644446e+05
1.887090280085711856e+05
1.879008667950930540e+05
1.868336150616599480e+05
1.854924065777105279e+05
1.838749155611707247e+05
1.819926489111091068e+05
1.798725985120931291e+05
1.775586169900349923e+05
1.751114544583181560e+05
1.726063645469890907e+05
1.701276497779635829e+05
1.677603682669152913e+05
1.655803945506817836e+05
1.636447717732549936e+05
1.619845209303361189e+05
1.606016627262132242e+05
1.594712523792242282e+05
1.585480067698446219e+05
1.577759852199727320e+05
1.570991018537280033e+05
1.564701844491218217e+05
1.558568351673871512e+05
1.552432896072166623e+05
1.546285039957203553e+05
1.540215262673149991e+05
1.534356356221536116e+05
1.528827352936401439e+05
1.523691587903248146e+05
1.518935656632900645e+05
1.514471015163304401e+05
1.510155541035431088e+05
1.505828740307799308e+05
1.501351607986651070e+05
1.496640934594475839e+05
1.491688867342578305e+05
1.486562220906365546e+05
1.481381831732542196e+05
1.476288413551955891e+05
1.471405556497359357e+05
1.466810922991613916e+05
1.462523114578555396e+05
1.458505715016780305e+05
1.454684294229828520e+05
1.450968989658202336e+05
1.447275483923812862e+05
1.443539847534690343e+05
1.439725903793722682e+05
1.435825845487420156e+05
1.431855314320365142e+05
1.427843808349257451e+05
1.423821343493373424e+05
1.419803438931819401e+05
1.415778265324030654e+05
1.411700854603570479e+05
1.407498323471755139e+05
1.403086818392844580e+05
1.398396443342326093e+05
1.393396785427301365e+05
1.388114641509889916e+05
1.382637801342259045e+05
1.377103313626660965e+05
1.371673540917144273e+05
1.366506508445188811e+05
1.361727610828172765e+05
1.357408076701124082e+05
1.353553034371392569e+05
1.350099891023214441e+05
1.346926579780632455e+05
1.343868678723663324e+05
1.340743697466359008e+05
1.337379531845941674e+05
1.333642543386592297e+05
1.329459850184555980e+05
1.324831076474691799e+05
1.319827133079861815e+05
1.314576800160918210e+05
1.309244649436628242e+05
1.304005105878843315e+05
1.299016993966646987e+05
1.294401457273373380e+05
1.290224816798912943e+05
1.286487526026715641e+05
1.283120799993481487e+05
1.279992857873130852e+05
1.276925984508302354e+05
1.273723382704264222e+05
1.270201703764820413e+05
1.266222647140073241e+05
1.261716525201199402e+05
1.256692712549569260e+05
1.251235680702651298e+05
1.245489196451082535e+05
1.239633592770873220e+05
1.233861093185671489e+05
1.228352548840043019e+05
1.223257043352067703e+05
1.218674956741804053e+05
1.214645638810739183e+05
1.211142031033868698e+05
1.208074961933328159e+05
1.205308337863672787e+05
1.202683146914860990e+05
1.200044491991692339e+05
1.197263812190455064e+05
1.194249569968876167e+05
1.190944014239730313e+05
1.187309494240361382e+05
1.183312503748261661e+05
1.178914804760732950e+05
1.174077813078279287e+05
1.168780201073611825e+05
1.163042181164479698e+05
1.156946139571967797e+05
1.150643877879356151e+05
1.144345322978127224e+05
1.138290056422560156e+05
1.132708648355819314e+05
1.127783530412853579e+05
1.123618488694045227e+05
1.120222712819619483e+05
1.117511281175583281e+05
1.115320371057842422e+05
1.113433045716791967e+05
1.111610259605601459e+05
1.109621560231593758e+05
1.107270711962033092e+05
1.104413025995185162e+05
1.100963297029109672e+05
1.096895387686692120e+05
1.092235995695808670e+05
1.087055523524089222e+05
1.081458284246140392e+05
1.075573060944768658e+05
1.069544011453463463e+05
1.063521549284048524e+05
1.057653111941096286e+05
1.052074219083071803e+05
1.046900434885200375e+05
1.042220587235696003e+05
1.038091089162908756e+05
1.034530931608755054e+05
1.031517248184830678e+05
1.028982273664954264e+05
1.026813555400234909e+05
1.024859719446640520e+05
1.022943377998476353e+05
1.020880835910584428e+05
1.018505703601040150e+05
1.015691411910926254e+05
1.012367025188877160e+05
1.008522208385771082e+05
1.004200385676221631e+05
9.994828592516193748e+04
9.944694106238576933e+04
9.892615140681189951e+04
9.839525224503350910e+04
9.786258756317218649e+04
9.733590191243696609e+04
9.682287063251230575e+04
9.633133454769576201e+04
9.586897288859871333e+04
9.544238735762814758e+04
9.505577853322670853e+04
9.470951727926697640e+04
9.439895144355275261e+04
9.411377553395491850e+04
9.383825020496001525e+04
9.355247688404814107e+04
9.323477793857414508e+04
9.286499025233498833e+04
9.242818793028494110e+04
9.191809951385596651e+04
9.133938591851007368e+04
9.070807191709052131e+04
9.004977613257392659e+04
8.939588008678826736e+04
8.877827954049597611e+04
8.822372765227407217e+04
8.774890497858927120e+04
8.735720083259610692e+04
8.703780554546369240e+04
8.676719800401305838e+04
8.651260430773303960e+04
8.623663238824372820e+04
8.590214181923166325e+04
8.547650738966451900e+04
8.493472565578675130e+04
8.426118710547013325e+04
8.345026650135987438e+04
8.250607044184688129e+04
8.144168573182600085e+04
8.027813033850146167e+04
7.904301356432301691e+04
7.776877375062103965e+04
7.649035924190911464e+04
7.524236371989535110e+04
7.405585997959060478e+04
7.295539114954456454e+04
7.195667284998523246e+04
7.106548106501228176e+04
7.027796740896183474e+04
6.958233435541953077e+04
6.896151812797650928e+04
6.839634641109951190e+04
6.786859608945329092e+04
6.736346059907774907e+04
6.687110581631136301e+04
6.638719810207502451e+04
6.591248336926355842e+04
6.545164625500029069e+04
6.501175923833698471e+04
6.460063426037960744e+04
6.422532651455826272e+04
6.389094356121373130e+04
6.359982188356954430e+04
6.335107504571092431e+04
6.314049582374728197e+04
6.296078998573223362e+04
6.280210753612623375e+04
6.265280848583454645e+04
6.250036725372295041e+04
6.233230768518664263e+04
6.213708592217869591e+04
6.190489297112767235e+04
6.162840147439303837e+04
6.130349589334965276e+04
6.092998494604520965e+04
6.051221399368459970e+04
6.005941204447951168e+04
5.958556578898647422e+04
5.910863717936808098e+04
5.864903178857814783e+04
5.822736382080081239e+04
5.786172461793545517e+04
5.756481897640944226e+04
5.734145848619876051e+04
5.718695547898093355e+04
5.708690172190068552e+04
5.701861291465187969e+04
5.695418427971446363e+04
5.686470363966086006e+04
5.672482554432180041e+04
5.651675177732690645e+04
5.623277084412342083e+04
5.587586963025762816e+04
5.545843190247521852e+04
5.499950869034249627e+04
5.452142567848072213e+04
5.404650553444563411e+04
5.359446395543976541e+04
5.318071015462487412e+04
5.281549068138503208e+04
5.250365770499748760e+04
5.224483377871176344e+04
5.203382913473688677e+04
5.186126629700838384e+04
5.171442628000059631e+04
5.157834025923623994e+04
5.143712829745500494e+04
5.127554986302499310e+04
5.108067961183616717e+04
5.084354792034065758e+04
5.056049649917864008e+04
5.023393408660848945e+04
4.987219470917037688e+04
4.948834417887468589e+04
4.909803815902443603e+04
4.871682963596632908e+04
4.835753733350838593e+04
4.802831627582889632e+04
4.773188241541692696e+04
4.746599212788409204e+04
4.722489354079799523e+04
4.700119632132410334e+04
4.678754963375478110e+04
4.657768578849904588e+04
4.636669953139415884e+04
4.615075516078676446e+04
4.592661485778177303e+04
4.569138929865008686e+04
4.544273877861916117e+04
4.517948759019761201e+04
4.490237716814566375e+04
4.461457507231218915e+04
4.432161644328333205e+04
4.403064871552746627e+04
4.374909414734212623e+04
4.348304278852955758e+04
4.323577568697775860e+04
4.300678087887029687e+04
4.279149606183158176e+04
4.258184654248400329e+04
4.236749253966690594e+04
4.213757950644230004e+04
4.188270042508616461e+04
4.159672660331781663e+04
4.127815135507457308e+04
4.093064073900246149e+04
4.056261660535100964e+04
4.018590255786656780e+04
3.981369597030871228e+04
3.945831242151404876e+04
3.912921056691584090e+04
3.883171567869948194e+04
3.856665019441651384e+04
3.833082858635519369e+04
3.811816993146539608e+04
3.792108229971748369e+04
3.773178675043286057e+04
3.754334373670868808e+04
3.735027510157502547e+04
3.714880194643070718e+04
3.693681718672298302e+04
3.671376395974440675e+04
3.648058287459962594e+04
3.623981719813273958e+04
3.599584135936947132e+04
3.575504638852202334e+04
3.552573149646195088e+04
3.531745775344895083e+04
3.513972737607245654e+04
3.500003128036459384e+04
3.490150585328915622e+04
3.484060520438654930e+04
3.480529090005739999e+04
3.477424627987643908e+04
3.471752364115443197e+04
3.459882328660917847e+04
3.437929619021104008e+04
3.402240595714221126e+04
3.349907066646921157e+04
3.279213911697125877e+04
3.189932062373850204e+04
3.083399418105795121e+04
2.962379578693597432e+04
2.830738252239635040e+04
2.693014864482498524e+04
2.553981871000714455e+04
2.418274125698259741e+04
2.290140747244214799e+04
2.173332523254349508e+04
2.071100405779439461e+04
1.986254540934935358e+04
1.921224283412884688e+04
1.878069071219824036e+04
1.858414618224951482e+04
1.863321298612566170e+04
1.893121924401573779e+04
1.947284457679924890e+04
2.024354951866511328e+04
2.122016543683151758e+04
2.237267654604032577e+04
2.366687535703600588e+04
2.506731651376483569e+04
2.653991545956360642e+04
2.805365956124547665e+04
2.958117591153070680e+04
3.109824133551201521e+04
3.258262183628700586e+04
3.401280510253204557e+04
3.536719543392734340e+04
3.662417871284671128e+04
3.776318367477528227e+04
3.876654423767165281e+04
3.962169776085285412e+04
4.032311587750467879e+04
4.087340260491930530e+04
4.128320144708622684e+04
4.156986831032804184e+04
4.175519303297665465e+04
4.186268762131987023e+04
4.191503356960255769e+04
4.193217974071318895e+04
4.193035177641453629e+04
4.192195990915707080e+04
4.191616669594027189e+04
4.191976368097414525e+04
4.193802137544565630e+04
4.197528706495613733e+04
4.203524901854919153e+04
4.212090490021721780e+04
4.223433424363371887e+04
4.237638204472499638e+04
4.254633961061673472e+04
4.274169005669733451e+04
4.295798413741655531e+04
4.318892039184565510e+04
4.342670110678117635e+04
4.366270410216028540e+04
4.388844775116033998e+04
4.409675001519928628e+04
4.428291911985236948e+04
4.444578738983269432e+04
4.458841862224950455e+04
4.471837252968591929e+04
4.484747454249862494e+04
4.499109310892890062e+04
4.516695884673525143e+04
4.539357706427189260e+04
4.568830759130184015e+04
4.606523545072792331e+04
4.653304005556063203e+04
4.709316997947766504e+04
4.773869898776127229e+04
4.845422127326110058e+04
4.921700345750167617e+04
4.999935857812119502e+04
5.077190942136233207e+04
5.150716721199040330e+04
5.218276089054837939e+04
5.278375192548215273e+04
5.330372275321884081e+04
5.374463470048554882e+04
5.411570021880061540e+04
5.443163032117822877e+04
5.471059739460045239e+04
5.497215440500558907e+04
5.523525410693185404e+04
5.551647078151194728e+04
5.582854418948628881e+04
5.617939714276795712e+04
5.657176849524759746e+04
5.700352213603940618e+04
5.746855484666010307e+04
5.795808457253272354e+04
5.846201817250212480e+04
5.897011366216955503e+04
5.947276329295465257e+04
5.996138570880211773e+04
6.042856140098459582e+04
6.086811710907456290e+04
6.127533684065437410e+04
6.164736916585898143e+04
6.198376556995717692e+04
6.228698338452094322e+04
6.256265793625186052e+04
6.281949349369863194e+04
6.306871130966562487e+04
6.332308606614530436e+04
6.359567326054897421e+04
6.389837572897918290e+04
6.424052713399615459e+04
6.462768948936161178e+04
6.506086175792016729e+04
6.553625879029990756e+04
6.604573327550837712e+04
6.657778975839339546e+04
6.711901513917697594e+04
6.765566866847070924e+04
6.817516511491900019e+04
6.866724489262710267e+04
6.912472294447067543e+04
6.954380315784673439e+04
6.992401011831515643e+04
7.026782348915697366e+04
7.058011802579772484e+04
7.086752722751843976e+04
7.113785546361062734e+04
7.139964058953835047e+04
7.166189930803229799e+04
7.193398081711182022e+04
7.222535438412320218e+04
7.254512211866086000e+04
7.290111841380861006e+04
7.329862315594268148e+04
7.373891687522621942e+04
7.421805810885998653e+04
7.472629816418618429e+04
7.524844584235736693e+04
7.576528829361853423e+04
7.625593229152182175e+04
7.670072356158074399e+04
7.708427689429483144e+04
7.739811920941705466e+04
7.764249807441810844e+04
7.782701698462087370e+04
7.796990923750129878e+04
7.809594719286022882e+04
7.823319678470880899e+04
7.840904869252044591e+04
7.864614566908706911e+04
7.895892183530752664e+04
7.935142140572304197e+04
7.981685209040266636e+04
8.033898551012022654e+04
8.089512550996326900e+04
8.146002993032168888e+04
8.200998214117236785e+04
8.252621068121994904e+04
8.299703921750736481e+04
8.341846134450749378e+04
8.379319925432425225e+04
8.412864214916233323e+04
8.443429730901309813e+04
8.471946697485596815e+04
8.499175673321733484e+04
8.525673776472161990e+04
8.551869460956410330e+04
8.578201207664664253e+04
8.605252680006323499e+04
8.633818800757366989e+04
8.664864255921536824e+04
8.699377683046241873e+04
8.738163945029990282e+04
8.781637411306650029e+04
8.829674374232401897e+04
8.881558355434461555e+04
8.936022358984810126e+04
8.991371222787580336e+04
9.045661090274716844e+04
9.096917204366381338e+04
9.143375382997281849e+04
9.183728562580933794e+04
9.217347787546132167e+04
9.244435239317329251e+04
9.266066067771964299e+04
9.284091858253517421e+04
9.300908627544787305e+04
9.319125882266317785e+04
9.341198016706315684e+04
9.369086635490186745e+04
9.404011049687351624e+04
9.446319945112553251e+04
9.495489469278660545e+04
9.550230588635672757e+04
9.608676479077148542e+04
9.668618667796059162e+04
9.727764298423126456e+04
9.783990799464742304e+04
9.835575202969825477e+04
9.881374273721795180e+04
9.920932545444695279e+04
9.954502387338152039e+04
9.982973975409033301e+04
1.000772953980250022e+05
1.003044907306301175e+05
1.005289915704469313e+05
1.007673311413200572e+05
1.010332456939811818e+05
1.013365380733616184e+05
1.016826871722422657e+05
1.020734440597774374e+05
1.025085809531898849e+05
1.029887144831827900e+05
1.035187294595334679e+05
1.041109174439583439e+05
1.047867164076353656e+05
1.055760624770850700e+05
1.065138831624953018e+05
1.076340472454828414e+05
1.089618884754801693e+05
1.105069649296922726e+05
1.122578178799717134e+05
1.141801208260978456e+05
1.162188775706878514e+05
1.183044446041921619e+05
1.203613381972734496e+05
1.223182157658208162e+05
1.241171971180917753e+05
1.257208420147919678e+05
1.271155859429585398e+05
1.283111555926962319e+05
1.293362899732040096e+05
1.302318086687225732e+05
1.310425361713491438e+05
1.318097093165730766e+05
1.325652505646082573e+05
1.333287610844398441e+05
1.341074172102177981e+05
1.348983073667604185e+05
1.356922697746882332e+05
1.364780794718878460e+05
1.372459152894418512e+05
1.379893727723613265e+05
1.387057768382495851e+05
1.393950504642792512e+05
1.400577745124436624e+05
1.406932311086627305e+05
1.412981323564905324e+05
1.418664491018559202e+05
1.423903787593880843e+05
1.428621505378891306e+05
1.432761583810424781e+05
1.436308799151239218e+05
1.439301652752567607e+05
1.441836950547402957e+05
1.444066215892510954e+05
1.446185444892198720e+05
1.448419966152918932e+05
1.451005584920680558e+05
1.454166546049139870e+05
1.458090989305362164e+05
1.462905874646106386e+05
1.468655369990917679e+05
1.475288219642542535e+05
1.482659298356734216e+05
1.490547738610070955e+05
1.498689304329509032e+05
1.506815881196970877e+05
1.514692266426577407e+05
1.522141314630999987e+05
1.529052754869238415e+05
1.535376814722462441e+05
1.541108593333302124e+05
1.546270922508295625e+05
1.550901847746242129e+05
1.555049153756777814e+05
1.558770700147239841e+05
1.562137447118846467e+05
1.565236341097862169e+05
1.568171765828876232e+05
1.571065585824253212e+05
1.574055962827033654e+05
1.577294245388330310e+05
1.580938325364173215e+05
1.585141012056602631e+05
1.590033558304864564e+05
1.595706836997405917e+05
1.602194544931204582e+05
1.609463089333249955e+05
1.617411181291325483e+05
1.625879273601680761e+05
1.634666082092699653e+05
1.643547720771544846e+05
1.652295091128862987e+05
1.660686949244885764e+05
1.668518740020715341e+05
1.675609719555629417e+05
1.681812016022318276e+05
1.687024445886753965e+05
1.691211157562684093e+05
1.694421427671096171e+05
1.696803779008121928e+05
1.698606723725412157e+05
1.700160837402523321e+05
1.701842121983254328e+05
1.704022845884021954e+05
1.707020667089239578e+05
1.711057776656558854e+05
1.716238568783771480e+05
1.722548353897207999e+05
1.729869466570113145e+05
1.738007242369777232e+05
1.746717924267320195e+05
1.755733097500849399e+05
1.764779028750754951e+05
1.773592389548784122e+05
1.781935071515844902e+05
1.789610028393167595e+05
1.796478048832385393e+05
1.802473159018348670e+05
1.807612917141367798e+05
1.811999734764117165e+05
1.815810639117287938e+05
1.819275273525012017e+05
1.822644798434100521e+05
1.826156888607604778e+05
1.830003432535719476e+05
1.834307326114270254e+05
1.839112892363138380e+05
1.844391419032786216e+05
1.850059866661222186e+05
1.856007810856966826e+05
1.862125874076669861e+05
1.868328773104021675e+05
1.874567822211361490e+05
1.880830965405485767e+05
1.887132249653185718e+05
1.893495735300908564e+05
1.899939885546448058e+05
1.906466996353476425e+05
1.913059001373819774e+05
1.919677829610908811e+05
1.926267279680878273e+05
1.932754820360388258e+05
1.939054764488724177e+05
1.945076545412326814e+05
1.950741190110247408e+05
1.956005090020328062e+05
1.960884665721952624e+05
1.965471751708994270e+05
1.969930251303540717e+05
1.974470347507767146e+05
1.979305066240964516e+05
1.984601365378602059e+05
1.990440655948321510e+05
1.996800495276669972e+05
2.003561718194862187e+05
2.010536975920211116e+05
2.017511015874297882e+05
2.024281815167949244e+05
2.030694277885335614e+05
2.036662380082400050e+05
2.042179015093809576e+05
2.047314185822548461e+05
2.052202088845341641e+05
2.057017535883710079e+05
2.061943385539842711e+05
2.067133388792188489e+05
2.072677937377454655e+05
2.078581831054943614e+05
2.084761910558745731e+05
2.091067986437366926e+05
2.097324043110116327e+05
2.103380237784607452e+05
2.109161905935298710e+05
2.114701188026961754e+05
2.120140494665446458e+05
2.125704098740692134e+05
2.131642879586499766e+05
2.138165191355722200e+05
2.145371553528679651e+05
2.153210751522239007e+05
2.161469838042607298e+05
2.169801919172315102e+05
2.177786118723835971e+05
2.185006529757503595e+05
2.191133198061727453e+05
2.195988690449155692e+05
2.199587693360245612e+05
2.202142823887194099e+05
2.204036009085057885e+05
2.205760545976598805e+05
2.207843871996151865e+05
2.210764728028708196e+05
2.214880042619644955e+05
2.220375596390003338e+05
2.227249844599296048e+05
2.235332744973495428e+05
2.244332892845258757e+05
2.253899338196974422e+05
2.263681554255367664e+05
2.273373248859402374e+05
2.282732296701568703e+05
2.291577646002345427e+05
2.299771573278357682e+05
2.307199605494709685e+05
2.313759706065835198e+05
2.319367526640601864e+05
2.323977563213549729e+05
2.327613354355999036e+05
2.330395564161202637e+05
2.332556169862039678e+05
2.334430161917388614e+05
2.336422220739856130e+05
2.338953010380961350e+05
2.342395908081317903e+05
2.347018246885318367e+05
2.352940363994935178e+05
2.360121069688101707e+05
2.368371098382307973e+05
2.377389108361753169e+05
2.386810269375256321e+05
2.396256746631588903e+05
2.405382075647812453e+05
2.413905648085199646e+05
2.421636946278313990e+05
2.428490262235238915e+05
2.434489565004513133e+05
2.439761568580594903e+05
2.444514910980367276e+05
2.449005725834298355e+05
2.453494096821736021e+05
2.458199870898351073e+05
2.463267822840061272e+05
2.468750114780350705e+05
2.474609084741193510e+05
2.480737730354205123e+05
2.486991147909385036e+05
2.493220949670368864e+05
2.499306049974696070e+05
2.505175739744491584e+05
2.510823070616289624e+05
2.516307502323905355e+05
2.521745971376320231e+05
2.527292146890962031e+05
2.533105521731343179e+05
2.539314999122037261e+05
2.545984558959070127e+05
2.553089804451868695e+05
2.560512635157529148e+05
2.568057106108787120e+05
2.575484028073328664e+05
2.582556901157830725e+05
2.589088938332078396e+05
2.594980956146557292e+05
2.600242524695614411e+05
2.604992968506837205e+05
2.609443264180177939e+05
2.613863377976577613e+05
2.618541399187620264e+05
2.623740921605734038e+05
2.629662129459110438e+05
2.636410875246758806e+05
2.643979342356168781e+05
2.652241580068002804e+05
2.660966467526262277e+05
2.669848536635572091e+05
2.678553282230727491e+05
2.686769060878745513e+05
2.694254378046986531e+05
2.700869264975041151e+05
2.706583378700992907e+05
2.711460440950910561e+05
2.715626165856983280e+05
2.719231989610356977e+05
2.722427659636415192e+05
2.725351748795851599e+05
2.728141906014170381e+05
2.730958756056540878e+05
2.734011575240613311e+05
2.737572145230071037e+05
2.741966069628378027e+05
2.747537380216666497e+05
2.754590423286178848e+05
2.763320402628844022e+05
2.773748565070368932e+05
2.785678738118071342e+05
2.798688635967086884e+05
2.812162689147880883e+05
2.825364340883495752e+05
2.837536506274205167e+05
2.848011388911138638e+05
2.856307419357338804e+05
2.862193409773570020e+05
2.865708153674586792e+05
2.867135449247165816e+05
2.866945910759134567e+05
2.865723755354427267e+05
2.864096593979428872e+05
2.862679797451100312e+05
2.862037797604766674e+05
2.862657333002376836e+05
2.864925429143816000e+05
2.869108071573330672e+05
2.875331357204965898e+05
2.883571368430100265e+05
2.893659138375151670e+05
2.905302616083248868e+05
2.918121019515791559e+05
2.931682150492806104e+05
2.945532980458818492e+05
2.959218430517183733e+05
2.972290431017280789e+05
2.984315339872033219e+05
2.994889478452845942e+05
3.003668902387952548e+05
3.010412124398885062e+05
3.015026656489729648e+05
3.017605422335503972e+05
