6.113058311510024359e+05
6.096460146055951482e+05
6.081389211252524983e+05
6.067719184373602038e+05
6.055195388618772849e+05
6.043502896555775078e+05
6.032325035361994524e+05
6.021381459193860646e+05
6.010446441590070026e+05
5.999355985065797577e+05
5.988013320455474313e+05
5.976396728296598885e+05
5.964565169319726992e+05
5.952651268730259035e+05
5.940831867111155298e+05
5.929274359501228901e+05
5.918069157764508855e+05
5.907169001076587010e+05
5.896358851652711164e+05
5.885273127999923890e+05
5.873461972495943774e+05
5.860490934224661905e+05
5.846045983002252178e+05
5.830013316040378995e+05
5.812511866261368850e+05
5.793872127186808502e+05
5.774571520651489263e+05
5.755147904824450379e+05
5.736115557917294791e+05
5.717902475813542260e+05
5.700817540567251854e+05
5.685045642023667460e+05
5.670661854366223561e+05
5.657653799204607494e+05
5.645943592966288561e+05
5.635405049965459621e+05
5.625875657329123933e+05
5.617164694384044269e+05
5.609058583581040148e+05
5.601323232739736559e+05
5.593702401022929698e+05
5.585912219988649013e+05
5.577634961213679053e+05
5.568518606347306632e+05
5.558190548247020924e+05
5.546291917743355734e+05
5.532533108106733998e+05
5.516762564544732450e+05
5.499032893234887160e+05
5.479644213728171308e+05
5.459146658880912000e+05
5.438292110244254582e+05
5.417937553992155008e+05
5.398915377421195153e+05
5.381895812095681904e+05
5.367270721790076932e+05
5.355084706533877179e+05
5.345029552195945289e+05
5.336503723841049941e+05
5.328723628632742912e+05
5.320861997478218982e+05
5.312184281724641332e+05
5.302157472845158773e+05
5.290515384644042933e+05
5.277276179424673319e+05
5.262717462450022576e+05
5.247319068019721890e+05
5.231684001955011045e+05
5.216446419888579985e+05
5.202174912646700977e+05
5.189281052630033810e+05
5.177946026356412913e+05
5.168079504283929127e+05
5.159322140978157404e+05
5.151095607839298900e+05
5.142693636598827434e+05
5.133397624772604322e+05
5.122594359125492047e+05
5.109873287614428555e+05
5.095086293367187609e+05
5.078362059386215988e+05
5.060077002876442275e+05
5.040792809313934995e+05
5.021175199100561440e+05
5.001909292524970951e+05
4.983624369027967914e+05
4.966836132439731737e+05
4.951909253204326378e+05
4.939038406521647121e+05
4.928243420934509486e+05
4.919374062049788190e+05
4.912122103579508257e+05
4.906041467538290890e+05
4.900579552390251192e+05
4.895122762967380113e+05
4.889056050769806025e+05
4.881830830737304059e+05
4.873030195603613975e+05
4.862417625890827039e+05
4.849957333180105197e+05
4.835801068111049826e+05
4.820245617194661172e+05
4.803673798694103607e+05
4.786496041514121462e+05
4.769107660256849485e+05
4.751869334671012475e+05
4.735108084697297309e+05
4.719127409429727122e+05
4.704211821572237532e+05
4.690614184417665820e+05
4.678522712750068167e+05
4.668014754381892853e+05
4.659012398255764856e+05
4.651257449005941744e+05
4.644319399397344096e+05
4.637641094027431682e+05
4.630615854593073018e+05
4.622680485580208478e+05
4.613403677235540817e+05
4.602550209113908350e+05
4.590107507880752091e+05
4.576270407366989530e+05
4.561389460263968213e+05
4.545895157894535223e+05
4.530213410464917542e+05
4.514686737254040199e+05
4.499512267498483416e+05
4.484703752196659916e+05
4.470081622988602030e+05
4.455292783113863552e+05
4.439859336667501484e+05
4.423251784901398933e+05
4.404977173660969129e+05
4.384667514669664670e+05
4.362150818338745157e+05
4.337488479593164520e+05
4.310969399709401187e+05
4.283061842336477130e+05
4.254335444878378767e+05
4.225374094284630846e+05
4.196702373344284715e+05
4.168742958941003890e+05
4.141811342057734728e+05
4.116141336039490998e+05
4.091924617054559058e+05
4.069343610987267457e+05
4.048580661136916024e+05
4.029796019443224068e+05
4.013079105700403452e+05
3.998387392850684701e+05
3.985492044762783917e+05
3.973948116131342249e+05
3.963101011158028850e+05
3.952132545846594148e+05
3.940141878340941621e+05
3.926250298166017747e+05
3.909714833603998413e+05
3.890033716296659550e+05
3.867026888073804439e+05
3.840877224689155119e+05
3.812123269550713594e+05
3.781601745075112558e+05
3.750346780177554465e+05
3.719460810570839676e+05
3.689977568229397293e+05
3.662739203214008012e+05
3.638307096066841041e+05
3.616919947815575288e+05
3.598504430186643731e+05
3.582734366693149786e+05
3.569125475707080332e+05
3.557145650932187564e+05
3.546317239087561029e+05
3.536289272947808495e+05
3.526864718176908209e+05
3.517979443735597888e+05
3.509642890249252087e+05
3.501861145757599734e+05
3.494567536724567763e+05
3.487582170473565347e+05
3.480611452413499355e+05
3.473285422449692851e+05
3.465219702466548770e+05
3.456083556624709163e+05
3.445656944331327104e+05
3.433865633011559257e+05
3.420791103362131398e+05
3.406658097970265662e+05
3.391805767500111833e+05
3.376648728148231748e+05
3.361633244900903665e+05
3.347192510223230347e+05
3.333704305553732556e+05
3.321454249034443055e+05
3.310607997866257210e+05
3.301195753245875239e+05
3.293111826572450809e+05
3.286130574597849045e+05
3.279937595113308635e+05
3.274171970619814238e+05
3.268472342882264638e+05
3.262517860732449335e+05
3.256055652349717566e+05
3.248909839457187918e+05
3.240972551587552880e+05
3.232183190848652157e+05
3.222506153424078948e+05
3.211917575130109908e+05
3.200407938280257513e+05
3.188000696029328392e+05
3.174779903806941584e+05
3.160915050298905117e+05
3.146670900240187766e+05
3.132394515213293489e+05
3.118479100266052992e+05
3.105312068203107920e+05
3.093219820451820269e+05
3.082422479213271290e+05
3.073008216913370998e+05
3.064930545766417636e+05
3.058025350172898616e+05
3.052039760543773300e+05
3.046663470270957914e+05
3.041554936971262214e+05
3.036359219987617107e+05
3.030719416524771368e+05
3.024287864744194085e+05
3.016744710922059021e+05
3.007829034307388356e+05
2.997381744828661904e+05
2.985391779114026576e+05
2.972030838280908065e+05
2.957660307877489249e+05
2.942798978552841581e+05
2.928051047556818230e+05
2.914007129670956638e+05
2.901141511665980797e+05
2.889732046934735263e+05
2.879823031669164193e+05
2.871238091940467712e+05
2.863634696592261316e+05
2.856580525124808773e+05
2.849628885159363854e+05
2.842376206680210307e+05
2.834495861995195737e+05
2.825753458080441342e+05
2.816014220486676204e+05
2.805251139330324950e+05
2.793555146571668447e+05
2.781140468558692373e+05
2.768334340315885493e+05
2.755542954744769377e+05
2.743193724087158334e+05
2.731663687886404223e+05
2.721210591182743083e+05
2.711923830492907437e+05
2.703707083523277543e+05
2.696295519244307652e+05
2.689301594277757104e+05
2.682277500281812972e+05
2.674780594801984844e+05
2.666430181847329950e+05
2.656948307899958454e+05
2.646182054052342428e+05
2.634108725374305504e+05
2.620827578412152652e+05
2.606542191413249238e+05
2.591536784886694804e+05
2.576148631506229867e+05
2.560738020345031400e+05
2.545657474840788636e+05
2.531222802870603628e+05
2.517689299717138929e+05
2.505236227920851379e+05
2.493961272822734609e+05
2.483884462434859306e+05
2.474958968854462437e+05
2.467085122221091005e+05
2.460124149419009918e+05
2.453909216765605379e+05
2.448252588464135770e+05
2.442948549144599820e+05
2.437772103924626426e+05
2.432473740966519690e+05
2.426771227357267053e+05
2.420340768208501104e+05
2.412811678610739182e+05
2.403770317957108491e+05
2.392779451376697689e+05
2.379417491539509501e+05
2.363337725054550683e+05
2.344341014490638918e+05
2.322448155339624209e+05
2.297952679031917360e+05
2.271434320697923540e+05
2.243719477230941993e+05
2.215787347239086812e+05
2.188635899330981774e+05
2.163135242865450273e+05
2.139902237150974397e+05
2.119226337387332169e+05
2.101063455390651652e+05
2.085096273521595867e+05
2.070842134966387530e+05
2.057778908383129747e+05
2.045457965415483632e+05
2.033580949541917944e+05
2.022029807027967181e+05
2.010852870985035261e+05
2.000219612101915409e+05
1.990360918203600741e+05
1.981510570744082506e+05
1.973858695801902795e+05
1.967521758175461728e+05
1.962528260404618050e+05
1.958816048849738436e+05
1.956236452048975625e+05
1.954562013591534924e+05
1.953497356938670564e+05
1.952695401398631802e+05
1.951782396629232098e+05
1.950394161296543316e+05
1.948222480693394027e+05
1.945065874999871885e+05
1.940874718728808220e+05
1.935778891606309335e+05
1.930087951813067193e+05
1.924259116144859872e+05
1.918835652900693822e+05
1.914365393469295232e+05
1.911313732955417072e+05
1.909986308587488893e+05
1.910473366505911399e+05
1.912621805196229252e+05
1.916034125276447157e+05
1.920088420093575551e+05
1.923971947613329394e+05
1.926723200373959262e+05
1.927282419282652554e+05
1.924555370797548094e+05
1.917496712623120402e+05
1.905215328226492275e+05
1.887094954269729787e+05
1.862912330146100430e+05
1.832926761189527460e+05
1.797913908085256990e+05
1.759124869832778641e+05
1.718167665408902685e+05
1.676827237342028238e+05
1.636855877066673711e+05
1.599773328841698531e+05
1.566712607872332155e+05
1.538335283616717206e+05
1.514822972277573426e+05
1.495935382235305733e+05
1.481113818454481661e+05
1.469604665311732970e+05
1.460579606461309886e+05
1.453235955927954055e+05
1.446868567468373803e+05
1.440911926209093654e+05
1.434955893880047661e+05
1.428741034617406840e+05
1.422140104653695598e+05
1.415131928752418899e+05
1.407773027694345801e+05
1.400171155138085014e+05
1.392463324503916956e+05
1.384799048586310528e+05
1.377327740964280383e+05
1.370188085900268343e+05
1.363497125069536560e+05
1.357337914886107610e+05
1.351746478613138315e+05
1.346700663663490850e+05
1.342114605489466339e+05
1.337842232666196360e+05
1.333691523552529397e+05
1.329448469950046274e+05
1.324906773679779435e+05
1.319897236085904005e+05
1.314310455995741650e+05
1.308108129611953918e+05
1.301321469979580725e+05
1.294038882210444717e+05
1.286387671386271104e+05
1.278515257521861786e+05
1.270574034446026781e+05
1.262711443585502129e+05
1.255064294595192187e+05
1.247754896254695923e+05
1.240886520218579099e+05
1.234536748298575549e+05
1.228748647029054264e+05
1.223520893163964356e+05
1.218798736079578666e+05
1.214468107115542516e+05
1.210355357178320992e+05
1.206234918444739742e+05
1.201846401411204424e+05
1.196921113828765083e+05
1.191215897966752673e+05
1.184550024150153913e+05
1.176839263534921483e+05
1.168120658379317902e+05
1.158562104931454960e+05
1.148452628462898574e+05
1.138172020525222470e+05
1.128142099731975468e+05
1.118765816542303655e+05
1.110363965450932737e+05
1.103121306169774907e+05
1.097053388762820396e+05
1.092001877152038505e+05
1.087660234875671304e+05
1.083624845596858213e+05
1.079461037451825832e+05
1.074770771117274562e+05
1.069249594522445113e+05
1.062724244257097598e+05
1.055167437876898912e+05
1.046691192800661665e+05
1.037523167970794893e+05
1.027971687293210853e+05
1.018384741612143553e+05
1.009107293767207593e+05
1.000440472679831437e+05
9.926061106855791877e+04
9.857203277254066779e+04
9.797798497431815485e+04
9.746637963314105582e+04
9.701515197785418422e+04
9.659541052260095603e+04
9.617542766345365089e+04
9.572477505098693655e+04
9.521791935885138810e+04
9.463677836664525967e+04
9.397201600275507371e+04
9.322312155386764789e+04
9.239749170449309167e+04
9.150879389302179334e+04
9.057487291970635124e+04
8.961543058449693490e+04
8.864970301931453287e+04
8.769438360412680777e+04
8.676205689457700646e+04
8.586037835694971727e+04
8.499213344637662522e+04
8.415614916738426837e+04
8.334885209397670405e+04
8.256612066886678804e+04
8.180501017310895259e+04
8.106495793532788230e+04
8.034819867550430354e+04
7.965930500071709685e+04
7.900396983454948349e+04
7.838731764924233721e+04
7.781213348323649552e+04
7.727741772525210399e+04
7.677761632217666192e+04
7.630275817426947469e+04
7.583957243139825005e+04
7.537347228348017961e+04
7.489109418108046521e+04
7.438290147406494361e+04
7.384524925834800524e+04
7.328132404779414355e+04
7.270056213939025474e+04
7.211650716662878403e+04
7.154351199158477539e+04
7.099308573674924264e+04
7.047088441698541283e+04
6.997524484714563005e+04
6.949776672360298107e+04
6.902586570120909892e+04
6.854663227022244246e+04
6.805092682787432568e+04
6.753655309113668045e+04
6.700961465670855250e+04
6.648370427693695819e+04
6.597725418987090234e+04
6.551000158181783627e+04
6.509991295689470280e+04
6.476192407447643927e+04
6.450942198377780733e+04
6.435855791236667574e+04
6.433438991049027391e+04
6.447678759066891507e+04
6.484334757177456777e+04
6.550662661797133478e+04
6.654402926730108447e+04
6.802064537319260126e+04
6.996781436877512897e+04
7.236245772641044459e+04
7.511338821698546235e+04
7.806017599431825511e+04
8.098755368373851525e+04
8.365432355438590457e+04
8.583147591369395377e+04
8.734117836423865811e+04
8.808758539154462051e+04
8.807239017378323479e+04
8.739206815279219882e+04
8.621848065116471844e+04
8.476836651940297452e+04
8.326912715657116496e+04
8.192790269631754200e+04
8.090877673655538820e+04
8.032006838003793382e+04
8.021112620886796503e+04
8.057649859600374475e+04
8.136494347668992123e+04
8.249113478040427435e+04
8.384860295167131699e+04
8.532296573156358500e+04
8.680465626849661930e+04
8.820020277323701885e+04
8.944090232771045703e+04
9.048773798348102719e+04
9.133178040392717230e+04
9.199007087007333757e+04
9.249789686811152205e+04
9.289914434920449276e+04
9.323677315094368532e+04
9.354528814451018116e+04
9.384643358277558582e+04
9.414844425558453077e+04
9.444832907234589220e+04
9.473607818625608343e+04
9.499948810167121701e+04
9.522846388222555106e+04
9.541805284725046658e+04
9.556992046062639565e+04
9.569235293972595537e+04
9.579908758075283549e+04
9.590733569405377784e+04
9.603533869245542155e+04
9.619976716267953452e+04
9.641328839854021498e+04
9.668268349283645512e+04
9.700792863780590415e+04
9.738258671219732787e+04
9.779563896541074791e+04
9.823454879362246720e+04
9.868898713518946897e+04
9.915438969536199875e+04
9.963446217330747459e+04
1.001419344034887035e+05
1.006972429469222843e+05
1.013252932588195690e+05
1.020508976862219279e+05
1.028937998807719850e+05
1.038643106062946317e+05
1.049604685638806404e+05
1.061673225809608703e+05
1.074584731850872922e+05
1.087995155638286087e+05
1.101526161721486424e+05
1.114812455260032439e+05
1.127541458211008430e+05
1.139479207991178264e+05
1.150480963730781077e+05
1.160489515299544582e+05
1.169526921933936537e+05
1.177685325027936487e+05
1.185119712173186563e+05
1.192041408914704225e+05
1.198707702905111364e+05
1.205402220955249359e+05
1.212403236527358677e+05
1.219942194280349067e+05
1.228160340542815247e+05
1.237074990144886251e+05
1.246566850755596242e+05
1.256395586061764625e+05
1.266243583657379640e+05
1.275779910406065319e+05
1.284730145891168067e+05
1.292935121663412137e+05
1.300383470960408740e+05
1.307209001526847424e+05
1.313652787959736888e+05
1.319999236377468624e+05
1.326502577684858989e+05
1.333323073019096046e+05
1.340489607175179990e+05
1.347897910788987647e+05
1.355343611163314490e+05
1.362579798399596766e+05
1.369382733969564142e+05
1.375608379686567059e+05
1.381226447444066289e+05
1.386325952773067402e+05
1.391094319449059258e+05
1.395778634152028826e+05
1.400641241548456019e+05
1.405922068508891680e+05
1.411817237799552677e+05
1.418478515972046298e+05
1.426032039257942815e+05
1.434608869289896102e+05
1.444375658939706045e+05
1.455552351560132520e+05
1.468406169232819811e+05
1.483217022534767166e+05
1.500217664491867472e+05
1.519520300458005804e+05
1.541047494751026097e+05
1.564486983903435466e+05
1.589286338183184562e+05
1.614694707172914350e+05
1.639847126086130447e+05
1.663875269261243811e+05
1.686020736900090997e+05
1.705725779518277268e+05
1.722682671917151310e+05
1.736835036257290340e+05
1.748338337976456387e+05
1.757497696516484721e+05
1.764705190659829532e+05
1.770394692096240760e+05
1.775021797672528191e+05
1.779063975755134306e+05
1.783026636132918356e+05
1.787438198631450068e+05
1.792822301507464435e+05
1.799645864228311402e+05
1.808253416320522665e+05
1.818806138429097773e+05
1.831245169053207210e+05
1.845292453790484287e+05
1.860491234658343892e+05
1.876276539353361004e+05
1.892058115350027219e+05
1.907296787160068343e+05
1.921560082512632362e+05
1.934551556266931293e+05
1.946116727224609931e+05
1.956233674503124494e+05
1.964996778483265080e+05
1.972598792132365343e+05
1.979311912759344268e+05
1.985465475563360378e+05
1.991417814895609918e+05
1.997522451783626166e+05
2.004092350021487218e+05
2.011368442910152662e+05
2.019498619345311017e+05
2.028530866439003439e+05
2.038420470431147551e+05
2.049047711629802652e+05
2.060240634273559554e+05
2.071797666520095663e+05
2.083506674803807109e+05
2.095159476437483390e+05
2.106562829718474241e+05
2.117547724687275186e+05
2.127978259825820278e+05
2.137760000583355431e+05
2.146846375043493172e+05
2.155241225870288617e+05
2.162996436894328217e+05
2.170205172233518097e+05
2.176992761067794054e+05
2.183507723153369734e+05
2.189914555785948469e+05
2.196388192896534165e+05
2.203108492755456246e+05
2.210252580705093860e+05
2.217983609837531985e+05
2.226436048802125151e+05
2.235699167656010250e+05
2.245801344925861922e+05
2.256698004358760663e+05
2.268265646435334638e+05
2.280303883814368746e+05
2.292546733497464447e+05
2.304683532826441515e+05
2.316388561631332268e+05
2.327356803496156936e+05
2.337341593700587400e+05
2.346188680076494056e+05
2.353860912630326347e+05
2.360448604757731373e+05
2.366162545987761114e+05
2.371309463186375506e+05
2.376253025671360665e+05
2.381366686267845507e+05
2.386986977531379962e+05
2.393376519408127351e+05
2.400704363842596940e+05
2.409047425162945874e+05
2.418411452170685516e+05
2.428764801823317248e+05
2.440074883181002515e+05
2.452336777049008524e+05
2.465586381338364445e+05
2.479895479945500556e+05
2.495351582172032504e+05
2.512029388287406473e+05
2.529962181579954922e+05
2.549120306356847577e+05
2.569401079919988406e+05
2.590631285947497527e+05
2.612580835259921441e+05
2.634984701046872651e+05
2.657569756031235447e+05
2.680083332094018697e+05
2.702320858465472702e+05
2.724150530160930357e+05
2.745533318039393052e+05
2.766536468872976257e+05
2.787337885386602138e+05
2.808217824871515622e+05
2.829534131457034964e+05
2.851678796384775196e+05
2.875017576454766677e+05
2.899820113936928683e+05
2.926193661479293369e+05
2.954036617278938647e+05
2.983026520780599676e+05
3.012650351919771638e+05
3.042274381041004090e+05
3.071239643194902455e+05
3.098961197736883187e+05
3.125007652889525634e+05
3.149142851898912340e+05
3.171322470075044548e+05
3.191650971384503646e+05
3.210314788776514470e+05
3.227512607500194572e+05
3.243402188111662399e+05
3.258076397652266314e+05
3.271571623421627446e+05
3.283902474673062097e+05
3.295109974450431182e+05
3.305307569399057538e+05
3.314710440543086734e+05
3.323638182108759065e+05
3.332487786102729733e+05
3.341681518312742119e+05
3.351600986129380181e+05
3.362522832766387146e+05
3.374571843137968681e+05
3.387703450313227368e+05
3.401720412179079140e+05
3.416319564056008821e+05
3.431156505378667498e+05
3.445911320278462954e+05
3.460338630319123622e+05
3.474290592468861723e+05
3.487710275144410552e+05
3.500602197755821981e+05
3.512993426875513978e+05
3.524900219441828667e+05
3.536311509337359457e+05
3.547193357346334378e+05
3.557510857652965933e+05
3.567258753066663048e+05
3.576490567454329575e+05
3.585337993450317299e+05
3.594015876652894076e+05
3.602811564443252282e+05
3.612059639226502622e+05
3.622104308942779899e+05
3.633252884702334995e+05
3.645725604700997355e+05
3.659609493649867363e+05
3.674825934718648787e+05
3.691121662885390688e+05
3.708089827055346104e+05
3.725221599785037688e+05
3.741980925831905915e+05
3.757887841703219456e+05
3.772592024158879649e+05
3.785919652580543188e+05
3.797883433359834016e+05
3.808655913985604420e+05
3.818516706972805550e+05
3.827791280462503782e+05
3.836799906479118508e+05
3.845829686156904208e+05
3.855132302076717024e+05
3.864939186739252764e+05
3.875478503243408632e+05
3.886977772252346040e+05
3.899642564417046960e+05
3.913612854569955380e+05
3.928909817988689756e+05
3.945392318033488118e+05
3.962741281008269289e+05
3.980481947563043213e+05
3.998042017526947893e+05
4.014832824145877967e+05
4.030335001381799229e+05
4.044171218337794999e+05
4.056154953271773411e+05
4.066312370515955263e+05
4.074880373273042496e+05
4.082285755507682334e+05
4.089108566074177506e+05
4.096029891745713539e+05
4.103763310679598944e+05
4.112972010873118415e+05
4.124179411605623900e+05
4.137687361636126880e+05
4.153519171390663832e+05
4.171402474476835341e+05
4.190799143429290270e+05
4.210978598003782681e+05
4.231120622180240462e+05
4.250427718861380126e+05
4.268226764809537563e+05
4.284044629038724815e+05
4.297650049451430677e+05
4.309061494692479027e+05
4.318525859593440546e+05
4.326475064294377225e+05
4.333467740134326741e+05
4.340122598108625389e+05
4.347049921248044702e+05
4.354788182919833343e+05
4.363753439564295113e+05
4.374208730458151549e+05
4.386258212931477465e+05
4.399865919084791676e+05
4.414892786193212960e+05
4.431140076489501516e+05
4.448385014722565538e+05
4.466397264913760009e+05
4.484932653740043752e+05
4.503710818349390756e+05
4.522391989784812904e+05
4.540570802853158675e+05
4.557799941429759492e+05
4.573645120536182658e+05
4.587759910913932836e+05
4.599959740724529838e+05
4.610272943438168149e+05
4.618953399517295184e+05
4.626451069915447151e+05
4.633348612338318489e+05
4.640279944973602542e+05
4.647848171524402569e+05
4.656556692905044765e+05
4.666761420068921871e+05
4.678646617471583886e+05
4.692223485542124836e+05
4.707348823989821249e+05
4.723759748633005074e+05
4.741118542969544069e+05
4.759059608236842323e+05
4.777229534080054145e+05
4.795313030321790720e+05
4.813042150881782291e+05
4.830192422620534198e+05
4.846574404340476030e+05
4.862030251963207847e+05
4.876441190470093279e+05
4.889744964767831261e+05
4.901955723722117837e+05
4.913175821446541231e+05
4.923591364389290102e+05
4.933449959211280802e+05
4.943026803433780442e+05
4.952590254678794299e+05
4.962377916095672408e+05
4.972589169334374019e+05
4.983392393409349024e+05
4.994938348660396878e+05
5.007368364983794745e+05
5.020808252466107951e+05
5.035345284222651389e+05
5.050993575588207459e+05
5.067659549399160314e+05
5.085121452119657770e+05
5.103034145483440952e+05
5.120963556998400018e+05
5.138446577424483839e+05
5.155064690144409542e+05
5.170515461299797171e+05
5.184666106713829213e+05
5.197577123599164770e+05
5.209489999006484286e+05
5.220779831987177604e+05
5.231880415911934688e+05
5.243195421919475775e+05
5.255014089542004513e+05
5.267451812814280856e+05
5.280433261088028084e+05
5.293726908362020040e+05
5.307025909321371000e+05
5.320054848706454504e+05
5.332670700423835078e+05
5.344924730315946508e+05
5.357062340086674085e+05
5.369457502137300326e+05
5.382500737575991079e+05
5.396476163161225850e+05
5.411467518969716039e+05
5.427323543325614883e+05
5.443693255576653173e+05
5.460119061943494016e+05
5.476158131533734268e+05
5.491495668343813159e+05
5.506018678406254621e+05
5.519832595096366713e+05
5.533220270842238097e+05
5.546557879361846717e+05
5.560211466375073651e+05
5.574440000246805139e+05
5.589326711969805183e+05
5.604752376437308267e+05
5.620414329696480418e+05
5.635885495321666822e+05
5.650700106778749032e+05
5.664448314802565146e+05
5.676861103551348206e+05
5.687869866347262869e+05
5.697630767882043729e+05
5.706511149424309842e+05
5.715042032103934325e+05
5.723845935444802744e+05
5.733552177281337790e+05
5.744712642224454321e+05
5.757730062338761054e+05
5.772808419861416332e+05
5.789931298869235907e+05
5.808869190696052974e+05
5.829211717241207371e+05
5.850416792219978524e+05
5.871867176991604501e+05
5.892926195157592883e+05
5.912987785537452437e+05
5.931519835847306531e+05
5.948102003430153709e+05
5.962459088075200561e+05
5.974488978500671219e+05
5.984281766023650998e+05
5.992125358294525649e+05
5.998493531749886461e+05
6.004014463596958667e+05
6.009420460009917151e+05
6.015482140250842785e+05
6.022932644321760163e+05
6.032389727159206523e+05
6.044285768143207533e+05
6.058816879408245441e+05
6.075921081741517410e+05
6.095291022898298688e+05
6.116419436774182832e+05
6.138667649144800380e+05
6.161341992844775086e+05
6.183762484658689937e+05
6.205313043149099685e+05
6.225470934978773585e+05
6.243821377247953787e+05
6.260067634162575705e+05
6.274045612740316428e+05
6.285745652865981683e+05
6.295336019392947201e+05
6.303176499906124081e+05
6.309809476705191191e+05
6.315920563830836909e+05
6.322269566300361184e+05
6.329601742588154739e+05
6.338555704913964728e+05
6.349585685209683143e+05
6.362912220141208963e+05
6.378508200347126694e+05
6.396119209688395495e+05
6.415310561972389696e+05
6.435529972432279028e+05
6.456174720878179651e+05
6.476654669399337145e+05
6.496446025958054233e+05
6.515133604416603921e+05
6.532440446130166529e+05
6.548243155438223621e+05
6.562570504443119280e+05
6.575583621221018257e+05
6.587539462445762474e+05
6.598744517317604041e+05
6.609510148571949685e+05
6.620121465640238021e+05
6.630826540446744766e+05
6.641843639555028640e+05
6.653375345437130891e+05
6.665614971779678017e+05
6.678735092491229298e+05
6.692858490103785880e+05
6.708022859371710801e+05
6.724155976981628919e+05
6.741074574850981589e+05
6.758509658472661395e+05
6.776149354219809175e+05
6.793683994423876284e+05
6.810840256131357746e+05
6.827399854747381760e+05
6.843207787423975533e+05
6.858179357955022715e+05
