6.804184168722934555e+05
6.780776675936261890e+05
6.758798871875498444e+05
6.738661663331048330e+05
6.720598251947694225e+05
6.704676803522040136e+05
6.690823192552004475e+05
6.678847226443127729e+05
6.668467725646613399e+05
6.659333378603737801e+05
6.651037751618182519e+05
6.643129115478399908e+05
6.635119096512056421e+05
6.626497386524828617e+05
6.616760592903187498e+05
6.605459814605504507e+05
6.592263612324746791e+05
6.577023253606824437e+05
6.559819917748342268e+05
6.540973300255407812e+05
6.520999663256552303e+05
6.500522825302385027e+05
6.480158299384427955e+05
6.460401840145627502e+05
6.441553893557344563e+05
6.423700045850945171e+05
6.406748745708703063e+05
6.390508820301360684e+05
6.374778039303311380e+05
6.359414151557832956e+05
6.344370216333027929e+05
6.329691171362251043e+05
6.315481558720291359e+05
6.301860342211851384e+05
6.288917070917927194e+05
6.276677372790161753e+05
6.265079572011271957e+05
6.253961556824250147e+05
6.243058353981901892e+05
6.232013870667577721e+05
6.220411592324412195e+05
6.207826455806172453e+05
6.193893864267001627e+05
6.178384340911112959e+05
6.161266993119997205e+05
6.142744362870490877e+05
6.123246093948256457e+05
6.103377881379767787e+05
6.083832788236254128e+05
6.065281263111358276e+05
6.048261592904805439e+05
6.033092648446490057e+05
6.019825557618904859e+05
6.008241767183282645e+05
5.997894447722211480e+05
5.988181474934524158e+05
5.978433786912418436e+05
5.968003576337500708e+05
5.956341220687297173e+05
5.943055300793779315e+05
5.927953745604699943e+05
5.911064870430787560e+05
5.892635862153010676e+05
5.873105616243191762e+05
5.853051040332278935e+05
5.833111435594918439e+05
5.813902386143846670e+05
5.795935349746238207e+05
5.779558979248445248e+05
5.764932456194732804e+05
5.752031822712463327e+05
5.740681183101376519e+05
5.730595271595804952e+05
5.721419976111126598e+05
5.712762250775584253e+05
5.704207883518607123e+05
5.695331759769559139e+05
5.685708368487881962e+05
5.674929668885157444e+05
5.662633881768641295e+05
5.648543931901967153e+05
5.632509851349164965e+05
5.614546657582381740e+05
5.594858542176967021e+05
5.573841569384728791e+05
5.552060106216857675e+05
5.530196409376669908e+05
5.508977644735896029e+05
5.489089417260091286e+05
5.471088701645755209e+05
5.455330799038242549e+05
5.441923712441322859e+05
5.430718891118500615e+05
5.421340356797216227e+05
5.413246403928521322e+05
5.405811409760081442e+05
5.398411591711244546e+05
5.390498738661012612e+05
5.381649808493027231e+05
5.371586629652199335e+05
5.360167060010775458e+05
5.347355174740522634e+05
5.333182148886775831e+05
5.317710807861613575e+05
5.301015157487228280e+05
5.283181761489741039e+05
5.264333200448406860e+05
5.244666201015519910e+05
5.224490249927854165e+05
5.204248942263378995e+05
5.184508000907917158e+05
5.165901549268947565e+05
5.149040389733840129e+05
5.134399190296857269e+05
5.122209029081812478e+05
5.112383862499148236e+05
5.104502789287663763e+05
5.097856304665359203e+05
5.091548488812479773e+05
5.084633517046742490e+05
5.076258071774331620e+05
5.065782562825701898e+05
5.052861968995616189e+05
5.037478058020834578e+05
5.019924846408517915e+05
5.000755783882423420e+05
4.980703713958914741e+05
4.960584452740959823e+05
4.941193932503147516e+05
4.923208863343610428e+05
4.907101959376643645e+05
4.893083690055233892e+05
4.881081342327849125e+05
4.870761563571327133e+05
4.861594648739674012e+05
4.852949481645151973e+05
4.844200141747160815e+05
4.834821584077880834e+05
4.824454177782855113e+05
4.812925118105107686e+05
4.800226770312641165e+05
4.786464370157934027e+05
4.771794166690869024e+05
4.756374764491200331e+05
4.740347920280621038e+05
4.723852197401314625e+05
4.707058333817715757e+05
4.690204857321614400e+05
4.673611063504768535e+05
4.657653061943713110e+05
4.642703872965166811e+05
4.629054058262363542e+05
4.616838418277966557e+05
4.605993124858345836e+05
4.596257127769774524e+05
4.587216650379949133e+05
4.578378471257629571e+05
4.569251355034544249e+05
4.559416775112550240e+05
4.548577614260956761e+05
4.536582445776182576e+05
4.523429229233650840e+05
4.509253941663730657e+05
4.494307671938398853e+05
4.478922735168227809e+05
4.463467268111025915e+05
4.448289972636932507e+05
4.433661459052242571e+05
4.419723535752998432e+05
4.406459848509985022e+05
4.393698559474456706e+05
4.381150377528292593e+05
4.368475439513854217e+05
4.355363783205768559e+05
4.341609748662812053e+05
4.327162322986945510e+05
4.312140613553699222e+05
4.296813595569326426e+05
4.281552317381674657e+05
4.266767693958500167e+05
4.252846634335716954e+05
4.240094782516915584e+05
4.228688739929888397e+05
4.218637692154039978e+05
4.209755664753977326e+05
4.201650148633738863e+05
4.193737027218462899e+05
4.185291413771902444e+05
4.175536836676934035e+05
4.163762521882035653e+05
4.149445241129683563e+05
4.132344746451608371e+05
4.112544948706165305e+05
4.090427191337032127e+05
4.066582751050200313e+05
4.041691343251658254e+05
4.016403177142370841e+05
3.991259473331228946e+05
3.966670870693881297e+05
3.942950190572095453e+05
3.920373797752127866e+05
3.899232432981079910e+05
3.879833232189147384e+05
3.862430466177450726e+05
3.847089122529459419e+05
3.833514652150545735e+05
3.820904194138917956e+05
3.807880907242374378e+05
3.792559492373359972e+05
3.772759554365911754e+05
3.746342227080713492e+05
3.711606591761432355e+05
3.667658252779959585e+05
3.614661517352160881e+05
3.553910478456243873e+05
3.487696593646687688e+05
3.418998795391006861e+05
3.351062595087413792e+05
3.286955837760092109e+05
3.229186176517552813e+05
3.179442220555336680e+05
3.138485908731891541e+05
3.106189300674257101e+05
3.081683843869838165e+05
3.063578507975587272e+05
3.050203853789054556e+05
3.039847397666506586e+05
3.030956022686319193e+05
3.022289829870846006e+05
3.013017677831354667e+05
3.002749062105465564e+05
2.991502133306738688e+05
2.979614898351564188e+05
2.967615444110078388e+05
2.956074984502326697e+05
2.945471541587251122e+05
2.936089842335675494e+05
2.927974341259475914e+05
2.920939351126264664e+05
2.914626874757225160e+05
2.908592804440381005e+05
2.902398276215735241e+05
2.895685563701742212e+05
2.888225342376529588e+05
2.879931588745954796e+05
2.870848806277133990e+05
2.861121508806583588e+05
2.850957099994389573e+05
2.840591018586740247e+05
2.830258865122263087e+05
2.820176159092088928e+05
2.810523987510559964e+05
2.801438694548155763e+05
2.793005333645634819e+05
2.785256410962090595e+05
2.778177948896130547e+05
2.771723287668609410e+05
2.765831760352663696e+05
2.760445995729348506e+05
2.755520124790925183e+05
2.751013014758611098e+05
2.746865845079665887e+05
2.742970246735893888e+05
2.739139117915591341e+05
2.735094392140175332e+05
2.730482995957456878e+05
2.724924510934604332e+05
2.718084069006481441e+05
2.709755170286290231e+05
2.699932485981633654e+05
2.688855857640112517e+05
2.677013160994359059e+05
2.665099261049499619e+05
2.653937912774832221e+05
2.644380435146850068e+05
2.637197790545799653e+05
2.632981382850403315e+05
2.632063779284193297e+05
2.634465558734020451e+05
2.639870225489371223e+05
2.647626417221206939e+05
2.656775409108504537e+05
2.666101582856326713e+05
2.674203491740296595e+05
2.679583106748383725e+05
2.680750680502259056e+05
2.676342188960293424e+05
2.665244913414399489e+05
2.646723663792184670e+05
2.620535218449193053e+05
2.587012880052251858e+05
2.547099265905108186e+05
2.502306941546616144e+05
2.454595695234324376e+05
2.406171822323736851e+05
2.359234867226372589e+05
2.315714322996411356e+05
2.277046112671716546e+05
2.244032407371809823e+05
2.216809462706177437e+05
2.194922437705372577e+05
2.177481885601761460e+05
2.163361228204747022e+05
2.151391802987578849e+05
2.140520983216827153e+05
2.129914647377666843e+05
2.119001818788202945e+05
2.107471708128612372e+05
2.095239450789006369e+05
2.082397017537180218e+05
2.069162180063025735e+05
2.055833348412706109e+05
2.042753191587495967e+05
2.030279993721198698e+05
2.018763031213613867e+05
2.008517216921933286e+05
1.999793235797812231e+05
1.992742480118121603e+05
1.987380611299473094e+05
1.983557980735074379e+05
1.980947459482225822e+05
1.979058929194692464e+05
1.977284532261154091e+05
1.974971117873167677e+05
1.971508651883754355e+05
1.966418320215080457e+05
1.959423339243234950e+05
1.950489194949144730e+05
1.939826762593524763e+05
1.927859307001146080e+05
1.915160661927808833e+05
1.902375709664302412e+05
1.890135450751495373e+05
1.878978062373991415e+05
1.869285256336285383e+05
1.861240666401327180e+05
1.854814277261514508e+05
1.849774119415029418e+05
1.845723548592239677e+05
1.842159427854346868e+05
1.838543650874539162e+05
1.834378132820910832e+05
1.829272258555300359e+05
1.822992395333525201e+05
1.815485725926947198e+05
1.806875073875395756e+05
1.797426711180275597e+05
1.787498101062429778e+05
1.777475893599016708e+05
1.767715478177989426e+05
1.758491944487012515e+05
1.749969049669102533e+05
1.742188778367030900e+05
1.735080363867759879e+05
1.728484919826686382e+05
1.722190321613597334e+05
1.715970457665324211e+05
1.709623051734202309e+05
1.703000660035420442e+05
1.696030191714291868e+05
1.688717659919612051e+05
1.681137118635196821e+05
1.673405824098735757e+05
1.665650996362396691e+05
1.657976118092793040e+05
1.650435403669407242e+05
1.643023273332333483e+05
1.635681610891131859e+05
1.628322422495830688e+05
1.620858945088729961e+05
1.613235856699361466e+05
1.605449826873831335e+05
1.597554916598580021e+05
1.589652031271109008e+05
1.581866077972987841e+05
1.574317300191994582e+05
1.567093877004648675e+05
1.560231588502583909e+05
1.553704046725095250e+05
1.547424605514611467e+05
1.541259151044813916e+05
1.535047595572199789e+05
1.528630812540096813e+05
1.521878784044435306e+05
1.514715019989979919e+05
1.507132284342578205e+05
1.499195767579154635e+05
1.491032162571545923e+05
1.482806179588219966e+05
1.474689003832617018e+05
1.466825142374683055e+05
1.459304473157597240e+05
1.452145101855858520e+05
1.445290317632791994e+05
1.438620149704716750e+05
1.431975292833076383e+05
1.425188831693000684e+05
1.418119509009103640e+05
1.410679576307089301e+05
1.402850943896758254e+05
1.394685683609286498e+05
1.386290751932721760e+05
1.377801234066822217e+05
1.369350032408779662e+05
1.361043227473920269e+05
1.352948440286031982e+05
1.345098735883464396e+05
1.337508537306639191e+05
1.330193047399747884e+05
1.323180967353192682e+05
1.316512808301502955e+05
1.310223037138483924e+05
1.304311420651055960e+05
1.298714413216107205e+05
1.293289054335279943e+05
1.287818861095484608e+05
1.282044584380180459e+05
1.275714685269456240e+05
1.268643636441866547e+05
1.260762831529707910e+05
1.252150017842736415e+05
1.243028382903605525e+05
1.233734127325603040e+05
1.224659249267412670e+05
1.216182078325946932e+05
1.208600303206367826e+05
1.202079525327320735e+05
1.196625673658806481e+05
1.192083685177676089e+05
1.188159542431146401e+05
1.184459333251231437e+05
1.180537785427804483e+05
1.175949214650165959e+05
1.170295091405964340e+05
1.163263697126062325e+05
1.154658295979088434e+05
1.144411095565401047e+05
1.132581454043911654e+05
1.119338634506270610e+05
1.104931819208245724e+05
1.089652515678573982e+05
1.073796084477366094e+05
1.057629172096376278e+05
1.041368102130857296e+05
1.025170192236706644e+05
1.009136504424275481e+05
9.933218463303800672e+04
9.777467496558176936e+04
9.624068441509436525e+04
9.472770542502474564e+04
9.323105433404934593e+04
9.174345313892283593e+04
9.025465401120248134e+04
8.875151250200328650e+04
8.721887342121716938e+04
8.564149771015340229e+04
8.400702899376853020e+04
8.230969560475792969e+04
8.055412892428913619e+04
7.875845062546867121e+04
7.695574252928633359e+04
7.519322006715522730e+04
7.352885731254503480e+04
7.202574806582703604e+04
7.074497993188194232e+04
6.973811054232051538e+04
6.904039908317466325e+04
6.866577915502361429e+04
6.860424125570792239e+04
6.882192409990902524e+04
6.926386813943383459e+04
6.985909071904409211e+04
7.052739211310357496e+04
7.118708147242691484e+04
7.176263600855966797e+04
7.219123251942198840e+04
7.242719803901713749e+04
7.244377271038731851e+04
7.223214434897543106e+04
7.179838208277118974e+04
7.115947120122466004e+04
7.033993019398169417e+04
6.937034629422675062e+04
6.828860258122201776e+04
6.714372827863605926e+04
6.600140815997855680e+04
6.494946475714137341e+04
6.410124322602149186e+04
6.359485980134950660e+04
6.358672685121989343e+04
6.423861117225277849e+04
6.569866739348751435e+04
6.807831774547092209e+04
7.142832193783688126e+04
7.571855406798397598e+04
8.082643153286710731e+04
8.653821497944627481e+04
9.256535423938122403e+04
9.857495270120816713e+04
1.042299820264281298e+05
1.092321095439493511e+05
1.133588534218645509e+05
1.164877646409838344e+05
1.186032712624275155e+05
1.197858672248967196e+05
1.201872771226999757e+05
1.199979523186342267e+05
1.194141011452762614e+05
1.186104338762984262e+05
1.177224879636819242e+05
1.168396485300427739e+05
1.160075943387092266e+05
1.152373804541912104e+05
1.145178380243845168e+05
1.138282508219195297e+05
1.131490340841038123e+05
1.124690750682681828e+05
1.117892713356620952e+05
1.111225081835315650e+05
1.104908184242951247e+05
1.099207715321602445e+05
1.094382577814433025e+05
1.090637765253524849e+05
1.088091203123945306e+05
1.086759978657498286e+05
1.086567116986885521e+05
1.087365740196984989e+05
1.088973914313836140e+05
1.091211510426740133e+05
1.093930462658412143e+05
1.097031923079159315e+05
1.100467482419247099e+05
1.104225885457409167e+05
1.108310368597741472e+05
1.112713899224890047e+05
1.117399704961033276e+05
1.122292675195235788e+05
1.127284147652292886e+05
1.132249147267205844e+05
1.137072138765538257e+05
1.141675339008857845e+05
1.146042870729327988e+05
1.150234574552721315e+05
1.154385044350884709e+05
1.158686196151964687e+05
1.163355033467839094e+05
1.168591645589500113e+05
1.174535149082418939e+05
1.181226555500732502e+05
1.188586941207702621e+05
1.196416731447350176e+05
1.204417812059824209e+05
1.212235431154204707e+05
1.219512598765370203e+05
1.225947023288831406e+05
1.231340204078255629e+05
1.235630127179326955e+05
1.238902426953607937e+05
1.241378857520347810e+05
1.243385516373909632e+05
1.245305954670864303e+05
1.247526060255985212e+05
1.250378622485887463e+05
1.254095871624329739e+05
1.258777778803873080e+05
1.264382032912274735e+05
1.270738098303271545e+05
1.277582958002828964e+05
1.284611201552549901e+05
1.291528628928113758e+05
1.298097895348318416e+05
1.304167373105174192e+05
1.309679550562517688e+05
1.314661107759859296e+05
1.319201222407532623e+05
1.323426225944709731e+05
1.327477254161003802e+05
1.331494107257511641e+05
1.335604944611738320e+05
1.339919306475180783e+05
1.344521963084541785e+05
1.349466752548946533e+05
1.354771600357311836e+05
1.360417010103085486e+05
1.366349861067076563e+05
1.372492672013736446e+05
1.378756554729816562e+05
1.385054854409555846e+05
1.391314409484463686e+05
1.397482284720788593e+05
1.403527216366913053e+05
1.409436378463378060e+05
1.415209186240947747e+05
1.420850577691228245e+05
1.426366378980791487e+05
1.431762708169288235e+05
1.437049816647697589e+05
1.442248689269879251e+05
1.447397004909710377e+05
1.452550691908152658e+05
1.457778769368469075e+05
1.463151959789025132e+05
1.468728373382829013e+05
1.474540944190998853e+05
1.480590512656497594e+05
1.486845969628997846e+05
1.493250127672728559e+05
1.499728501211349503e+05
1.506198679212517745e+05
1.512579955518317875e+05
1.518804957819592964e+05
1.524835810762745969e+05
1.530686354211929720e+05
1.536449680253554834e+05
1.542327918034269242e+05
1.548659682139228971e+05
1.555939932286197145e+05
1.564826445719178300e+05
1.576126023388610047e+05
1.590752293657262344e+05
1.609647241522962868e+05
1.633662707725932123e+05
1.663407502725171507e+05
1.699079459097627259e+05
1.740315691949613683e+05
1.786102543449257500e+05
1.834783552300809824e+05
1.884186937126666598e+05
1.931866250814505329e+05
1.975416744691454514e+05
2.012805795783687790e+05
2.042647378390994272e+05
2.064361882047229738e+05
2.078190674138648028e+05
2.085070915789805294e+05
2.086408979960047873e+05
2.083810800796204712e+05
2.078829992209073098e+05
2.072781049309851369e+05
2.066641556678228662e+05
2.061042153976169066e+05
2.056323110536629974e+05
2.052625848723741947e+05
2.049987316853542579e+05
2.048412687685865676e+05
2.047913864498508046e+05
2.048513810852669121e+05
2.050226492701330862e+05
2.053027187791178003e+05
2.056827619794747734e+05
2.061465924253864214e+05
2.066715061820728006e+05
2.072307419733064889e+05
2.077969755051489046e+05
2.083461830745491898e+05
2.088613361255280906e+05
2.093355915558862616e+05
2.097748125199333590e+05
2.101993480177737947e+05
2.106450306873547670e+05
2.111633456733970670e+05
2.118206763295895362e+05
2.126964202999534027e+05
2.138795954160785477e+05
2.154634016478201665e+05
2.175372378252001654e+05
2.201760647776286642e+05
2.234278240809190902e+05
2.273007151639996737e+05
2.317531298050118785e+05
2.366894556571403809e+05
2.419643948920618568e+05
2.473968098275034281e+05
2.527917326634784986e+05
2.579667529047956050e+05
2.627773537039355142e+05
2.671355598979161005e+05
2.710176855608053738e+05
2.744596617447368335e+05
2.775415643490934162e+05
2.803655650657564402e+05
2.830328114128917223e+05
2.856243987352900440e+05
2.881898848504784401e+05
2.907444043109075283e+05
2.932731952590187429e+05
2.957409160025753081e+05
2.981027680058121332e+05
3.003149918124523247e+05
3.023433014323264360e+05
3.041687548047449673e+05
3.057910836063914467e+05
3.072295824805462034e+05
3.085215045830408344e+05
3.097178468620252097e+05
3.108766602984158089e+05
3.120545906402785331e+05
3.132980234987399890e+05
3.146356468739757547e+05
3.160741882512833690e+05
3.175984601497377735e+05
3.191758164411106263e+05
3.207640056219821563e+05
3.223205632612660993e+05
3.238115684016908635e+05
3.252178654915089137e+05
3.265375997940352536e+05
3.277848782899983926e+05
3.289852714407929452e+05
3.301694992486582487e+05
3.313668931008597719e+05
3.326000933836649638e+05
3.338820035870005377e+05
3.352153858164547710e+05
3.365947879133804818e+05
3.380098991260444163e+05
3.394491032754846383e+05
3.409020534920154605e+05
3.423605394504124415e+05
3.438176199190844782e+05
3.452656973315481446e+05
3.466946434394864482e+05
3.480910722060406115e+05
3.494394054010930122e+05
3.507246737521245959e+05
3.519363211904669297e+05
3.530718825983916176e+05
3.541394112459074240e+05
3.551579056823656429e+05
3.561555659880058374e+05
3.571662837228879216e+05
3.582251563537589973e+05
3.593639223033249727e+05
3.606070553997765528e+05
3.619689483039740589e+05
3.634523033484859625e+05
3.650476563747742912e+05
3.667339219464210328e+05
3.684799117466903990e+05
3.702468362469788408e+05
3.719917650562640629e+05
3.736718768068110221e+05
3.752491324077704921e+05
3.766948429545005783e+05
3.779935349473995157e+05
3.791455464765366632e+05
3.801678912387411692e+05
3.810930851820432581e+05
3.819658577967890305e+05
3.828379895419676905e+05
3.837619076167390449e+05
3.847840357954099891e+05
3.859390785085902316e+05
3.872462975526076043e+05
3.887083934548932593e+05
3.903129561784584075e+05
3.920358223530919058e+05
3.938452882976597757e+05
3.957061017598717008e+05
3.975824697955361917e+05
3.994398335748941754e+05
4.012456768246085849e+05
4.029699776027685730e+05
4.045859827544918517e+05
4.060717773284065770e+05
4.074127227912929957e+05
4.086043904439206235e+05
4.096552727525035734e+05
4.105884287205534638e+05
4.114413474775864161e+05
4.122636506200446747e+05
4.131126927742429543e+05
4.140475412809430854e+05
4.151221280530832009e+05
4.163785260716904304e+05
4.178413072288767435e+05
4.195138045601309277e+05
4.213768521282243892e+05
4.233902382396175526e+05
4.254967289395588450e+05
4.276281665234648390e+05
4.297128915948076756e+05
4.316836150480716606e+05
4.334848636991168023e+05
4.350791870866518584e+05
4.364513985561992158e+05
4.376102409991319291e+05
4.385870845284643001e+05
4.394316512134966906e+05
4.402053129152888432e+05
4.409730868815390277e+05
4.417958318119989126e+05
4.427241164903171593e+05
4.437947340370567981e+05
4.450300165101103485e+05
4.464392723507271148e+05
4.480211436022432172e+05
4.497656467963238247e+05
4.516550955925871967e+05
4.536637983318319311e+05
4.557570993135233875e+05
4.578907532362891943e+05
4.600116712954504183e+05
4.620607693380883429e+05
4.639780952602270409e+05
4.657097745974652935e+05
4.672157527334207552e+05
4.684769598078851122e+05
4.695004550298832473e+05
4.703213304598710383e+05
4.710006233595411177e+05
4.716191195645711850e+05
4.722676363814880606e+05
4.730350600872654468e+05
4.739959779414814548e+05
4.752000607587004779e+05
4.766652763335683267e+05
4.783764386298749014e+05
4.802895347436879529e+05
4.823409224007842713e+05
4.844592375317811384e+05
4.865771405995639507e+05
4.886401782844920526e+05
4.906110549632080947e+05
4.924691514107609401e+05
4.942066196207285393e+05
4.958232634819223313e+05
4.973223931122704525e+05
4.987090098618518678e+05
4.999904520207169699e+05
5.011785328254438937e+05
5.022916384878075332e+05
5.033553678812487633e+05
5.044009574053728720e+05
5.054616388031889801e+05
5.065678809753092937e+05
5.077429054579165531e+05
5.089998213730469579e+05
5.103412399279670208e+05
5.117614701103235129e+05
5.132506052660832647e+05
5.147992223974305671e+05
5.164022028707865393e+05
5.180604065961648012e+05
5.197795352420189301e+05
5.215663480076143751e+05
5.234232276031301590e+05
5.253427002268015640e+05
5.273036962038101628e+05
5.292710003796637757e+05
5.311985330830434104e+05
5.330360326109463349e+05
5.347377007460595341e+05
5.362707546290712198e+05
5.376218148141570855e+05
5.387996554674110375e+05
5.398338377160533564e+05
5.407698011481889989e+05
5.416617721884828061e+05
5.425651673765871674e+05
5.435300147939982126e+05
5.445964234923996264e+05
5.457924887810049113e+05
5.471343951235573040e+05
5.486279804283792619e+05
5.502707376645894255e+05
5.520532296600166010e+05
5.539592379277717555e+05
5.559646298229950480e+05
5.580357356614548480e+05
5.601286606539346976e+05
5.621910649670064449e+05
5.641673287174120778e+05
5.660067848733258434e+05
5.676732909730687970e+05
5.691534341898971470e+05
5.704606312421965413e+05
5.716334299707937753e+05
5.727281015887764515e+05
5.738074427580096526e+05
5.749288565146672772e+05
5.761348166125909192e+05
5.774477909058631631e+05
5.788700936684063636e+05
5.803876319826123072e+05
5.819756601749877445e+05
5.836046608891685028e+05
5.852451436061640270e+05
5.868710530632195296e+05
5.884621543661063770e+05
5.900059398778518662e+05
5.914992995804647217e+05
5.929496672079254640e+05
5.943749510207219282e+05
5.958015523213655688e+05
5.972602285583900521e+05
5.987802966331009520e+05
6.003833713383920258e+05
6.020781758813145570e+05
6.038577842576317489e+05
6.057000213162495056e+05
6.075709004590426339e+05
6.094302257238921011e+05
6.112380557555899723e+05
6.129607015093573136e+05
6.145752376291595865e+05
6.160719911092566326e+05
6.174549591382984072e+05
6.187404723958267132e+05
6.199545995420188410e+05
6.211297930604411522e+05
6.223011754815194290e+05
6.235027600584788015e+05
6.247638789955038810e+05
6.261061765689520398e+05
6.275416396150628570e+05
6.290721396039016545e+05
6.306907187851682538e+05
6.323843562090978958e+05
6.341373630789803574e+05
6.359341795271154260e+05
6.377604619977930561e+05
6.396020514664729126e+05
6.414424794472797075e+05
6.432606213595898589e+05
6.450304156229634536e+05
6.467239365650082473e+05
6.483176833939926000e+05
6.498003028567486908e+05
6.511788686003809562e+05
6.524808863002760336e+05
6.537504823161258828e+05
6.550392965899137780e+05
6.563945972912084544e+05
6.578482347805198515e+05
6.594098090237044962e+05
6.610659599698944949e+05
6.627856160320163472e+05
6.645291640301703010e+05
6.662584997551956913e+05
6.679450482438317267e+05
6.695739154029920464e+05
6.711438304135564249e+05
6.726638641636171378e+05
6.741486314486304764e+05
6.756136827678234549e+05
6.770722480432861485e+05
6.785337582392046461e+05
6.800039653187203221e+05
6.814861607285819482e+05
6.829829163513211533e+05
6.844977947192257270e+05
6.860364897414398147e+05
6.876068857212639414e+05
6.892176853196260054e+05
6.908756612935081357e+05
6.925821848491560668e+05
6.943302369232407073e+05
6.961032909733236302e+05
6.978770466532852734e+05
6.996240465133619728e+05
7.013200749681006419e+05
7.029504207387692295e+05
7.045139767071895767e+05
7.060238322419824544e+05
7.075041917500958079e+05
7.089846163351461291e+05
7.104932606491039041e+05
7.120507666064251680e+05
7.136659325806581182e+05
7.153335852570795687e+05
7.170346164211401483e+05
7.187380554789402522e+05
7.204051802435520804e+05
7.219956957351458259e+05
7.234756622773921117e+05
7.248261213754683267e+05
7.260505548236625036e+05
7.271788941494944738e+05
7.282661613218702842e+05
7.293850357430634322e+05
7.306133775926703820e+05
7.320193850788960699e+05
7.336479902375856182e+05
7.355119164550497662e+05
7.375895511358426884e+05
7.398298528524177382e+05
7.421625789712863043e+05
7.445108413193958113e+05
7.468027713121670531e+05
7.489798944081226364e+05
7.510012733247629367e+05
7.528439528473389801e+05
7.545011472216981929e+05
7.559796788903508568e+05
7.572975487307984149e+05
7.584816646018167958e+05
7.595652155808690004e+05
7.605842645724171307e+05
7.615737577660441166e+05
7.625638931431609672e+05
