6.811844750244336901e+05
6.797737715054852888e+05
6.783480126888491213e+05
6.769103151131860213e+05
6.754699841537704924e+05
6.740398298109421739e+05
6.726331741616900545e+05
6.712606847238362534e+05
6.699272576814275235e+05
6.686294939790883800e+05
6.673545746536264196e+05
6.660812415838013403e+05
6.647830277592659695e+05
6.634330694578287657e+05
6.620091864997865632e+05
6.604978010631308425e+05
6.588957616470387438e+05
6.572099842839615885e+05
6.554555671394118108e+05
6.536533092878003372e+05
6.518273009158066707e+05
6.500027085457008798e+05
6.482034669383983128e+05
6.464496118004453601e+05
6.447544465445132228e+05
6.431223283263872145e+05
6.415481547473488608e+05
6.400193398745727027e+05
6.385202166663024109e+05
6.370377515883706510e+05
6.355667135531926760e+05
6.341123927936523687e+05
6.326896846091197804e+05
6.313185564664979465e+05
6.300171244470307138e+05
6.287943347445973195e+05
6.276443603882016614e+05
6.265443327138228342e+05
6.254561567739906022e+05
6.243321707695610821e+05
6.231235084558428498e+05
6.217893590938913403e+05
6.203050215499795740e+05
6.186668346316352254e+05
6.168927778571830131e+05
6.150186558892662870e+05
6.130909923092365498e+05
6.111586439819174120e+05
6.092653616574897896e+05
6.074449763598433929e+05
6.057198134829556802e+05
6.041017752602449618e+05
6.025947439569929847e+05
6.011968036775233923e+05
5.999012315037702210e+05
5.986960079340384109e+05
5.975623939154134132e+05
5.964736308845822932e+05
5.953949010563788470e+05
5.942853505720261019e+05
5.931023551474187989e+05
5.918074899754603393e+05
5.903730670190915698e+05
5.887878069258964388e+05
5.870603137128185481e+05
5.852194806797532365e+05
5.833116153780018212e+05
5.813947172564647626e+05
5.795308079662098316e+05
5.777774481835758779e+05
5.761796256213614251e+05
5.747631432219811250e+05
5.735304992418437032e+05
5.724599869817567524e+05
5.715082946121110581e+05
5.706162747693323763e+05
5.697169198066880926e+05
5.687441381715507014e+05
5.676408596474634251e+05
5.663653343971591676e+05
5.648950845913857920e+05
5.632285575916939415e+05
5.613848766646693693e+05
5.594020923669973854e+05
5.573340959371966310e+05
5.552460896123481216e+05
5.532084535894164583e+05
5.512891257648009341e+05
5.495451537813378964e+05
5.480146606990110595e+05
5.467107959945673356e+05
5.456191092344548088e+05
5.446991556177684106e+05
5.438902007214485202e+05
5.431199519388175104e+05
5.423146196787017398e+05
5.414084788653672440e+05
5.403514363504941575e+05
5.391137234214242781e+05
5.376874807191216387e+05
5.360855052589635598e+05
5.343377308517510537e+05
5.324861630342049757e+05
5.305790635578364599e+05
5.286652071938086301e+05
5.267889799310342642e+05
5.249868967399165267e+05
5.232857808487321017e+05
5.217024420521616703e+05
5.202443565541638527e+05
5.189107115368632367e+05
5.176932792227888713e+05
5.165768699307779898e+05
5.155394570490035694e+05
5.145523419380023843e+05
5.135808527661492699e+05
5.125860241154649411e+05
5.115274994822596200e+05
5.103675757757336251e+05
5.090759321407788084e+05
5.076342530903418665e+05
5.060397880662634852e+05
5.043069825924898032e+05
5.024666830361805623e+05
5.005629553001470631e+05
4.986480801322428160e+05
4.967766080540532130e+05
4.949993854112329427e+05
4.933582507292492664e+05
4.918818031639498658e+05
4.905824277117108577e+05
4.894547045529510942e+05
4.884753879173475434e+05
4.876051827350510284e+05
4.867924457157969009e+05
4.859786455441730795e+05
4.851050051396676572e+05
4.841193742744728224e+05
4.829822129490905791e+05
4.816707067201540922e+05
4.801804661292571691e+05
4.785248416109249229e+05
4.767323987916973419e+05
4.748433510688355891e+05
4.729056534116668627e+05
4.709711052169624600e+05
4.690914117057821713e+05
4.673139663190082647e+05
4.656772854869185830e+05
4.642064889417986851e+05
4.629097134790069540e+05
4.617765495378950145e+05
4.607792925096412655e+05
4.598770552542474470e+05
4.590219005073045846e+05
4.581655315006704186e+05
4.572650208977273433e+05
4.562865784280325752e+05
4.552071837293836870e+05
4.540146310862910468e+05
4.527068207880439004e+05
4.512909175654087448e+05
4.497824868050720543e+05
4.482042628244836815e+05
4.465840847320227767e+05
4.449518179345690878e+05
4.433355868579558446e+05
4.417580796215601731e+05
4.402338075395953492e+05
4.387679553976518218e+05
4.373569808432837599e+05
4.359906452894626418e+05
4.346548733830988058e+05
4.333347999087281059e+05
4.320174992152106715e+05
4.306940760047396179e+05
4.293609337307090755e+05
4.280201105677238083e+05
4.266786263363961480e+05
4.253468714449920808e+05
4.240362133510746062e+05
4.227561747956214240e+05
4.215116976214190363e+05
4.203010841639235732e+05
4.191151523772855871e+05
4.179379239832020830e+05
4.167488052199838567e+05
4.155257982145185815e+05
4.142489364389904658e+05
4.129030221771939541e+05
4.114789470258175861e+05
4.099733590895415400e+05
4.083870266898272093e+05
4.067226953544559656e+05
4.049833513554181554e+05
4.031715508291929727e+05
4.012899791876675445e+05
3.993429003159753629e+05
3.973378463017923641e+05
3.952868748795102583e+05
3.932069323112038546e+05
3.911191683217079262e+05
3.890473230963987880e+05
3.870154741976701189e+05
3.850454953548681224e+05
3.831545784646632383e+05
3.813531397104487405e+05
3.796433830916281440e+05
3.780187289940352202e+05
3.764642342692587408e+05
3.749580438876719563e+05
3.734738291108480189e+05
3.719840739418385783e+05
3.704639497448465554e+05
3.688953586746554938e+05
3.672705575799974613e+05
3.655946627206981066e+05
3.638863627823122079e+05
3.621763847463898128e+05
3.605036522885188460e+05
3.589095685677714646e+05
3.574313189153393614e+05
3.560953946232310846e+05
3.549125932355514378e+05
3.538755222048198339e+05
3.529591613615383976e+05
3.521244273647452937e+05
3.513240693973845337e+05
3.505097509774473147e+05
3.496389454110792140e+05
3.486803419157418539e+05
3.476168108656051918e+05
3.464455371712386841e+05
3.451755826819092035e+05
3.438237341194991604e+05
3.424098777416290832e+05
3.409531909025695641e+05
3.394701072395415395e+05
3.379743676007118775e+05
3.364787056749723270e+05
3.349970989769658772e+05
3.335462812012585346e+05
3.321454728306638426e+05
3.308139678619404440e+05
3.295670694596841931e+05
3.284115725542483269e+05
3.273422774348594248e+05
3.263407815426596790e+05
3.253771381942081498e+05
3.244141461370824836e+05
3.234133365765431663e+05
3.223413641821520869e+05
3.211755382586902706e+05
3.199075525551529136e+05
3.185449133276231005e+05
3.171099693981955061e+05
3.156367426917925477e+05
3.141659623088744120e+05
3.127388854098722804e+05
3.113906894130017026e+05
3.101444180701564183e+05
3.090065630293288268e+05
3.079652439526143717e+05
3.069915489599904977e+05
3.060439621723414748e+05
3.050751059137643897e+05
3.040394904302187497e+05
3.029007792454041191e+05
3.016372958424622775e+05
3.002450107841950958e+05
2.987378476024513948e+05
2.971456226794009563e+05
2.955101788037325605e+05
2.938803061822344898e+05
2.923059816694097826e+05
2.908324168798457249e+05
2.894944417091191281e+05
2.883118258655146346e+05
2.872861681539913407e+05
2.863998819475697819e+05
2.856175551431609783e+05
2.848896123379701166e+05
2.841578449427479645e+05
2.833620880725862808e+05
2.824471639404161833e+05
2.813691910587904858e+05
2.801004580566124641e+05
2.786322502403299441e+05
2.769752681494333665e+05
2.751575685569599736e+05
2.732202708619016339e+05
2.712115822082936647e+05
2.691799670217962121e+05
2.671674694088505348e+05
2.652042304244414554e+05
2.633050799795615603e+05
2.614687200184309331e+05
2.596795091732577712e+05
2.579113275608100230e+05
2.561325903782758978e+05
2.543113137603830255e+05
2.524192667261449096e+05
2.504346237753123860e+05
2.483430359870848479e+05
2.461374984638160386e+05
2.438176627976428426e+05
2.413892496305308887e+05
2.388639795781236608e+05
2.362600706728239311e+05
2.336030043018643628e+05
2.309260815031795646e+05
2.282703437633334834e+05
2.256836760546975711e+05
2.232192124262601137e+05
2.209333640042404004e+05
2.188837746215521183e+05
2.171272806589308311e+05
2.157176291267775523e+05
2.147024810459046566e+05
2.141192665489557257e+05
2.139898293192098208e+05
2.143144155272816133e+05
2.150662073599007854e+05
2.161879988647973223e+05
2.175925417218055809e+05
2.191674828725923144e+05
2.207848029274485889e+05
2.223135333840642706e+05
2.236336301347360713e+05
2.246484900629322801e+05
2.252938308942549629e+05
2.255414337892594049e+05
2.253973490711783816e+05
2.248953040623248671e+05
2.240869682215150387e+05
2.230312396710718167e+05
2.217847274839395250e+05
2.203951226189645240e+05
2.188982870485187159e+05
2.173188575791052426e+05
2.156732431292941328e+05
2.139733747728003364e+05
2.122296205717528064e+05
2.104518755398020439e+05
2.086487368609170662e+05
2.068255014156803954e+05
2.049821368872780877e+05
2.031122367783663212e+05
2.012033995281928510e+05
1.992387994833278644e+05
1.971992946173301898e+05
1.950654297075153736e+05
1.928190696657228691e+05
1.904448517542158952e+05
1.879318552272341622e+05
1.852756850359024829e+05
1.824806441963534744e+05
1.795611347039589891e+05
1.765412365528552909e+05
1.734517769977455901e+05
1.703250529473857896e+05
1.671883824952693831e+05
1.640583910927666002e+05
1.609380178424905171e+05
1.578175392523333139e+05
1.546796430185094068e+05
1.515071797043253900e+05
1.482911941294251883e+05
1.450365941421163152e+05
1.417634835289517068e+05
1.385035696615232737e+05
1.352926905465310556e+05
1.321618236240799015e+05
1.291294764410703501e+05
1.261979263730711391e+05
1.233545237963242398e+05
1.205776353574291861e+05
1.178453387019647198e+05
1.151441659628804337e+05
1.124752660405831994e+05
1.098562391251498484e+05
1.073182506120005128e+05
1.048993894858849089e+05
1.026361794190352521e+05
1.005554473179277848e+05
9.866841545260304702e+04
9.696812297438022506e+04
9.543040253145151655e+04
9.401789967253415671e+04
9.268616252538019035e+04
9.139064545307436492e+04
9.009347980005269346e+04
8.876898205761915597e+04
8.740706176420761039e+04
8.601397835733849206e+04
8.461030568010060233e+04
8.322647337236435851e+04
8.189676787443281501e+04
8.065304078571163700e+04
7.951944787710782839e+04
7.850926852656222763e+04
7.762429424027085770e+04
7.685659549558730214e+04
7.619189340668127988e+04
7.561345460170508886e+04
7.510546812573842180e+04
7.465519942009581428e+04
7.425369858729277621e+04
7.389528754160634708e+04
7.357632452005945379e+04
7.329379551026805711e+04
7.304415451511078572e+04
7.282262866254114488e+04
7.262302080060183653e+04
7.243793695928658417e+04
7.225933543729089433e+04
7.207929633577071945e+04
7.189090285608719569e+04
7.168909656432078918e+04
7.147134106355375843e+04
7.123793880760215688e+04
7.099191383868009143e+04
7.073848324769976898e+04
7.048424704746647330e+04
7.023628188826676342e+04
7.000130666937728529e+04
6.978501480201999948e+04
6.959158445036041667e+04
6.942333179279770411e+04
6.928048480154463323e+04
6.916111041198653402e+04
6.906128253066676552e+04
6.897558530845797213e+04
6.889798217267707514e+04
6.882296121922334714e+04
6.874674058013313334e+04
6.866824447572893405e+04
6.858958631299479748e+04
6.851592445158793998e+04
6.845474972421446000e+04
6.841485389131220290e+04
6.840534966568887467e+04
6.843513216129757348e+04
6.851309882539529644e+04
6.864932158507092390e+04
6.885723289275530260e+04
6.915675723530436517e+04
6.957815857565701299e+04
7.016612330522338743e+04
7.098321672890352784e+04
7.211136919609653705e+04
7.364960600111442909e+04
7.570608346787844494e+04
7.838293570845478098e+04
8.175371068787103286e+04
8.583529559858280118e+04
9.055885194535153278e+04
9.574665115032988251e+04
1.011028155626022490e+05
1.062249043871211616e+05
1.106396464060659346e+05
1.138604103893859574e+05
1.154576685463299218e+05
1.151287791682502721e+05
1.127517851819578791e+05
1.084105571656559187e+05
1.023850299967710889e+05
9.510864670379883319e+04
8.710285737441474339e+04
7.890328483318995859e+04
7.099271537425607676e+04
6.375263678778783651e+04
5.743912348982048570e+04
5.218253694456873927e+04
4.800562063155564829e+04
4.485216096708853001e+04
4.261850801371425041e+04
4.118218265668724780e+04
4.042448971534903103e+04
4.024655885215257149e+04
4.057995608715082926e+04
4.139375742991160951e+04
4.269984554711117380e+04
4.455739585702036857e+04
4.707629167913243145e+04
5.041778842891099339e+04
5.478944304284458485e+04
6.043057138529928488e+04
6.758482241071580211e+04
7.645832440249956562e+04
8.716539363984848023e+04
9.966853249803383369e+04
1.137242132292578754e+05
1.288490519506964483e+05
1.443207028505794005e+05
1.592230935080210329e+05
1.725367387366626936e+05
1.832636562087624334e+05
1.905659632485394250e+05
1.938909940052742313e+05
1.930562643940837006e+05
1.882753738457759609e+05
1.801191220634245838e+05
1.694209972547822399e+05
1.571483989107834059e+05
1.442670542741950485e+05
1.316247373906177236e+05
1.198727096306876338e+05
1.094322213606932200e+05
1.005025205583001953e+05
9.309901605018065311e+04
8.710694588268292136e+04
8.233686157131927030e+04
7.857203564630790788e+04
7.560270313593615720e+04
7.324631919397006277e+04
7.135589680688224325e+04
6.981982792218906980e+04
6.855671506868039432e+04
6.750815161684311170e+04
6.663153254149839631e+04
6.589413734893809306e+04
6.526903130256191071e+04
6.473281277133263211e+04
6.426488629628119816e+04
6.384774566495139879e+04
6.346768901328784705e+04
6.311543599177205033e+04
6.278625104313570773e+04
6.247937217202250031e+04
6.219677248301749205e+04
6.194150198874654598e+04
6.171601578657975915e+04
6.152093593518344278e+04
6.135458646084229986e+04
6.121340244420312956e+04
6.109302182284199080e+04
6.098963465160474880e+04
6.090108903972261760e+04
6.082737322754677734e+04
6.077035989191122644e+04
6.073299452250394825e+04
6.071830531742276798e+04
6.072863065863071097e+04
6.076531498157411988e+04
6.082890658155561687e+04
6.091971762809268694e+04
6.103855105472000287e+04
6.118745288723237900e+04
6.137043334475290612e+04
6.159412246321309067e+04
6.186824485814723448e+04
6.220566034855748148e+04
6.262163782592054486e+04
6.313212555220079230e+04
6.375109130210428702e+04
6.448744809273858118e+04
6.534247051939200173e+04
6.630873306558327749e+04
6.737133274763671216e+04
6.851151653554034419e+04
6.971201045796212566e+04
7.096264184711722191e+04
7.226455330250876432e+04
7.363159358347962552e+04
7.508829496467916761e+04
7.666495407284289831e+04
7.839133729074205621e+04
8.029105323597260576e+04
8.237844851078819192e+04
8.465901448956274544e+04
8.713302426673959417e+04
8.980089633427718945e+04
9.266805768261765479e+04
9.574714548669889336e+04
9.905625918345755781e+04
1.026133744939341705e+05
1.064284712776630622e+05
1.104958820912141673e+05
1.147894653827806760e+05
1.192623754965986300e+05
1.238517157202897652e+05
1.284867532325944921e+05
1.330982408835980750e+05
1.376261537407111318e+05
1.420238846674356319e+05
1.462583440553991240e+05
1.503069040521528514e+05
1.541531239212222863e+05
1.577833239118282509e+05
1.611853501326467958e+05
1.643496613894670736e+05
1.672717235273065453e+05
1.699541038258530316e+05
1.724068284240156063e+05
1.746453621024652966e+05
1.766865959619381756e+05
1.785440312493123347e+05
1.802236254088282003e+05
1.817214854214850639e+05
1.830239612563086848e+05
1.841100197511280712e+05
1.849553155525597103e+05
1.855372060685470933e+05
1.858400077335161623e+05
1.858599163368301815e+05
1.856091030972342996e+05
1.851185279859333241e+05
1.844390343299311644e+05
1.836403722714181931e+05
1.828079755689914164e+05
1.820375692242735531e+05
1.814279705611637910e+05
1.810727241128159803e+05
1.810514566741580202e+05
1.814220289493569289e+05
1.822146475973342312e+05
1.834290129537734610e+05
1.850352420568067173e+05
1.869787056754074874e+05
1.891881327672150801e+05
1.915855559453347232e+05
1.940961511499929184e+05
1.966559896591153811e+05
1.992162614043435897e+05
2.017435290526505851e+05
2.042167190098642604e+05
2.066224425817055744e+05
2.089505360669108341e+05
2.111913079376342357e+05
2.133350677677840285e+05
2.153734837170005776e+05
2.173016083600919228e+05
2.191192997475987650e+05
2.208312379759326577e+05
2.224455268602160795e+05
2.239715845502231386e+05
2.254183432478524337e+05
2.267935828119419748e+05
2.281046424942256417e+05
2.293600757729548495e+05
2.305713407551178534e+05
2.317535470145565632e+05
2.329246252481467382e+05
2.341029003945668228e+05
2.353036918123858050e+05
2.365359984141042514e+05
2.378003977611739538e+05
2.390889686401198851e+05
2.403874389281757176e+05
2.416790620740481827e+05
2.429491668982855917e+05
2.441890962217969354e+05
2.453984324667633628e+05
2.465849436739967787e+05
2.477623858400438912e+05
2.489469212854723737e+05
2.501532466546773503e+05
2.513914755842575687e+05
2.526654504157208721e+05
2.539726437600585632e+05
2.553053652512752160e+05
2.566527573444793816e+05
2.580030694246750500e+05
2.593458509944595862e+05
2.606738654678246821e+05
2.619845983156838338e+05
2.632812109609172330e+05
2.645727515722054522e+05
2.658734725408303784e+05
2.672012641377510736e+05
2.685754447230037767e+05
2.700143338344441145e+05
2.715330679387815180e+05
2.731419755167393596e+05
2.748455914111923776e+05
2.766422015989313368e+05
2.785237767551435390e+05
2.804762751510334783e+05
2.824804578857513261e+05
2.845134083811456221e+05
2.865507975526849623e+05
2.885696352565945708e+05
2.905509602032294497e+05
2.924818211864085170e+05
2.943560698412422789e+05
2.961738466421539197e+05
2.979400193834711099e+05
2.996620533665275434e+05
3.013477881358723389e+05
3.030034357417171123e+05
3.046319460182493203e+05
3.062318254626748385e+05
3.077965652346824063e+05
3.093149405583909829e+05
3.107724565683310502e+05
3.121540488596121431e+05
3.134478160981736728e+05
3.146491761314971955e+05
3.157645425512371585e+05
3.168135327522373409e+05
3.178288878282739897e+05
3.188536808646296849e+05
3.199359305597196217e+05
3.211213102583536529e+05
3.224451295274858130e+05
3.239250581723374780e+05
3.255560838266398059e+05
3.273089177001733333e+05
3.291325236569781555e+05
3.309607320509267156e+05
3.327221316517855739e+05
3.343517388165181619e+05
3.358024469909250620e+05
3.370540782506132382e+05
3.381180897451383644e+05
3.390366763437427580e+05
3.398760956820942229e+05
3.407153185497996747e+05
3.416322461965184775e+05
3.426903766299042036e+05
3.439286987569725025e+05
3.453567397203139844e+05
3.469553502734618378e+05
3.486824251944476273e+05
3.504817564244154491e+05
3.522928595487254788e+05
3.540598842513885465e+05
3.557383767932978226e+05
3.572993862490374013e+05
3.587309523961694213e+05
3.600373058384486940e+05
3.612362262644422008e+05
3.623550746260301676e+05
3.634261195463416516e+05
3.644818938091579475e+05
3.655513449283294613e+05
3.666573922911445843e+05
3.678161603951144498e+05
3.690377119210103410e+05
3.703277038193044136e+05
3.716891713792838273e+05
3.731236796846028883e+05
3.746313546231312212e+05
3.762097333149188198e+05
3.778518328968965798e+05
3.795441922807466472e+05
3.812657774177883402e+05
3.829884932759081712e+05
3.846796363853538060e+05
3.863060652194723370e+05
3.878393388363535050e+05
3.892607499178170692e+05
3.905651543204167392e+05
3.917627610137645388e+05
3.928784840351633611e+05
3.939489263251860393e+05
3.950174501258253586e+05
3.961280465242979699e+05
3.973188676831097109e+05
3.986163692345271702e+05
4.000310356900958577e+05
4.015555795626417384e+05
4.031662298786177998e+05
4.048272004927368835e+05
4.064976985463578021e+05
4.081400822885068483e+05
4.097272843580058543e+05
4.112476365057328367e+05
4.127058541328419233e+05
4.141200069805237581e+05
4.155154523606276489e+05
4.169175240250147763e+05
4.183449766077746754e+05
4.198057661359743215e+05
4.212959297487281146e+05
4.228014494907134213e+05
4.243023219224640634e+05
4.257777192027347046e+05
4.272110762341711088e+05
4.285940692625766969e+05
4.299286950752564589e+05
4.312270117264069268e+05
4.325085741575630382e+05
4.337961472581109847e+05
4.351107693428762723e+05
4.364674832585032564e+05
4.378729059650698910e+05
4.393252613999829628e+05
4.408167138415846275e+05
4.423370843850381789e+05
4.438775921576579567e+05
4.454333037943383679e+05
4.470034859249526053e+05
4.485898442370461999e+05
4.501934059705311083e+05
4.518112818734650500e+05
4.534345710482574068e+05
4.550482645106252749e+05
4.566333319322501193e+05
4.581704859591869754e+05
4.596446271940223523e+05
4.610487966229394078e+05
4.623865997570044128e+05
4.636724367608238827e+05
4.649293708090350847e+05
4.661850011863526306e+05
4.674661971030120621e+05
4.687938982694534934e+05
4.701792836261273478e+05
4.716223512885274831e+05
4.731133302330331062e+05
4.746364952291911468e+05
4.761751594338120776e+05
4.777161968947149580e+05
4.792526180568915443e+05
4.807834729455912602e+05
4.823114196819775971e+05
4.838392418843333726e+05
4.853670217452216311e+05
4.868913747235460905e+05
4.884072259814762510e+05
4.899114265796870459e+05
4.914065623896321631e+05
4.929030186590745579e+05
4.944178933174316771e+05
4.959705313224140555e+05
4.975758252328711678e+05
4.992374332792399800e+05
5.009432804868065286e+05
5.026650360569093609e+05
5.043619843417135417e+05
5.059883535161731415e+05
5.075022498639127589e+05
5.088741305640432402e+05
5.100931568233934813e+05
5.111704833092202316e+05
5.121392143037773203e+05
5.130512105654755724e+05
5.139711954262493527e+05
5.149688282029135153e+05
5.161096839765763725e+05
5.174463539523825166e+05
5.190110012184730149e+05
5.208105294513252447e+05
5.228250412151389173e+05
5.250096372365744319e+05
5.272990762731453869e+05
5.296145523492558859e+05
5.318718620350238634e+05
5.339903730613955995e+05
5.359022475641189376e+05
5.375611808035663562e+05
5.389495362640365493e+05
5.400824227612651885e+05
5.410072764107590774e+05
5.417980949979824945e+05
5.425446041595099960e+05
5.433380193007304333e+05
5.442562289691624464e+05
5.453516974524782272e+05
5.466449077087604674e+05
5.481248091615393059e+05
5.497558839689972810e+05
5.514896703931845259e+05
5.532774421021364396e+05
5.550805988027940039e+05
5.568762197698111413e+05
5.586568730680104345e+05
5.604256150459046476e+05
5.621885401161805494e+05
5.639477792338063009e+05
5.656973537017023191e+05
5.674230148133583134e+05
5.691056726823840290e+05
5.707268297685920261e+05
5.722739809212822001e+05
5.737442722055893391e+05
5.751455549331789371e+05
5.764949093526776414e+05
5.778153874024951365e+05
5.791319805237895343e+05
5.804677132052452071e+05
5.818404715018388815e+05
5.832608746849810705e+05
5.847312877476615831e+05
5.862459650645299116e+05
5.877922679596808739e+05
5.893528542697209632e+05
5.909086544786384329e+05
5.924423149734250037e+05
5.939416291125832358e+05
5.954023500598936807e+05
5.968297619531640084e+05
5.982385374652295141e+05
5.996507338517300086e+05
6.010922033117957180e+05
6.025880848839101382e+05
6.041582674078698037e+05
6.058136903423303738e+05
6.075541051811268553e+05
6.093675652122673346e+05
6.112315823648965452e+05
6.131156784317691345e+05
6.149849697704004357e+05
6.168043949027755298e+05
6.185431470518299611e+05
6.201787832469450077e+05
6.217003970817443915e+05
6.231102555920546874e+05
6.244234835199321387e+05
6.256657278346475214e+05
6.268691664060695330e+05
6.280676078120146412e+05
6.292916488027309533e+05
6.305648502121859929e+05
6.319016591819358291e+05
6.333073883007091936e+05
6.347800385958119296e+05
6.363132423292014282e+05
6.378992648837480228e+05
6.395310089461101452e+05
6.412023920589444460e+05
6.429072247592046624e+05
6.446374995836952003e+05
6.463824060003731865e+05
6.481291150451225694e+05
6.498654509371683234e+05
6.515833919909469550e+05
6.532815544868932338e+05
6.549649418479937594e+05
6.566413842666135170e+05
6.583157866659555584e+05
6.599847026878186734e+05
6.616340598409927916e+05
6.632417644116814481e+05
6.647848080533100292e+05
6.662483333833521465e+05
6.676329498690856854e+05
6.689570514113071840e+05
6.702528388743164251e+05
6.715573426582037937e+05
6.729018078002224211e+05
6.743034285826036939e+05
6.757623596488437615e+05
6.772647137861500960e+05
6.787899004437377444e+05
6.803191748429627623e+05
6.818421987844611285e+05
6.833596302541339537e+05
6.848815804515515920e+05
6.864233451161093544e+05
6.880005068395015551e+05
6.896251809835870517e+05
6.913041876323836623e+05
6.930388704103702912e+05
6.948256678687905660e+05
6.966565749519428937e+05
6.985191470475506503e+05
7.003963150464037899e+05
7.022666322718362790e+05
7.041055051222291077e+05
7.058875632553864270e+05
7.075898496314396616e+05
7.091951918649603613e+05
7.106950553017022321e+05
7.120913230258611729e+05
7.133966705021621892e+05
7.146334036088844296e+05
7.158307975742699346e+05
7.170211690474121133e+05
7.182351865287019173e+05
7.194972476758642588e+05
7.208219960247379495e+05
7.222130337382578291e+05
7.236644793264245382e+05
7.251652362573597347e+05
7.267048883267615456e+05
7.282793740311918082e+05
7.298943800212034257e+05
7.315649375371166971e+05
7.333109180541909300e+05
7.351496099486666499e+05
7.370877444350740407e+05
7.391157130327695049e+05
7.412060660938154906e+05
7.433169124667153228e+05
7.453991258282422787e+05
7.474050002617731225e+05
7.492956989757348783e+05
7.510455969634834910e+05
7.526430527138146572e+05
7.540885807361851912e+05
7.553921825056616217e+05
7.565714115863931365e+05
7.576507724901001202e+05
7.586618556593984831e+05
7.596428689310484333e+05
7.606363601041355869e+05
7.616848715929469327e+05
7.628255033900068374e+05
