6.101161867803807836e+05
6.091726851178350626e+05
6.083996797696058638e+05
6.077089445825910661e+05
6.070069183979658410e+05
6.062081996247532079e+05
6.052478515117418719e+05
6.040902685403121868e+05
6.027329736883813748e+05
6.012048234921117546e+05
5.995593321826085448e+05
5.978647568570581498e+05
5.961929260368164396e+05
5.946085454897916643e+05
5.931601517265987350e+05
5.918733788430332206e+05
5.907470014157544356e+05
5.897522796637654537e+05
5.888361806728363736e+05
5.879287486825113883e+05
5.869541086651389487e+05
5.858434987631916301e+05
5.845477906332565472e+05
5.830466579376278678e+05
5.813521476320781512e+05
5.795057754541598260e+05
5.775699557427198160e+05
5.756160096141775139e+05
5.737117150786474813e+05
5.719111915824993048e+05
5.702489865596361924e+05
5.687389135400418891e+05
5.673769166271029972e+05
5.661463716716872295e+05
5.650239744751547696e+05
5.639846894584734691e+05
5.630049266823452199e+05
5.620638690842976794e+05
5.611434036751277745e+05
5.602272869625292951e+05
5.593000570999529446e+05
5.583459906088996213e+05
5.573482889464404434e+05
5.562887380808783928e+05
5.551482070255138678e+05
5.539083382082135649e+05
5.525544909594942583e+05
5.510794701797903981e+05
5.494870381820396287e+05
5.477939706942156190e+05
5.460296687653168337e+05
5.442330319207791472e+05
5.424471635211354587e+05
5.407131576702989405e+05
5.390644424015613040e+05
5.375228757489257259e+05
5.360971759661594406e+05
5.347835923792368267e+05
5.335682363295997493e+05
5.324303077765129274e+05
5.313455374541981146e+05
5.302893865262189647e+05
5.292397634113272652e+05
5.281791433277276810e+05
5.270959993755432079e+05
5.259854220786557999e+05
5.248487847583871335e+05
5.236923586302292533e+05
5.225249170144766103e+05
5.213545828607846051e+05
5.201854292368397582e+05
5.190145727588044829e+05
5.178306160024705459e+05
5.166142015550296055e+05
5.153410750576629653e+05
5.139874376368882367e+05
5.125366346721346490e+05
5.109856096307181288e+05
5.093492990182059002e+05
5.076614171196422540e+05
5.059708619199087261e+05
5.043340652915810351e+05
5.028046962537944200e+05
5.014228941442463547e+05
5.002064532768674544e+05
4.991460484469598159e+05
4.982057668457053369e+05
4.973290786586941686e+05
4.964491743067689240e+05
4.955015841668802314e+05
4.944364255992345279e+05
4.932276655113558518e+05
4.918774707242050790e+05
4.904148804679015884e+05
4.888893528369577834e+05
4.873608333921356243e+05
4.858885799986100174e+05
4.845209579583758023e+05
4.832879082661581342e+05
4.821970352113614790e+05
4.812335082386597060e+05
4.803633808661734802e+05
4.795395273625188856e+05
4.787091431213337928e+05
4.778216103399729473e+05
4.768355142896115431e+05
4.757237634772643796e+05
4.744761490366983926e+05
4.730992158252015943e+05
4.716138575592043344e+05
4.700514118726243614e+05
4.684491125673693023e+05
4.668455875904790591e+05
4.652768225944868173e+05
4.637728125054581906e+05
4.623550780594588723e+05
4.610352721083829529e+05
4.598150935524764354e+05
4.586875442790935631e+05
4.576392161112392787e+05
4.566529357953941217e+05
4.557099391097103944e+05
4.547909232147281291e+05
4.538757971990242950e+05
4.529425081114604254e+05
4.519657067894326174e+05
4.509160715014804737e+05
4.497608422530908138e+05
4.484656988433793304e+05
4.469977414523692569e+05
4.453291201409047353e+05
4.434407974333139719e+05
4.413259284105546540e+05
4.389923407759715337e+05
4.364636148743180675e+05
4.337783853808793938e+05
4.309877700538881472e+05
4.281512265848960960e+05
4.253314895187133807e+05
4.225893749376331107e+05
4.199790977929913206e+05
4.175444266582065029e+05
4.153157123561734334e+05
4.133077483898941427e+05
4.115185728914583451e+05
4.099295440059360699e+05
4.085070754604370450e+05
4.072061545912632137e+05
4.059752327288496308e+05
4.047615249030324048e+05
4.035154940119101666e+05
4.021935219156570383e+05
4.007584499033007305e+05
3.991785358894860838e+05
3.974260489239998860e+05
3.954768926760344766e+05
3.933122152846661629e+05
3.909220733251984348e+05
3.883102141981836176e+05
3.854983210319642094e+05
3.825279259089594707e+05
3.794587266660899622e+05
3.763630765951170470e+05
3.733175987068531103e+05
3.703937870140027371e+05
3.676497722831689753e+05
3.651250470108769368e+05
3.628390238720246125e+05
3.607931953088309965e+05
3.589757615401549265e+05
3.573671702042101533e+05
3.559451152280927054e+05
3.546880232269999105e+05
3.535766619963670964e+05
3.525940186415712815e+05
3.517239104353909497e+05
3.509489212324465043e+05
3.502482685711664963e+05
3.495961607772100251e+05
3.489611201846472104e+05
3.483066217139323126e+05
3.475932180079972604e+05
3.467820970046894508e+05
3.458397563470984460e+05
3.447431973702616524e+05
3.434847741636664141e+05
3.420756532286619185e+05
3.405468533766396577e+05
3.389471376779296552e+05
3.373376285265915794e+05
3.357837899593553157e+05
3.343461349378006998e+05
3.330714198550611036e+05
3.319860340985005023e+05
3.310927974994293763e+05
3.303716123109441833e+05
3.297836127003279398e+05
3.292778136098645045e+05
3.287988934992899885e+05
3.282946773211573018e+05
3.277220900930843200e+05
3.270507734113981132e+05
3.262641160596776754e+05
3.253580285460392479e+05
3.243382477100098040e+05
3.232171657055463293e+05
3.220110830196246388e+05
3.207384362880893168e+05
3.194190853578116512e+05
3.180743285144992988e+05
3.167270816785391071e+05
3.154016574345489498e+05
3.141227787480165134e+05
3.129137691574239871e+05
3.117941683413969004e+05
3.107772383340055239e+05
3.098678977658011136e+05
3.090615416383286356e+05
3.083440084286003257e+05
3.076927118730951915e+05
3.070787369553501485e+05
3.064695659591332078e+05
3.058320718323485344e+05
3.051354733289415599e+05
3.043540425882829586e+05
3.034694378825703752e+05
3.024725643743266701e+05
3.013648361575867748e+05
3.001586504849590710e+05
2.988768431318897055e+05
2.975509306213632808e+05
2.962180947547734831e+05
2.949171130274985335e+05
2.936837166555178119e+05
2.925460664802615065e+05
2.915210882869858178e+05
2.906122698112445069e+05
2.898092312252743868e+05
2.890890341903667431e+05
2.884188999741181033e+05
2.877598420202073758e+05
2.870707045266627101e+05
2.863122041778968414e+05
2.854507309515435481e+05
2.844617984193502343e+05
2.833330767144699930e+05
2.820668572392668575e+05
2.806816087787341676e+05
2.792120818711620523e+05
2.777073457029614947e+05
2.762263331412354019e+05
2.748309645374494139e+05
2.735776087998229777e+05
2.725082786923870444e+05
2.716432751085011405e+05
2.709768283659841400e+05
2.704766673787956825e+05
2.700875978674261132e+05
2.697383786011554184e+05
2.693506706248777919e+05
2.688486638331010472e+05
2.681680818276369246e+05
2.672635006924564950e+05
2.661132016773247742e+05
2.647210977511565434e+05
2.631156512043882394e+05
2.613461221250078524e+05
2.594768725260712672e+05
2.575806718522295414e+05
2.557319147314347501e+05
2.540003871821174689e+05
2.524458421955994272e+05
2.511133713827208849e+05
2.500295428088175249e+05
2.491995319402301102e+05
2.486058494333848648e+05
2.482095058541394828e+05
2.479543093946661975e+05
2.477743810803453962e+05
2.476040270496528537e+05
2.473881504045739712e+05
2.470907982152734476e+05
2.466995076541102026e+05
2.462239098628138599e+05
2.456884012236556737e+05
2.451202523756761802e+05
2.445358834151498158e+05
2.439288195607610978e+05
2.432628034260271525e+05
2.424725914617236995e+05
2.414732180078623642e+05
2.401763109629480168e+05
2.385099340045357239e+05
2.364370572059499391e+05
2.339676669632708072e+05
2.311609278330223751e+05
2.281164166868931497e+05
2.249565028984804812e+05
2.218044527122584987e+05
2.187639404024069954e+05
2.159049922670361411e+05
2.132592500107989181e+05
2.108246113647609309e+05
2.085767619817691157e+05
2.064836234657962923e+05
2.045186130170534598e+05
2.026696421312250313e+05
2.009424362287843251e+05
1.993584145123607886e+05
1.979485605591047497e+05
1.967452398297194159e+05
1.957738440728299320e+05
1.950456954906796745e+05
1.945530968292219040e+05
1.942669703406454355e+05
1.941372637345785333e+05
1.940961611413559294e+05
1.940639926548128424e+05
1.939574667071102012e+05
1.936994229621085688e+05
1.932288125442015589e+05
1.925092481395092618e+05
1.915344333056868636e+05
1.903291933545050852e+05
1.889456453341581218e+05
1.874550590989081538e+05
1.859368862918364466e+05
1.844670039209453971e+05
1.831072869908111752e+05
1.818982017425037338e+05
1.808553450866353232e+05
1.799699681132793194e+05
1.792127372737074620e+05
1.785394809319168562e+05
1.778975337932502152e+05
1.772315217254423187e+05
1.764879224358601496e+05
1.756183176657963195e+05
1.745817209449705842e+05
1.733465664970439975e+05
1.718928275943717163e+05
1.702143685079539428e+05
1.683211883046054863e+05
1.662408757415115833e+05
1.640184996227386873e+05
1.617143479289250390e+05
1.593993425006575126e+05
1.571484703910890967e+05
1.550330480614172411e+05
1.531129532201092516e+05
1.514300490296506032e+05
1.500038665418749733e+05
1.488302353421454609e+05
1.478830377868596115e+05
1.471187204435791064e+05
1.464827475701898511e+05
1.459169218540757138e+05
1.453664698788856622e+05
1.447859708457772213e+05
1.441435203653479402e+05
1.434228685214603320e+05
1.426235699959748308e+05
1.417593910404048511e+05
1.408553342837422970e+05
1.399436963334458414e+05
1.390595970025845163e+05
1.382364292428572662e+05
1.375016708962621633e+05
1.368734572008671239e+05
1.363582269521242706e+05
1.359496361818907026e+05
1.356288121848356677e+05
1.353659309341465705e+05
1.351230513826361275e+05
1.348580993225684215e+05
1.345298007264770858e+05
1.341031711003668024e+05
1.335548867863323248e+05
1.328775964533393853e+05
1.320821347510649357e+05
1.311968143048613565e+05
1.302635270970929996e+05
1.293311566685670841e+05
1.284475402763178281e+05
1.276516564978518727e+05
1.269676810697743495e+05
1.264020607564284874e+05
1.259439779944799957e+05
1.255687777780453180e+05
1.252433363261407503e+05
1.249320958136387198e+05
1.246025716493296059e+05
1.242294652732867253e+05
1.237969536526912852e+05
1.232991516167925874e+05
1.227390646589862881e+05
1.221265233798885019e+05
1.214756195161394571e+05
1.208020912456811639e+05
1.201209963083704642e+05
1.194449184719233308e+05
1.187828896722396603e+05
1.181401459592087631e+05
1.175187220743646467e+05
1.169187072840949841e+05
1.163397752387047803e+05
1.157824576850764279e+05
1.152486537911214691e+05
1.147410916032201494e+05
1.142618279690299532e+05
1.138102519053433061e+05
1.133812916081947915e+05
1.129645204958929535e+05
1.125446136120476585e+05
1.121032134459265508e+05
1.116218593501436408e+05
1.110853410585423408e+05
1.104847261901204474e+05
1.098193920443066017e+05
1.090976199831236154e+05
1.083356160084499425e+05
1.075551314795187063e+05
1.067801158436515980e+05
1.060330023428142740e+05
1.053312895190124109e+05
1.046850291907124774e+05
1.040956674954840564e+05
1.035564254910152085e+05
1.030540888146210928e+05
1.025717685080922965e+05
1.020919801509223762e+05
1.015993375681643520e+05
1.010822978758525278e+05
1.005336888140541123e+05
9.995010130370744446e+04
9.933052114085074572e+04
9.867471104338043369e+04
9.798181062331690919e+04
9.724944498206787102e+04
9.647341959247906925e+04
9.564792763918561104e+04
9.476615639331784041e+04
9.382123136606070329e+04
9.280750425017825910e+04
9.172218485561141279e+04
9.056719270369874721e+04
8.935089231761689007e+04
8.808918179046419391e+04
8.680535768989006465e+04
8.552836991283748648e+04
8.428949799362839258e+04
8.311800181682544644e+04
8.203672733163658995e+04
8.105879339495659224e+04
8.018625821298676601e+04
7.941111953950615134e+04
7.871833051773636544e+04
7.808995607130201824e+04
7.750934668998280540e+04
7.696433081008376030e+04
7.644883866811315238e+04
7.596288560653122840e+04
7.551126786432275549e+04
7.510153796189179411e+04
7.474181801017906400e+04
7.443885513410014391e+04
7.419653412242357444e+04
7.401492320420144824e+04
7.388986694645082753e+04
7.381312979257015104e+04
7.377308429227587476e+04
7.375588801478662936e+04
7.374699155190185411e+04
7.373269141479312384e+04
7.370133694767800625e+04
7.364378002483423916e+04
7.355276923527834879e+04
7.342125192129008065e+04
7.323992122283090430e+04
7.299473650352179538e+04
7.266541747396437859e+04
7.222592771325475769e+04
7.164764157843893918e+04
7.090525602149707265e+04
6.998471429229789646e+04
6.889168647981545655e+04
6.765874075072081177e+04
6.634938596874258656e+04
6.505766390003915876e+04
6.390276077308635286e+04
6.301896181798999896e+04
6.254198856579919811e+04
6.259324935505054600e+04
6.326383011262192304e+04
6.460023501754805329e+04
6.659398098583114916e+04
6.917706480426533381e+04
7.222487850805892958e+04
7.556720016813394614e+04
7.900646199911055737e+04
8.234087603909992322e+04
8.538865755634903326e+04
8.800902483155048685e+04
9.011616512961503759e+04
9.168387812216617749e+04
9.274071753613319015e+04
9.335752057620245614e+04
9.363064601740718354e+04
9.366468648287472024e+04
9.355787787396719796e+04
9.339220501423545647e+04
9.322875871128907602e+04
9.310767038137158670e+04
9.305120677489542868e+04
9.306840679160197033e+04
9.315986798962867761e+04
9.332174102892605879e+04
9.354847431333808345e+04
9.383424604847632872e+04
9.417328543208178598e+04
9.455943303222955728e+04
9.498535393181978725e+04
9.544181591239085537e+04
9.591738114474172471e+04
9.639873117522418033e+04
9.687166338191092655e+04
9.732259896233736072e+04
9.774028204361564713e+04
9.811727744043437997e+04
9.845091470033250516e+04
9.874346281512096175e+04
9.900150498011568561e+04
9.923465682163262682e+04
9.945388946522172773e+04
9.966976413575847982e+04
9.989086754875202314e+04
1.001226793308880005e+05
1.003670236146275856e+05
1.006221675036817614e+05
1.008835353201405669e+05
1.011449186093515891e+05
1.013999931774209545e+05
1.016439218266685348e+05
1.018748305889460025e+05
1.020949855641672912e+05
1.023115420004850748e+05
1.025367635833395179e+05
1.027876140329633927e+05
1.030846289810955932e+05
1.034500257026241743e+05
1.039051347324290109e+05
1.044674344893915113e+05
1.051476780511844991e+05
1.059477233581228647e+05
1.068596252073380747e+05
1.078662901972616964e+05
1.089435950793063239e+05
1.100634621812575060e+05
1.111971312340330915e+05
1.123178725259862986e+05
1.134026555181216536e+05
1.144327138180783077e+05
1.153933601429287228e+05
1.162736396640251478e+05
1.170663787787468027e+05
1.177689101347985270e+05
1.183843512426594825e+05
1.189229463577893766e+05
1.194027930321872554e+05
1.198493375258999004e+05
1.202933165392449591e+05
1.207672488894291746e+05
1.213010054321180796e+05
1.219172838785473577e+05
1.226279073029172869e+05
1.234317321777896432e+05
1.243146330942262139e+05
1.252516087169754610e+05
1.262106282125644211e+05
1.271575049044273328e+05
1.280609121134573506e+05
1.288966718919064442e+05
1.296506351732213370e+05
1.303197828170982248e+05
1.309115418394986773e+05
1.314416520962398790e+05
1.319311608102654573e+05
1.324032079739633773e+05
1.328801748149381892e+05
1.333815357508399466e+05
1.339224729329818510e+05
1.345130996905590291e+05
1.351580869988184713e+05
1.358566103447057831e+05
1.366027531310967752e+05
1.373866755020636483e+05
1.381968520929667284e+05
1.390234471018013428e+05
1.398624897033540183e+05
1.407200811067329487e+05
1.416155689286929264e+05
1.425825805196333095e+05
1.436670521266975265e+05
1.449218945726254024e+05
1.463986254167318693e+05
1.481370692868447222e+05
1.501549384403902222e+05
1.524395597692666925e+05
1.549439952311483503e+05
1.575891566018277372e+05
1.602722664465575072e+05
1.628804372581473144e+05
1.653067081309902715e+05
1.674651098778582818e+05
1.693015518062534102e+05
1.707985018894990790e+05
1.719731590148534451e+05
1.728704771650375915e+05
1.735534414156379644e+05
1.740931462538952765e+05
1.745605871348766377e+05
1.750210208065796760e+05
1.755307313152214338e+05
1.761353959032690618e+05
1.768691035940831352e+05
1.777533613138064684e+05
1.787959291485113208e+05
1.799898324809467304e+05
1.813132198816268356e+05
1.827307627174314985e+05
1.841970071364820469e+05
1.856615692940572335e+05
1.870754742906826432e+05
1.883974886082133162e+05
1.895991707580546499e+05
1.906676464397601085e+05
1.916057278872685274e+05
1.924297244166039745e+05
1.931658547276249155e+05
1.938463548960407788e+05
1.945061264450766903e+05
1.951802267264024995e+05
1.959019397473264253e+05
1.967008531588952173e+05
1.976004527444180858e+05
1.986151799879940518e+05
1.997474617744739808e+05
2.009856302783872525e+05
2.023036904187313048e+05
2.036635126051314874e+05
2.050193663070343318e+05
2.063240242402280564e+05
2.075352239128038927e+05
2.086212303858262894e+05
2.095645846494292200e+05
2.103636701714867377e+05
2.110322414261036611e+05
2.115973427219919977e+05
2.120960616405832989e+05
2.125714259881031467e+05
2.130676607791272108e+05
2.136251142763748649e+05
2.142754284480664937e+05
2.150377995293622080e+05
2.159172184041343571e+05
2.169052538283280446e+05
2.179832904160303005e+05
2.191273919545983081e+05
2.203134392875317135e+05
2.215211211787927896e+05
2.227357749265679740e+05
2.239478170834380144e+05
2.251502926929644018e+05
2.263356330884036433e+05
2.274928874068994191e+05
2.286064686886123673e+05
2.296569412709050521e+05
2.306237474057967192e+05
2.314892102339452831e+05
2.322428020278874028e+05
2.328846070079479250e+05
2.334271294396289159e+05
2.338950146431330359e+05
2.343227303755634639e+05
2.347506675797580101e+05
2.352203781424386543e+05
2.357697539019882679e+05
2.364288962636928190e+05
2.372172741539732087e+05
2.381425504832994193e+05
2.392011893591892149e+05
2.403806598866583081e+05
2.416627763080654549e+05
2.430275296434108750e+05
2.444567330572736391e+05
2.459369303792657447e+05
2.474612452302668244e+05
2.490300761638301483e+05
2.506506855662457237e+05
2.523357687232291501e+05
2.541010852231745084e+05
2.559622861462979636e+05
2.579312423824103607e+05
2.600124469765897375e+05
2.622003081196870771e+05
2.644782103442890802e+05
2.668199872947173426e+05
2.691939233282278874e+05
2.715687155542946421e+05
2.739201956267299829e+05
2.762372410837647622e+05
2.785253283222149475e+05
2.808066047862999840e+05
2.831160892639225931e+05
2.854944782425733283e+05
2.879788481889699469e+05
2.905931132922923425e+05
2.933402815406108275e+05
2.961982780280875741e+05
2.991204055978955003e+05
3.020405371468298254e+05
3.048821187508123694e+05
3.075692687302265549e+05
3.100378817872955115e+05
3.122447554491129704e+05
3.141732689351580339e+05
3.158348828820368508e+05
3.172664924387721112e+05
3.185243078899018583e+05
3.196753891222904786e+05
3.207882182716766838e+05
3.219237719544694992e+05
3.231284466237062006e+05
3.244298763092854642e+05
3.258361565915187239e+05
3.273383084661980974e+05
3.289151190524099511e+05
3.305389780103416997e+05
3.321811728450239752e+05
3.338154021730209934e+05
3.354189508271673112e+05
3.369718314083838486e+05
3.384549383357830811e+05
3.398486149739344837e+05
3.411328671424138593e+05
3.422898189527241047e+05
3.433081173817552626e+05
3.441881515507978038e+05
3.449464395977265667e+05
3.456175193624167587e+05
3.462521788212117390e+05
3.469117558560400503e+05
3.476592964123347192e+05
3.485493026452636695e+05
3.496183514139910694e+05
3.508788185475976206e+05
3.523172563584435848e+05
3.538977916855351650e+05
3.555695784590498661e+05
3.572762850386834471e+05
3.589651891789952060e+05
3.605938333572886186e+05
3.621331971497028717e+05
3.635675609836300719e+05
3.648921879392453702e+05
3.661103063031861093e+05
3.672305952454572544e+05
3.682657037838641554e+05
3.692316489848154597e+05
3.701475536866839975e+05
3.710351936895020190e+05
3.719181024762202869e+05
3.728202927892979351e+05
3.737648124133393867e+05
3.747723191212226520e+05
3.758597387849055231e+05
3.770390036191428080e+05
3.783159265401849989e+05
3.796894061481046956e+05
3.811512502821474918e+05
3.826868462646079133e+05
3.842766819042152492e+05
3.858984333224874572e+05
3.875291359084355645e+05
3.891469554415142047e+05
3.907322830638950691e+05
3.922681857355352258e+05
3.937404975634865696e+05
3.951379153725198121e+05
3.964523392283263966e+05
3.976794560736282729e+05
3.988193422518469160e+05
3.998767834056415013e+05
4.008611237041109707e+05
4.017857033481816761e+05
4.026671897075325251e+05
4.035252044994572061e+05
4.043825052375661326e+05
4.052656105508587207e+05
4.062053020720866625e+05
4.072361066666119732e+05
4.083938756832898944e+05
4.097110430478148046e+05
4.112099886820679531e+05
4.128958879646013957e+05
4.147511020640372881e+05
4.167332039703493356e+05
4.187779956603838946e+05
4.208075217372254701e+05
4.227415765447858721e+05
4.245100996918497840e+05
4.260635914897970506e+05
4.273793547532093944e+05
4.284626968127746368e+05
4.293436619246208575e+05
4.300708590082120500e+05
4.307041954137650318e+05
4.313078853304425138e+05
4.319443408787358203e+05
4.326689408745771507e+05
4.335255181224524276e+05
4.345427088841047371e+05
4.357317693168884725e+05
4.370866708972522756e+05
4.385869632778145606e+05
4.402030746560247499e+05
4.419027594769044081e+05
4.436567944444529712e+05
4.454421367089715204e+05
4.472416338883837452e+05
4.490406896160789183e+05
4.508225005187726347e+05
4.525640883909052354e+05
4.542351119629433379e+05
4.558004594852428418e+05
4.572262746581380488e+05
4.584878355851407396e+05
4.595769929895265959e+05
4.605068860409768531e+05
4.613123642993579851e+05
4.620457235126688611e+05
4.627686556816219818e+05
4.635423367776232772e+05
4.644180267486645025e+05
4.654303099127419409e+05
4.665942568088155240e+05
4.679066337075991323e+05
4.693502082153729862e+05
4.708995347351534292e+05
4.725265185739815352e+05
4.742045005014062626e+05
4.759103444926319062e+05
4.776247477019061334e+05
4.793314714482678100e+05
4.810163025291365921e+05
4.826663441925431252e+05
4.842698684832838480e+05
4.858166246190265520e+05
4.872983190122374799e+05
4.887089861872745678e+05
4.900450956203389796e+05
4.913053996782648028e+05
4.924906624584977399e+05
4.936035011158954585e+05
4.946486158144022338e+05
4.956336510425028391e+05
4.965707606066918815e+05
4.974786072495200206e+05
4.983840823965984746e+05
4.993226796676522936e+05
5.003364588527146843e+05
5.014690692009808263e+05
5.027582984255243209e+05
5.042277326095764874e+05
5.058798497751521645e+05
5.076928100129093509e+05
5.096222553467259859e+05
5.116079129506458412e+05
5.135833115912787616e+05
5.154860778234807076e+05
5.172663837370260153e+05
5.188920406300410395e+05
5.203499882997973473e+05
5.216449444316957961e+05
5.227963844611584791e+05
5.238348174714342458e+05
5.247978220576921012e+05
5.257259169544411125e+05
5.266583171294912463e+05
5.276289265628425637e+05
5.286632620155855548e+05
5.297770601278508548e+05
5.309769354235801147e+05
5.322627480332474224e+05
5.336306440323562128e+05
5.350754209908668417e+05
5.365911549011878669e+05
5.381698319160040701e+05
5.397987334523398895e+05
5.414580852700385731e+05
5.431206350730608683e+05
5.447542411883950699e+05
5.463274145379264373e+05
5.478164863514913013e+05
5.492121927785177249e+05
5.505233686965294182e+05
5.517762200906308135e+05
5.530090334120948100e+05
5.542636591557590291e+05
5.555761144708754728e+05
5.569688260112177813e+05
5.584463673479087884e+05
5.599953558632623171e+05
5.615879527474698843e+05
5.631875924785372335e+05
5.647553603656021878e+05
5.662557624706347706e+05
5.676612168071451597e+05
5.689551242711204104e+05
5.701336504860696150e+05
5.712063483987448271e+05
5.721956130097173154e+05
5.731348707434943644e+05
5.740654871849442134e+05
5.750326183676378569e+05
5.760805100366713013e+05
5.772479137302922318e+05
5.785642489288815996e+05
5.800469189677375834e+05
5.816998956569920992e+05
5.835134512627765071e+05
5.854648105956637301e+05
5.875195144565152004e+05
5.896333687313229311e+05
5.917549364620175911e+05
5.938285775300600799e+05
5.957980447915144032e+05
5.976106062433917541e+05
5.992215727831514087e+05
6.005989654278715607e+05
6.017278746271096170e+05
6.026139035935380962e+05
6.032850221476928564e+05
6.037912436563535593e+05
6.042017815534600522e+05
6.045996963299356867e+05
6.050744319176503923e+05
6.057129880008100299e+05
6.065907292449129745e+05
6.077629609603079734e+05
6.092583807176364353e+05
6.110753326090550981e+05
6.131814502739909803e+05
6.155168149832453346e+05
6.180002502128481865e+05
6.205379187574954703e+05
6.230330715726191411e+05
6.253956794578868430e+05
6.275507777199535631e+05
6.294446428946933011e+05
6.310483303342695581e+05
6.323585335129278246e+05
6.333960782353340182e+05
6.342025672994751949e+05
6.348357339357065503e+05
6.353639982862280449e+05
6.358606333101686323e+05
6.363978989722788101e+05
6.370415078033102909e+05
6.378458035589201609e+05
6.388500181595775066e+05
6.400758973794598132e+05
6.415268674365769839e+05
6.431887827384732664e+05
6.450321636210508877e+05
6.470156909940802725e+05
6.490905607584991958e+05
6.512051397173923906e+05
6.533092810598725919e+05
6.553577409260680433e+05
6.573124236821294762e+05
6.591435966103340033e+05
6.608305714412804227e+05
6.623624419574351050e+05
6.637391863509468967e+05
6.649728805039362051e+05
6.660882072882291395e+05
6.671212363196637016e+05
6.681158067319398979e+05
6.691177047477560118e+05
6.701678234367987607e+05
6.712961265729084844e+05
6.725181462066107197e+05
6.738349081498474116e+05
6.752359693702092627e+05
6.767042354757998837e+05
6.782208671033430146e+05
6.797689815504229628e+05
6.813357022547767265e+05
6.829128801741386997e+05
6.844970878456118517e+05
