6.103235121484015835e+05
6.090423714563401882e+05
6.079647272078874521e+05
6.070313269304754212e+05
6.061736431223340333e+05
6.053268573495530291e+05
6.044401734915579436e+05
6.034821879632832715e+05
6.024407558859890560e+05
6.013185622914921260e+05
6.001267450520241400e+05
5.988790087200136622e+05
5.975877840470650699e+05
5.962626477563176304e+05
5.949101311239144998e+05
5.935337400644372683e+05
5.921335458275401033e+05
5.907056574664453510e+05
5.892425916635099566e+05
5.877355021341013489e+05
5.861783665581931127e+05
5.845729997069145320e+05
5.829328677456581499e+05
5.812836856291097356e+05
5.796598001382581424e+05
5.780969857068582205e+05
5.766237809571166290e+05
5.752541871951792855e+05
5.739841243608805817e+05
5.727926892072185874e+05
5.716475739278630354e+05
5.705126806317522423e+05
5.693555041308726650e+05
5.681523452963008313e+05
5.668905422077762196e+05
5.655681118722053943e+05
5.641919543112408137e+05
5.627758176473190542e+05
5.613386549786439864e+05
5.599032118168122834e+05
5.584941449082666077e+05
5.571350125671203714e+05
5.558440964325569803e+05
5.546298922755785752e+05
5.534877548751112772e+05
5.523991954736575717e+05
5.513346065463341074e+05
5.502589928233671235e+05
5.491391353868372971e+05
5.479500265056299977e+05
5.466786599995938595e+05
5.453242463592066197e+05
5.438952274351622909e+05
5.424045583559983643e+05
5.408651906469780952e+05
5.392873993904222734e+05
5.376787246705621947e+05
5.360462210454056039e+05
5.343998376881715376e+05
5.327553726638969965e+05
5.311356386820118641e+05
5.295691247929007513e+05
5.280862881747520296e+05
5.267143773838615743e+05
5.254721414880488301e+05
5.243657983605442569e+05
5.233872361088690232e+05
5.225147478546874481e+05
5.217158828326599905e+05
5.209514834331813618e+05
5.201798435028305976e+05
5.193601946996111656e+05
5.184552600574444514e+05
5.174331456764548202e+05
5.162691144647774636e+05
5.149476734042458120e+05
5.134649779913183884e+05
5.118310431458720705e+05
5.100709149686607998e+05
5.082239711588392965e+05
5.063408805976094445e+05
5.044783214820240391e+05
5.026921342103470233e+05
5.010300062903994112e+05
4.995249642748289043e+05
4.981908612178884796e+05
4.970207173988694558e+05
4.959882500398638658e+05
4.950523122681051609e+05
4.941633979138458380e+05
4.932710144795460510e+05
4.923306830337968422e+05
4.913095748924008221e+05
4.901902030128147453e+05
4.889719604103309102e+05
4.876705039649399114e+05
4.863150237681102008e+05
4.849434575054520974e+05
4.835958919090037234e+05
4.823068304689130164e+05
4.810975971709078876e+05
4.799706074818671914e+05
4.789072390824500471e+05
4.778703886854505399e+05
4.768116076755516115e+05
4.756813562155083637e+05
4.744399181719017797e+05
4.730662758801267482e+05
4.715628415317814215e+05
4.699551242849882692e+05
4.682867232102630078e+05
4.666110512707434245e+05
4.649816997923017479e+05
4.634433729052977869e+05
4.620250186962299631e+05
4.607363066242752830e+05
4.595680056484483066e+05
4.584961043278181460e+05
4.574887271955030155e+05
4.565141995895672590e+05
4.555482377782191616e+05
4.545783959133052849e+05
4.536046184685947956e+05
4.526358368973967736e+05
4.516836688957414590e+05
4.507550775991268456e+05
4.498461088710582117e+05
4.489385226843419368e+05
4.480004019856238156e+05
4.469908636325865518e+05
4.458680141537744785e+05
4.445984654266475700e+05
4.431662129713443574e+05
4.415786286726950784e+05
4.398678228547187173e+05
4.380866567075809580e+05
4.363000279617936467e+05
4.345733447554896702e+05
4.329609270823144470e+05
4.314971230270366068e+05
4.301921400864124298e+05
4.290332127277011750e+05
4.279902219061083160e+05
4.270237614144975669e+05
4.260932615142432624e+05
4.251631876038087066e+05
4.242062821935737738e+05
4.232038859562861035e+05
4.221441526742454735e+05
4.210192528932679561e+05
4.198224923707308481e+05
4.185458969744536444e+05
4.171785127478839713e+05
4.157055913306075381e+05
4.141089325485139270e+05
4.123687431479131337e+05
4.104672316913951072e+05
4.083937073537071701e+05
4.061502937242561020e+05
4.037567782409894280e+05
4.012529037163225585e+05
3.986967710984157748e+05
3.961589450812017312e+05
3.937130831550778239e+05
3.914250357132650679e+05
3.893429778436131892e+05
3.874909806935785455e+05
3.858675291817672551e+05
3.844491337746690842e+05
3.831978218965186388e+05
3.820703710421271389e+05
3.810269213326019817e+05
3.800370751816517441e+05
3.790825171599018504e+05
3.781562165456074290e+05
3.772590891749256989e+05
3.763954102930835215e+05
3.755682672504031798e+05
3.747760304019934847e+05
3.740103739090586896e+05
3.732559592288957210e+05
3.724916087115666596e+05
3.716926678864848218e+05
3.708342284803679213e+05
3.698948649617166957e+05
3.688604468124887208e+05
3.677274171711649979e+05
3.665047533490353380e+05
3.652137779636879568e+05
3.638851885728121269e+05
3.625531540927874739e+05
3.612470130026935949e+05
3.599818398496727459e+05
3.587497302002962097e+05
3.575139186004807125e+05
3.562076688673979370e+05
3.547392064066776657e+05
3.530028323807803099e+05
3.508949310010621557e+05
3.483321682833437226e+05
3.452682125528833712e+05
3.417051981961125857e+05
3.376971142026236630e+05
3.333441758706133696e+05
3.287795000621700310e+05
3.241513085597822210e+05
3.196047744442453841e+05
3.152672226617725682e+05
3.112389220020765206e+05
3.075897862055936130e+05
3.043606761603354244e+05
3.015671934555597836e+05
2.992039971957879025e+05
2.972484763732318534e+05
2.956635721196766244e+05
2.944002182160884840e+05
2.934000449658600846e+05
2.925987431893945904e+05
2.919300614673054661e+05
2.913300692427871982e+05
2.907411956867184490e+05
2.901156281222950201e+05
2.894178104389848304e+05
2.886259141276397859e+05
2.877322275860685622e+05
2.867424579552001669e+05
2.856740137014391948e+05
2.845534440625793650e+05
2.834133076016184641e+05
2.822887642316028941e+05
2.812141118838008260e+05
2.802193711435995065e+05
2.793269585748804966e+05
2.785485655073178350e+05
2.778825738204193185e+05
2.773125883255129447e+05
2.768077790080363047e+05
2.763255650331486249e+05
2.758167097356889863e+05
2.752322540829040809e+05
2.745311237170004752e+05
2.736869349392007571e+05
2.726926271593089332e+05
2.715620290545219905e+05
2.703281457892097533e+05
2.690386039021101897e+05
2.677491309951229487e+05
2.665161228732721647e+05
2.653893222677730373e+05
2.644055120003608172e+05
2.635839893029971863e+05
2.629244343666654313e+05
2.624075494243153953e+05
2.619984644008934556e+05
2.616523987084893743e+05
2.613215577611444169e+05
2.609619118368727213e+05
2.605385121076036594e+05
2.600283880090586026e+05
2.594207363284963067e+05
2.587148386604528932e+05
2.579166928230348567e+05
2.570355537750037620e+05
2.560814198147182469e+05
2.550640644368407666e+05
2.539936675857915252e+05
2.528826079755602696e+05
2.517476565652588033e+05
2.506117074669558206e+05
2.495042843669895083e+05
2.484603191562361608e+05
2.475170524046065984e+05
2.467092923068408563e+05
2.460636379784716701e+05
2.455925779450876289e+05
2.452895649925753532e+05
2.451261845804892073e+05
2.450523173178640427e+05
2.449997216283593443e+05
2.448887819015950372e+05
2.446374312933202891e+05
2.441706923161306768e+05
2.434290999224069528e+05
2.423745833129769599e+05
2.409930988463638641e+05
2.392941677473930176e+05
2.373081524972224142e+05
2.350823627491542138e+05
2.326768720698134857e+05
2.301604208430963627e+05
2.276062691301794548e+05
2.250876104805250361e+05
2.226722788545439835e+05
2.204169031880191469e+05
2.183611802949843404e+05
2.165233106842572743e+05
2.148977089556929714e+05
2.134558195145584177e+05
2.121503153856452846e+05
2.109222820599115221e+05
2.097103587648427056e+05
2.084603732907739759e+05
2.071338613675193046e+05
2.057140407194678846e+05
2.042082753049085732e+05
2.026467136625790736e+05
2.010774711988335475e+05
1.995592989985333406e+05
1.981530258148433641e+05
1.969131236838379409e+05
1.958805518080163747e+05
1.950776592799042119e+05
1.945054913227311336e+05
1.941434646096518845e+05
1.939511403976092697e+05
1.938717523711749818e+05
1.938371877327428083e+05
1.937741691705920675e+05
1.936113328969631111e+05
1.932866959788431122e+05
1.927547093451671244e+05
1.919918475560135557e+05
1.909996636508346128e+05
1.898045402256434027e+05
1.884539645110360871e+05
1.870098780581800966e+05
1.855402666248515015e+05
1.841104654720365361e+05
1.827755804039268696e+05
1.815750254375964287e+05
1.805296101643925067e+05
1.796410523520397546e+05
1.788933829158575973e+05
1.782555231229213823e+05
1.776843571727426024e+05
1.771278571478092927e+05
1.765281595052792109e+05
1.758248234502979030e+05
1.749586857316186652e+05
1.738766562477215193e+05
1.725374514138587110e+05
1.709177324617699196e+05
1.690175981461730262e+05
1.668640975455479347e+05
1.645115336859292001e+05
1.620378410930639366e+05
1.595371117997270194e+05
1.571091905939599092e+05
1.548479253518276673e+05
1.528299724493873364e+05
1.511059607141755114e+05
1.496953615867001936e+05
1.485857294492610963e+05
1.477362287663350871e+05
1.470847046553904365e+05
1.465570845095494005e+05
1.460776636431846127e+05
1.455788190628521261e+05
1.450088750212820887e+05
1.443371691273151373e+05
1.435557996742061514e+05
1.426780310370502411e+05
1.417338337298542901e+05
1.407634563878807530e+05
1.398101823565286468e+05
1.389134576604996691e+05
1.381033919667284936e+05
1.373972917678648955e+05
1.367984796235380636e+05
1.362972715673719940e+05
1.358736798082097666e+05
1.355012008232022054e+05
1.351509498324744054e+05
1.347954261277571204e+05
1.344113520975327119e+05
1.339813057911958895e+05
1.334941967633116292e+05
1.329449122595700319e+05
1.323335847935562779e+05
1.316648619878734462e+05
1.309473434021909925e+05
1.301931040196552640e+05
1.294170752505792771e+05
1.286360691105178703e+05
1.278673874890598090e+05
1.271271636005029868e+05
1.264287289418924192e+05
1.257813197513974883e+05
1.251893339500307047e+05
1.246521819516817632e+05
1.241646221277931327e+05
1.237173952404274169e+05
1.232979912486269168e+05
1.228914723811998410e+05
1.224813853849739535e+05
1.220508652575209417e+05
1.215840229790948069e+05
1.210676164502486208e+05
1.204928607167236623e+05
1.198570981662500417e+05
1.191649769902698026e+05
1.184288049422136246e+05
1.176678471416877583e+05
1.169064890505166841e+05
1.161713563534044952e+05
1.154876570422713412e+05
1.148751856102670718e+05
1.143445939479398803e+05
1.138946466930270108e+05
1.135111699191861408e+05
1.131682045943341946e+05
1.128314757893402857e+05
1.124637558601005585e+05
1.120311826133005525e+05
1.115092653403831646e+05
1.108873000425129576e+05
1.101702452378174057e+05
1.093776906686667353e+05
1.085402109297803108e+05
1.076939458750009653e+05
1.068745503946638346e+05
1.061116594977822533e+05
1.054247677353754989e+05
1.048210373884738365e+05
1.042951551939505734e+05
1.038310459659818443e+05
1.034050537240068661e+05
1.029900892713470676e+05
1.025601668824503286e+05
1.020946834727803071e+05
1.015817537252554466e+05
1.010199689599034173e+05
1.004181600413713459e+05
9.979312498810353281e+04
9.916575589876300364e+04
9.855642530126709607e+04
9.798071653320720361e+04
9.744651243145420449e+04
9.695310099104139954e+04
9.649242667304257338e+04
9.605207826700518490e+04
9.561921555426958366e+04
9.518449002728915366e+04
9.474511444270850916e+04
9.430651099459646503e+04
9.388230783056304790e+04
9.349275211709205178e+04
9.316179812240884348e+04
9.291320112550962949e+04
9.276594619774891180e+04
9.272934022793739859e+04
9.279816816510842182e+04
9.294849236122579896e+04
9.313492077210714342e+04
9.329037435596103023e+04
9.332938525383196247e+04
9.315560291484586196e+04
9.267341044970648363e+04
9.180245059358158323e+04
9.049270158536639065e+04
8.873692452626836894e+04
8.657721523977536708e+04
8.410325209678670217e+04
8.144155045307612454e+04
7.873720157873051357e+04
7.613156249846998253e+04
7.374054671752058493e+04
7.163814874628793041e+04
6.984860015076253330e+04
6.834846527792235429e+04
6.707764897824580839e+04
6.595634652019254281e+04
6.490388909372574562e+04
6.385541214035325538e+04
6.277318625211586186e+04
6.165096896986661886e+04
6.051142808643195895e+04
5.939814218411596812e+04
5.836460585888690548e+04
5.746292580106955575e+04
5.673453540943635744e+04
5.620446907319849561e+04
5.587978932407505636e+04
5.575190984942219802e+04
5.580197616863746953e+04
5.600819013558860752e+04
5.635390407960407174e+04
5.683531310323337675e+04
5.746752277430199319e+04
5.828766684122605511e+04
5.935374269297632418e+04
6.073815193152250140e+04
6.251576313582521107e+04
6.474764402017339307e+04
6.746315469458102598e+04
7.064433200540266989e+04
7.421684930875217833e+04
7.805092655106555321e+04
8.197343021760963893e+04
8.578956716937058081e+04
8.930991293740201218e+04
9.237692839354345051e+04
9.488518590636929730e+04
9.679125246709758358e+04
9.811198423079565691e+04
9.891294039751155651e+04
9.929080019573977916e+04
9.935448924407403683e+04
9.920913410263416881e+04
9.894537838640541304e+04
9.863467061741546786e+04
9.832950776508162380e+04
9.806668977267587616e+04
9.787149863288921188e+04
9.776118979876533558e+04
9.774696785221235768e+04
9.783440371888394293e+04
9.802281776617519790e+04
9.830440649145434145e+04
9.866384708196509746e+04
9.907886471389101644e+04
9.952191136391022883e+04
9.996279042077853228e+04
1.003718397176125291e+05
1.007231820473012631e+05
1.009975542265390250e+05
1.011843024145336094e+05
1.012822540691249160e+05
1.012993306466732611e+05
1.012509450990436599e+05
1.011574252749758161e+05
1.010408908760320337e+05
1.009221397296902287e+05
1.008181162748604256e+05
1.007404110508533195e+05
1.006949900874636805e+05
1.006830435983485659e+05
1.007025718729983346e+05
1.007501848679842078e+05
1.008226291823673382e+05
1.009177543726994772e+05
1.010349101042857656e+05
1.011750130179122061e+05
1.013406336995665188e+05
1.015363779767931119e+05
1.017695981047192909e+05
1.020511668835904566e+05
1.023958191674411355e+05
1.028215324403633276e+05
1.033476320150079118e+05
1.039917162058972608e+05
1.047659607652887789e+05
1.056736984590064239e+05
1.067072306462023698e+05
1.078475623182880663e+05
1.090662344483010238e+05
1.103288341642081505e+05
1.115993067702127300e+05
1.128440382607777865e+05
1.140348703073992947e+05
1.151506609066851961e+05
1.161775211957776337e+05
1.171082330877652857e+05
1.179414489953987504e+05
1.186810917597949301e+05
1.193360332263633172e+05
1.199198159419585572e+05
1.204500446870124579e+05
1.209471641026921425e+05
1.214325944255250797e+05
1.219264879283902264e+05
1.224455608220224676e+05
1.230014721957465808e+05
1.236000666889651184e+05
1.242415425098841079e+05
1.249213543681155425e+05
1.256315044791216642e+05
1.263618619074564340e+05
1.271012679761549516e+05
1.278383664561926271e+05
1.285622519415522838e+05
1.292630884581464634e+05
1.299327979950205481e+05
1.305658008162563783e+05
1.311596827238349651e+05
1.317156285885133548e+05
1.322385037199682556e+05
1.327365415922415559e+05
1.332206520852249232e+05
1.337033765201295319e+05
1.341975143731636053e+05
1.347144879443060199e+05
1.352626250230176083e+05
1.358456891272732173e+05
1.364620774727315584e+05
1.371050420700570394e+05
1.377640406346418313e+05
1.384269649883937673e+05
1.390826741711089562e+05
1.397231262958704901e+05
1.403445270307975879e+05
1.409472475947470812e+05
1.415346739755211456e+05
1.421114705362100212e+05
1.426818627015609818e+05
1.432484430851624347e+05
1.438117494759041292e+05
1.443705680724801496e+05
1.449226965260541183e+05
1.454658293208453106e+05
1.459983071217037505e+05
1.465196447961652011e+05
1.470309288426116691e+05
1.475352690914302948e+05
1.480384601564305194e+05
1.485498741800377611e+05
1.490834356067768240e+05
1.496584005232803465e+05
1.502996265662254591e+05
1.510370708802823792e+05
1.519043496757292014e+05
1.529362906891682942e+05
1.541655057455513161e+05
1.556181458059376746e+05
1.573092220747475221e+05
1.592381752413118666e+05
1.613856493833499262e+05
1.637125081292978430e+05
1.661618684832873114e+05
1.686642973204597365e+05
1.711454735543740680e+05
1.735348641152562341e+05
1.757736065528192557e+05
1.778200065933722944e+05
1.796517798445802473e+05
1.812651113936366164e+05
1.826714081341118144e+05
1.838929961155786586e+05
1.849588985924545559e+05
1.859013696247269691e+05
1.867533232280250231e+05
1.875464313190728135e+05
1.883095670159622969e+05
1.890673858904182562e+05
1.898390214578994783e+05
1.906369962814518367e+05
1.914664798558535404e+05
1.923250067064338364e+05
1.932027690395577811e+05
1.940836311923864123e+05
1.949470183715620369e+05
1.957707236434140941e+05
1.965344210944291553e+05
1.972233392843737383e+05
1.978312928296545870e+05
1.983622509996906738e+05
1.988299105162175256e+05
1.992552660288744955e+05
1.996627527831863845e+05
2.000759585439221701e+05
2.005140173885800177e+05
2.009895802551704110e+05
2.015087998101578560e+05
2.020732325470637297e+05
2.026831105228725355e+05
2.033411747954529128e+05
2.040562213788586378e+05
2.048456515543244022e+05
2.057365690076911123e+05
2.067652485303532158e+05
2.079750509923373174e+05
2.094130350380441232e+05
2.111256016170882795e+05
2.131535190037959837e+05
2.155266635077407991e+05
2.182588445929238806e+05
2.213432137033499894e+05
2.247489662140458240e+05
2.284202232787736575e+05
2.322779498884609784e+05
2.362253828613307851e+05
2.401567048297670553e+05
2.439678013797607564e+05
2.475672153019394027e+05
2.508851916616477538e+05
2.538791335893815849e+05
2.565347290968111483e+05
2.588631075085155026e+05
2.608952320715954120e+05
2.626750694277975126e+05
2.642528888090317487e+05
2.656795501667196513e+05
2.670021368600344867e+05
2.682609841683975537e+05
2.694880788000770845e+05
2.707068292269951198e+05
2.719331610427642590e+05
2.731776875278959051e+05
2.744484012835049070e+05
2.757530983315214980e+05
2.771007570762312389e+05
2.785014182914763223e+05
2.799646543517105747e+05
2.814972576659811311e+05
2.831010845890322234e+05
2.847719280356583768e+05
2.864998911443461548e+05
2.882711717814969015e+05
2.900706742251056712e+05
2.918846180404026527e+05
2.937023715828640852e+05
2.955170327369833249e+05
2.973246782943760045e+05
2.991225738033658126e+05
3.009068936346339760e+05
3.026706150131148170e+05
3.044022189509387827e+05
3.060856637789311353e+05
3.077018106806710712e+05
3.092311187912455061e+05
3.106570724855520530e+05
3.119695636804747628e+05
3.131674197024017922e+05
3.142594702183541376e+05
3.152639234175868332e+05
3.162062413730070111e+05
3.171160250910721370e+05
3.180235519305526395e+05
3.189565507821012870e+05
3.199376281192621100e+05
3.209825702912912238e+05
3.220996120825430262e+05
3.232896844058239949e+05
3.245475893084850977e+05
3.258639424761646660e+05
3.272275525694891694e+05
3.286277146360446350e+05
3.300557747446692665e+05
3.315053797286264016e+05
3.329711222685538814e+05
3.344458028887085384e+05
3.359171276992148487e+05
3.373651337310483796e+05
3.387617555118093733e+05
3.400735637251552544e+05
3.412678259918856784e+05
3.423208710830509663e+05
3.432266618101157364e+05
3.440029314464660129e+05
3.446925267164083780e+05
3.453587608916010358e+05
3.460753027333698119e+05
3.469128362471463624e+05
3.479257969296054798e+05
3.491425079377155052e+05
3.505609901293680887e+05
3.521510071575792972e+05
3.538611808375728433e+05
3.556288839065711945e+05
3.573903980258470401e+05
3.590894154693449382e+05
3.606829455933215795e+05
3.621445629378722515e+05
3.634653777017531102e+05
3.646531083725590142e+05
3.657294433733215556e+05
3.667258189177287859e+05
3.676779895116648404e+05
3.686202345729431836e+05
3.695804280115042930e+05
3.705771794761781930e+05
3.716197134087029845e+05
3.727102548271205160e+05
3.738478244101432501e+05
3.750319053468026686e+05
3.762646238914930145e+05
3.775507806746039423e+05
3.788959485144527862e+05
3.803035370469180634e+05
3.817719758294985513e+05
3.832929720295905136e+05
3.848513275262211100e+05
3.864262874989543925e+05
3.879940153477515560e+05
3.895306107809507521e+05
3.910150785526166437e+05
3.924317486993042403e+05
3.937717947189997649e+05
3.950336734834365197e+05
3.962225115390338469e+05
3.973486650001564994e+05
3.984258393793908181e+05
3.994692182109426940e+05
4.004939842647120240e+05
4.015144415354597149e+05
4.025437272723134374e+05
4.035939309008936398e+05
4.046763767415782204e+05
4.058018827121748473e+05
4.069809122782894410e+05
4.082235975818919833e+05
4.095395701822265401e+05
4.109374205019648070e+05
4.124235277177702519e+05
4.140000842549167573e+05
4.156624343693960109e+05
4.173962746451738058e+05
4.191756357300221571e+05
4.209626726233249647e+05
4.227100238255444565e+05
4.243659048648947501e+05
4.258813639148570364e+05
4.272184806234309799e+05
4.283579186684006127e+05
4.293042281599142589e+05
4.300876175935314386e+05
4.307615022979368805e+05
4.313958936847627047e+05
4.320675147742101690e+05
4.328482778873331845e+05
4.337942708466186305e+05
4.349374934698309517e+05
4.362821499391101534e+05
4.378063484455566504e+05
4.394687717143021291e+05
4.412185951428652625e+05
4.430060410045665340e+05
4.447907959742918611e+05
4.465462098426972516e+05
4.482585734927954618e+05
4.499224102985798381e+05
4.515340329739484587e+05
4.530861174904911895e+05
4.545655161935074138e+05
4.559551659019286744e+05
4.572392815428760368e+05
4.584097263950877823e+05
4.594710220054206438e+05
4.604420355712170131e+05
4.613536759558924823e+05
4.622433894403081504e+05
4.631483059602909489e+05
4.640991953487028950e+05
4.651169245075281360e+05
4.662121174282658030e+05
4.673876099298397312e+05
4.686424399757552310e+05
4.699757641996776802e+05
4.713892936826099758e+05
4.728874699407323496e+05
4.744754073501135572e+05
4.761553312940042815e+05
4.779226306487154216e+05
4.797626501911330270e+05
4.816490603137357393e+05
4.835442379326295923e+05
4.854017367538547842e+05
4.871706734005728504e+05
4.888016481638549594e+05
4.902535593478791416e+05
4.915003407867065398e+05
4.925363737256040331e+05
4.933793046234140056e+05
4.940693947546163690e+05
4.946653022061898955e+05
4.952370973760074121e+05
4.958579729336288874e+05
4.965962447530440986e+05
4.975088148840534850e+05
4.986365231241747388e+05
5.000011460932645714e+05
5.016035488855754375e+05
5.034227491497416049e+05
5.054162155566086294e+05
5.075221993366955430e+05
5.096649139113025740e+05
5.117627835332495742e+05
5.137389512634520652e+05
5.155322041422424372e+05
5.171059329943504999e+05
5.184530050753601245e+05
5.195954496005579713e+05
5.205792536301835789e+05
5.214657861128820805e+05
5.223219568611204159e+05
5.232110347292532679e+05
5.241853199879284948e+05
5.252810383140083868e+05
5.265153165837840643e+05
5.278850780288226670e+05
5.293679942436352139e+05
5.309258819070222089e+05
5.325107847845188808e+05
5.340733313603990246e+05
5.355720265424625250e+05
5.369813747726030415e+05
5.382966010444294661e+05
5.395334609666973120e+05
5.407230604755773675e+05
5.419032413982667495e+05
5.431092765026977286e+05
5.443668280966641614e+05
5.456892047809159849e+05
5.470792276900002034e+05
5.485341876636365196e+05
5.500512158510955051e+05
5.516304075143388472e+05
5.532742178250955185e+05
5.549834452663286356e+05
5.567517081557291094e+05
5.585609913035597419e+05
5.603803360751613509e+05
5.621683775311661884e+05
5.638788957189319190e+05
5.654675642943992279e+05
5.668980275144819170e+05
5.681461909592108568e+05
5.692026536540921079e+05
5.700739383203305770e+05
5.707832377724379767e+05
5.713708503806293011e+05
5.718937325993261766e+05
5.724231511815537233e+05
5.730395829527254682e+05
5.738247544574919157e+05
5.748517063184056897e+05
5.761745715897175251e+05
5.778200553666623309e+05
5.797823224967897404e+05
5.820222986665141070e+05
5.844715290993036469e+05
5.870399455265832366e+05
5.896262872287551872e+05
5.921295419053031364e+05
5.944596368981222622e+05
5.965457700634344947e+05
5.983412749703017762e+05
5.998247386330560548e+05
6.009980462766124401e+05
6.018827850732922088e+05
6.025166481410266133e+05
6.029509718380975537e+05
6.032494757252550917e+05
6.034871412484471221e+05
6.037475665219081566e+05
6.041174751969894860e+05
6.046782841565764975e+05
6.054962047673880588e+05
6.066134774661052506e+05
6.080433941957128700e+05
6.097706335523182061e+05
6.117566010311436839e+05
6.139477704996037064e+05
6.162842268708181800e+05
6.187060168782141991e+05
6.211562381387060741e+05
6.235813452337741619e+05
6.259302079275908181e+05
6.281536302582079079e+05
6.302054118694486097e+05
6.320450473608449101e+05
6.336413442994249053e+05
6.349759368042203132e+05
6.360458979626910295e+05
6.368651558000069344e+05
6.374648432205924764e+05
6.378928157062768005e+05
6.382123324217534391e+05
6.384995207115468802e+05
6.388390381113857729e+05
6.393175473539853701e+05
6.400152537313855719e+05
6.409965952373167966e+05
6.423018401509863324e+05
6.439414769272592384e+05
6.458947358368012356e+05
6.481125264231250621e+05
6.505239209603816271e+05
6.530445284341071965e+05
6.555849837971337838e+05
6.580583092491544085e+05
6.603857738551823422e+05
6.625016295216461876e+05
6.643573639294536551e+05
6.659257791393594816e+05
6.672044903943970567e+05
6.682177694143073168e+05
6.690154586677314946e+05
6.696681664058278548e+05
6.702589827357088216e+05
6.708731036452503176e+05
6.715874873867412098e+05
6.724626411830197321e+05
6.735378495059472043e+05
6.748299750978453085e+05
6.763349329677994829e+05
6.780304941699531628e+05
6.798793370979994070e+05
6.818319867388227722e+05
6.838300176386147505e+05
6.858102353446284542e+05
