3.393773857205327949e+05
3.386581351483120234e+05
3.381120115023693652e+05
3.377194652019095374e+05
3.374452796167883789e+05
3.372416582877761102e+05
3.370526069372186321e+05
3.368195316573230084e+05
3.364876077190658543e+05
3.360120525805012439e+05
3.353632033547437750e+05
3.345294309291135287e+05
3.335174279827645514e+05
3.323501065264248173e+05
3.310629454443568247e+05
3.296998832573817926e+05
3.283096541732720216e+05
3.269429208755049040e+05
3.256499308013739646e+05
3.244780200560390949e+05
3.234683170214936836e+05
3.226514644700447679e+05
3.220428834410933196e+05
3.216387175562332268e+05
3.214138160981635447e+05
3.213227946725510992e+05
3.213044466639318853e+05
3.212888600626774132e+05
3.212058824864064227e+05
3.209933325642109849e+05
3.206036229040587205e+05
3.200080614794234862e+05
3.191987394243137678e+05
3.181883353185377782e+05
3.170082671457840479e+05
3.157054840450375341e+05
3.143380032772964332e+05
3.129692495414249715e+05
3.116614259724238655e+05
3.104684850331750349e+05
3.094296195798775880e+05
3.085643810177806881e+05
3.078704249657797045e+05
3.073244609393543215e+05
3.068863376247304841e+05
3.065055225338791497e+05
3.061287582120234147e+05
3.057075576609293348e+05
3.052044535460418556e+05
3.045973850331130670e+05
3.038820420243417611e+05
3.030721842340939911e+05
3.021978871578893159e+05
3.013015267435222631e+05
3.004313904424012289e+05
2.996332857669010991e+05
2.989413304784607026e+05
2.983698875461656135e+05
2.979088764716306468e+05
2.975241357574914000e+05
2.971631925240316195e+05
2.967651755873564980e+05
2.962723432935307501e+05
2.956403161644629436e+05
2.948447457501809695e+05
2.938834993424126878e+05
2.927748905345830717e+05
2.915534442747369176e+05
2.902648451708655339e+05
2.889611748455545749e+05
2.876967070436215727e+05
2.865238879838520079e+05
2.854890049850804498e+05
2.846274462701956509e+05
2.839590981903015054e+05
2.834849133682191023e+05
2.831857157847543713e+05
2.830238415674826247e+05
2.829474639417412109e+05
2.828967627834093873e+05
2.828107546069807722e+05
2.826336753527485416e+05
2.823201705760210752e+05
2.818389597278641886e+05
2.811749196295361617e+05
2.803296382609784487e+05
2.793205112002639798e+05
2.781785034613840398e+05
2.769448205735596130e+05
2.756668680540448986e+05
2.743939327166831354e+05
2.731729490461113746e+05
2.720445749759785249e+05
2.710397143968314631e+05
2.701766805452492554e+05
2.694593741295762011e+05
2.688770075161948917e+05
2.684058507111307117e+05
2.680130953274539788e+05
2.676622952126492746e+05
2.673191940193624469e+05
2.669564160694062593e+05
2.665557163548420649e+05
2.661072680641949410e+05
2.656065496155996225e+05
2.650503359489615541e+05
2.644336718384488486e+05
2.637492985408565146e+05
2.629899467140382621e+05
2.621526273178746342e+05
2.612430969619563257e+05
2.602784664791168761e+05
2.592865611744690104e+05
2.583018592005033279e+05
2.573591171271263447e+05
2.564866149890489178e+05
2.557010131372360338e+05
2.550051449149641849e+05
2.543890034110479755e+05
2.538331729788637895e+05
2.533133782265504415e+05
2.528048151964909921e+05
2.522853763396033319e+05
2.517375045324566890e+05
2.511489210064780491e+05
2.505126942200221820e+05
2.498270479085578700e+05
2.490950769169188279e+05
2.483243204239166225e+05
2.475260532607995847e+05
2.467142163769502658e+05
2.459040486745887611e+05
2.451106039859871962e+05
2.443473682147897198e+05
2.436251259641421202e+05
2.429511142313667806e+05
2.423284143241374986e+05
2.417555206119939103e+05
2.412260862785290228e+05
2.407289373665765452e+05
2.402485058452709927e+05
2.397658174346219457e+05
2.392600789943984128e+05
2.387107809821796545e+05
2.381001144837636675e+05
2.374154335631784343e+05
2.366514705887987220e+05
2.358120066411772277e+05
2.349106871151936648e+05
2.339706651918124990e+05
2.330228051333277544e+05
2.321023476476053474e+05
2.312442564595527365e+05
2.304778743135052209e+05
2.298218822102506238e+05
2.292807090369289217e+05
2.288433568025598652e+05
2.284850825037378818e+05
2.281716452299687080e+05
2.278651237737384217e+05
2.275298882369553030e+05
2.271373335469416343e+05
2.266684555772802851e+05
2.261140993076428422e+05
2.254734470556564047e+05
2.247517580818745482e+05
2.239583577736112347e+05
2.231054448038314586e+05
2.222076667392069940e+05
2.212819221584163024e+05
2.203467261013129901e+05
2.194207764946844545e+05
2.185209075196748890e+05
2.176601005532147537e+05
2.168463627349450835e+05
2.160829793508017610e+05
2.153700400304783834e+05
2.147065350374380359e+05
2.140920226289685233e+05
2.135270305209626677e+05
2.130118981563911948e+05
2.125444435296588927e+05
2.121173604541556269e+05
2.117164246171201812e+05
2.113203756737145013e+05
2.109028566923821345e+05
2.104362093452202389e+05
2.098964133298202069e+05
2.092681395314766851e+05
2.085488166432839935e+05
2.077507974776597985e+05
2.069011134753119259e+05
2.060388309467768413e+05
2.052105276073714485e+05
2.044647298960279149e+05
2.038461670466067444e+05
2.033903933606876526e+05
2.031188434213660075e+05
2.030339813281400129e+05
2.031141755368677550e+05
2.033084415017435094e+05
2.035321516028868209e+05
2.036658254955831508e+05
2.035596083833307785e+05
2.030455046246460988e+05
2.019576905984650948e+05
2.001586442077105166e+05
1.975662470418039593e+05
1.941754830726395885e+05
1.900686747880984331e+05
1.854105297280383820e+05
1.804280061748642474e+05
1.753789526371162792e+05
1.705163169064809335e+05
1.660555433662652504e+05
1.621514173538277682e+05
1.588876801974879345e+05
1.562793135371815879e+05
1.542845815061140165e+05
1.528224384970325336e+05
1.517908893180316081e+05
1.510829488410037593e+05
1.505983648402434192e+05
1.502506707638015796e+05
1.499701066420580610e+05
1.497034466024211142e+05
1.494119282867753645e+05
1.490684370339068992e+05
1.486549240379343391e+05
1.481607319604646182e+05
1.475820683640122006e+05
1.469223841485890152e+05
1.461930300374370709e+05
1.454134276498665276e+05
1.446101590982614725e+05
1.438147707981923886e+05
1.430605258064197260e+05
1.423786445908168971e+05
1.417946555915847421e+05
1.413253637396053236e+05
1.409767474025691045e+05
1.407429253690621408e+05
1.406062490346124978e+05
1.405385501418899221e+05
1.405035476431206916e+05
1.404603310205559246e+05
1.403676759426926437e+05
1.401887453407745343e+05
1.398955529003881093e+05
1.394724916120153212e+05
1.389183105241148151e+05
1.382461654491061054e+05
1.374817242265475215e+05
1.366596774311436748e+05
1.358192814980257535e+05
1.349996672156867862e+05
1.342355749401028734e+05
1.335539899603846134e+05
1.329719394432453555e+05
1.324955456922542071e+05
1.321203205270423787e+05
1.318325935408267251e+05
1.316118485587344039e+05
1.314335973929349566e+05
1.312723067434390250e+05
1.311038963221422455e+05
1.309074883198253228e+05
1.306663668561015220e+05
1.303683760212474735e+05
1.300061050083045266e+05
1.295771085025384382e+05
1.290841453096550686e+05
1.285351496499121859e+05
1.279425571333749103e+05
1.273217810980889772e+05
1.266890125297012564e+05
1.260589065035788808e+05
1.254428976323573006e+05
1.248487248794409679e+05
1.242812794821038551e+05
1.237443159551268182e+05
1.232421515682199679e+05
1.227804315686146729e+05
1.223654018954839266e+05
1.220017664409863937e+05
1.216898437343819096e+05
1.214231044649864634e+05
1.211871115371636988e+05
1.209604308428722143e+05
1.207174333054537128e+05
1.204323346058690804e+05
1.200835260097219434e+05
1.196572949197225826e+05
1.191503163577680098e+05
1.185706338417851366e+05
1.179370877478536131e+05
1.172772511925980507e+05
1.166239751249988476e+05
1.160107502165494807e+05
1.154663361005226034e+05
1.150094447497359070e+05
1.146445429187565460e+05
1.143598771124732739e+05
1.141285128247148823e+05
1.139125464088970039e+05
1.136698615073501132e+05
1.133621068174858228e+05
1.129621929145404138e+05
1.124596658624595875e+05
1.118627977478074026e+05
1.111969971834224561e+05
1.104999727677549527e+05
1.098147635851002706e+05
1.091821262770915491e+05
1.086337770841222082e+05
1.081876691851616488e+05
1.078459559502076881e+05
1.075956976615187014e+05
1.074118505417809356e+05
1.072617293566463923e+05
1.071100027592508995e+05
1.069233582556438778e+05
1.066742138695148169e+05
1.063431774269554298e+05
1.059202663938227925e+05
1.054051132574639196e+05
1.048064429144804017e+05
1.041410294011937804e+05
1.034321902127417852e+05
1.027077590212497598e+05
1.019974760464602732e+05
1.013298733696589188e+05
1.007289586228148837e+05
1.002112100811101700e+05
9.978347937164912582e+04
9.944229042745177867e+04
9.917473678594149533e+04
9.896080000772356289e+04
9.877656755001177953e+04
9.859763772642225376e+04
9.840202463555724535e+04
9.817209733131009853e+04
9.789541237778349023e+04
9.756460322549677221e+04
9.717667353449729853e+04
9.673207068023098691e+04
9.623382863339662435e+04
9.568694438870809972e+04
9.509805526353293681e+04
9.447543128296815848e+04
9.382925239412485098e+04
9.317205708367841726e+04
9.251911823394006933e+04
9.188837891392983147e+04
9.129956207239616197e+04
9.077223061130625138e+04
9.032291180124704260e+04
8.996180213711957913e+04
8.968986299920866441e+04
8.949715533870099171e+04
8.936300038536461943e+04
8.925808444997426705e+04
8.914813038790941937e+04
8.899841535346805176e+04
8.877831580698315520e+04
8.846517992412662716e+04
8.804705716799059883e+04
8.752404173430299852e+04
8.690815504180290736e+04
8.622181679354564403e+04
8.549508134207459807e+04
8.476197099921805784e+04
8.405639317497989396e+04
8.340821896600027685e+04
8.284007076516722736e+04
8.236521024588933506e+04
8.198668949028628413e+04
8.169770950893462577e+04
8.148298572203917138e+04
8.132086233824508963e+04
8.118591263277373218e+04
8.105176102274718869e+04
8.089384069911624829e+04
8.069177414731564932e+04
8.043107739661601954e+04
8.010397904663362715e+04
7.970930992075904214e+04
7.925161092676920816e+04
7.873975478149534320e+04
7.818542596898901684e+04
7.760174163325272093e+04
7.700216218331670098e+04
7.639969908847849001e+04
7.580633543590499903e+04
7.523255436347144132e+04
7.468690483822868555e+04
7.417558661645060056e+04
7.370207656280248193e+04
7.326684039156149083e+04
7.286719027282805473e+04
7.249737113020633115e+04
7.214897684151839348e+04
7.181177949242603790e+04
7.147496885644255963e+04
7.112864847815176472e+04
7.076527450259611942e+04
7.038064359623161727e+04
6.997411128192042815e+04
6.954795672153652413e+04
6.910611949765487225e+04
6.865277670928662701e+04
6.819128022713492101e+04
6.772379898990115908e+04
6.725168915286254196e+04
6.677630018294509500e+04
6.629976444896386238e+04
6.582537370932837075e+04
6.535736927163797372e+04
6.490023972110781324e+04
6.445780513512014295e+04
6.403240552454416320e+04
6.362442151652369648e+04
6.323220855430541269e+04
6.285239698960936948e+04
6.248043841411440371e+04
6.211125934591975238e+04
6.173989074400424579e+04
6.136195588226015388e+04
6.097392097367370297e+04
6.057305769360690465e+04
6.015714334610747756e+04
5.972401900150695292e+04
5.927120168220908818e+04
5.879576112861569709e+04
5.829460127735143760e+04
5.776514372431078664e+04
5.720624297570705676e+04
5.661903622336262197e+04
5.600739872642866976e+04
5.537776128378120484e+04
5.473822739019537403e+04
5.409714741987730667e+04
5.346149310860718833e+04
5.283546498620997590e+04
5.221972626725838927e+04
5.161149798350255151e+04
5.100551831499198306e+04
5.039563287908389611e+04
4.977661122165601410e+04
4.914572578834711749e+04
4.850369552129362273e+04
4.785476086092682090e+04
4.720586591470179701e+04
4.656511418849498295e+04
4.593978913691889466e+04
4.533427535594001529e+04
4.474820153758452216e+04
4.417509279292006977e+04
4.360179870427813148e+04
4.300895031385801849e+04
4.237264998524453404e+04
4.166745361217770551e+04
4.087043660091456695e+04
3.996578521634924982e+04
3.894903967657526664e+04
3.782998313399943436e+04
3.663332842991296639e+04
3.539680344197810336e+04
3.416685443151693471e+04
3.299277554527739267e+04
3.192043897525884313e+04
3.098683905872299511e+04
3.021639234735846912e+04
2.961947171482567865e+04
2.919315126403708200e+04
2.892372956339954544e+04
2.879034925537841991e+04
2.876894814657132156e+04
2.883583134334902206e+04
2.897030843438271404e+04
2.915606350515081431e+04
2.938119409302997519e+04
2.963713894146785606e+04
2.991697098026048479e+04
3.021370486157450432e+04
3.051929869378155854e+04
3.082487702225278917e+04
3.112236859680290218e+04
3.140729835830019147e+04
3.168201498109918248e+04
3.195832045002451559e+04
3.225842870553398097e+04
3.261348158742337910e+04
3.305945228781655169e+04
3.363101852945316205e+04
3.435466352266539616e+04
3.524263135241062264e+04
3.628927274515821773e+04
3.747075981642786792e+04
3.874827938896065461e+04
4.007390621267873212e+04
4.139770346572008566e+04
4.267440171719528007e+04
4.386830407018792175e+04
4.495571210494550178e+04
4.592491064043149527e+04
4.677433362321172172e+04
4.750980274257749988e+04
4.814167526652435481e+04
4.868247090888478851e+04
4.914522941537704173e+04
4.954260675933048333e+04
4.988659281957864005e+04
5.018869564971056388e+04
5.046042403298163845e+04
5.071386819838759402e+04
5.096213316915836185e+04
5.121936341455174261e+04
5.150015775383169239e+04
5.181832336893970933e+04
5.218512318405682163e+04
5.260736391484092746e+04
5.308578338586079917e+04
5.361418484817172430e+04
5.417963450027347426e+04
5.476382218279742665e+04
5.534543659306588233e+04
5.590317845637254504e+04
5.641887502271944686e+04
5.688010593424263789e+04
5.728182813494067523e+04
5.762669202929202584e+04
5.792402819668695156e+04
5.818777298161109502e+04
5.843380266810471949e+04
5.867720226346972049e+04
5.892991111205904599e+04
5.919902821319715440e+04
5.948591093171558896e+04
5.978611669980584702e+04
6.009021101266222831e+04
6.038543772785684268e+04
6.065815561644953414e+04
6.089677074420198187e+04
6.109468785151005432e+04
6.125266110238495457e+04
6.137993442607874022e+04
6.149375714687022992e+04
6.161719978592621919e+04
6.177558043442082999e+04
6.199213400689967239e+04
6.228373432296794635e+04
6.265748240524277207e+04
6.310882092444634327e+04
6.362156932604069880e+04
6.416994831459240959e+04
6.472232257698713511e+04
6.524607927888174891e+04
6.571282221831569041e+04
6.610294841460276803e+04
6.640873220432829112e+04
6.663529284112981986e+04
6.679923744769715995e+04
6.692526607971586054e+04
6.704147218906700436e+04
6.717434204422937182e+04
6.734447169948671944e+04
6.756378324801700364e+04
6.783461832701739331e+04
6.815064691544201924e+04
6.849917659300942614e+04
6.886425319740021951e+04
6.922991346909845015e+04
6.958303994698268070e+04
6.991541925450887356e+04
7.022477250971503963e+04
7.051469059451846988e+04
7.079356212897562364e+04
7.107272215659006906e+04
7.136415945177504909e+04
7.167817962563247420e+04
7.202141581554868026e+04
7.239550961807594285e+04
7.279666733466382721e+04
7.321615237722852908e+04
7.364162453259111498e+04
7.405909851604005962e+04
7.445518626385094831e+04
7.481923142172218650e+04
7.514496133891554200e+04
7.543138033110693505e+04
7.568279284741885203e+04
7.590803434147927328e+04
7.611914354926679516e+04
7.632978286889971059e+04
7.655368599918452674e+04
7.680330936351700802e+04
7.708874396442517173e+04
7.741686814360134304e+04
7.779072031062890892e+04
7.820912759419011127e+04
7.866668735273629136e+04
7.915420467694652325e+04
7.965961423403829394e+04
8.016928413527520024e+04
8.066947678311803611e+04
8.114769262998209160e+04
8.159367633300890157e+04
8.199999580382627028e+04
8.236224870115859085e+04
8.267904112136909680e+04
8.295188662819012825e+04
8.318510585157669266e+04
8.338571771418052958e+04
8.356325548927535419e+04
8.372943971728436009e+04
8.389768296759818622e+04
8.408245047496061306e+04
8.429851820591937576e+04
8.456014249125769129e+04
8.488010253079951508e+04
8.526854163444721780e+04
8.573155852371803485e+04
8.626960612437072268e+04
8.687592261960366159e+04
8.753539049834362231e+04
8.822431645925102930e+04
8.891158081035943178e+04
8.956139189310249640e+04
9.013752906865676050e+04
9.060855129554955056e+04
9.095310210806841496e+04
9.116426527918179636e+04
9.125198797086031118e+04
9.124289701324004272e+04
9.117733042953150289e+04
9.110397941597073805e+04
9.107304907985270256e+04
9.112917110390889866e+04
9.130535250085545704e+04
9.161900460032948467e+04
9.207062555075895216e+04
9.264513173340697540e+04
9.331530144093622221e+04
9.404644406641725800e+04
9.480131679138891923e+04
9.554447158591840707e+04
9.624554099001316354e+04
9.688132653894432588e+04
9.743680946661857888e+04
9.790529115091559652e+04
9.828781474718110985e+04
9.859192281896260101e+04
9.882979187390238803e+04
9.901591883678213344e+04
9.916477167577098589e+04
9.928901337721663003e+04
9.939890290891917539e+04
9.950319259482163761e+04
9.961135464684599719e+04
9.973648758590033685e+04
9.989800804350209364e+04
1.001233492930443026e+05
1.004483011838111270e+05
1.009161099411520263e+05
1.015757412030895066e+05
1.024796364673196222e+05
1.036809125311299722e+05
1.052295167935529607e+05
1.071666918017966818e+05
1.095174623088033695e+05
1.122817415372380492e+05
1.154257783156820951e+05
1.188765483198886795e+05
1.225218357236285228e+05
1.262178797769370867e+05
1.298046804269954882e+05
1.331268692901077447e+05
1.360561879836591834e+05
1.385107515027693007e+05
1.404667541994545609e+05
1.419599718597104074e+05
1.430767884371787077e+05
1.439368138156123168e+05
1.446708393157392857e+05
1.453985674299998791e+05
1.462102432517052221e+05
1.471552316816291132e+05
1.482390461431724252e+05
1.494286553383065329e+05
1.506643508964539215e+05
1.518752967422724760e+05
1.529953134682388918e+05
1.539756153272030642e+05
1.547921094965215307e+05
1.554462967514088959e+05
1.559604224348746939e+05
1.563688851282297983e+05
1.567086479889241746e+05
1.570113316363364866e+05
1.572988644036246988e+05
1.575833149914269452e+05
1.578702405756180233e+05
1.581639325162012246e+05
1.584725680233087623e+05
1.588115114974848693e+05
1.592037029997461359e+05
1.596769700228497968e+05
1.602589436221402430e+05
1.609708596915989183e+05
1.618217845826444391e+05
1.628047089292939636e+05
1.638955487898178690e+05
1.650554610004337737e+05
1.662361362088914902e+05
1.673870302680038149e+05
1.684630055083820771e+05
1.694307292455620773e+05
1.702724857899607450e+05
1.709867357044011296e+05
1.715856043107672594e+05
1.720902330902127142e+05
1.725253517828761251e+05
1.729144271582058573e+05
1.732763825096505752e+05
1.736243401852649986e+05
1.739663120103130641e+05
1.743073691477699322e+05
1.746525851602309267e+05
1.750099310471255740e+05
1.753922908632814942e+05
1.758178924120623269e+05
1.763087606396449264e+05
1.768873023635884747e+05
1.775717153520736028e+05
1.783713840047536942e+05
1.792835679252483533e+05
1.802923977007226204e+05
1.813705273345866881e+05
1.824829849944548914e+05
1.835921194900863338e+05
1.846623098722603754e+05
1.856633721448343422e+05
1.865722337716502079e+05
1.873731695773764513e+05
1.880573846935646725e+05
1.886227845115443342e+05
1.890743885394679382e+05
1.894252335600859369e+05
1.896970883967718983e+05
1.899201356721843185e+05
1.901310497137400671e+05
1.903694762920993671e+05
1.906735173030706064e+05
1.910751690628146462e+05
1.915966335345758998e+05
1.922480926706580212e+05
1.930271133812152548e+05
1.939195367178463202e+05
1.949015823671013059e+05
1.959429056879318669e+05
1.970103431359812384e+05
1.980719773193325673e+05
1.991009657689172018e+05
2.000784339713431837e+05
2.009947799829873256e+05
2.018490424207813630e+05
2.026464825885237078e+05
2.033950548134995042e+05
2.041017882906100131e+05
2.047701396185024641e+05
2.053990733830738754e+05
2.059840857374666666e+05
2.065197845000987872e+05
2.070031804238926270e+05
2.074366778531007876e+05
2.078299203742511745e+05
2.082000624026505975e+05
2.085705215333309316e+05
2.089686253615112219e+05
2.094226839008140087e+05
2.099589111294603790e+05
2.105984214971965412e+05
2.113544108168535749e+05
2.122296973381897551e+05
2.132150107246910920e+05
2.142886110043547815e+05
2.154178000163158576e+05
2.165625475976395246e+05
2.176808581481996807e+05
2.187348754113180330e+05
2.196963470793514571e+05
2.205501437414148822e+05
2.212950558489342802e+05
2.219418845534306602e+05
2.225095944593868044e+05
2.230207369387807557e+05
2.234973584753898613e+05
2.239582409266125469e+05
2.244177724541032221e+05
2.248862399623108504e+05
2.253710193891910312e+05
2.258780605515705829e+05
2.264131638641027967e+05
2.269827296171518101e+05
2.275938423863334756e+05
2.282536952346020262e+05
2.289684678006356116e+05
2.297418751143163827e+05
2.305737096640290692e+05
2.314587788723116391e+05
2.323866332354564511e+05
2.333423329599518329e+05
2.343082150179971941e+05
2.352662835543071560e+05
2.362006004200178140e+05
2.370990333129187347e+05
2.379539641799149686e+05
2.387619703878022847e+05
2.395228679181070765e+05
2.402386609690034238e+05
2.409128098012994742e+05
2.415499097779777367e+05
2.421555786653812684e+05
2.427362617908830580e+05
2.432988259891170892e+05
2.438500902618761465e+05
2.443966144151995832e+05
2.449449806818129146e+05
2.455024785634986183e+05
2.460777379323474888e+05
2.466807062086028454e+05
2.473215818170349230e+05
2.480088334125551337e+05
2.487469928244179755e+05
2.495351927215398173e+05
2.503672323161294917e+05
2.512333385954069090e+05
2.521230177219797624e+05
2.530278312378895935e+05
2.539428715540916310e+05
2.548662131585478201e+05
2.557964827705106582e+05
2.567295523484016885e+05
2.576558330877969856e+05
2.585595147670639853e+05
2.594203889206917665e+05
2.602178971581099031e+05
2.609361650256466819e+05
2.615683776976187655e+05
2.621190854268416879e+05
2.626037839207705692e+05
2.630460697605186142e+05
2.634734270893745706e+05
2.639129727107575745e+05
2.643882204614885268e+05
2.649173138088404667e+05
2.655125435514081037e+05
2.661806038367507281e+05
2.669230543015616131e+05
2.677367425995959202e+05
2.686142611573323957e+05
2.695446470375373610e+05
2.705144184625368798e+05
2.715087913694427698e+05
2.725127433429338271e+05
2.735116453333573299e+05
2.744914540978986770e+05
2.754387766566732898e+05
2.763412577652095351e+05
2.771885792668426875e+05
2.779739638996683061e+05
2.786956704995419132e+05
2.793577981961651822e+05
2.799699002930526622e+05
2.805453620113102370e+05
2.810989920540795429e+05
2.816445752905421541e+05
2.821931079679841059e+05
2.827521294634051155e+05
2.833261403867781628e+05
2.839177462754059816e+05
2.845290151197888190e+05
2.851626048083072528e+05
2.858224271633580211e+05
2.865138433843892417e+05
2.872435157595548080e+05
2.880190189074521186e+05
2.888481782359942445e+05
2.897379704840018530e+05
2.906928269779578550e+05
2.917123932119085803e+05
2.927891568490822101e+05
2.939066785721494234e+05
2.950392387953707948e+05
2.961534432129376801e+05
2.972117884881662903e+05
2.981776042056797887e+05
2.990204088658783003e+05
2.997206744620985701e+05
3.002732299212570651e+05
3.006888686765398597e+05
3.009939933270254987e+05
3.012282887556297355e+05
3.014405522447248804e+05
3.016830425687541137e+05
3.020050604483522475e+05
3.024468114860497881e+05
3.030347181827272289e+05
3.037790880980336806e+05
3.046744391181136016e+05
3.057020519588255556e+05
3.068337724744176958e+05
3.080359531128901290e+05
3.092727354910810245e+05
3.105084519549335819e+05
3.117094621045654640e+05
3.128459716989276349e+05
3.138941987412895542e+05
3.148387594830338494e+05
3.156746149509862298e+05
3.164076569499924080e+05
3.170532234208888840e+05
3.176324984957739362e+05
3.181676165179697564e+05
3.186769555084138992e+05
3.191722196764918044e+05
3.196583440668233670e+05
3.201361944446776179e+05
3.206069221532906522e+05
3.210761634894364979e+05
3.215563614129046910e+05
3.220663085535670980e+05
3.226281992678677198e+05
3.232634945643200772e+05
3.239892824470828637e+05
3.248163888023447362e+05
3.257494742351765162e+05
3.267882472200188786e+05
3.279283017966101179e+05
3.291603040572130121e+05
3.304672581209559576e+05
3.318209218431880581e+05
3.331794445745857665e+05
3.344883992019470898e+05
3.356864099529311061e+05
3.367148743254412548e+05
3.375295506454422139e+05
3.381107863216339028e+05
3.384693422263311804e+05
3.386460598293297808e+05
3.387054851059274515e+05
3.387252654601470567e+05
3.387840662050424144e+05
3.389506900456199073e+05
3.392762377699246863e+05
3.397900064338226803e+05
3.404988765684055397e+05
3.413894636587068671e+05
3.424322656602920615e+05
3.435871742356303148e+05
3.448097589172981097e+05
3.460575717066696961e+05
3.472954761734340573e+05
3.484989416284743929e+05
3.496545737886127317e+05
3.507578790329562034e+05
3.518091284445313504e+05
3.528088171455708798e+05
3.537542985370562528e+05
3.546386576835123706e+05
3.554520036756314221e+05
3.561844983507635770e+05
3.568299448427094612e+05
3.573887706487202668e+05
3.578696450469738920e+05
3.582895076742623933e+05
3.586722018907700549e+05
3.590460886036738520e+05
3.594410142690322245e+05
3.598849652134466451e+05
3.604007810230548494e+05
3.610034341982086771e+05
3.616985027700749924e+05
3.624824065929819481e+05
3.633446408640689333e+05
3.642716556343461270e+05
3.652513848017418059e+05
3.662769947223913623e+05
3.673484370671549113e+05
3.684709346122737625e+05
3.696504740035085124e+05
3.708874234160087071e+05
3.721701711659702705e+05
3.734709082841302152e+05
3.747452544319891022e+05
3.759364706971521373e+05
3.769838005684855743e+05
3.778333799728251179e+05
3.784494542136363452e+05
3.788234936183268437e+05
