6.110083657302085776e+05
6.097534719832788687e+05
6.086887231371288653e+05
6.077417798802736215e+05
6.068329117383137345e+05
6.058889594512736658e+05
6.048546044049060438e+05
6.036991125903459033e+05
6.024179445040794089e+05
6.010298140204169322e+05
5.995705843635961646e+05
5.980856242440127535e+05
5.966219754800004885e+05
5.952211761856401572e+05
5.939131713299589464e+05
5.927116316184983589e+05
5.916111605055629043e+05
5.905870537448126124e+05
5.895981861894831527e+05
5.885930777061389526e+05
5.875183377730103675e+05
5.863278439798852196e+05
5.849905777718516765e+05
5.834952803466486512e+05
5.818509732970449841e+05
5.800835974459185963e+05
5.782301023171631387e+05
5.763318757770032389e+05
5.744292776107073296e+05
5.725583513371914160e+05
5.707498550788102439e+05
5.690299388771608938e+05
5.674213609111501137e+05
5.659441544014684623e+05
5.646150388483614661e+05
5.634454310166134965e+05
5.624384635326619027e+05
5.615858181594600901e+05
5.608653420517081395e+05
5.602403105716434075e+05
5.596608603839309653e+05
5.590676360123920022e+05
5.583972157974292058e+05
5.575885543168317527e+05
5.565895770044609671e+05
5.553631599049957003e+05
5.538919063081863569e+05
5.521812667273548432e+05
5.502605921808235580e+05
5.481817269325426314e+05
5.460148625617771177e+05
5.438416845172607573e+05
5.417463312100719195e+05
5.398052276395127410e+05
5.380772737870537676e+05
5.365960162308824947e+05
5.353652418297231197e+05
5.343589180557314539e+05
5.335256420671902597e+05
5.327968821222449187e+05
5.320974908814866794e+05
5.313564695875534089e+05
5.305159626379677793e+05
5.295370241135535762e+05
5.284016666175645078e+05
5.271117288131002570e+05
5.256857763434702065e+05
5.241553198392711347e+05
5.225611227000431390e+05
5.209496018055205932e+05
5.193687517126744497e+05
5.178629985566827236e+05
5.164669716263716109e+05
5.151990939325740328e+05
5.140566621246238356e+05
5.130142651183885755e+05
5.120267815324563417e+05
5.110369498990550637e+05
5.099860685579967103e+05
5.088253099703332991e+05
5.075248584418755490e+05
5.060787230687081465e+05
5.045043956302850274e+05
5.028380086963247741e+05
5.011267511534842779e+05
4.994206624614376924e+05
4.977655416050835629e+05
4.961978795208464144e+05
4.947419021171649219e+05
4.934083453663664404e+05
4.921945643480764702e+05
4.910858284943362232e+05
4.900578748521615635e+05
4.890807476203392725e+05
4.881236110279863351e+05
4.871597491333650541e+05
4.861706195130250999e+05
4.851478229242897360e+05
4.840922629345955793e+05
4.830105118882947718e+05
4.819092620585479308e+05
4.807894544223047560e+05
4.796419887838631403e+05
4.784466672767711570e+05
4.771752096113225562e+05
4.757979973349715001e+05
4.742930058385402663e+05
4.726545594310187153e+05
4.708993848033884424e+05
4.690680142771645915e+05
4.672207373420989024e+05
4.654286843366893008e+05
4.637618663601450971e+05
4.622767660662159324e+05
4.610061823140666238e+05
4.599534568538763560e+05
4.590921171432716656e+05
4.583706781501604128e+05
4.577212494273659540e+05
4.570700083361621946e+05
4.563476254366636276e+05
4.554981974664035370e+05
4.544858231470482424e+05
4.532983507803544635e+05
4.519479613794625038e+05
4.504683146361979889e+05
4.489082741237856098e+05
4.473229015343815554e+05
4.457633149563575862e+05
4.442677112307303469e+05
4.428558815522747464e+05
4.415286842800789746e+05
4.402723963833129965e+05
4.390662350898799486e+05
4.378903109960616566e+05
4.367312887321629678e+05
4.355840788677194505e+05
4.344495082917701802e+05
4.333294388293136726e+05
4.322216375163879129e+05
4.311165887307454250e+05
4.299975208742402028e+05
4.288436350527341128e+05
4.276353889849057305e+05
4.263600948788980604e+05
4.250161651698982459e+05
4.236149462533081532e+05
4.221799044864455936e+05
4.207436310420617228e+05
4.193434871985900099e+05
4.180166875215903856e+05
4.167953652655084152e+05
4.157019183879847988e+05
4.147448831967334263e+05
4.139157583464791533e+05
4.131874628611132503e+05
4.125152232471026946e+05
4.118404580097575090e+05
4.110976390038479003e+05
4.102233270839378238e+05
4.091658886587153538e+05
4.078940617644146550e+05
4.064026764996940619e+05
4.047143891570526175e+05
4.028770807470706059e+05
4.009573876673022169e+05
3.990315114037435269e+05
3.971749013637948083e+05
3.954525713521775324e+05
3.939116624507574597e+05
3.925773893754976452e+05
3.914527518429465126e+05
3.905215112900545355e+05
3.897531809949498274e+05
3.891084262940859189e+05
3.885434780617331853e+05
3.880128608747138642e+05
3.874706336820627912e+05
3.868710376611676184e+05
3.861696377831767895e+05
3.853256764977414277e+05
3.843056493025607197e+05
3.830874287146525458e+05
3.816639156458029756e+05
3.800452860641547595e+05
3.782592976166182780e+05
3.763495798515453353e+05
3.743721490708795027e+05
3.723905073568749358e+05
3.704696910534808994e+05
3.686696680630352930e+05
3.670386371258254512e+05
3.656070387541843229e+05
3.643833290081981104e+05
3.633526298153940006e+05
3.624791110715414979e+05
3.617123209584935103e+05
3.609967284957687953e+05
3.602826854350907379e+05
3.595361769022382796e+05
3.587444654974226723e+05
3.579152974161904422e+05
3.570687614452511189e+05
3.562229098837384954e+05
3.553763445030237199e+05
3.544924984647866222e+05
3.534907359517801669e+05
3.522483362271978403e+05
3.506150124375437154e+05
3.484383491293509142e+05
3.455952773436241550e+05
3.420224236480147811e+05
3.377376829965183861e+05
3.328470166515795863e+05
3.275339461494897259e+05
3.220335541030694149e+05
3.165967191257455852e+05
3.114526152030177764e+05
3.067775412574341171e+05
3.026760244290750707e+05
2.991766595136554097e+05
2.962414591641284060e+05
2.937846642832617508e+05
2.916956403475677362e+05
2.898607354012739961e+05
2.881803926057502395e+05
2.865797398080028361e+05
2.850126753366673365e+05
2.834606900545132230e+05
2.819281556594897411e+05
2.804356831698438618e+05
2.790127023683317238e+05
2.776899601468103938e+05
2.764924164509000839e+05
2.754330838284881902e+05
2.745085761811618577e+05
2.736972603530582855e+05
2.729607180247650249e+05
2.722486485598915606e+05
2.715065041648809565e+05
2.706843395520384074e+05
2.697449115388816572e+05
2.686691984394172905e+05
2.674582201684957836e+05
2.661310877216281369e+05
2.647202150323947426e+05
2.632652288444041042e+05
2.618071310116998211e+05
2.603837705267262936e+05
2.590269452554844611e+05
2.577608210440704715e+05
2.566010782548499119e+05
2.555543184363983455e+05
2.546176292034194630e+05
2.537785576350893534e+05
2.530158732886190119e+05
2.523013551190868893e+05
2.516025175155735633e+05
2.508858851965775830e+05
2.501202872111590113e+05
2.492797080809965264e+05
2.483454371547052870e+05
2.473074710275390535e+05
2.461652484059483977e+05
2.449278028154649364e+05
2.436133451529630111e+05
2.422482063323678740e+05
2.408650421010095451e+05
2.395002561125573702e+05
2.381907255472842080e+05
2.369700809273746854e+05
2.358649493542943092e+05
2.348916685391127248e+05
2.340539805367342487e+05
2.333421064003411448e+05
2.327334043723802606e+05
2.321945701194106950e+05
2.316851057830115315e+05
2.311616159377743606e+05
2.305824103396074206e+05
2.299119042186820880e+05
2.291243828535420762e+05
2.282068052929412515e+05
2.271604342196239159e+05
2.260011801065033069e+05
2.247586373505393858e+05
2.234738771956318524e+05
2.221961587102234771e+05
2.209788308888818719e+05
2.198748188539454713e+05
2.189321905742798990e+05
2.181903491291732644e+05
2.176773506581651163e+05
2.174086908099167340e+05
2.173876501039682189e+05
2.176069965589389903e+05
2.180515880721630529e+05
2.187012641648279096e+05
2.195333991414258489e+05
2.205245968832116923e+05
2.216512029790835513e+05
2.228885479487318371e+05
2.242090810262607411e+05
2.255797829773507547e+05
2.269594340522135317e+05
2.282964251425092516e+05
2.295277962260769273e+05
2.305800374197984056e+05
2.313718981916880293e+05
2.318190671060645836e+05
2.318401926965091261e+05
2.313634149944931851e+05
2.303324506227932870e+05
2.287113630633807916e+05
2.264874354551802389e+05
2.236719690211918787e+05
2.202992398240308685e+05
2.164241409465411562e+05
2.121191362980341946e+05
2.074710454404575867e+05
2.025779286437110859e+05
1.975460564047220105e+05
1.924867368104859488e+05
1.875127047669205058e+05
1.827338570143986435e+05
1.782523052076506137e+05
1.741569553224675474e+05
1.705180504022462410e+05
1.673822952033566835e+05
1.647692828117767349e+05
1.626699286700017401e+05
1.610474504741813871e+05
1.598410988169152406e+05
1.589723798199779121e+05
1.583530176996911177e+05
1.578935255612657638e+05
1.575111196653380466e+05
1.571358866575302090e+05
1.567145473226361792e+05
1.562117123403907462e+05
1.556090186356846825e+05
1.549028330449066416e+05
1.541012676364181389e+05
1.532211141748530790e+05
1.522850696740618732e+05
1.513193829772100144e+05
1.503518609302468540e+05
1.494100556787755049e+05
1.485194222480072640e+05
1.477012970140908146e+05
1.469707016028821818e+05
1.463341906479597092e+05
1.457881640975527698e+05
1.453181654106790083e+05
1.448996195745695732e+05
1.445002233358897502e+05
1.440838459847149497e+05
1.436154352456779743e+05
1.430661508006499789e+05
1.424178345335735939e+05
1.416659934792587592e+05
1.408207031901659502e+05
1.399051949626496062e+05
1.389523098330875509e+05
1.379994081399655843e+05
1.370826296079656458e+05
1.362315299390733126e+05
1.354650362731171481e+05
1.347893794655526872e+05
1.341982425161075662e+05
1.336749121217781503e+05
1.331958405748271907e+05
1.327348038510414772e+05
1.322668244363950507e+05
1.317712082153369847e+05
1.312333635134327633e+05
1.306454247248595057e+05
1.300059777794192632e+05
1.293192947048447822e+05
1.285944118450494425e+05
1.278441914353227767e+05
1.270843011968370120e+05
1.263319403420430608e+05
1.256041853438530088e+05
1.249159982428921649e+05
1.242781475373297144e+05
1.236954380145878822e+05
1.231656670710781764e+05
1.226796131416043208e+05
1.222221561557430978e+05
1.217743914139609114e+05
1.213163860016193066e+05
1.208300865978531365e+05
1.203018491859773494e+05
1.197241363372043998e+05
1.190961041019619297e+05
1.184230387002938223e+05
1.177148441370756336e+05
1.169839659208419907e+05
1.162432238323052734e+05
1.155040088782397361e+05
1.147751907577420498e+05
1.140629063304988085e+05
1.133711816569840594e+05
1.127031114288484969e+05
1.120621293699047819e+05
1.114528195889808703e+05
1.108808057302972738e+05
1.103515308736398438e+05
1.098681468724447914e+05
1.094291314919706783e+05
1.090264815950334014e+05
1.086452735981858859e+05
1.082650297053147078e+05
1.078627924175885419e+05
1.074172785583516379e+05
1.069131406300963572e+05
1.063443119722539705e+05
1.057156461817360541e+05
1.050424821040130337e+05
1.043482358209121885e+05
1.036605189299603371e+05
1.030065352442290605e+05
1.024085948494992481e+05
1.018805192458242964e+05
1.014255231507387216e+05
1.010358810006313142e+05
1.006943583445550757e+05
1.003770608126403531e+05
1.000570892364990868e+05
9.970825347096622863e+04
9.930813425948556687e+04
9.883999380633760302e+04
9.829336844508496870e+04
9.766353241270787839e+04
9.695028764563515142e+04
9.615662633326825744e+04
9.528770959488213703e+04
9.435035985198874550e+04
9.335298219316883478e+04
9.230562635084537033e+04
9.121985215875347785e+04
9.010817494632597663e+04
8.898308220159971097e+04
8.785582890394225251e+04
8.673534106131385488e+04
8.562753434708621353e+04
8.453520007769693621e+04
8.345839362832263578e+04
8.239507786208944162e+04
8.134171064995345660e+04
8.029355632677691756e+04
7.924471388575686433e+04
7.818809940797834133e+04
7.711578258595893567e+04
7.602006732923697564e+04
7.489549944066583703e+04
7.374163580944960995e+04
7.256603789039622643e+04
7.138669477993340115e+04
7.023304243600912741e+04
6.914495838366776297e+04
6.816952568208753655e+04
6.735586233065648412e+04
6.674876538115869334e+04
6.638220701718909550e+04
6.627378188684690394e+04
6.642104577913846879e+04
6.680036229218110384e+04
6.736846678245336807e+04
6.806653990363063349e+04
6.882620888898518751e+04
6.957659738390316488e+04
7.025135551088039938e+04
7.079456260314815154e+04
7.116455241422676772e+04
7.133508995641910587e+04
7.129389937541677500e+04
7.103919547254851204e+04
7.057543682287952106e+04
6.990981382627069252e+04
6.905088749638144509e+04
6.801029658390882832e+04
6.680767073404509574e+04
6.547802832514610782e+04
6.408020591485827026e+04
6.270439654596707260e+04
6.147669953878204979e+04
6.055867074076661811e+04
6.014018705992923788e+04
6.042455923560958036e+04
6.160587300780553778e+04
6.384011073841658072e+04
6.721360382462064445e+04
7.171436204663074750e+04
7.721308222418441437e+04
8.346034189199192042e+04
9.010413075072188803e+04
9.672763806812134862e+04
1.029020863511141506e+05
1.082449491916328552e+05
1.124717017204512667e+05
1.154302703502324293e+05
1.171114288266156364e+05
1.176342941292664327e+05
1.172119496792875725e+05
1.161063044402495289e+05
1.145825657842758810e+05
1.128721708972456399e+05
1.111495731388739368e+05
1.095242210099940276e+05
1.080455984655263310e+05
1.067170507944489800e+05
1.055134691527149407e+05
1.043984754200293246e+05
1.033380475549492839e+05
1.023090581976989051e+05
1.013025904381788860e+05
1.003229262260982359e+05
9.938369309312061523e+04
9.850281784912143485e+04
9.769774594424384122e+04
9.698195210404717363e+04
9.636321960733211017e+04
9.584363106401757977e+04
9.542080286128300941e+04
9.508968037310815998e+04
9.484421180846907373e+04
9.467840247734829609e+04
9.458654456598131219e+04
9.456272734705788025e+04
9.459997185970332066e+04
9.468944189328176435e+04
9.482013868210572400e+04
9.497931231351952010e+04
9.515357767987558327e+04
9.533048731043757289e+04
9.550016558718244778e+04
9.565659761090748361e+04
9.579829092412684986e+04
9.592823602347289852e+04
9.605329449747930630e+04
9.618325678695080569e+04
9.632979293049713306e+04
9.650539358171699860e+04
9.672224787752726115e+04
9.699093077978055226e+04
9.731884049350988062e+04
9.770852394255070249e+04
9.815626141255260154e+04
9.865141723040924990e+04
9.917699775967063033e+04
9.971157626848592190e+04
1.002323380321303994e+05
1.007186283337787318e+05
1.011552035793780960e+05
1.015344638907274493e+05
1.018572443103693222e+05
1.021321339694629423e+05
1.023736299101994809e+05
1.025996146506144141e+05
1.028286585639775149e+05
1.030775472989971022e+05
1.033593049930513807e+05
1.036818857999005413e+05
1.040476478722892934e+05
1.044536710281959822e+05
1.048928883134145435e+05
1.053558568314646691e+05
1.058328255288538494e+05
1.063156353568609338e+05
1.067989829201223765e+05
1.072807288815703650e+05
1.077612101832022745e+05
1.082418315228808642e+05
1.087234479744410492e+05
1.092051108305079979e+05
1.096836049739728624e+05
1.101539157757907960e+05
1.106104447543664573e+05
1.110485696687917662e+05
1.114660880894540460e+05
1.118641844714381150e+05
1.122477435269322013e+05
1.126250034783284937e+05
1.130066429489536968e+05
1.134044275143459963e+05
1.138295553432971501e+05
1.142908870224606071e+05
1.147933325709164201e+05
1.153367549139895855e+05
1.159157626374523097e+05
1.165206561279791058e+05
1.171395700389232079e+05
1.177615915952313662e+05
1.183804216628935683e+05
1.189980478951269033e+05
1.196279191332941118e+05
1.202971954345168924e+05
1.210477325295862684e+05
1.219355099791864777e+05
1.230282508233830304e+05
1.244010683309941960e+05
1.261301691507789801e+05
1.282849495077163010e+05
1.309191833438584872e+05
1.340623130757258623e+05
1.377120096139156376e+05
1.418291115018515848e+05
1.463357986759046325e+05
1.511174787958858069e+05
1.560284552604930941e+05
1.609010696132130397e+05
1.655576798993498378e+05
1.698245269599134044e+05
1.735462348644018057e+05
1.765994205548212631e+05
1.789037431296584546e+05
1.804288256336536724e+05
1.811959170997861656e+05
1.812739178705474187e+05
1.807703324591008131e+05
1.798186137125662935e+05
1.785639722094083263e+05
1.771498654946711322e+05
1.757070072587994800e+05
1.743459582424477267e+05
1.731534168650076317e+05
1.721915090126667637e+05
1.714989279293555592e+05
1.710928059837535257e+05
1.709706382258290250e+05
1.711121939721416275e+05
1.714818541801601823e+05
1.720319696170930692e+05
1.727075852466987853e+05
1.734523508219826908e+05
1.742148938403119391e+05
1.749546241684593260e+05
1.756459991272946063e+05
1.762806520216238569e+05
1.768672843348681636e+05
1.774296215259449382e+05
1.780029032805309398e+05
1.786293389471803675e+05
1.793528451490635925e+05
1.802133544275275781e+05
1.812411160781617218e+05
1.824516433165380149e+05
1.838421361151041638e+05
1.853901686325698684e+05
1.870551172416059126e+05
1.887823026613169932e+05
1.905093045829181792e+05
1.921735517470144841e+05
1.937201749644767551e+05
1.951092004533199070e+05
1.963213547529154457e+05
1.973619595951255178e+05
1.982625840568549174e+05
1.990803099501768884e+05
1.998946703779316158e+05
2.008025110928527429e+05
2.019111323524253385e+05
2.033300487935713318e+05
2.051615968874389655e+05
2.074905670071984641e+05
2.103732211921660637e+05
2.138265745270440821e+05
2.178195666781830660e+05
2.222684082133316260e+05
2.270385148177722003e+05
2.319546920154804247e+05
2.368195606197515735e+05
2.414379932199392933e+05
2.456432791315123904e+05
2.493196440833211236e+05
2.524161558877568750e+05
2.549489610652979754e+05
2.569916639789044275e+05
2.586565594374327047e+05
2.600714439576111909e+05
2.613573002483375894e+05
2.626112558940491872e+05
2.638973257587077678e+05
2.652452620292330394e+05
2.666560054994234815e+05
2.681111474430221715e+05
2.695835542449244531e+05
2.710467244560388499e+05
2.724812792166334111e+05
2.738779633470911067e+05
2.752374286953713745e+05
2.765677133310581557e+05
2.778806182067259215e+05
2.791881035514957621e+05
2.804994681554790586e+05
2.818196057159950142e+05
2.831482462456165813e+05
2.844799225057074218e+05
2.858044683322509518e+05
2.871080499589095707e+05
2.883748793421437149e+05
2.895897163185652462e+05
2.907410040222144453e+05
2.918241073775296099e+05
2.928438329437636421e+05
2.938153811083144974e+05
2.947631879811708350e+05
2.957176706150488462e+05
2.967104950711072888e+05
2.977694181119522545e+05
2.989138601957043284e+05
3.001521306083828676e+05
3.014807488662517862e+05
3.028857610905821784e+05
3.043455040483055054e+05
3.058340351852337481e+05
3.073244586542230099e+05
3.087915962623123196e+05
3.102137859461238841e+05
3.115739193080079276e+05
3.128600396359042497e+05
3.140658400869857287e+05
3.151912288745523547e+05
3.162428480191730196e+05
3.172341857849289081e+05
3.181848500677379197e+05
3.191187395974984393e+05
3.200612161894835299e+05
3.210357942887968966e+05
3.220611338855796494e+05
3.231491097489781096e+05
3.243044131640415289e+05
3.255256336225268897e+05
3.268072632091806154e+05
3.281417628156743012e+05
3.295208468859553104e+05
3.309354841233618208e+05
3.323746643196080695e+05
3.338235615402041003e+05
3.352621285809729015e+05
3.366652231867446098e+05
3.380050195339202182e+05
3.392557528525137459e+05
3.403999703164550010e+05
3.414347047894283896e+05
3.423756468108106055e+05
3.432576554444988724e+05
3.441308093987261527e+05
3.450524189093864406e+05
3.460766048415955156e+05
3.472438052349719219e+05
3.485726418254699092e+05
3.500559657125434023e+05
3.516618328381426400e+05
3.533389951686561108e+05
3.550255725809555734e+05
3.566590965844774619e+05
3.581861132316100993e+05
3.595698781184765976e+05
3.607951895659331931e+05
3.618699280036874115e+05
3.628233137883146992e+05
3.637012516187943402e+05
3.645594294073453639e+05
3.654551092923313263e+05
3.664387712458107271e+05
3.675468773802504293e+05
3.687969291359119234e+05
3.701856370940428460e+05
3.716904483890454867e+05
3.732740142316962592e+05
3.748906229211815516e+05
3.764933402646310278e+05
3.780406521683090832e+05
3.795017191826516064e+05
3.808597608092299779e+05
3.821134186828551465e+05
3.832761250340628321e+05
3.843735759546805057e+05
3.854395075969489408e+05
3.865102044439349556e+05
3.876185221672219923e+05
3.887885336228915257e+05
3.900319872438411112e+05
3.913474469740479253e+05
3.927222838250776986e+05
3.941368365907304105e+05
3.955693940186402178e+05
3.970004658566467115e+05
3.984151994288812275e+05
3.998036008063345798e+05
4.011590936046657152e+05
4.024765360229559010e+05
4.037509084317499073e+05
4.049774964489206322e+05
4.061537294532986125e+05
4.072821559636663878e+05
4.083735513548562885e+05
4.094489562057980220e+05
4.105395474140616716e+05
4.116836321275227237e+05
4.129207010725693544e+05
4.142833122473728145e+05
4.157884259227657458e+05
4.174303979390633176e+05
4.191778615622657235e+05
4.209760249842691119e+05
4.227545851886633900e+05
4.244398942888018209e+05
4.259687433530464186e+05
4.273006037444789545e+05
4.284255609607418301e+05
4.293663187592474278e+05
4.301741195659207879e+05
4.309197469840797130e+05
4.316816158327609883e+05
4.325332201204854064e+05
4.335320120948243421e+05
4.347113295812093420e+05
4.360764440371158998e+05
4.376052353237835341e+05
4.392533885901969043e+05
4.409633168358508265e+05
4.426752771194935776e+05
4.443385284896783996e+05
4.459201257275932003e+05
4.474092856083371444e+05
4.488162686158301658e+05
4.501661906937242020e+05
4.514896667320991401e+05
4.528131404452114948e+05
4.541517639524373808e+05
4.555066977080716169e+05
4.568670724215705413e+05
4.582152432472886867e+05
4.595330273551566061e+05
4.608066966328613926e+05
4.620294704367580125e+05
4.632015831106101396e+05
4.643290173154536169e+05
4.654222357791705290e+05
4.664956887594719301e+05
4.675679321616798989e+05
4.686614619262584602e+05
4.698013009700230323e+05
4.710120064818014507e+05
4.723137135300706141e+05
4.737185142633655923e+05
4.752284572447827668e+05
4.768357169053513790e+05
4.785244425309413346e+05
4.802730630713966675e+05
4.820558475798321306e+05
4.838433068146606092e+05
4.856021069344499265e+05
4.872958765017872211e+05
4.888881315078159096e+05
4.903475164496521465e+05
4.916541777374286903e+05
4.928051097104907967e+05
4.938163246649156790e+05
4.947207643678277964e+05
4.955624966534068808e+05
4.963891339255381608e+05
4.972449063447735389e+05
4.981662320196880610e+05
4.991803134427522891e+05
5.003059489047146635e+05
5.015550235264776275e+05
5.029333032183487085e+05
5.044399862804629956e+05
5.060664462300980231e+05
5.077951956467992859e+05
5.096000578729668632e+05
5.114479684995328425e+05
5.133021183562816586e+05
5.151256867229075870e+05
5.168853827976862667e+05
5.185543164514958044e+05
5.201140765043904539e+05
5.215560517148949439e+05
5.228819290890113916e+05
5.241031137837204151e+05
5.252387960827951320e+05
5.263126980039463378e+05
5.273490803822391899e+05
5.283690860217759619e+05
5.293886062181226443e+05
5.304184314967144746e+05
5.314666104113806505e+05
5.325420440636246931e+05
5.336577796064255526e+05
5.348324713532460155e+05
5.360890457241303520e+05
5.374505225499072112e+05
5.389339088773613330e+05
5.405438154848122504e+05
5.422677541665091412e+05
5.440748501128484495e+05
5.459189452990186401e+05
5.477459075650434243e+05
5.495036867184513249e+05
5.511526797748104436e+05
5.526736676346715540e+05
5.540711473803161643e+05
5.553711647009621374e+05
5.566143090886855498e+05
5.578458179400234949e+05
5.591053291168342112e+05
5.604186201365385205e+05
5.617928875156053109e+05
5.632161285122156842e+05
5.646603263475069543e+05
5.660875691396044567e+05
5.674579307083016029e+05
5.687378039155625738e+05
5.699073348269463750e+05
5.709656784890091512e+05
5.719330599079676904e+05
5.728491232179491781e+05
5.737677356782718562e+05
5.747491243644657079e+05
5.758507631229335675e+05
5.771186442535490496e+05
5.785804245628273347e+05
5.802415062887772219e+05
5.820845407232621219e+05
5.840722585656159790e+05
5.861530157650875626e+05
5.882680301591173047e+05
5.903590021158233285e+05
5.923747237074094592e+05
5.942754714581123553e+05
5.960344973642413970e+05
5.976367209522095509e+05
5.990755759137081914e+05
6.003495736043936340e+05
6.014602302145926515e+05
6.024124497603017371e+05
6.032174054969416466e+05
6.038968008139798185e+05
6.044865959604484960e+05
6.050382231759261340e+05
6.056160488428131212e+05
6.062910970600892324e+05
6.071323099120110273e+05
6.081973738914279966e+05
6.095251239029223798e+05
6.111308462724939454e+05
6.130048344048153376e+05
6.151137687137678731e+05
6.174041793841944309e+05
6.198073770951761398e+05
6.222455195089780027e+05
6.246385891014755471e+05
6.269118368478732882e+05
6.290028224233068759e+05
6.308668794500508811e+05
6.324799625285881339e+05
6.338384702028799802e+05
6.349565541319889016e+05
6.358621872095937142e+05
6.365934736842040438e+05
6.371962067532083020e+05
6.377227313927592477e+05
6.382312234789214563e+05
6.387840375779435271e+05
6.394440596360856434e+05
6.402689184146734187e+05
6.413040395009529311e+05
6.425763364727754379e+05
6.440904351644286653e+05
6.458286498670098372e+05
6.477547524420041591e+05
6.498203873539462220e+05
6.519722658459244994e+05
6.541582781442821724e+05
6.563313321984951617e+05
6.584507316300715320e+05
6.604818119676487986e+05
6.623950220533679239e+05
6.641655505359900417e+05
6.657740833077308489e+05
6.672086188491472276e+05
6.684667571682654088e+05
6.695576884546026122e+05
6.705032380199972540e+05
6.713376289994072868e+05
6.721059123647817178e+05
6.728611594755413244e+05
6.736605211086432682e+05
6.745602481800593669e+05
6.756098860054255929e+05
6.768461513931467198e+05
6.782873880983551499e+05
6.799297656594077125e+05
6.817463333476789994e+05
6.836895830646222457e+05
6.856974146588154836e+05
