6.109043916324792663e+05
6.089518216169464868e+05
6.073093505658017239e+05
6.059746436284997035e+05
6.049142539103671443e+05
6.040725517350877635e+05
6.033809101115475642e+05
6.027654615682238946e+05
6.021530649154746206e+05
6.014761612466869410e+05
6.006774611790616764e+05
5.997148400767934509e+05
5.985658300765717868e+05
5.972303202175279148e+05
5.957300282081139740e+05
5.941041174450421240e+05
5.924016649640494725e+05
5.906729066848702496e+05
5.889616844086042838e+05
5.873010163663525600e+05
5.857124099192392314e+05
5.842080169169887668e+05
5.827936873152892804e+05
5.814708663939241087e+05
5.802361288180623669e+05
5.790785388086751336e+05
5.779763314085809980e+05
5.768950524554197909e+05
5.757890075159468688e+05
5.746067787952503422e+05
5.733001105399829103e+05
5.718341906125753885e+05
5.701967223202192690e+05
5.684033838781274389e+05
5.664982032152360771e+05
5.645486772031718865e+05
5.626366826568543911e+05
5.608469895269677509e+05
5.592553463227789616e+05
5.579177798388545634e+05
5.568622309948140755e+05
5.560832382618507836e+05
5.555402173837394221e+05
5.551598700699009933e+05
5.548431179600222968e+05
5.544764521751466673e+05
5.539466733038951643e+05
5.531569226859585615e+05
5.520411255752476864e+05
5.505739097853983985e+05
5.487738978050543228e+05
5.466997850860269973e+05
5.444402993276972556e+05
5.421004063803877216e+05
5.397866105388405267e+05
5.375938671971923904e+05
5.355957762576700188e+05
5.338387705722999526e+05
5.323402716532821069e+05
5.310903515686892206e+05
5.300562241297494620e+05
5.291887460268621799e+05
5.284299710643371800e+05
5.277207112527352292e+05
5.270071085957112955e+05
5.262454549922298174e+05
5.254048647982353577e+05
5.244677942984150723e+05
5.234287182034336147e+05
5.222914838560950011e+05
5.210659890463576885e+05
5.197648838574399706e+05
5.184009502364023356e+05
5.169856109858926502e+05
5.155286567755970755e+05
5.140388564347618376e+05
5.125248210241277702e+05
5.109954977488152799e+05
5.094600023838615161e+05
5.079269856302277185e+05
5.064040744537321152e+05
5.048978950680992566e+05
5.034147569437494967e+05
5.019615103762111394e+05
5.005457680002051056e+05
4.991748778888416709e+05
4.978537214031982003e+05
4.965822280779985595e+05
4.953539626130290562e+05
4.941569097780220327e+05
4.929766951400981634e+05
4.918013397886282182e+05
4.906258210487119504e+05
4.894546145918160910e+05
4.883010734363098745e+05
4.871836265818829997e+05
4.861198454458783381e+05
4.851200158535736846e+05
4.841818378348000115e+05
4.832874189295336837e+05
4.824031340664966265e+05
4.814824413601382403e+05
4.804714298934265971e+05
4.793166268727408606e+05
4.779742599295096006e+05
4.764197096343300072e+05
4.746554212866360904e+05
4.727153230446967063e+05
4.706640655311454902e+05
4.685902575840640930e+05
4.665941982639869675e+05
4.647720589839836466e+05
4.631996071471603354e+05
4.619189855708027608e+05
4.609315629010159755e+05
4.601985190320175607e+05
4.596489704396594898e+05
4.591935970790820429e+05
4.587404475635195849e+05
4.582092565018721507e+05
4.575412983426791616e+05
4.567032855812664493e+05
4.556856011851646472e+05
4.544966579921206576e+05
4.531559444337878958e+05
4.516881663982283790e+05
4.501199759773669648e+05
4.484794875910294941e+05
4.467976085037678131e+05
4.451095518947967794e+05
4.434549357476492296e+05
4.418755227907657390e+05
4.404106437754511135e+05
4.390912936571942992e+05
4.379344605481143808e+05
4.369392531814767281e+05
4.360858588242115220e+05
4.353375176464710385e+05
4.346448847373810713e+05
4.339516836159859085e+05
4.332005813574154163e+05
4.323386370940783527e+05
4.313221946161303786e+05
4.301213640787198092e+05
4.287240751289306208e+05
4.271391659796449239e+05
4.253974316828130977e+05
4.235493985688397079e+05
4.216590738404695876e+05
4.197939770288282307e+05
4.180130202053209068e+05
4.163547547794970451e+05
4.148287384703106945e+05
4.134121802667602897e+05
4.120527992453008192e+05
4.106773928122785292e+05
4.092043733676868142e+05
4.075577843309418531e+05
4.056801428390754736e+05
4.035418240066704457e+05
4.011454704369317624e+05
3.985249213320819545e+05
3.957392265170146711e+05
3.928632346026142477e+05
3.899768139232737012e+05
3.871548375093190116e+05
3.844596331020633224e+05
3.819368192871008068e+05
3.796145771386853885e+05
3.775056960240572807e+05
3.756113277639937587e+05
3.739252892236770713e+05
3.724378798175879056e+05
3.711384296093937592e+05
3.700161181996364612e+05
3.690589993183483602e+05
3.682516118325231364e+05
3.675719739114804543e+05
3.669890110341104446e+05
3.664614445983855985e+05
3.659388433087163721e+05
3.653650100564165623e+05
3.646833108803608920e+05
3.638431062497522216e+05
3.628062010964604560e+05
3.615521955676621874e+05
3.600817675503868377e+05
3.584172306745981332e+05
3.566001679053741973e+05
3.546864798872062820e+05
3.527396798118187580e+05
3.508235497851881664e+05
3.489952404751050053e+05
3.472995790158218006e+05
3.457649272403553477e+05
3.444006292447950109e+05
3.431960357080136891e+05
3.421212386021801503e+05
3.411297855988168158e+05
3.401635453406971064e+05
3.391594828289236757e+05
3.380575122466699686e+05
3.368081046989454189e+05
3.353782111499673920e+05
3.337544213765053428e+05
3.319430003364215954e+05
3.299672479274211219e+05
3.278632205292675062e+05
3.256750473594974028e+05
3.234508573364273761e+05
3.212398382785305148e+05
3.190903899187171482e+05
3.170489049983498408e+05
3.151585445664381841e+05
3.134574879532876657e+05
3.119764610713224392e+05
3.107357421421897016e+05
3.097421644746420207e+05
3.089867772301913938e+05
3.084437600494220969e+05
3.080709667081157095e+05
3.078121936516749556e+05
3.076010271842568181e+05
3.073659722715537064e+05
3.070365012192517752e+05
3.065496284249454620e+05
3.058565489601835725e+05
3.049287318658372969e+05
3.037626546658730367e+05
3.023821994540238520e+05
3.008377473846968496e+05
2.992013368521759985e+05
2.975579263018587371e+05
2.959937118964050314e+05
2.945833382854519296e+05
2.933783925402690656e+05
2.923995387731505325e+05
2.916339680697134463e+05
2.910386676459534210e+05
2.905486966858489905e+05
2.900885903048355831e+05
2.895844999041735427e+05
2.889748185986973112e+05
2.882177087944144732e+05
2.872948584858668037e+05
2.862116204636600451e+05
2.849942066353757400e+05
2.836847664280714234e+05
2.823350929522843799e+05
2.809995755353624118e+05
2.797280128181806649e+05
2.785590408830516390e+05
2.775150927812096197e+05
2.765997993213343434e+05
2.757984329248271533e+05
2.750814039176286315e+05
2.744101165277994587e+05
2.737439305080912309e+05
2.730467585366556305e+05
2.722920263987401268e+05
2.714652432688528206e+05
2.705640817417945364e+05
2.695964450883160462e+05
2.685773548734847573e+05
2.675255699409363442e+05
2.664606772968427977e+05
2.654010627050923067e+05
2.643627859158767387e+05
2.633590663177489769e+05
2.623999247557880590e+05
2.614915805289667042e+05
2.606354586961965833e+05
2.598270335196998494e+05
2.590550669845147640e+05
2.583019296677487437e+05
2.575455045279560436e+05
2.567626823563814978e+05
2.559338093284229981e+05
2.550468857454374083e+05
2.541000865839583857e+05
2.531014270358011709e+05
2.520651161095187126e+05
2.510051492046484200e+05
2.499276936514598783e+05
2.488244984531620867e+05
2.476696532746845623e+05
2.464214176511121332e+05
2.450296205413410789e+05
2.434475768049201579e+05
2.416460130665610777e+05
2.396256013920879923e+05
2.374246983172098116e+05
2.351198495928347693e+05
2.328183049204222334e+05
2.306437040528158541e+05
2.287176806091807084e+05
2.271409411444633151e+05
2.259772471878948563e+05
2.252428043285128369e+05
2.249022255190526193e+05
2.248709378571927664e+05
2.250229950055232912e+05
2.252028776974712964e+05
2.252399158733407094e+05
2.249641961340738053e+05
2.242229561413155461e+05
2.228963571629909857e+05
2.209112024507769675e+05
2.182508443233355647e+05
2.149594836494513438e+05
2.111395294865316246e+05
2.069416801676014147e+05
2.025487049353871262e+05
1.981551768147385446e+05
1.939462430676368531e+05
1.900786686587511795e+05
1.866668341190706415e+05
1.837753176852017641e+05
1.814184647038565890e+05
1.795662451672453899e+05
1.781549028640107426e+05
1.771004501193650940e+05
1.763129201173984911e+05
1.757094031002008414e+05
1.752242400403707870e+05
1.748153175536459894e+05
1.744661570423991943e+05
1.741843057112918468e+05
1.739972396101368358e+05
1.739473855889423576e+05
1.740878140280879452e+05
1.744795997558332456e+05
1.751908709560228162e+05
1.762963722045183531e+05
1.778752901155320578e+05
1.800045535464061541e+05
1.827452541261453589e+05
1.861215046919180022e+05
1.900938580253604741e+05
1.945327112137606018e+05
1.991997884317742428e+05
2.037465031762374565e+05
2.077357790411671449e+05
2.106887091495492496e+05
2.121504341558533488e+05
2.117630006558393361e+05
2.093291706866665627e+05
2.048518886950908927e+05
1.985395238138712302e+05
1.907755033294821915e+05
1.820597816314852098e+05
1.729359148323454428e+05
1.639195305933600466e+05
1.554415365669859166e+05
1.478138701388687768e+05
1.412191366527559294e+05
1.357201701654498756e+05
1.312826046450966678e+05
1.278031224024695694e+05
1.251374714482519048e+05
1.231245792643663444e+05
1.216052140393952432e+05
1.204351197052628850e+05
1.194932690739252721e+05
1.186860306043739256e+05
1.179479330698667036e+05
1.172396002702654660e+05
1.165434494838269165e+05
1.158578985429393360e+05
1.151910054936397792e+05
1.145545388613584655e+05
1.139593487675309880e+05
1.134125654583209398e+05
1.129166723913802416e+05
1.124700324617917358e+05
1.120681438589363825e+05
1.117048665004476934e+05
1.113730910300684482e+05
1.110647165650651878e+05
1.107701953829051490e+05
1.104781351074624108e+05
1.101754391006326623e+05
1.098482385940044624e+05
1.094835407377015799e+05
1.090712323242962884e+05
1.086059491797426890e+05
1.080883729059145262e+05
1.075256935077351955e+05
1.069311803451976302e+05
1.063229517850489647e+05
1.057220979552132630e+05
1.051503215027989936e+05
1.046272759633819078e+05
1.041678417956847989e+05
1.037796816016104567e+05
1.034615068892700074e+05
1.032024975387473969e+05
1.029831900906695519e+05
1.027778911966160231e+05
1.025583362615381920e+05
1.022979990350657317e+05
1.019762670531593467e+05
1.015816947962635022e+05
1.011137341170321015e+05
1.005826624634408508e+05
1.000077908558279159e+05
9.941434303366801760e+04
9.882959256221933174e+04
9.827890682222814939e+04
9.778229338537926378e+04
9.735191220673364296e+04
9.699084368973356322e+04
9.669321428270862089e+04
9.644559248432677123e+04
9.622939041946311772e+04
9.602385835255958955e+04
9.580917136882260093e+04
9.556910996754087682e+04
9.529294217086736171e+04
9.497630179547976877e+04
9.462107000311852607e+04
9.423443929894815665e+04
9.382742826947584399e+04
9.341312317855298170e+04
9.300488728124968475e+04
9.261474367139521928e+04
9.225211869571817806e+04
9.192311048168684647e+04
9.163038628534432792e+04
9.137369825344602577e+04
9.115086491222478799e+04
9.095895033537343261e+04
9.079533640909966198e+04
9.065844245574659726e+04
9.054797295384935569e+04
9.046471451860378147e+04
9.041000868710099894e+04
9.038507499171950622e+04
9.039035548465437023e+04
9.042501851824659389e+04
9.048671666813202319e+04
9.057165311389447015e+04
9.067497647251002491e+04
9.079149457475509553e+04
9.091666597885731608e+04
9.104778017538663698e+04
9.118515625175401510e+04
9.133306742089384352e+04
9.149995443414211331e+04
9.169738239004131174e+04
9.193721354101458564e+04
9.222670767107485153e+04
9.256177135562876356e+04
9.291931226807316125e+04
9.325044274340452102e+04
9.347683461767995323e+04
9.349253552227774344e+04
9.317278753607525141e+04
9.238984455677085498e+04
9.103377948122430826e+04
8.903439609548225417e+04
8.637930109059519600e+04
8.312346591140504461e+04
7.938731536793915438e+04
7.534310028427104407e+04
7.119222197961497295e+04
6.713835197787630023e+04
6.336196198789871414e+04
6.000108673348396405e+04
5.714116875028851791e+04
5.481441647714481951e+04
5.300702168114502274e+04
5.167135820315771707e+04
5.074005822197264206e+04
5.013941739766125829e+04
4.980051200749260897e+04
4.966732681721232075e+04
4.970185049457924470e+04
4.988644367257798149e+04
5.022390949484183511e+04
5.073572997459628823e+04
5.145896951892827201e+04
5.244240650343677407e+04
5.374247725585624721e+04
5.541951128196603531e+04
5.753443104468430101e+04
6.014559338598353497e+04
6.330489249717449275e+04
6.705187457953293051e+04
7.140473376002607984e+04
7.634789196977556276e+04
8.181739990469679469e+04
8.768726955582822848e+04
9.376137099593981111e+04
9.977588436178244592e+04
1.054159045269171620e+05
1.103466393442407134e+05
1.142554559856004635e+05
1.168971418650035484e+05
1.181326160879793606e+05
1.179519425311020168e+05
1.164759074240020709e+05
1.139356526891494868e+05
1.106352380200196203e+05
1.069058360498273105e+05
1.030614501862015459e+05
9.936446467015121016e+04
9.600579923475619580e+04
9.310027732619552989e+04
9.069433542452775873e+04
8.878124297053797636e+04
8.731875594492534583e+04
8.624521540093442309e+04
8.549184766308382677e+04
8.499074453905964037e+04
8.467922965474717785e+04
8.450187268039178161e+04
8.441137287976410880e+04
8.436912324010142765e+04
8.434574769443713012e+04
8.432148603606787219e+04
8.428609752448233485e+04
8.423797812087673810e+04
8.418237440491782036e+04
8.412882784481759882e+04
8.408819693063557497e+04
8.406971698915096931e+04
8.407855294799251715e+04
8.411420663283615431e+04
8.417000444951710233e+04
8.423375098888642970e+04
8.428949855404660047e+04
8.432023646294503123e+04
8.431113162492052652e+04
8.425276847056284896e+04
8.414370295038131007e+04
8.399165215685730800e+04
8.381285986664443044e+04
8.362960713165174820e+04
8.346637179780685983e+04
8.334559733382363629e+04
8.328421766398903856e+04
8.329189195663318969e+04
8.337136883681378094e+04
8.352070571664630552e+04
8.373647324099102116e+04
8.401680083845806075e+04
8.436326092831813730e+04
8.478107275043918344e+04
8.527772772098453424e+04
8.586065408179959923e+04
8.653477162196385325e+04
8.730069095692323754e+04
8.815397423038916895e+04
8.908546222569645033e+04
9.008235130813709111e+04
9.112956775930017466e+04
9.221103983267051808e+04
9.331064222208733554e+04
9.441279332034730760e+04
9.550285027896285465e+04
9.656753251051547704e+04
9.759560082298410998e+04
9.857893151655416295e+04
9.951396800580086710e+04
1.004033401102264907e+05
1.012572692131520453e+05
1.020942938792594941e+05
1.029409059651898860e+05
1.038298843682910374e+05
1.047973958617614553e+05
1.058792050038457965e+05
1.071065078622125584e+05
1.085019342842062470e+05
1.100761718329952855e+05
1.118255200566536514e+05
1.137305629895674938e+05
1.157560937251783616e+05
1.178524252805823635e+05
1.199582172963763296e+05
1.220048655246136623e+05
1.239222977440599061e+05
1.256457140640003927e+05
1.271224828512993845e+05
1.283181699287345255e+05
1.292206383175123774e+05
1.298413551037202997e+05
1.302134602782529109e+05
1.303867146448583808e+05
1.304200450420501002e+05
1.303729290318644344e+05
1.302971914844036219e+05
1.302308196903402422e+05
1.301950823472772754e+05
1.301955834094798774e+05
1.302270227732135972e+05
1.302805888843725697e+05
1.303523128091622784e+05
1.304505408639383386e+05
1.306009678122626501e+05
1.308482980377292261e+05
1.312543504726413521e+05
1.318930661700274504e+05
1.328432639620841655e+05
1.341800935968729900e+05
1.359660480870831816e+05
1.382422681457557192e+05
1.410208303520062473e+05
1.442787955079594394e+05
1.479549280518123996e+05
1.519500249645640142e+05
1.561315592778672581e+05
1.603427889986091759e+05
1.644156941822153458e+05
1.681862996902287123e+05
1.715103793108496175e+05
1.742774086959029373e+05
1.764209748010596086e+05
1.779245242806103779e+05
1.788221051803338341e+05
1.791943947998066433e+05
1.791606882289882924e+05
1.788676711360677727e+05
1.784758527263115102e+05
1.781446448248660017e+05
1.780173131301463582e+05
1.782073318079815072e+05
1.787878614640150918e+05
1.797859364619108965e+05
1.811823758597097185e+05
1.829174842203256267e+05
1.849015249184120912e+05
1.870280629252265207e+05
1.891878727062650141e+05
1.912813010582945426e+05
1.932276492835380486e+05
1.949710059022023052e+05
1.964826933974407148e+05
1.977608744304771535e+05
1.988278792369341827e+05
1.997256365639427968e+05
2.005094607882933342e+05
2.012405432271048776e+05
2.019778206372038694e+05
2.027702794210620923e+05
2.036509536147724430e+05
2.046337052658523316e+05
2.057133248465739889e+05
2.068687297786521667e+05
2.080683452034514630e+05
2.092763639678409672e+05
2.104585998292040313e+05
2.115869932562225149e+05
2.126423142653560499e+05
2.136150390003604407e+05
2.145046524097346119e+05
2.153177599681373395e+05
2.160654583827080205e+05
2.167604890227145515e+05
2.174147762975083897e+05
2.180379590485232475e+05
2.186373604968568543e+05
2.192194769005694834e+05
2.197925741682627995e+05
2.203695401262563828e+05
2.209699427128352399e+05
2.216204045523975219e+05
2.223528864557316410e+05
2.232010985190626816e+05
2.241957900528915343e+05
2.253599257894835901e+05
2.267046904398887709e+05
2.282269734694336366e+05
2.299086367993624881e+05
2.317175928817381791e+05
2.336105528315809788e+05
2.355371869010284427e+05
2.374452953310046869e+05
2.392863975130016624e+05
2.410209789809739450e+05
2.426226010502078570e+05
2.440802512063229806e+05
2.453986667487171362e+05
2.465967732795581687e+05
2.477046858085023414e+05
2.487598263792026846e+05
2.498026368770677946e+05
2.508722263058895478e+05
2.520022247917252826e+05
2.532171860633548640e+05
2.545300323285928171e+05
2.559411278315309028e+05
2.574394559933982091e+05
2.590060067386532901e+05
2.606189351222258992e+05
2.622595106315630255e+05
2.639175360041795648e+05
2.655949017471906263e+05
2.673062703211594489e+05
2.690764659624402411e+05
2.709348488325357321e+05
2.729076422508705291e+05
2.750097427508693072e+05
2.772378654918699176e+05
2.795668538642865024e+05
2.819505289405487711e+05
2.843275699479340692e+05
2.866317350705270655e+05
2.888045296219749725e+05
2.908075605759922764e+05
2.926315925523532787e+05
2.942998799223171081e+05
2.958645924420452793e+05
2.973967606163952150e+05
2.989717124562541139e+05
3.006530538904542918e+05
3.024786055297339335e+05
3.044512958277839352e+05
3.065369596947123064e+05
3.086695604357497650e+05
3.107628448816763121e+05
3.127261437217292842e+05
3.144811775748467771e+05
3.159764919099160470e+05
3.171965986567899818e+05
3.181640045796790509e+05
3.189338582828098442e+05
3.195826035282758530e+05
3.201933628992241574e+05
3.208414198197670048e+05
3.215829354805034236e+05
3.224490178112013382e+05
3.234457833273820579e+05
3.245595654385226080e+05
3.257653184130329755e+05
3.270357637258885079e+05
3.283489433242309024e+05
3.296924600560896797e+05
3.310636220413941192e+05
3.324657831451342208e+05
3.339021946807268541e+05
3.353694319124121685e+05
3.368526988110506209e+05
3.383248847745939856e+05
3.397501733739413903e+05
3.410915604683021083e+05
3.423202949930307223e+05
3.434244970733503578e+05
3.444143282931692665e+05
3.453220513426383841e+05
3.461967705713266623e+05
3.470950882903174497e+05
3.480699051643687999e+05
3.491599198954984895e+05
3.503820780135890818e+05
3.517284793143002316e+05
3.531683088321185787e+05
3.546543840444799280e+05
3.561330284569755313e+05
3.575552942626336007e+05
3.588871961605345714e+05
3.601167218837119290e+05
3.612560184466730570e+05
3.623382313719412778e+05
3.634097419943994028e+05
3.645196509416716872e+05
3.657089723599400604e+05
3.670019696941457223e+05
3.684014285110150813e+05
3.698886480804119492e+05
3.714278384886240819e+05
3.729736999923867988e+05
3.744804068889463088e+05
3.759100835147105390e+05
3.772391234336610069e+05
3.784612811439601937e+05
3.795872278520576656e+05
3.806410422910714406e+05
3.816547265643680585e+05
3.826621502699091798e+05
3.836937681350716739e+05
3.847730682610383374e+05
3.859151265106246574e+05
3.871270515670715831e+05
3.884096716738431714e+05
3.897596351728194277e+05
3.911711791560547426e+05
3.926370940116030397e+05
3.941487673697063583e+05
3.956955209878401947e+05
3.972636793330329238e+05
3.988358893073524814e+05
4.003911448449189775e+05
4.019057880485063070e+05
4.033555147688208381e+05
4.047181741655399092e+05
4.059769782458803966e+05
4.071236570582855493e+05
4.081610933302010526e+05
4.091050019371323287e+05
4.099842471168013290e+05
4.108394234860001598e+05
4.117194322615204728e+05
4.126760459211950074e+05
4.137569022295119939e+05
4.149979170634849579e+05
4.164165581257987651e+05
4.180075496654428425e+05
4.197422406155751669e+05
4.215721023241998628e+05
4.234358471682372619e+05
4.252687890390593675e+05
4.270125727789003868e+05
4.286234043119323323e+05
4.300773589760703035e+05
4.313720476171590853e+05
4.325246624232726754e+05
4.335670467122848495e+05
4.345388673479187419e+05
4.354802200553694274e+05
4.364250868693974335e+05
4.373969732495712815e+05
4.384077142405686900e+05
4.394597931673862040e+05
4.405515976208598586e+05
4.416840478835212998e+05
4.428663251406857744e+05
4.441183742606972810e+05
4.454686554655327345e+05
4.469471321852683323e+05
4.485752214099330595e+05
4.503557323779400904e+05
4.522661240447944729e+05
4.542575405404982739e+05
4.562603317162377643e+05
4.581947849109022645e+05
4.599843111582144047e+05
4.615678388085952611e+05
4.629087439626764390e+05
4.639989515989865176e+05
4.648583058852624963e+05
4.655303952538568410e+05
4.660764337154234527e+05
4.665685747626710217e+05
4.670834502389995032e+05
4.676961464300642256e+05
4.684745178744791774e+05
4.694737619868054171e+05
4.707314182204551180e+05
4.722632213154204073e+05
4.740603817558645387e+05
4.760888493037063745e+05
4.782909831685174140e+05
4.805898570095201139e+05
4.828961660876717069e+05
4.851173319869935513e+05
4.871679060874147690e+05
4.889798568097408861e+05
4.905110015491793747e+05
4.917499410551029141e+05
4.927164691680123797e+05
4.934574339812265825e+05
4.940390878526318702e+05
4.945377015047344612e+05
4.950303815159856458e+05
4.955876153233284131e+05
4.962682958258097642e+05
4.971171734273313195e+05
4.981641195622711093e+05
4.994243838294322486e+05
5.008991495951547404e+05
5.025760081031522714e+05
5.044293331208869931e+05
5.064208408641315182e+05
5.085008058100144262e+05
5.106104435873239418e+05
5.126858484216454090e+05
5.146635754827294732e+05
5.164875105139431544e+05
5.181161512371124118e+05
5.195289835654216004e+05
5.207304521230208338e+05
5.217502489769569947e+05
5.226393164043235010e+05
5.234619558564689942e+05
5.242854800081209978e+05
5.251695910034513799e+05
5.261578276437750319e+05
5.272728925840085139e+05
5.285165883631270844e+05
5.298738093760948395e+05
5.313189910634626867e+05
5.328229581136098132e+05
5.343583648595330305e+05
5.359027329401031602e+05
5.374391073457343737e+05
5.389551677233573282e+05
5.404419677340551279e+05
5.418932820143104764e+05
5.433059890250494936e+05
5.446812908278190298e+05
5.460261190482426900e+05
5.473539248586184112e+05
5.486841871766030090e+05
5.500403035245417850e+05
5.514459454351277091e+05
5.529203797079318902e+05
5.544736074690424139e+05
5.561023800464845262e+05
5.577881392850775737e+05
5.594976583614436677e+05
5.611866558342893841e+05
5.628060270362572046e+05
5.643097354947326239e+05
5.656629791680687340e+05
5.668490908722617896e+05
5.678737872641216964e+05
5.687658278595682932e+05
5.695738146016059909e+05
5.703596290380280698e+05
5.711896961759602418e+05
5.721256980058776680e+05
5.732164061233742395e+05
5.744919505754342536e+05
5.759612164016986499e+05
5.776123727301048348e+05
5.794159947511894861e+05
5.813299423796964111e+05
5.833050933118261164e+05
5.852910985267200740e+05
5.872414481570684584e+05
5.891172840226714034e+05
5.908896099784981925e+05
5.925398657460628310e+05
5.940592038373800460e+05
5.954471141191885108e+05
5.967101203980513383e+05
5.978610463889617240e+05
5.989188822914003395e+05
5.999087864708489506e+05
6.008614812973944936e+05
6.018114098120830022e+05
6.027934906272640219e+05
6.038389438826091355e+05
6.049711789438652340e+05
6.062029007333806949e+05
6.075353209008937702e+05
6.089597433143934468e+05
6.104610514750328148e+05
6.120220219419868663e+05
6.136271375117334537e+05
6.152647737060753861e+05
6.169272272983044386e+05
6.186088486000444973e+05
6.203032460537350271e+05
6.220008785983638372e+05
6.236881842838181183e+05
6.253487554623225005e+05
6.269662032186667202e+05
6.285276105868315790e+05
6.300261764841797994e+05
6.314619457916792016e+05
6.328403029095797101e+05
6.341688583060933743e+05
6.354540751635169145e+05
6.366991462796932319e+05
6.379041471118845511e+05
6.390685433428967372e+05
6.401951120815227041e+05
6.412936785304244841e+05
6.423830590588703053e+05
6.434902419556028908e+05
6.446468507615772542e+05
6.458838912081909366e+05
6.472262988458464388e+05
6.486887171898181550e+05
6.502733577592943329e+05
6.519700308939632960e+05
6.537578272937483853e+05
6.556076853675774764e+05
6.574852076986479806e+05
6.593534293804300250e+05
6.611755619409879437e+05
6.629178583809961565e+05
6.645526159106706036e+05
6.660610475443167379e+05
6.674355026651904918e+05
6.686804890360749559e+05
6.698122212186532561e+05
6.708568897907566279e+05
6.718482562958685448e+05
6.728252556587004801e+05
6.738299194445844041e+05
6.749052915516528301e+05
6.760925030759151559e+05
6.774262335279708495e+05
6.789285706716963323e+05
6.806025088750156574e+05
6.824273523336857324e+05
6.843584349281078903e+05
6.863325192657902371e+05
