6.809624655818848405e+05
6.792906014304202981e+05
6.776051517942785285e+05
6.759029353010954801e+05
6.741852964343697531e+05
6.724599720028999727e+05
6.707415939698776929e+05
6.690504060459493194e+05
6.674093532472542720e+05
6.658402737135884818e+05
6.643601949650130700e+05
6.629785847807595273e+05
6.616959398711256217e+05
6.605035918706982629e+05
6.593843419763363199e+05
6.583136013642170001e+05
6.572609879833683372e+05
6.561925547476488864e+05
6.550737877842668677e+05
6.538731906571697909e+05
6.525658414790073875e+05
6.511360510631303769e+05
6.495783677822618047e+05
6.478966795044323662e+05
6.461018559328123229e+05
6.442089442501803860e+05
6.422351054467643844e+05
6.401991558494329220e+05
6.381228719143506605e+05
6.360334034177116118e+05
6.339655397612111410e+05
6.319624154106276110e+05
6.300735798455481417e+05
6.283500746728886152e+05
6.268370251790663460e+05
6.255650185788553208e+05
6.245420181318478426e+05
6.237476526040828321e+05
6.231314109570290893e+05
6.226156194455320947e+05
6.221032011503134854e+05
6.214892897387398407e+05
6.206749922031895258e+05
6.195811471733161015e+05
6.181598973670839332e+05
6.164022591397991637e+05
6.143405056151135359e+05
6.120449315287719946e+05
6.096153258829377592e+05
6.071681896249898709e+05
6.048213674801009474e+05
6.026782468273146078e+05
6.008138867566138506e+05
5.992652440803637728e+05
5.980270123802657472e+05
5.970535944742129650e+05
5.962666434273598716e+05
5.955667312933467329e+05
5.948472411582526984e+05
5.940085438693952747e+05
5.929707655731283594e+05
5.916837740477510961e+05
5.901332954437015578e+05
5.883423556804889813e+05
5.863676603257081006e+05
5.842911862818963127e+05
5.822081015693249647e+05
5.802129186539306538e+05
5.783862112343687331e+05
5.767840738033591770e+05
5.754317992965414887e+05
5.743222497881329618e+05
5.734184615764598129e+05
5.726594450554766227e+05
5.719679928816262400e+05
5.712594716713926755e+05
5.704508207791809691e+05
5.694691409942394821e+05
5.682592828827454941e+05
5.667898151295717107e+05
5.650567795954109170e+05
5.630847838104304392e+05
5.609252246032307157e+05
5.586517130941288779e+05
5.563530287460441468e+05
5.541241625096525531e+05
5.520562400673944503e+05
5.502263498756861081e+05
5.486884833622494480e+05
5.474668235699316720e+05
5.465523997720147017e+05
5.459036454286536900e+05
5.454507587394124130e+05
5.451031602674765745e+05
5.447589619908649474e+05
5.443152971267579123e+05
5.436785458357025636e+05
5.427737420802430715e+05
5.415525643274608301e+05
5.399992201451957226e+05
5.381333434760614764e+05
5.360089857168672606e+05
5.337091379382105079e+05
5.313360252345124027e+05
5.289984467314545764e+05
5.267982791712045437e+05
5.248185121028198628e+05
5.231146746314177290e+05
5.217104397303118021e+05
5.205970198235802818e+05
5.197352014684751048e+05
5.190587888009855524e+05
5.184787580597275519e+05
5.178881967922386248e+05
5.171686577186883078e+05
5.161985985691376845e+05
5.148640853556030197e+05
5.130711337339398451e+05
5.107582768522576662e+05
5.079074443952590227e+05
5.045511394632023294e+05
5.007742008044095710e+05
4.967090678570385207e+05
4.925243456700160750e+05
4.884075101711917669e+05
4.845436738911152934e+05
4.810932525098216138e+05
4.781718936006394797e+05
4.758359447677033604e+05
4.740759724698510254e+05
4.728195069922577241e+05
4.719425693390039960e+05
4.712880072449869476e+05
4.706875744003293221e+05
4.699842403345261700e+05
4.690514486654098728e+05
4.678068173893798958e+05
4.662188703372574528e+05
4.643065618888440076e+05
4.621324086661210167e+05
4.597908387146590394e+05
4.573938352437479771e+05
4.550560567714191275e+05
4.528813700636262656e+05
4.509522057199467672e+05
4.493224746839267318e+05
4.480141476739216596e+05
4.470171610709009692e+05
4.462921415920718573e+05
4.457754745458394173e+05
4.453863126874805312e+05
4.450350691062764963e+05
4.446327011877460754e+05
4.440997758100000210e+05
4.433741209595992696e+05
4.424160102190637263e+05
4.412103368218506221e+05
4.397659489432100672e+05
4.381129314182354137e+05
4.362988417849589605e+05
4.343846358391318354e+05
4.324404098125745077e+05
4.305405042194578564e+05
4.287573366981977015e+05
4.271537416166982148e+05
4.257744609637751128e+05
4.246383506794612622e+05
4.237333582899028552e+05
4.230160768390651210e+05
4.224166998883923516e+05
4.218488291077057365e+05
4.212223170012868941e+05
4.204565952383328113e+05
4.194919409744882141e+05
4.182967885145762120e+05
4.168702235312337289e+05
4.152398647986206925e+05
4.134561680106360000e+05
4.115846230988609605e+05
4.096973329488371965e+05
4.078651360474635148e+05
4.061509255625349469e+05
4.046043227155738859e+05
4.032575704309048015e+05
4.021225264738724800e+05
4.011889112529794802e+05
4.004243124272174900e+05
3.997766000344632193e+05
3.991791549288008246e+05
3.985586415813874337e+05
3.978441835010413779e+05
3.969761097166300169e+05
3.959123072183848126e+05
3.946308047953653149e+05
3.931283780054450035e+05
3.914162707597166300e+05
3.895150401716694469e+05
3.874506483751747292e+05
3.852531728007456404e+05
3.829581791781445500e+05
3.806094430874778191e+05
3.782608802396403044e+05
3.759756021770659718e+05
3.738209482579158503e+05
3.718598088163157227e+05
3.701400042029172182e+05
3.686843947883133078e+05
3.674844548247017665e+05
3.664992457456859993e+05
3.656603554993011057e+05
3.648818745160625549e+05
3.640732957160893129e+05
3.631526504095745622e+05
3.620573066840599058e+05
3.607505480248263921e+05
3.592230810300490703e+05
3.574897231950628338e+05
3.555824626681985101e+05
3.535416990993420477e+05
3.514076794387489208e+05
3.492139149510203861e+05
3.469837566426304984e+05
3.447304450072237523e+05
3.424600409327138332e+05
3.401759331735242158e+05
3.378833192152905394e+05
3.355922686726385145e+05
3.333186220091180876e+05
3.310828042449469212e+05
3.289073187622224796e+05
3.268139712702766992e+05
3.248216877584212925e+05
3.229452840801213169e+05
3.211950101135158911e+05
3.195764025848027086e+05
3.180900497683267458e+05
3.167311992559818318e+05
3.154894903990830062e+05
3.143492407232139958e+05
3.132905767395776929e+05
3.122913659591577598e+05
3.113295728976915125e+05
3.103855000793871586e+05
3.094434435885872226e+05
3.084925249784795451e+05
3.075267291914310772e+05
3.065443737462348072e+05
3.055473158194693387e+05
3.045401865653171553e+05
3.035298610713933012e+05
3.025252524326657294e+05
3.015373728111347882e+05
3.005794528698406066e+05
2.996667927433018922e+05
2.988159832135663019e+05
2.980432234640815877e+05
2.973616766994271311e+05
2.967781117956671515e+05
2.962894093834790983e+05
2.958797747866235441e+05
2.955196016948750475e+05
2.951667874035413261e+05
2.947708783952732338e+05
2.942797735420820536e+05
2.936479816616322496e+05
2.928448443248053663e+05
2.918609154218087206e+05
2.907109602898928570e+05
2.894327583450723323e+05
2.880818588012540713e+05
2.867233542567477562e+05
2.854223322556027560e+05
2.842347963071463164e+05
2.832005356931043789e+05
2.823388202326486935e+05
2.816471086815001327e+05
2.811023688437904930e+05
2.806642235051988391e+05
2.802789935943516903e+05
2.798837908977332409e+05
2.794100714018381550e+05
2.787864329563933425e+05
2.779408435085760430e+05
2.768028157805440133e+05
2.753061960159212467e+05
2.733931340060842340e+05
2.710194399293055758e+05
2.681609842749016825e+05
2.648202056061153417e+05
2.610313364316069055e+05
2.568628026533247612e+05
2.524154959884853452e+05
2.478162652735421143e+05
2.432069187681163021e+05
2.387300757816625701e+05
2.345140890485214768e+05
2.306597117302713741e+05
2.272310121996137023e+05
2.242522090154847247e+05
2.217107751260350633e+05
2.195656979830273194e+05
2.177586222001980641e+05
2.162251167786105652e+05
2.149036522581906465e+05
2.137409001696941559e+05
2.126932840495083074e+05
2.117258347058699001e+05
2.108099615639193507e+05
2.099216349383099587e+05
2.090408479664548649e+05
2.081524275166256703e+05
2.072476226142681844e+05
2.063256054251013556e+05
2.053940792023807880e+05
2.044684819173777651e+05
2.035696613679954025e+05
2.027202788346983143e+05
2.019405224252338521e+05
2.012439360009874799e+05
2.006342353569962725e+05
2.001038324526036449e+05
1.996344191403715231e+05
1.991994675279227667e+05
1.987680543499734486e+05
1.983091778625871812e+05
1.977957792154130875e+05
1.972079407783033384e+05
1.965350494807880023e+05
1.957769229771019891e+05
1.949439337102494610e+05
1.940560880188478041e+05
1.931409569735598052e+05
1.922304295968870574e+05
1.913564945027222566e+05
1.905465747459240665e+05
1.898192049122895405e+05
1.891809228769535839e+05
1.886250923608751909e+05
1.881330026485871640e+05
1.876771027775396942e+05
1.872257475587227091e+05
1.867484895641596813e+05
1.862208404361626308e+05
1.856275832665863854e+05
1.849641051230450685e+05
1.842357206437658169e+05
1.834554180435523449e+05
1.826407372625236458e+05
1.818105185478630301e+05
1.809820713742098014e+05
1.801690223510953365e+05
1.793798430878159124e+05
1.786169269906773698e+05
1.778760874178412196e+05
1.771464264659626060e+05
1.764105898863630719e+05
1.756454298933504615e+05
1.748230571662426228e+05
1.739122342375959270e+05
1.728800967443539121e+05
1.716942828923635534e+05
1.703256317362737027e+05
1.687515716722785728e+05
1.669600933575407544e+05
1.649538173846464779e+05
1.627532710174345702e+05
1.603982849989204551e+05
1.579465765989913780e+05
1.554691296817719121e+05
1.530427756121209241e+05
1.507411551016668382e+05
1.486257251384470146e+05
1.467385034011868120e+05
1.450978297111311986e+05
1.436977403389811807e+05
1.425108284502246534e+05
1.414938892348368245e+05
1.405953012191117450e+05
1.397629591522618139e+05
1.389515941994929162e+05
1.381284590484698710e+05
1.372766185105094628e+05
1.363954731825754861e+05
1.354986167745646380e+05
1.346095923924539529e+05
1.337564494680935750e+05
1.329661239394771692e+05
1.322595600185891381e+05
1.316482303220923641e+05
1.311323944672231155e+05
1.307011460076607764e+05
1.303340654319032474e+05
1.300041161223764066e+05
1.296812815265448880e+05
1.293363609182375658e+05
1.289443533889053215e+05
1.284869875327725895e+05
1.279541745742836647e+05
1.273444032482980692e+05
1.266642672908153181e+05
1.259273660092143546e+05
1.251527564440087881e+05
1.243630334505672508e+05
1.235820604797824344e+05
1.228324227201279864e+05
1.221328128585033264e+05
1.214957154649274744e+05
1.209258354702670913e+05
1.204196535536695592e+05
1.199662812524077744e+05
1.195494900474403839e+05
1.191504998280350119e+05
1.187509313627017691e+05
1.183353157598859252e+05
1.178927132049617940e+05
1.174172663907910755e+05
1.169078067413809331e+05
1.163668476756955351e+05
1.157993765982470213e+05
1.152117895563904458e+05
1.146111473136031418e+05
1.140047470441488404e+05
1.133998735881125031e+05
1.128035581040301040e+05
1.122222251397010550e+05
1.116612117685993871e+05
1.111242424982590164e+05
1.106130001031826541e+05
1.101269286751183390e+05
1.096633492603181221e+05
1.092178850245212234e+05
1.087851113619664247e+05
1.083592916641759366e+05
1.079350465207376401e+05
1.075078356073458854e+05
1.070741978173733514e+05
1.066317765858774947e+05
1.061792286869971140e+05
1.057161523142837978e+05
1.052431589419979136e+05
1.047621524124789139e+05
1.042767828295893269e+05
1.037929400562778319e+05
1.033190755024978134e+05
1.028661202256360411e+05
1.024468151754545688e+05
1.020743761617677665e+05
1.017605517770390288e+05
1.015132590374755673e+05
1.013340711440519517e+05
1.012158808291072201e+05
1.011410906466479937e+05
1.010807118424651708e+05
1.009947858856370440e+05
1.008345348135369568e+05
1.005465221177686035e+05
1.000787961761877814e+05
9.938848907044094813e+04
9.844975705323831062e+04
9.726047617680633266e+04
9.584598042298729706e+04
9.425850753811399045e+04
9.257188587672184804e+04
9.087213813146433677e+04
8.924573889424435038e+04
8.776788136992290674e+04
8.649306648101174505e+04
8.544964297827349219e+04
8.463884610478530522e+04
8.403777703250302875e+04
8.360498617181298323e+04
8.328707121384139464e+04
8.302496774303457642e+04
8.275920631411147770e+04
8.243405255877671880e+04
8.200087560705066426e+04
8.142116221154629602e+04
8.066933137352726771e+04
7.973507741957723920e+04
7.862462469837673416e+04
7.736023236176741193e+04
7.597763505417671695e+04
7.452175923085793329e+04
7.304177194903514464e+04
7.158698657796715270e+04
7.020511041973697138e+04
6.894368193157271890e+04
6.785443938687846821e+04
6.699911159758083522e+04
6.645414574730928871e+04
6.631157367479080858e+04
6.667379003012440808e+04
6.764144829340686556e+04
6.929567545576504199e+04
7.167784170951455599e+04
7.477157439162246010e+04
7.849202652231017419e+04
8.268631641016017238e+04
8.714667432020707929e+04
9.163473516633291729e+04
9.591248466462051147e+04
9.977352005639793060e+04
1.030681511747705226e+05
1.057175209356574051e+05
1.077148394179384195e+05
1.091150545545107161e+05
1.100168113677742949e+05
1.105416776998699934e+05
1.108151812626996543e+05
1.109526035378481902e+05
1.110504397850487148e+05
1.111827100049303699e+05
1.114003852858969476e+05
1.117321822970290232e+05
1.121856337511524325e+05
1.127482371247830160e+05
1.133891989617772488e+05
1.140625636715453584e+05
1.147122927272651432e+05
1.152792776498757303e+05
1.157095698383113777e+05
1.159625468803961994e+05
1.160174984747274284e+05
1.158772849541693140e+05
1.155682560893578338e+05
1.151363758706508233e+05
1.146402825978873152e+05
1.141426237349149160e+05
1.137012939665244921e+05
1.133621148035570513e+05
1.131540704005233565e+05
1.130875902334092680e+05
1.131557237840834568e+05
1.133375528006360109e+05
1.136029360065856017e+05
1.139176889172519150e+05
1.142484914216585021e+05
1.145670669246403268e+05
1.148533794964315894e+05
1.150976971884204395e+05
1.153013898681557039e+05
1.154763387924608542e+05
1.156429092298669420e+05
1.158266148333408200e+05
1.160538588907870726e+05
1.163473938400813495e+05
1.167222963074813015e+05
1.171832332796433911e+05
1.177235760570317361e+05
1.183265496751497267e+05
1.189681832435073884e+05
1.196214615534394252e+05
1.202608573858565069e+05
1.208663877355407603e+05
1.214264768331910891e+05
1.219391792234446766e+05
1.224116538749112224e+05
1.228581178540482942e+05
1.232967818050078786e+05
1.237464258472821384e+05
1.242232802629029466e+05
1.247387306943565345e+05
1.252981148532714287e+05
1.259005954523563705e+05
1.265398722101200692e+05
1.272053999554730399e+05
1.278838214206883713e+05
1.285604529495166207e+05
1.292207929512173723e+05
1.298520775506011560e+05
1.304448549658053817e+05
1.309944231316612277e+05
1.315018523332531622e+05
1.319742765323371277e+05
1.324242239690026036e+05
1.328679512231678236e+05
1.333229811360546446e+05
1.338052469381086703e+05
1.343263554899077863e+05
1.348914802092890895e+05
1.354982894424862461e+05
1.361371369388866297e+05
1.367925210844753019e+05
1.374455922682797827e+05
1.380772879688404792e+05
1.386715394773283915e+05
1.392179569901601062e+05
1.397134836788896646e+05
1.401627130391178362e+05
1.405768529131810938e+05
1.409716259283566906e+05
1.413646315241534030e+05
1.417727797871324874e+05
1.422103067313486245e+05
1.426876285598967224e+05
1.432109884629823209e+05
1.437826195429676445e+05
1.444010835377636249e+05
1.450615564895304269e+05
1.457560397579055862e+05
1.464736537340359646e+05
1.472012248225741787e+05
1.479242866854784661e+05
1.486284498225032294e+05
1.493009475750147249e+05
1.499321073539883655e+05
1.505165221447171061e+05
1.510537601078212901e+05
1.515485061777249211e+05
1.520100837140477670e+05
1.524514027664418973e+05
1.528875596787655959e+05
1.533345384896320465e+05
1.538086278708066093e+05
1.543271335725263052e+05
1.549106628049732826e+05
1.555867336673776736e+05
1.563938831626326137e+05
1.573850129211417807e+05
1.586285691581679566e+05
1.602063442162857100e+05
1.622071655296918761e+05
1.647164296053168364e+05
1.678022826469094143e+05
1.715001812528353767e+05
1.757984536781675706e+05
1.806280747680407658e+05
1.858598358264179551e+05
1.913111672059143602e+05
1.967630414016899595e+05
2.019850057927987073e+05
2.067641484542919789e+05
2.109324594630309148e+05
2.143871528121853771e+05
2.171001129632876546e+05
2.191152416120015841e+05
2.205352707255217829e+05
2.215017259688916674e+05
2.221726216583207133e+05
2.227020662787082547e+05
2.232246103170712886e+05
2.238454638698614435e+05
2.246362235689203371e+05
2.256348428457271657e+05
2.268483399046872219e+05
2.282570083947116509e+05
2.298194000986031024e+05
2.314778208215150516e+05
2.331643555202820280e+05
2.348074783709487238e+05
2.363391614972891693e+05
2.377021582841565832e+05
2.388568775682208943e+05
2.397870391031742329e+05
2.405031665436518670e+05
2.410430078973060008e+05
2.414682512463216262e+05
2.418574513741956325e+05
2.422958260232698231e+05
2.428633363433213963e+05
2.436229991022794857e+05
2.446114951092146803e+05
2.458337738704812655e+05
2.472626013810316217e+05
2.488430657494868210e+05
2.505011842681488488e+05
2.521551303190105245e+05
2.537273014964557951e+05
2.551554657760976115e+05
2.564014770143203787e+05
2.574564610829909798e+05
2.583418760820602765e+05
2.591064029312355851e+05
2.598191875474461413e+05
2.605604738886847335e+05
2.614110520613514236e+05
2.624421025766550447e+05
2.637068830696491059e+05
2.652352855886339676e+05
2.670316876747632632e+05
2.690758919401001185e+05
2.713264701644271263e+05
2.737256172303881613e+05
2.762046950098109664e+05
2.786899187639321317e+05
2.811079531213373994e+05
2.833913820420374977e+05
2.854840009098725859e+05
2.873456595471162582e+05
2.889560837695003138e+05
2.903169077521401923e+05
2.914512308007168467e+05
2.924004320537014864e+05
2.932186323304895777e+05
2.939658365486966795e+05
2.947011354639104102e+05
2.954772111583075603e+05
2.963368141557126073e+05
2.973111209243456251e+05
2.984192987934295670e+05
2.996684709381407010e+05
3.010536158914737171e+05
3.025575229438022361e+05
3.041513971584677347e+05
3.057967837560563930e+05
3.074491150752677349e+05
3.090625786329981638e+05
3.105954854462866788e+05
3.120151350685624056e+05
3.133013753320818651e+05
3.144484856404258171e+05
3.154654332175247837e+05
3.163747857587133767e+05
3.172105832805656246e+05
3.180153781743639265e+05
3.188365863010829780e+05
3.197223398499774630e+05
3.207171853464496671e+05
3.218581433595759445e+05
3.231717345441128127e+05
3.246725027085017646e+05
3.263633091190721025e+05
3.282372771060141968e+05
3.302808353770518443e+05
3.324769843667257228e+05
3.348078309095284203e+05
3.372556769958446966e+05
3.398024664459633059e+05
3.424280220600272878e+05
3.451080076106765773e+05
3.478127161762422766e+05
3.505075379109877395e+05
3.531553838330524159e+05
3.557206560364688048e+05
3.581738128283064580e+05
3.604953643460579915e+05
3.626783000526954420e+05
3.647284053016977850e+05
3.666624920260907966e+05
3.685050564231566968e+05
3.702841466107312008e+05
3.720272322107746731e+05
3.737576681242659688e+05
3.754920522276321426e+05
3.772385191335823620e+05
3.789958796418897109e+05
3.807535307337293634e+05
3.824921773349997238e+05
3.841855314158349647e+05
3.858031835287439171e+05
3.873147045142137795e+05
3.886947233968075598e+05
3.899283161457164679e+05
3.910156751256793505e+05
3.919748830293006031e+05
3.928418150188819855e+05
3.936667512974702404e+05
3.945080670649561798e+05
3.954241342976448359e+05
3.964650565839880146e+05
3.976658903779433458e+05
3.990425738407542813e+05
4.005910462736089248e+05
4.022892552993651479e+05
4.041011683120019152e+05
4.059816828267397359e+05
4.078814766653858824e+05
4.097512337941706646e+05
4.115451358678434044e+05
4.132238391092219972e+05
4.147572452213858487e+05
4.161272102031209506e+05
4.173300053188738530e+05
4.183780093864716473e+05
4.192999432016800274e+05
4.201390719670226681e+05
4.209492042368422262e+05
4.217888801769645652e+05
4.227146525834735949e+05
4.237746098512077588e+05
4.250031702197229024e+05
4.264177616309602745e+05
4.280175029924541013e+05
4.297836569352612132e+05
4.316815525453318260e+05
4.336638104018874583e+05
4.356748302114244434e+05
4.376564176170184510e+05
4.395540867499230662e+05
4.413231492479632143e+05
4.429334795238311053e+05
4.443720504331916454e+05
4.456429504620188964e+05
4.467653545673512272e+05
4.477704427874197718e+05
4.486982691259341664e+05
4.495950807778837043e+05
4.505108659484134405e+05
4.514963929057120695e+05
4.525990201550115598e+05
4.538571527392021962e+05
4.552941217698312830e+05
4.569130183148464421e+05
4.586942088463398395e+05
4.605967418362563476e+05
4.625638026304422528e+05
4.645312097869053832e+05
4.664371266195192584e+05
4.682309579143110896e+05
4.698797955533608329e+05
4.713715185314699193e+05
4.727144310600546887e+05
4.739339285856598290e+05
4.750670692558330484e+05
4.761561496577680227e+05
4.772424752155339229e+05
4.783614374772854499e+05
4.795396873483816744e+05
4.807946193764056661e+05
4.821356955114753800e+05
4.835665904667819850e+05
4.850869783689603209e+05
4.866930953591103898e+05
4.883768856037277728e+05
4.901242888122557197e+05
4.919137473776756669e+05
4.937160963633484207e+05
4.954966189176829066e+05
4.972193369987733895e+05
4.988528004987000022e+05
5.003760033766507404e+05
5.017828157852690783e+05
5.030835902770128450e+05
5.043033338101224508e+05
5.054768222289502155e+05
5.066419407302774489e+05
5.078330332548527513e+05
5.090759450377206667e+05
5.103857859071348212e+05
5.117674901304419036e+05
5.132183742588784080e+05
5.147314164053714485e+05
5.162980309950991650e+05
5.179095981604604167e+05
5.195576702990697813e+05
5.212333287156604347e+05
5.229264005485568196e+05
5.246251316536979284e+05
5.263165615457498934e+05
5.279874642615501070e+05
5.296254931927209254e+05
5.312201876636479283e+05
5.327637145783060696e+05
5.342514687405625591e+05
5.356827546668226132e+05
5.370616195267060539e+05
5.383975603395756334e+05
5.397055011869382579e+05
5.410043910781283630e+05
5.423141668951567262e+05
5.436515808881410630e+05
5.450261818701251177e+05
5.464381198392017977e+05
5.478790848929351196e+05
5.493365894749062136e+05
5.508003512528297724e+05
5.522683833218965447e+05
5.537501561222181190e+05
5.552651038024933077e+05
5.568365175622303504e+05
5.584827727803040762e+05
5.602090369186488679e+05
5.620025523193854606e+05
5.638332923735765507e+05
5.656598162066816585e+05
5.674383394351397874e+05
5.691321161114722490e+05
5.707184647691505961e+05
5.721919173497103620e+05
5.735634211949669989e+05
5.748566518868333660e+05
5.761029359073748346e+05
5.773360623428768013e+05
5.785877073632014217e+05
5.798837044937616447e+05
5.812412167453322327e+05
5.826669898503961740e+05
5.841570624555171235e+05
5.856983058184736874e+05
5.872718242280003615e+05
5.888576591358241858e+05
5.904396813057969557e+05
5.920093333647544496e+05
5.935671617276879260e+05
5.951217707490860485e+05
5.966866556238099001e+05
5.982759795065139187e+05
5.999005289823835483e+05
6.015648072391748428e+05
6.032657023443437647e+05
6.049926674978802912e+05
6.067290620382940397e+05
6.084542557032493642e+05
6.101461847321722889e+05
6.117841205224954756e+05
6.133513936293073930e+05
6.148377442493959097e+05
6.162409491294731852e+05
6.175674825230196584e+05
6.188321852652576054e+05
6.200571251971883466e+05
6.212699025317323394e+05
6.225015427185063018e+05
6.237839249547582585e+05
6.251466067709986819e+05
6.266130763615722535e+05
6.281968797820464242e+05
6.298985149129698984e+05
6.317041486180883367e+05
6.335868876889531966e+05
6.355105694677357096e+05
6.374351618125922978e+05
6.393223146280006040e+05
6.411396870847874088e+05
6.428633582460533362e+05
6.444785560539886355e+05
6.459796147039837670e+05
6.473701352457347093e+05
6.486637563648462528e+05
6.498850659920965554e+05
6.510694973221388645e+05
6.522609696276676841e+05
6.535066798202197533e+05
6.548495958631968824e+05
6.563203606509078527e+05
6.579309474427370587e+05
6.596721628715655534e+05
6.615159738007248379e+05
6.634220301897632889e+05
6.653463083954462782e+05
6.672491302450714866e+05
6.691002344471366378e+05
6.708799179026553174e+05
6.725769267367123393e+05
6.741850101689986186e+05
6.757003204999663867e+05
6.771210948063485557e+05
6.784497239020921988e+05
6.796960783970574848e+05
6.808803744898270816e+05
6.820340875203125179e+05
6.831982070224552881e+05
6.844190118183209561e+05
6.857421488173630787e+05
6.872060166401515016e+05
6.888354305230120663e+05
6.906364960528997472e+05
6.925936365598790580e+05
6.946696906392859528e+05
6.968097044670965988e+05
6.989483569993795827e+05
7.010199807026715716e+05
7.029692203160660574e+05
7.047599309049636358e+05
7.063802281513182679e+05
7.078426263513240265e+05
7.091795684319097782e+05
7.104358431123424089e+05
7.116599613778967177e+05
7.128963853527536849e+05
7.141797729703956284e+05
7.155315510545431171e+05
7.169585749819178600e+05
7.184535584061651025e+05
7.199972234622457763e+05
7.215623673403211869e+05
7.231199072862910107e+05
7.246463378051003674e+05
7.261311463412857847e+05
7.275820783504822757e+05
7.290262073919031536e+05
7.305057434774957364e+05
7.320691407711415086e+05
7.337597020862740465e+05
7.356047970064128749e+05
7.376085752088567242e+05
7.397497644716819050e+05
7.419844016835850198e+05
7.442519676879537292e+05
7.464829691984569654e+05
7.486065737732254202e+05
7.505579346813617740e+05
7.522855666041433578e+05
7.537589926522506867e+05
7.549758948080847040e+05
7.559667817951099714e+05
7.567946250336878002e+05
7.575476389085218543e+05
7.583253740344595863e+05
7.592208138124437537e+05
7.603030916662854142e+05
