6.814991374350335682e+05
6.797719024928035215e+05
6.779916385417156853e+05
6.761801737894407706e+05
6.743738057491531363e+05
6.726193577861966332e+05
6.709679770414013183e+05
6.694670069875839399e+05
6.681509456807469251e+05
6.670332492162884446e+05
6.661010987376986304e+05
6.653148563959156163e+05
6.646127771980515681e+05
6.639200174663939979e+05
6.631597182600786909e+05
6.622634840840409743e+05
6.611790870841116412e+05
6.598744112042713678e+05
6.583379291110888589e+05
6.565768270175998332e+05
6.546140170327082742e+05
6.524848537527619628e+05
6.502338021027439972e+05
6.479109719733259408e+05
6.455684892124739708e+05
6.432569694360708818e+05
6.410226002405893523e+05
6.389052766388275195e+05
6.369378507464940194e+05
6.351460555136151379e+05
6.335483432339149294e+05
6.321549505023504607e+05
6.309659571101320907e+05
6.299687383289447753e+05
6.291357271511810832e+05
6.284235837493001018e+05
6.277746554465711815e+05
6.271211022897204384e+05
6.263914404415769968e+05
6.255186848870672984e+05
6.244488596591181122e+05
6.231484396664717933e+05
6.216093263153310400e+05
6.198502708814775106e+05
6.179142502502549905e+05
6.158620985802225769e+05
6.137635294837744441e+05
6.116872956590550020e+05
6.096923962546293624e+05
6.078218631046970841e+05
6.060998488364808727e+05
6.045317971213251585e+05
6.031067522971600993e+05
6.018006173690645956e+05
6.005794365843065316e+05
5.994023749714188743e+05
5.982246733015258797e+05
5.970011709352852777e+05
5.956908577724642819e+05
5.942623923904447583e+05
5.926998316819428001e+05
5.910072585343648680e+05
5.892108264363975031e+05
5.873570831996427150e+05
5.855072276863815496e+05
5.837279680402034428e+05
5.820805756156770512e+05
5.806102759145766031e+05
5.793381196290759835e+05
5.782569430990628898e+05
5.773321292811197927e+05
5.765068765010985080e+05
5.757108236268688925e+05
5.748703364093934651e+05
5.739185947868250078e+05
5.728038145284936763e+05
5.714944206704631215e+05
5.699806713512912393e+05
5.682729878559407080e+05
5.663979225644026883e+05
5.643931130765622947e+05
5.623025849946241360e+05
5.601733460703026503e+05
5.580534902880510781e+05
5.559912709836543072e+05
5.540341150900037028e+05
5.522265464194390224e+05
5.506064768739404390e+05
5.492001155064523919e+05
5.480165205749415327e+05
5.470432781548014609e+05
5.462447628843616694e+05
5.455639327902781079e+05
5.449277970528616570e+05
5.442558228092362406e+05
5.434698651172278915e+05
5.425038939994027605e+05
5.413119183727977797e+05
5.398729989659419516e+05
5.381929193388106069e+05
5.363027172135319561e+05
5.342546834302705247e+05
5.321165514922190923e+05
5.299645081473159371e+05
5.278755233031252865e+05
5.259194775059056701e+05
5.241516998459486640e+05
5.226067274003415368e+05
5.212941922142429976e+05
5.201975942300736206e+05
5.192763038215505658e+05
5.184705653806662303e+05
5.177087337383974809e+05
5.169156446803543949e+05
5.160209811787402723e+05
5.149667052439530962e+05
5.137129455076549784e+05
5.122420074277900276e+05
5.105603109648101963e+05
5.086980716875013313e+05
5.067065358809151221e+05
5.046527017026890535e+05
5.026117902992627351e+05
5.006582262589160237e+05
4.988563673964607297e+05
4.972524608510835096e+05
4.958691434947199305e+05
4.947032719837734476e+05
4.937271609753169469e+05
4.928926990878111683e+05
4.921374931875735638e+05
4.913921721150869853e+05
4.905881053118301788e+05
4.896648659471427090e+05
4.885767090159029467e+05
4.872972355237646843e+05
4.858214748612674302e+05
4.841649893485564971e+05
4.823602518343838747e+05
4.804512306963770534e+05
4.784875186323960079e+05
4.765192519299784326e+05
4.745935153509033262e+05
4.727521786357735400e+05
4.710305222524454002e+05
4.694558455819195369e+05
4.680455499278368661e+05
4.668047661800478818e+05
4.657241553668107372e+05
4.647787940054647042e+05
4.639289597575725056e+05
4.631232191555085592e+05
4.623036573442688095e+05
4.614125655191174592e+05
4.603995502272999729e+05
4.592279133430868387e+05
4.578792759276733268e+05
4.563557450853912160e+05
4.546793771767692524e+05
4.528891672766882111e+05
4.510361707422250765e+05
4.491775392224370153e+05
4.473702058126405464e+05
4.456647581997438101e+05
4.440998433313040878e+05
4.426973949316552607e+05
4.414591118634872837e+05
4.403648445619295235e+05
4.393736665906993439e+05
4.384282186861125519e+05
4.374623377220064285e+05
4.364111393596853595e+05
4.352218906939046574e+05
4.338635159596061567e+05
4.323326546846720157e+05
4.306548653192553320e+05
4.288806477250448661e+05
4.270771132272698451e+05
4.253170198858736549e+05
4.236672884800723405e+05
4.221789818020437378e+05
4.208801995278885006e+05
4.197726400442337617e+05
4.188319250256969826e+05
4.180112973962190445e+05
4.172480018028812483e+05
4.164714788712513400e+05
4.156123844567087945e+05
4.146113635735580465e+05
4.134265006708247238e+05
4.120384879657028941e+05
4.104528282522387453e+05
4.086987907355562784e+05
4.068252967925671837e+05
4.048943443988727522e+05
4.029729195176108042e+05
4.011245486917897360e+05
3.994016935289919493e+05
3.978400569768027635e+05
3.964555610508470563e+05
3.952442968985143816e+05
3.941852156394534395e+05
3.932448319872017601e+05
3.923828689441267052e+05
3.915576714067759458e+05
3.907303971296472591e+05
3.898674242885666899e+05
3.889409911309459712e+05
3.879286379338075640e+05
3.868123650844974327e+05
3.855784106133925379e+05
3.842181655942557263e+05
3.827301261882253457e+05
3.811221867887163535e+05
3.794132755273154471e+05
3.776334580707671703e+05
3.758221200789517607e+05
3.740244449125258252e+05
3.722868540619537234e+05
3.706522069841433549e+05
3.691553880494541372e+05
3.678196180278747343e+05
3.666536235537634930e+05
3.656497900594191742e+05
3.647835672305685584e+05
3.640145340721790562e+05
3.632894977092816262e+05
3.625477207382406923e+05
3.617279002675885567e+05
3.607760102341416641e+05
3.596527464404311613e+05
3.583392165895112557e+05
3.568397458986339625e+05
3.551811807478797855e+05
3.534087508517092210e+05
3.515792326452352572e+05
3.497526762012495310e+05
3.479841875511809485e+05
3.463171473948811181e+05
3.447788393771685078e+05
3.433788795965635800e+05
3.421102453346914845e+05
3.409522438498670817e+05
3.398745367574202246e+05
3.388413655651495792e+05
3.378153639110791846e+05
3.367606938148757326e+05
3.356455805393913179e+05
3.344445218608243740e+05
3.331404352369354456e+05
3.317267828892531688e+05
3.302093746088997577e+05
3.286072506142414641e+05
3.269519526761597954e+05
3.252846887597628520e+05
3.236513536172017921e+05
3.220959442988409428e+05
3.206534151873644441e+05
3.193432912379899644e+05
3.181653257134260493e+05
3.170981700732313911e+05
3.161015036297558690e+05
3.151214566183683928e+05
3.140985567973959842e+05
3.129769345546849072e+05
3.117132299565980211e+05
3.102836387432552292e+05
3.086878489855855587e+05
3.069492110843117698e+05
3.051112155861221254e+05
3.032310352277942002e+05
3.013713448432247387e+05
2.995917775694548618e+05
2.979412379320678883e+05
2.964519891939032823e+05
2.951360958355518524e+05
2.939845080507698003e+05
2.929688184121844242e+05
2.920454496449817088e+05
2.911617161038282793e+05
2.902628813855570625e+05
2.892991189411352389e+05
2.882312860372610157e+05
2.870346866494748974e+05
2.857004555751234875e+05
2.842346872498232406e+05
2.826557948608929873e+05
2.809907327275763964e+05
2.792706762257182854e+05
2.775266392666200991e+05
2.757854342243690044e+05
2.740663902856708155e+05
2.723792997708584880e+05
2.707240579504018533e+05
2.690923080016644672e+05
2.674710680571728735e+05
2.658478494679157739e+05
2.642162845012750477e+05
2.625809100149665610e+05
2.609596466353909345e+05
2.593827885000035749e+05
2.578880231466591358e+05
2.565120543885705411e+05
2.552805588207204710e+05
2.541990873546545918e+05
2.532477248520263529e+05
2.523816024050140404e+05
2.515378005970344821e+05
2.506472375398611766e+05
2.496484863440810586e+05
2.484997576020304114e+05
2.471858265015391516e+05
2.457183001373028383e+05
2.441296935987072648e+05
2.424635299896120268e+05
2.407634908814919763e+05
2.390643400725558749e+05
2.373862193055086536e+05
2.357325621892525523e+05
2.340908830855687265e+05
2.324353907691502536e+05
2.307306864026194380e+05
2.289363639850742184e+05
2.270126920731471037e+05
2.249274337738988106e+05
2.226632760046295880e+05
2.202245883775358670e+05
2.176417377559865708e+05
2.149712783463743690e+05
2.122911043578239041e+05
2.096908943661147787e+05
2.072594977603317238e+05
2.050718776844686363e+05
2.031785092490640527e+05
2.015996249515433155e+05
2.003255221662152908e+05
1.993226118806134327e+05
1.985434129489538609e+05
1.979377026695784589e+05
1.974618284195367305e+05
1.970838541116239212e+05
1.967835737861071830e+05
1.965480452433005848e+05
1.963646413449257961e+05
1.962142344167012488e+05
1.960668394854791113e+05
1.958810139517079515e+05
1.956069881289996847e+05
1.951923978682638844e+05
1.945889623938445584e+05
1.937585520839942910e+05
1.926775974043577444e+05
1.913393604112774483e+05
1.897539712049118243e+05
1.879462842775115860e+05
1.859516878702084068e+05
1.838102071661319642e+05
1.815596641565076134e+05
1.792291714939838857e+05
1.768345645433163445e+05
1.743772324296378647e+05
1.718470826677168079e+05
1.692292157698840601e+05
1.665126724024010473e+05
1.636987975422226591e+05
1.608066802090389538e+05
1.578738538834218343e+05
1.549517717387371522e+05
1.520970835120576085e+05
1.493609639147402777e+05
1.467793096406635013e+05
1.443663839173141751e+05
1.421135406355323503e+05
1.399932985153361224e+05
1.379676527915020124e+05
1.359984848695866822e+05
1.340575189347887936e+05
1.321335546287906764e+05
1.302355542996620497e+05
1.283913030694650806e+05
1.266424439576969307e+05
1.250374161245859868e+05
1.236240281956047693e+05
1.224430999891829706e+05
1.215239850283052074e+05
1.208821050553313107e+05
1.205181270864533144e+05
1.204182260346299299e+05
1.205549887935320730e+05
1.208887939800848253e+05
1.213697595653731114e+05
1.219404390868547925e+05
1.225393180269372679e+05
1.231048832307996636e+05
1.235797536963733000e+05
1.239142165537712572e+05
1.240685850745860807e+05
1.240140620823322242e+05
1.237321444260041462e+05
1.232129073922379175e+05
1.224526650746213709e+05
1.214514955097750062e+05
1.202110065384812187e+05
1.187325943198479945e+05
1.170163829409166501e+05
1.150610349281048693e+05
1.128646203944624722e+05
1.104266276816392929e+05
1.077509305082198553e+05
1.048491359109095938e+05
1.017433755112226499e+05
9.846747640343262174e+04
9.506571183958192705e+04
9.158898564366764913e+04
8.808915511875509401e+04
8.461292042422173836e+04
8.119698718467378058e+04
7.786588681709121738e+04
7.463300475546716189e+04
7.150432617356390983e+04
6.848355296159336285e+04
6.557688187505237875e+04
6.279596133769136213e+04
6.015823106200058101e+04
5.768470905317927100e+04
5.539601957441578998e+04
5.330784897252819064e+04
5.142702633022008376e+04
4.974914053405009327e+04
4.825817536765211844e+04
4.692820583980692027e+04
4.572682930250516802e+04
4.461972443162729905e+04
4.357553788461250952e+04
4.257020455833603773e+04
4.158985098384830781e+04
4.063165536672683811e+04
3.970244833445849508e+04
3.881537056029093947e+04
3.798541849109013128e+04
3.722503507942877332e+04
3.654090196505656058e+04
3.593272949115904339e+04
3.539422186343260546e+04
3.491572424380458688e+04
3.448757251972928498e+04
3.410303218296157866e+04
3.375995880623580888e+04
3.346081993698451697e+04
3.321127661096577503e+04
3.301792511989919149e+04
3.288592871250341705e+04
3.281713511242732056e+04
3.280899391533592279e+04
3.285430853630412457e+04
3.294169067591684143e+04
3.305655608652471710e+04
3.318255249391076359e+04
3.330335261198110675e+04
3.340471033457956219e+04
3.347656336348838522e+04
3.351483167838614463e+04
3.352249667987113207e+04
3.350961534107524494e+04
3.349213194317938178e+04
3.348963760916577303e+04
3.352249985039492458e+04
3.360895285952597624e+04
3.376275841229999060e+04
3.399192475235476013e+04
3.429875663441479264e+04
3.468127212564757792e+04
3.513582499004182318e+04
3.566066113769673393e+04
3.626013343854925188e+04
3.694938978137061349e+04
3.775948684441598016e+04
3.874298114989231544e+04
3.997999691325578897e+04
4.158445642857113126e+04
4.370952377867207542e+04
4.655040785245012376e+04
5.034170888593928976e+04
5.534586043402695941e+04
6.182941584769060864e+04
7.002541687566423207e+04
8.008305875689603272e+04
9.201003139557785471e+04
1.056173544386189169e+05
1.204798148340624175e+05
1.359257212002219749e+05
1.510665379031451885e+05
1.648700090014832676e+05
1.762708874451716547e+05
1.843037092361911782e+05
1.882349842948575097e+05
1.876700088766289700e+05
1.826132214558746200e+05
1.734699149575133924e+05
1.609889763807912823e+05
1.461581341702744539e+05
1.300720418245681503e+05
1.137974268271111941e+05
9.825791186652815668e+04
8.415484699988865759e+04
7.193153686360114079e+04
6.177901763188012410e+04
5.367420372021930234e+04
4.743716147575566720e+04
4.279380211030320788e+04
3.943277378183107794e+04
3.704951055331031239e+04
3.537485932493366272e+04
3.418933148059232190e+04
3.332621722522178607e+04
3.266751408416900813e+04
3.213621900550873761e+04
3.168755355883867742e+04
3.130062994625056308e+04
3.097123854628105255e+04
3.070594652767149091e+04
3.051747713743400163e+04
3.042125607612933891e+04
3.043295388335266762e+04
3.056678682086798653e+04
3.083430163393753537e+04
3.124342427583732569e+04
3.179772386643990467e+04
3.249607952411167935e+04
3.333312167732788657e+04
3.430082285909025086e+04
3.539137097961312247e+04
3.660102073973834194e+04
3.793414793953204935e+04
3.940643639589172381e+04
4.104616718655545992e+04
4.289298042948063085e+04
4.499410939750146645e+04
4.739871194645849755e+04
5.015131807876293169e+04
5.328546183780198771e+04
5.681831891048772377e+04
6.074679917003581795e+04
6.504523635043195100e+04
6.966467864049042691e+04
7.453378460109468142e+04
7.956134633514426241e+04
8.464038046035921434e+04
8.965352722244925098e+04
9.447927331295456679e+04
9.899840590754055302e+04
1.031001953279484878e+05
1.066880419785618869e+05
1.096845496739704686e+05
1.120360354641876474e+05
1.137163027268332226e+05
1.147292035904308286e+05
1.151093223104714998e+05
1.149202189390570566e+05
1.142501183943060751e+05
1.132055486299823970e+05
1.119039374523523293e+05
1.104663221530065930e+05
1.090110396851062978e+05
1.076486992574757023e+05
1.064781876363993651e+05
1.055832007705671131e+05
1.050289565628022829e+05
1.048592282934393006e+05
1.050943838525337342e+05
1.057314178629024973e+05
1.067468134753438208e+05
1.081024468142090045e+05
1.097538288174779445e+05
1.116590844468280411e+05
1.137865445337399869e+05
1.161189226502076490e+05
1.186528247101601301e+05
1.213936093392730982e+05
1.243469961006193043e+05
1.275098364219592913e+05
1.308627363646709418e+05
1.343666178320332547e+05
1.379640181202142558e+05
1.415844213266480656e+05
1.451517478527752974e+05
1.485917227833724464e+05
1.518373070264874841e+05
1.548314547539926425e+05
1.575276640890479321e+05
1.598896055664485029e+05
1.618912415602813708e+05
1.635183105374234437e+05
1.647711493605986470e+05
1.656679921988749993e+05
1.662474603913731698e+05
1.665690645433271129e+05
1.667110567748181347e+05
1.667656315424358472e+05
1.668320178010060336e+05
1.670082998084021965e+05
1.673828747034074040e+05
1.680264282324727683e+05
1.689853025344770285e+05
1.702771576861799986e+05
1.718897876946990145e+05
1.737836847233959415e+05
1.758983599414225901e+05
1.781615968968594389e+05
1.804999855814684415e+05
1.828486036668809247e+05
1.851578435275389056e+05
1.873961711053926556e+05
1.895488044481484394e+05
1.916134747603579308e+05
1.935951300608239835e+05
1.955014074331352313e+05
1.973399976120869978e+05
1.991180043622400844e+05
2.008425281160607410e+05
2.025213435076726018e+05
2.041627921436352190e+05
2.057746788802414958e+05
2.073626667424998595e+05
2.089290528353108966e+05
2.104727031722965476e+05
2.119904094065861718e+05
2.134792755851585534e+05
2.149392607916471316e+05
2.163748995627998665e+05
2.177955168219200277e+05
2.192138004005051043e+05
2.206431630448698124e+05
2.220947093066113302e+05
2.235747074369041657e+05
2.250832573036600079e+05
2.266144458668359148e+05
2.281578462624064414e+05
2.297008921069773496e+05
2.312315320225299220e+05
2.327406372715389589e+05
2.342238133108955808e+05
2.356824379892645520e+05
2.371238360530606587e+05
2.385605077378614515e+05
2.400083430648220237e+05
2.414838722901853325e+05
2.430008581082390738e+05
2.445668459775938245e+05
2.461804941245580558e+05
2.478304570252122649e+05
2.494962600874729105e+05
2.511510904484186613e+05
2.527659423470152251e+05
2.543142772503710585e+05
2.557763523127406370e+05
2.571425619306579465e+05
2.584153821649545571e+05
2.596096960313855088e+05
2.607513986815843964e+05
2.618743116084247595e+05
2.630156582296363777e+05
2.642106765794939129e+05
2.654872693916726275e+05
2.668617593744777841e+05
2.683367012473496725e+05
2.699012829619913828e+05
2.715342319680351065e+05
2.732085132711988408e+05
2.748966537321607466e+05
2.765753820691162837e+05
2.782284782237524632e+05
2.798472320875573787e+05
2.814285976543176221e+05
2.829718163520501112e+05
2.844747709866697551e+05
2.859314473846880137e+05
2.873315486101906863e+05
2.886625979877363425e+05
2.899140009826197056e+05
2.910818115627964144e+05
2.921726313593322411e+05
2.932052802681860630e+05
2.942095378483585082e+05
2.952221236591418274e+05
2.962808570978285861e+05
2.974183702724206960e+05
2.986567465261363541e+05
3.000040926752014784e+05
3.014535063466363354e+05
3.029843736237548292e+05
3.045655673109584022e+05
3.061599495485185762e+05
3.077295578670474351e+05
3.092408725254812161e+05
3.106695503028001986e+05
3.120039643197227269e+05
3.132468905928991153e+05
3.144148468932784162e+05
3.155349920487038326e+05
3.166400880110913422e+05
3.177626238284609281e+05
3.189295315996605204e+05
3.201587760790421162e+05
3.214584524490754702e+05
3.228281112217718619e+05
3.242612439117153408e+05
3.257475812782036373e+05
3.272742206427998026e+05
3.288254294525278965e+05
3.303818473422044190e+05
3.319202853127866401e+05
3.334151646057349863e+05
3.348419355744407512e+05
3.361819080451466143e+05
3.374272123310173047e+05
3.385843666797188343e+05
3.396752022227310808e+05
3.407345525032100850e+05
3.418049316057157121e+05
3.429291939219366759e+05
3.441427252975370502e+05
3.454669316550540971e+05
3.469055768009104650e+05
3.484448647206798778e+05
3.500571889868536382e+05
3.517074593522696523e+05
3.533602142768844496e+05
3.549856142695776070e+05
3.565629408166297944e+05
3.580811866930266842e+05
3.595373224869724363e+05
3.609334717044939171e+05
3.622743155096860137e+05
3.635656290057825390e+05
3.648141752658583573e+05
3.660285583101937082e+05
3.672202842563200975e+05
3.684042715126287076e+05
3.695983232455866528e+05
3.708214949728398933e+05
3.720917099973961012e+05
3.734232647986093070e+05
3.748249281217452371e+05
3.762991338677830063e+05
3.778423550233942806e+05
3.794462827599279699e+05
3.810991354945262428e+05
3.827864543326799758e+05
3.844911199504091055e+05
3.861928809991551680e+05
3.878681302995790611e+05
3.894907530526418122e+05
3.910345296528519830e+05
3.924769551534052007e+05
3.938037258720982936e+05
3.950128043341908487e+05
3.961170095971095143e+05
3.971444069952492137e+05
3.981362085540610133e+05
3.991422982517930213e+05
4.002148347420117352e+05
4.014007121509455610e+05
4.027340093993644696e+05
4.042298495252763387e+05
4.058811342995326268e+05
4.076592315116203390e+05
4.095188399101261748e+05
4.114061406606086530e+05
4.132683493876362336e+05
4.150623142810383579e+05
4.167600936679258593e+05
4.183504249668970588e+05
4.198363175263953162e+05
4.212301750324096065e+05
4.225484512081087450e+05
4.238076727448509773e+05
4.250228397295776522e+05
4.262081002577913459e+05
4.273786494114833185e+05
4.285523839900927851e+05
4.297500766825549072e+05
4.309935685104021104e+05
4.323023785776195582e+05
4.336898234841819503e+05
4.351599733279341017e+05
4.367065007116837078e+05
4.383138515539124492e+05
4.399604370644435985e+05
4.416229665796385380e+05
4.432807741006949218e+05
4.449190779089356074e+05
4.465304833850513096e+05
4.481145553891433519e+05
4.496757890636693337e+05
4.512206636306751170e+05
4.527546009675230016e+05
4.542795729448392522e+05
4.557928726180004305e+05
4.572872707636982668e+05
4.587524894941011444e+05
4.601776720579371904e+05
4.615543257205036352e+05
4.628790869929397595e+05
4.641556541088080849e+05
4.653953980870542000e+05
4.666164953891599434e+05
4.678418278342752601e+05
4.690962084728422342e+05
4.704035707416564110e+05
4.717845678776378627e+05
4.732546847501751618e+05
4.748226741684507579e+05
4.764890762736571487e+05
4.782448039646717953e+05
4.800701492036946001e+05
4.819348562447167933e+05
4.837999219810873037e+05
4.856214617731781327e+05
4.873564216475287103e+05
4.889693218661368592e+05
4.904387800126076909e+05
4.917624108341631363e+05
4.929588744610755821e+05
4.940663168557927711e+05
4.951371433195809950e+05
4.962298680476021837e+05
4.973995144670832087e+05
4.986884884321342688e+05
5.001198250012258650e+05
5.016941632120269351e+05
5.033908713075267733e+05
5.051727372484544758e+05
5.069929078364710440e+05
5.088025261446451186e+05
5.105577616061061854e+05
5.122254148789162282e+05
5.137867139709910844e+05
5.152391267927232548e+05
5.165960439549427247e+05
5.178842363765517366e+05
5.191392512507175561e+05
5.203993867012212286e+05
5.216993797147776932e+05
5.230651633819855633e+05
5.245108096136138774e+05
5.260381187029158464e+05
5.276385150584316580e+05
5.292963000578653300e+05
5.309921283131425735e+05
5.327058247708269628e+05
5.344181645016561961e+05
5.361117389310026774e+05
5.377713364941518521e+05
5.393843090343791991e+05
5.409412331776787760e+05
5.424369181084542070e+05
5.438715589129050495e+05
5.452516541171175195e+05
5.465902356699957745e+05
5.479060254188707331e+05
5.492213460903897649e+05
5.505589530153477099e+05
5.519383332261382602e+05
5.533723060368222650e+05
5.548648125108989188e+05
5.564105265021430096e+05
5.579964108603895875e+05
5.596047621634202078e+05
5.612168755958054680e+05
5.628163944738120772e+05
5.643916981567464536e+05
5.659371584898470901e+05
5.674534967064949451e+05
5.689475944310110062e+05
5.704319270698174369e+05
5.719234652007820550e+05
5.734416943210685859e+05
5.750055312214241130e+05
5.766293644383726642e+05
5.783190026804652298e+05
5.800686645791223273e+05
5.818600483244757634e+05
5.836639634309796384e+05
5.854442177482271800e+05
5.871627943444744451e+05
5.887851295720720664e+05
5.902845889018033631e+05
5.916458223465883639e+05
5.928671857908759266e+05
5.939625071756432299e+05
5.949620879994090647e+05
5.959122263596067205e+05
5.968721992188305594e+05
5.979079503426232841e+05
5.990827568903900683e+05
6.004465123379970901e+05
6.020263010444622487e+05
6.038210423972678836e+05
6.058019461773678195e+05
6.079186953789235558e+05
6.101094168415657477e+05
6.123114105498440331e+05
6.144697232159982668e+05
6.165418415534881642e+05
6.184984378812889336e+05
6.203214665098027326e+05
6.220014529824474594e+05
6.235354658722361783e+05
6.249263681009658612e+05
6.261830548056280240e+05
6.273209248609542847e+05
6.283619179918576265e+05
6.293338804344187956e+05
6.302694534881478176e+05
6.312048353192108916e+05
6.321785852909588721e+05
6.332302797498333966e+05
6.343985530252116732e+05
6.357180840251669288e+05
6.372154722143817926e+05
6.389045531268647173e+05
6.407822691796544241e+05
6.428264553641779348e+05
6.449966449839654379e+05
6.472382639296713751e+05
6.494895888145338977e+05
6.516899597004705574e+05
6.537873231588472845e+05
6.557434310835648794e+05
6.575358596666229423e+05
6.591571087758339709e+05
6.606119423208420631e+05
6.619144659066878958e+05
6.630860952156136045e+05
6.641547440353140701e+05
6.651546715153964469e+05
6.661259138065217994e+05
6.671123368214021903e+05
6.681580220563468756e+05
6.693025861265189014e+05
6.705766704991513398e+05
6.719988772269622423e+05
6.735748354362918762e+05
6.752981691336905351e+05
6.771523946227830602e+05
6.791126218229593942e+05
6.811464670939364005e+05
6.832145129927898524e+05
6.852714295235534664e+05
6.872689986176467501e+05
6.891615813523333054e+05
6.909133087488479214e+05
6.925050739085864043e+05
6.939389079917679774e+05
6.952378895104343537e+05
6.964412178495462285e+05
6.975958680685939034e+05
6.987475379528570920e+05
6.999337963704280555e+05
7.011813320674546994e+05
7.025074268239827361e+05
7.039240268261777237e+05
7.054418241216916358e+05
7.070719677297353046e+05
7.088242446109211305e+05
7.107022169315030333e+05
7.126971575229264563e+05
7.147831757766607916e+05
7.169155564268599264e+05
7.190333147474724101e+05
7.210657743554419139e+05
7.229420264173311880e+05
7.246016444281195290e+05
7.260049699511508225e+05
7.271414607647474622e+05
7.280348139854986221e+05
7.287437802279406460e+05
7.293578662060591159e+05
7.299876585510484874e+05
7.307504032340901904e+05
7.317526579372270498e+05
7.330729755958963651e+05
7.347482068229618017e+05
7.367667147568021901e+05
7.390704479542782065e+05
7.415656976872292580e+05
7.441401193648577901e+05
7.466819938511891523e+05
7.490973148449956207e+05
7.513212280857071746e+05
7.533222180131247733e+05
7.550995075396348257e+05
7.566756797408463899e+05
7.580871374043740798e+05
7.593747319149427349e+05
7.605761129433505703e+05
7.617205577002896462e+05
7.628265352528430521e+05
7.639020479660008568e+05
7.649476449782064883e+05
