6.806487994352803798e+05
6.794768584784318227e+05
6.783545886100273347e+05
6.772379039036564063e+05
6.760884844914269634e+05
6.748788165918665472e+05
6.735943832349230070e+05
6.722326193673260277e+05
6.707993526531202951e+05
6.693042828732073540e+05
6.677572069007634418e+05
6.661661120268031955e+05
6.645372587709628278e+05
6.628764799273344688e+05
6.611905699870347744e+05
6.594879349821449723e+05
6.577783536466151709e+05
6.560723067520580953e+05
6.543804895409188466e+05
6.527137681932322448e+05
6.510832502432430629e+05
6.494997487181037432e+05
6.479720555904122302e+05
6.465041034479434602e+05
6.450919428501029033e+05
6.437219957261836389e+05
6.423718890480082482e+05
6.410143062760400353e+05
6.396230790379571263e+05
6.381797429977946449e+05
6.366784722476735478e+05
6.351278217448337236e+05
6.335487891411777819e+05
6.319698587973995600e+05
6.304204483389368979e+05
6.289243408385163639e+05
6.274943730789853726e+05
6.261291698781918967e+05
6.248123366783772362e+05
6.235143131435188698e+05
6.221969046205701306e+05
6.208201424438998802e+05
6.193505143534626113e+05
6.177689333340994781e+05
6.160764341879418353e+05
6.142958303365152096e+05
6.124685094988899073e+05
6.106469341475806432e+05
6.088847277199742384e+05
6.072269386136205867e+05
6.057028828561813571e+05
6.043229521037091035e+05
6.030793604619754478e+05
6.019495735075463308e+05
6.009006020367741585e+05
5.998926336977158207e+05
5.988814202030765591e+05
5.978199477072887821e+05
5.966606324448317755e+05
5.953592283408922376e+05
5.938808020229454851e+05
5.922069009356303141e+05
5.903420016159929801e+05
5.883169962612589588e+05
5.861880500510190614e+05
5.840304164907265222e+05
5.819282162038822426e+05
5.799622210722109303e+05
5.781980271783600328e+05
5.766766751047187718e+05
5.754090675287818303e+05
5.743747693958384916e+05
5.735251412831797497e+05
5.727902486637952970e+05
5.720885186417658115e+05
5.713376614930842770e+05
5.704650677789322799e+05
5.694159483018257888e+05
5.681580331527648959e+05
5.666825817075462546e+05
5.650024299089028500e+05
5.631483890385627747e+05
5.611652523827835685e+05
5.591080392233601306e+05
5.570382983043694403e+05
5.550197921059021028e+05
5.531129923370166216e+05
5.513684796489711152e+05
5.498201779276396846e+05
5.484798919026231160e+05
5.473345620932537131e+05
5.463470419287690893e+05
5.454603549030566355e+05
5.446046862465938320e+05
5.437060248635231983e+05
5.426953641500963131e+05
5.415174903382040793e+05
5.401384417360119987e+05
5.385506795156473527e+05
5.367750131092984229e+05
5.348585701705875108e+05
5.328686889274767600e+05
5.308834417525251629e+05
5.289803121741807554e+05
5.272250463154881727e+05
5.256626918722755508e+05
5.243123164985016920e+05
5.231660313173034228e+05
5.221919993534080568e+05
5.213403451476704795e+05
5.205504809812293388e+05
5.197583869812643970e+05
5.189027671132304240e+05
5.179295992150525562e+05
5.167952053862892208e+05
5.154683932014379534e+05
5.139323189440625138e+05
5.121864655713933753e+05
5.102486053076600656e+05
5.081560437921890407e+05
5.059650900377744692e+05
5.037477837325891014e+05
5.015854941673598369e+05
4.995599148697438650e+05
4.977428663631790550e+05
4.961868070186125697e+05
4.949178188913498889e+05
4.939321470971090021e+05
4.931964550091509009e+05
4.926512283810687950e+05
4.922164912841190235e+05
4.917991656753304414e+05
4.913017312489207252e+05
4.906319659535671817e+05
4.897132718346038600e+05
4.884945066057760268e+05
4.869576806533847121e+05
4.851217249139324413e+05
4.830410067416033125e+05
4.807983064174469328e+05
4.784932514053878258e+05
4.762283125257407664e+05
4.740950310549350106e+05
4.721629942156564794e+05
4.704732737979427329e+05
4.690368607698803535e+05
4.678374510978086037e+05
4.668371280940513243e+05
4.659832582741240039e+05
4.652152543288070592e+05
4.644705231436950853e+05
4.636895595091775758e+05
4.628204708103603916e+05
4.618231220377716236e+05
4.606727065485728090e+05
4.593621603996616905e+05
4.579027194486389635e+05
4.563221786220503272e+05
4.546609444082950358e+05
4.529665205361000262e+05
4.512873820287276176e+05
4.496671664821649319e+05
4.481398269617448677e+05
4.467260558365851757e+05
4.454310970989961061e+05
4.442440749853588641e+05
4.431390714344052831e+05
4.420781874341320945e+05
4.410165747655541636e+05
4.399089352112773340e+05
4.387164392310785479e+05
4.374126849964412395e+05
4.359874096334541682e+05
4.344472063127720030e+05
4.328133170463754213e+05
4.311173568235483253e+05
4.293962822629951988e+05
4.276878835760809598e+05
4.260275871732939850e+05
4.244466239827651298e+05
4.229709583463995950e+05
4.216200732404827140e+05
4.204049173741938430e+05
4.193249710195871885e+05
4.183652023263093433e+05
4.174942750692082336e+05
4.166654000576130929e+05
4.158205890052212635e+05
4.148979698710457888e+05
4.138406941436207271e+05
4.126052919548972859e+05
4.111674091366617358e+05
4.095236636577237514e+05
4.076895533508422668e+05
4.056944609377575689e+05
4.035754472917953972e+05
4.013715473569313763e+05
3.991197882069599000e+05
3.968533933538887068e+05
3.946018937540324405e+05
3.923923228786499240e+05
3.902504178569195792e+05
3.882008019591941265e+05
3.862654744204331073e+05
3.844605340853250236e+05
3.827917949904183624e+05
3.812506068429212319e+05
3.798115148840449401e+05
3.784331795714343316e+05
3.770631963145745103e+05
3.756463106496373657e+05
3.741344011068812106e+05
3.724959230763594969e+05
3.707225458157031680e+05
3.688314669031312806e+05
3.668630669473495800e+05
3.648747299880286446e+05
3.629324021963107516e+05
3.611016071179485880e+05
3.594392676940790261e+05
3.579870912899757386e+05
3.567667779821985750e+05
3.557771113055212772e+05
3.549930732728865114e+05
3.543673063490680070e+05
3.538342838557934738e+05
3.533172866558756796e+05
3.527377206794477534e+05
3.520256126502638217e+05
3.511295474994269316e+05
3.500241057152549620e+05
3.487131620305110700e+05
3.472281977102180244e+05
3.456218729372941889e+05
3.439582045622211299e+05
3.423014751337094349e+05
3.407062226438906509e+05
3.392102587784534553e+05
3.378317700171858305e+05
3.365704608112049173e+05
3.354117425802147482e+05
3.343324252041701693e+05
3.333063351802041288e+05
3.323086892374076997e+05
3.313186843879951048e+05
3.303203793797070975e+05
3.293023526164891082e+05
3.282567592232012539e+05
3.271783225988784689e+05
3.260635973579917918e+05
3.249106429043746321e+05
3.237191098273684038e+05
3.224906631415751763e+05
3.212296123550917255e+05
3.199435619831454242e+05
3.186438436532653868e+05
3.173454744232164812e+05
3.160664347864851006e+05
3.148261754326664377e+05
3.136434146784018376e+05
3.125334382677829126e+05
3.115052334664372611e+05
3.105588760827787919e+05
3.096836473724158714e+05
3.088573791434225277e+05
3.080474763906939188e+05
3.072139021620083367e+05
3.063141031550034531e+05
3.053094305511675193e+05
3.041721529480361496e+05
3.028917950827001478e+05
3.014794022248347756e+05
2.999685220639870968e+05
2.984122313388594193e+05
2.968763285288350307e+05
2.954296830052300356e+05
2.941334328629940865e+05
2.930310323767378577e+05
2.921409452419698355e+05
2.914531111313988804e+05
2.909294014636939391e+05
2.905074404863569071e+05
2.901066788213432301e+05
2.896355885762337712e+05
2.889992097772444249e+05
2.881067598463541945e+05
2.868793250283359666e+05
2.852575940487670014e+05
2.832091758898167172e+05
2.807344683151007048e+05
2.778696237988944049e+05
2.746851822897440870e+05
2.712795427830472472e+05
2.677675429034297122e+05
2.642657089945643093e+05
2.608768073204658867e+05
2.576767747294094297e+05
2.547067217515189841e+05
2.519715516149796895e+05
2.494451665209134808e+05
2.470807258760471595e+05
2.448234237504284829e+05
2.426229967197629740e+05
2.404436158185169625e+05
2.382697038722071447e+05
2.361072303293019650e+05
2.339809164976555621e+05
2.319284103180177917e+05
2.299928404198833450e+05
2.282152511499755201e+05
2.266282648130918678e+05
2.252519283295567147e+05
2.240921357310913154e+05
2.231414004406878084e+05
2.223812512150030816e+05
2.217852893786104978e+05
2.213220278585831402e+05
2.209569716601462278e+05
2.206538429252214846e+05
2.203752271009472315e+05
2.200830915761463693e+05
2.197395652017185348e+05
2.193081239312381949e+05
2.187550331642118690e+05
2.180507002057312056e+05
2.171705956760436238e+05
2.160956171854555723e+05
2.148120839396233496e+05
2.133117870297972695e+05
2.115925165341885004e+05
2.096591983133500325e+05
2.075253138536467159e+05
2.052138734462416032e+05
2.027570952976687986e+05
2.001942192023194220e+05
1.975674790488764120e+05
1.949169484515656368e+05
1.922754860285244067e+05
1.896651406710555020e+05
1.870960774100493581e+05
1.845684449912476994e+05
1.820768178784235497e+05
1.796161263178093650e+05
1.771875278987745987e+05
1.748025999138629413e+05
1.724845869811655721e+05
1.702661637798171432e+05
1.681840994732489926e+05
1.662720840414742997e+05
1.645535271292216494e+05
1.630361811066668015e+05
1.617099544542228105e+05
1.605484386972636275e+05
1.595137593147961306e+05
1.585636582467445696e+05
1.576593798734999145e+05
1.567729548435063916e+05
1.558927293372251734e+05
1.550263243418488710e+05
1.542005490770708129e+05
1.534581400122673076e+05
1.528515965400014829e+05
1.524348473833257449e+05
1.522539406654209015e+05
1.523382719047131832e+05
1.526939096935908310e+05
1.533002761320200225e+05
1.541108239676707308e+05
1.550575638652359776e+05
1.560585310430339596e+05
1.570267347623660753e+05
1.578789395947370504e+05
1.585428182242892799e+05
1.589615191339555895e+05
1.590953528631401423e+05
1.589209288371879666e+05
1.584285123310058552e+05
1.576185404956159473e+05
1.564981580744432576e+05
1.550783998195577005e+05
1.533723671321495494e+05
1.513944952410919650e+05
1.491608025707663037e+05
1.466898385055310209e+05
1.440038898426968080e+05
1.411299006508128077e+05
1.380995722063635476e+05
1.349482999840260600e+05
1.317129719107823330e+05
1.284291011429149366e+05
1.251281278757982800e+05
1.218358222655891295e+05
1.185724589044990862e+05
1.153548582429278031e+05
1.121996898568847973e+05
1.091268710579068575e+05
1.061617071585652302e+05
1.033347124534254690e+05
1.006787506491251697e+05
9.822401171068748226e+04
9.599210074578569038e+04
9.399089659399367520e+04
9.221171783281541138e+04
9.062975466542007052e+04
8.920787139487503737e+04
8.790301158500496240e+04
8.667378860657193582e+04
8.548757894917693920e+04
8.432560046106924710e+04
8.318498495720203209e+04
8.207759064970817417e+04
8.102604793723281182e+04
8.005810324986303749e+04
7.920058792086361791e+04
7.847425363513696357e+04
7.789034632076437993e+04
7.744927636993667693e+04
7.714124760062638961e+04
7.694835656441934407e+04
7.684751919529803854e+04
7.681360008540748095e+04
7.682224541899091855e+04
7.685208864606077259e+04
7.688616982866865874e+04
7.691257168347248808e+04
7.692441803422688099e+04
7.691947928651992697e+04
7.689964748807926662e+04
7.687045480516392854e+04
7.684062931139359716e+04
7.682147952449957666e+04
7.682577607975443243e+04
7.686584430809461628e+04
7.695082202384099946e+04
7.708341177780846192e+04
7.725683257619358483e+04
7.745289574538079614e+04
7.764207586820320284e+04
7.778609148813696811e+04
7.784292692791509035e+04
7.777357503899002040e+04
7.754925489256303990e+04
7.715762664431775920e+04
7.660667529895190091e+04
7.592543736592597270e+04
7.516145416806236608e+04
7.437553018455108395e+04
7.363482869479879446e+04
7.300540965483673790e+04
7.254501795021610451e+04
7.229643964133775444e+04
7.228133850818013889e+04
7.249442814229897340e+04
7.289824022693355801e+04
7.341949614772200584e+04
7.394882870361593086e+04
7.434587763292604359e+04
7.445122857083170675e+04
7.410519595530355582e+04
7.317137516722640430e+04
7.156086180169785803e+04
6.925184296756697586e+04
6.629951565666537499e+04
6.283312899654695502e+04
5.903994767394931114e+04
5.513919428394686838e+04
5.135150734209323855e+04
4.787036378082649753e+04
4.484102984008668864e+04
4.235031460901774699e+04
4.042753318555701844e+04
3.905455857118003041e+04
3.818132017791351973e+04
3.774281717007662519e+04
3.767445105684603914e+04
3.792377848358304618e+04
3.845814120333918254e+04
3.926868217665261182e+04
4.037184310782222747e+04
4.180956389649226912e+04
4.364915257252091396e+04
4.598325301767738711e+04
4.892957389679369953e+04
5.262913634456689033e+04
5.724091363494199322e+04
6.293017370235602721e+04
6.984801466064155102e+04
7.810091593397631368e+04
8.771178925108158728e+04
9.857769583150718245e+04
1.104331714123822458e+05
1.228305458658821881e+05
1.351482746301007573e+05
1.466342175993503770e+05
1.564832964301566826e+05
1.639397357830843248e+05
1.684059013009315822e+05
1.695354801330290211e+05
1.672903105098627857e+05
1.619476080047491123e+05
1.540556913184016594e+05
1.443482334218669275e+05
1.336360276894457056e+05
1.226988102236953127e+05
1.121972337636635348e+05
1.026179719887421525e+05
9.425572937387711136e+04
8.722746268892672379e+04
8.150849833864322864e+04
7.697832185960208881e+04
7.346523409178612928e+04
7.078258010751713300e+04
6.875337184602403431e+04
6.722361310877902724e+04
6.606681507920677541e+04
6.518296167276889901e+04
6.449486904715824494e+04
6.394399048823005432e+04
6.348672640563980531e+04
6.309152902221219847e+04
6.273666529458948207e+04
6.240838263466603530e+04
6.209928777248201368e+04
6.180686767155629059e+04
6.153216307477564987e+04
6.127862071359153924e+04
6.105111925462177169e+04
6.085512798813759582e+04
6.069595027024794399e+04
6.057803509042086080e+04
6.050439245773709990e+04
6.047618994966553146e+04
6.049261202399559988e+04
6.055102459999259008e+04
6.064742383144142514e+04
6.077709312401217176e+04
6.093537406415844453e+04
6.111847967889003485e+04
6.132431966691465641e+04
6.155333038337319158e+04
6.180928124061764538e+04
6.209996829564994550e+04
6.243764278486027615e+04
6.283900890209590580e+04
6.332469562391540967e+04
6.391825360944642307e+04
6.464489528567467642e+04
6.553030458361427736e+04
6.659982599843473872e+04
6.787818298756153672e+04
6.938961971292513772e+04
7.115810551822792331e+04
7.320709970352218079e+04
7.555842285085115873e+04
7.823002713613265951e+04
8.123282830061260029e+04
8.456712694311440282e+04
8.821937162440987595e+04
9.216001504765651771e+04
9.634298464774772583e+04
1.007069097103486856e+05
1.051778462670107983e+05
1.096729457487323089e+05
1.141044089920121041e+05
1.183831749768384034e+05
1.224220690703848959e+05
1.261384804789414920e+05
1.294569248366805550e+05
1.323119523360864259e+05
1.346517119184165786e+05
1.364420971078248986e+05
1.376709044424091699e+05
1.383510300085358613e+05
1.385216093943590822e+05
1.382462752964399115e+05
1.376083192034002277e+05
1.367033111674496031e+05
1.356303975739317830e+05
1.344838382596368319e+05
1.333462576603588532e+05
1.322846147789370443e+05
1.313492053062748746e+05
1.305753051649349509e+05
1.299865327711742866e+05
1.295987611483174987e+05
1.294234793498129729e+05
1.294698390136314556e+05
1.297451248875583406e+05
1.302539235659929400e+05
1.309966890262576635e+05
1.319685932385192136e+05
1.331594356738951756e+05
1.345549830185678147e+05
1.361395347077710903e+05
1.378989547974709421e+05
1.398230910167395778e+05
1.419065714112975984e+05
1.441474460566801135e+05
1.465438793696360081e+05
1.490898266007719794e+05
1.517710537976017222e+05
1.545627955515033973e+05
1.574297950214176381e+05
1.603286450284591992e+05
1.632115778150659171e+05
1.660304472769550339e+05
1.687397716579309199e+05
1.712982940470310568e+05
1.736693109916084795e+05
1.758206661052686104e+05
1.777255163739782292e+05
1.793646498093584669e+05
1.807303911851335724e+05
1.818312828384457098e+05
1.826961234679866466e+05
1.833758429723731824e+05
1.839421367664767022e+05
1.844826144411890418e+05
1.850931320468655613e+05
1.858686594508069975e+05
1.868942763576968573e+05
1.882376588673657971e+05
1.899438489738995559e+05
1.920324348215063510e+05
1.944967640686430968e+05
1.973046373355879332e+05
2.004001053418016236e+05
2.037063820483821328e+05
2.071302377759820956e+05
2.105683008908254560e+05
2.139153484635029163e+05
2.170739862317733059e+05
2.199643823691079160e+05
2.225322836973141821e+05
2.247536697764252604e+05
2.266351163887474395e+05
2.282100026789158292e+05
2.295316964504832285e+05
2.306654053915545228e+05
2.316803107021313626e+05
2.326430114786180784e+05
2.336125319866514183e+05
2.346365587134803063e+05
2.357484234392509970e+05
2.369646338587180071e+05
2.382832539484080626e+05
2.396838367745748546e+05
2.411296631924587418e+05
2.425726697922452004e+05
2.439607817871802836e+05
2.452466450157918734e+05
2.463962264217096381e+05
2.473955888821916305e+05
2.482543865293668059e+05
2.490052087142858945e+05
2.496986991469937202e+05
2.503952362323454290e+05
2.511547118528287392e+05
2.520264178283712536e+05
2.530410990620243829e+05
2.542067959675010934e+05
2.555092408660319052e+05
2.569164994751677441e+05
2.583865581676067959e+05
2.598759429642086034e+05
2.613473950447881653e+05
2.627751146844027098e+05
2.641469352979421965e+05
2.654637055420378456e+05
2.667368396472545573e+05
2.679852417184945079e+05
2.692325798398705083e+05
2.705053165067281807e+05
2.718312560561516439e+05
2.732379405775623163e+05
2.747502199699615012e+05
2.763867657352198148e+05
2.781560111536437762e+05
2.800526581423228490e+05
2.820561600201716064e+05
2.841322787583749159e+05
2.862379742170350510e+05
2.883287953370476607e+05
2.903670183551756199e+05
2.923283813577137771e+05
2.942055694082458504e+05
2.960075154697850812e+05
2.977547788876311970e+05
2.994723322473358130e+05
3.011816909353236551e+05
3.028943219436092186e+05
3.046077660709267366e+05
3.063051527971090400e+05
3.079580478666434647e+05
3.095320110266507836e+05
3.109938708017086610e+05
3.123194753572718473e+05
3.135005093400174519e+05
3.145489316839950625e+05
3.154978226460699807e+05
3.163980333883731510e+05
3.173109606942383107e+05
3.182987821010071202e+05
3.194142287731550168e+05
3.206921426864567911e+05
3.221445675927144475e+05
3.237601317598416354e+05
3.255073571408240241e+05
3.273406630577133037e+05
3.292074713110406883e+05
3.310549853009663639e+05
3.328357271047771210e+05
3.345115003295781207e+05
3.360558713876850670e+05
3.374554290185604477e+05
3.387100386800701963e+05
3.398321888076991308e+05
3.408454599054963910e+05
3.417821903293172945e+05
3.426805289689554484e+05
3.435811681356525514e+05
3.445240671122762724e+05
3.455453980349402991e+05
3.466748273506655823e+05
3.479331700896550319e+05
3.493304721342975972e+05
3.508646734046289930e+05
3.525211103342156275e+05
3.542731435202932335e+05
3.560840983878175612e+05
3.579105001134332852e+05
3.597063376263930695e+05
3.614278851524983766e+05
3.630384949098870857e+05
3.645127597529835184e+05
3.658395104633838637e+05
3.670232386421369156e+05
3.680837159669007524e+05
3.690538116245341371e+05
3.699757716605430469e+05
3.708964657372036600e+05
3.718622604884541361e+05
3.729141950301174656e+05
3.740840146553601953e+05
3.753914183990609017e+05
3.768426719687934965e+05
3.784305829811449512e+05
3.801357342856865143e+05
3.819287898063262692e+05
3.837735953225466073e+05
3.856307024275879958e+05
3.874608958669732092e+05
3.892283535914875101e+05
3.909032210027968395e+05
3.924635760302370181e+05
3.938969000995079987e+05
3.952011712705473765e+05
3.963855528117749491e+05
3.974704432599404827e+05
3.984865125885487068e+05
3.994723862881499226e+05
4.004708900892425445e+05
4.015241674667904736e+05
4.026683891857803101e+05
4.039290316415682901e+05
4.053176994771283935e+05
4.068311888244110742e+05
4.084530041429041885e+05
4.101569872769546928e+05
4.119122363784288755e+05
4.136882006838283851e+05
4.154588046976516489e+05
4.172047039686117205e+05
4.189132748603694490e+05
4.205765987499600742e+05
4.221883497976070503e+05
4.237409170051488327e+05
4.252240882706748089e+05
4.266261197697010357e+05
4.279371275485394872e+05
4.291537777493746835e+05
4.302836046301390743e+05
4.313472470685196458e+05
4.323775206805372145e+05
4.334153066568907234e+05
4.345033184454701841e+05
4.356794719008382526e+05
4.369715832862933748e+05
4.383944923023107694e+05
4.399497592694677296e+05
4.416272419113689684e+05
4.434074651477538282e+05
4.452638687696707202e+05
4.471645875511238119e+05
4.490740386632949230e+05
4.509549161440884345e+05
4.527710551714619505e+05
4.544911218275948777e+05
4.560924961467119283e+05
4.575643706519389525e+05
4.589091678454719367e+05
4.601418475968175335e+05
4.612873037501932122e+05
4.623765620552233304e+05
4.634427039739829488e+05
4.645173324946760549e+05
4.656280833200986381e+05
4.667973277929104515e+05
4.680419243294302723e+05
4.693736818690394284e+05
4.708000813296046690e+05
4.723247517446231213e+05
4.739472573390358011e+05
4.756619834614868741e+05
4.774563263641971862e+05
4.793088933843398117e+05
4.811887925515635870e+05
4.830570950090393308e+05
4.848710602635703981e+05
4.865908080232775537e+05
4.881871055883694207e+05
4.896482273994769203e+05
4.909837696982471389e+05
4.922239706408714410e+05
4.934143060677502071e+05
4.946064957852552179e+05
4.958481003734081751e+05
4.971732703385414206e+05
4.985968232477838756e+05
5.001128275741638499e+05
5.016976137524548685e+05
5.033160255732410005e+05
5.049290997160565457e+05
5.065013563153543510e+05
5.080064036504818941e+05
5.094303261123427073e+05
5.107729996245865477e+05
5.120478186987363151e+05
5.132802762960289256e+05
5.145055618780197110e+05
5.157650839985189959e+05
5.171017879637010046e+05
5.185543852236566599e+05
5.201510373312088777e+05
5.219034531401884742e+05
5.238025858744281577e+05
5.258170602263450855e+05
5.278951128479113104e+05
5.299702492793690180e+05
5.319700999018031871e+05
5.338272228284402518e+05
5.354900148918190971e+05
5.369316318387178471e+05
5.381550244180257432e+05
5.391928949991983827e+05
5.401024405312704621e+05
5.409559065332824830e+05
5.418289142890921794e+05
5.427889769376470940e+05
5.438864720464023994e+05
5.451496473706911784e+05
5.465842072968629654e+05
5.481769375457637943e+05
5.499019444273262052e+05
5.517276108119997662e+05
5.536223996343142353e+05
5.555581526259817183e+05
5.575104163183076307e+05
5.594563606150711421e+05
5.613717444569078507e+05
5.632288200215280522e+05
5.649968310126009164e+05
5.666458376377850072e+05
5.681532520392399747e+05
5.695111831552295480e+05
5.707320097431456670e+05
5.718498711956201587e+05
5.729169538333690725e+05
5.739951240660914918e+05
5.751449697071514092e+05
5.764150810542164836e+05
5.778341858695502160e+05
5.794077140306286747e+05
5.811189785385888536e+05
5.829339559608225245e+05
5.848080014869424049e+05
5.866928280647514621e+05
5.885425472259978997e+05
5.903182174559440464e+05
5.919909010703979293e+05
5.935435340361307608e+05
5.949719417203543708e+05
5.962851658852929249e+05
5.975050328146049287e+05
5.986647197925876826e+05
5.998060622636305634e+05
6.009755178467024816e+05
6.022190191157734953e+05
6.035762932763491990e+05
6.050754724643614609e+05
6.067288722611158155e+05
6.085306677631001221e+05
6.104569105362158734e+05
6.124679955451589776e+05
6.145133625759113347e+05
6.165379083162856987e+05
6.184892817068835720e+05
6.203249648297316162e+05
6.220179012828541454e+05
6.235595525149911409e+05
6.249597138076819247e+05
6.262431456462072674e+05
6.274438703477591043e+05
6.285985794161098311e+05
6.297407808968230383e+05
6.308970235488737235e+05
6.320858661790210754e+05
6.333194241948832059e+05
6.346065565070277080e+05
6.359562592986907111e+05
6.373797585605629720e+05
6.388902127675446682e+05
6.404997991990866140e+05
6.422150363845615648e+05
6.440320990849180380e+05
6.459341757660929579e+05
6.478923410211969167e+05
6.498700820672869449e+05
6.518300579679730581e+05
6.537406229933783179e+05
6.555796924478254514e+05
6.573347483632875374e+05
6.589996445506527089e+05
6.605704648914821446e+05
6.620431793237231905e+05
6.634149137462003855e+05
6.646887001469550887e+05
6.658795353988214629e+05
6.670184659780024085e+05
6.681518246626190376e+05
6.693345522929300787e+05
6.706189639408475487e+05
6.720423008674220182e+05
6.736170962284358684e+05
6.753275122173503041e+05
6.771327927143910201e+05
6.789766775909034768e+05
6.807999343334349105e+05
6.825526168930958956e+05
6.842032607757803053e+05
6.857435148564702831e+05
6.871880677377739921e+05
6.885706633821944706e+05
6.899373640702690464e+05
6.913381823167712428e+05
6.928180930731216213e+05
6.944084990320150973e+05
6.961204614721232792e+05
6.979411908067539334e+05
6.998350869577008998e+05
7.017498300224790582e+05
7.036267412106911652e+05
7.054132667853215244e+05
7.070745381123905536e+05
7.086009714668069500e+05
7.100098894041974563e+05
7.113408449992722599e+05
7.126460891299899668e+05
7.139788012620884692e+05
7.153819440225715516e+05
7.168799685752374353e+05
7.184745197010561824e+05
7.201443028832752025e+05
7.218487278388438281e+05
7.235348194379514316e+05
7.251468650291690137e+05
7.266379652455080068e+05
7.279819302199588856e+05
7.291830699126743712e+05
7.302809299934717128e+05
7.313474893076901790e+05
7.324759678576083388e+05
7.337628338634687243e+05
7.352869932608401868e+05
7.370915030701200012e+05
7.391727993004013551e+05
7.414803618975214195e+05
7.439266591347566573e+05
7.464042600782255176e+05
7.488052586233590264e+05
7.510381734316754155e+05
7.530390808502149303e+05
7.547760807013458107e+05
7.562482484819329111e+05
7.574812280162159586e+05
7.585214072956024902e+05
7.594296524144621799e+05
7.602746159522623057e+05
7.611253197027860442e+05
7.620431959707037313e+05
7.630746823891551467e+05
