3.397128886376637383e+05
3.391700472050973913e+05
3.387101305772020714e+05
3.383043965033713030e+05
3.379212093192031607e+05
3.375265060747476527e+05
3.370846791794734891e+05
3.365609451095733093e+05
3.359255366245309124e+05
3.351590227546159294e+05
3.342572132723053219e+05
3.332338553866021684e+05
3.321198275981061743e+05
3.309585997599756811e+05
3.297989400699837133e+05
3.286867342415513704e+05
3.276580063552756328e+05
3.267347325639475021e+05
3.259240413056900143e+05
3.252203053074560012e+05
3.246088699150531320e+05
3.240699808693908853e+05
3.235818561731929076e+05
3.231225307948373957e+05
3.226707271329234354e+05
3.222062929540788755e+05
3.217106484920653747e+05
3.211673689982173964e+05
3.205627712777523557e+05
3.198863637648507720e+05
3.191312454502171604e+05
3.182947920449975645e+05
3.173799868535310961e+05
3.163974046629193472e+05
3.153672431916721398e+05
3.143202318892488256e+05
3.132961005694942432e+05
3.123387830402973341e+05
3.114885984574272297e+05
3.107729337987703038e+05
3.101979203247318510e+05
3.097437910374720814e+05
3.093658365433650906e+05
3.090013407839860301e+05
3.085811045389362844e+05
3.080428043020446203e+05
3.073429816413057270e+05
3.064650330594096449e+05
3.054218707081686007e+05
3.042533832223144127e+05
3.030198946669545840e+05
3.017932259452603175e+05
3.006468044525784790e+05
2.996458933451079065e+05
2.988387728228457272e+05
2.982497326533794403e+05
2.978748761209976510e+05
2.976816873488280689e+05
2.976128502960571204e+05
2.975939554884644458e+05
2.975437816594396136e+05
2.973851961311211926e+05
2.970546693372888258e+05
2.965089640479446389e+05
2.957284792713540955e+05
2.947176029738720390e+05
2.935029173022813047e+05
2.921300825126900454e+05
2.906598361075435532e+05
2.891630874622315750e+05
2.877148787262540427e+05
2.863871812392967404e+05
2.852410316749578924e+05
2.843191147539747762e+05
2.836402370835762122e+05
2.831969805829580873e+05
2.829571674937964417e+05
2.828688384988889447e+05
2.828675971472272649e+05
2.828847285942056915e+05
2.828545993647082360e+05
2.827203920824076049e+05
2.824379489974078024e+05
2.819780688407409471e+05
2.813278019439515774e+05
2.804910905026209657e+05
2.794886698407389922e+05
2.783567564729489386e+05
2.771439515091603971e+05
2.759060947747719474e+05
2.746994308969189879e+05
2.735731438965036650e+05
2.725627743966813432e+05
2.716860254640525673e+05
2.709419451851270278e+05
2.703136090874017682e+05
2.697735129219075898e+05
2.692902332182523096e+05
2.688347098872454953e+05
2.683847657618126250e+05
2.679270649360894458e+05
2.674564208176396205e+05
2.669730122650527628e+05
2.664785325940158800e+05
2.659725178738777759e+05
2.654500403878513607e+05
2.649015913435357506e+05
2.643153437743993127e+05
2.636812054539857199e+05
2.629953694126866758e+05
2.622637177932712366e+05
2.615026331562952546e+05
2.607365314561662963e+05
2.599925291734645725e+05
2.592936982703226386e+05
2.586529362386541616e+05
2.580693389698911051e+05
2.575281479687218962e+05
2.570041629202040203e+05
2.564674224154195981e+05
2.558893624801639526e+05
2.552477414977658482e+05
2.545292587751216488e+05
2.537296637377269217e+05
2.528518791842011851e+05
2.519030038510508311e+05
2.508910039292569563e+05
2.498216333283937711e+05
2.486958833315068914e+05
2.475082060779005988e+05
2.462458576054525038e+05
2.448897922560950392e+05
2.434174141699593456e+05
2.418070716976726253e+05
2.400435725802422385e+05
2.381234569970100420e+05
2.360585701521580340e+05
2.338767807480211777e+05
2.316194401871727023e+05
2.293361165939880011e+05
2.270779248370484274e+05
2.248911223323758459e+05
2.228124392452233878e+05
2.208669646785508958e+05
2.190685844972807681e+05
2.174222729861230473e+05
2.159272034134593850e+05
2.145797114134029835e+05
2.133754930455722497e+05
2.123108248867944640e+05
2.113828636031334754e+05
2.105891517729167826e+05
2.099264076059910294e+05
2.093886688245892292e+05
2.089650149818359641e+05
2.086373918970032537e+05
2.083793441138135968e+05
2.081565032509939338e+05
2.079293360667591915e+05
2.076579678618603793e+05
2.073081075982401671e+05
2.068565542372596683e+05
2.062947344475471764e+05
2.056292694555201160e+05
2.048794935004781291e+05
2.040727772700434434e+05
2.032390811372862954e+05
2.024061843485802237e+05
2.015965662560021447e+05
2.008262080823529104e+05
2.001049451004987641e+05
1.994376440886580385e+05
1.988254612372557167e+05
1.982666648627400282e+05
1.977568426355460833e+05
1.972886316775415326e+05
1.968513374339446600e+05
1.964309039008874970e+05
1.960106389545460406e+05
1.955728804402423557e+05
1.951014555254393781e+05
1.945844438998867408e+05
1.940165437456037616e+05
1.934003619249048643e+05
1.927462120425764297e+05
1.920704024549450551e+05
1.913923739669873903e+05
1.907312793073679204e+05
1.901026489277205546e+05
1.895157086765289714e+05
1.889717778149842343e+05
1.884640203277881083e+05
1.879786408475374046e+05
1.874973895022905781e+05
1.870009844456835999e+05
1.864728434928751667e+05
1.859024190723872453e+05
1.852874952890029817e+05
1.846350041945687844e+05
1.839601744778104476e+05
1.832840722019257955e+05
1.826298146445805323e+05
1.820179646322524350e+05
1.814618634880242462e+05
1.809638849943069217e+05
1.805136600146977580e+05
1.800890850443359814e+05
1.796603315251651511e+05
1.791962298514030699e+05
1.786715880335333350e+05
1.780735493355519720e+05
1.774052221924476617e+05
1.766855320459774521e+05
1.759453118908666074e+05
1.752206910302616016e+05
1.745455093402266211e+05
1.739445936926033755e+05
1.734293208992688742e+05
1.729961653220337175e+05
1.726281557908503746e+05
1.722985620560507523e+05
1.719758046918786713e+05
1.716285399109501159e+05
1.712300529302079231e+05
1.707614131592590129e+05
1.702132050198084908e+05
1.695859528397434624e+05
1.688895277939925436e+05
1.681418284801438276e+05
1.673669065735437907e+05
1.665925710564244364e+05
1.658474665175222035e+05
1.651577418271055212e+05
1.645436607498445956e+05
1.640167244579726830e+05
1.635779320200436341e+05
1.632176259067994833e+05
1.629170019309347263e+05
1.626509508595948864e+05
1.623916072034625395e+05
1.621119106129603460e+05
1.617886292917164683e+05
1.614045519725866616e+05
1.609497924444389064e+05
1.604222735539135465e+05
1.598274517697572883e+05
1.591772730227095599e+05
1.584883178130201704e+05
1.577791812480544322e+05
1.570673564153744956e+05
1.563661748329482507e+05
1.556825667422017141e+05
1.550163884750583675e+05
1.543617407722690259e+05
1.537101123646047781e+05
1.530545060901558318e+05
1.523932032765589829e+05
1.517317375861919136e+05
1.510820867644539976e+05
1.504589492961064680e+05
1.498739666862571612e+05
1.493295172659583332e+05
1.488139549575147685e+05
1.482998064677763032e+05
1.477456181521890685e+05
1.471011681303975056e+05
1.463149600938843214e+05
1.453425035738957522e+05
1.441538857525141793e+05
1.427394239990855567e+05
1.411125807241939183e+05
1.393097084041251219e+05
1.373865642509823083e+05
1.354119474388302187e+05
1.334592959265851532e+05
1.315975610767573235e+05
1.298829812275474251e+05
1.283533092585665436e+05
1.270255300711629970e+05
1.258972373871205928e+05
1.249509052702535555e+05
1.241596272739903798e+05
1.234927447416722280e+05
1.229201686962015810e+05
1.224149122360780311e+05
1.219540621078666882e+05
1.215188360844433773e+05
1.210943789251509588e+05
1.206696424257288018e+05
1.202373154822598881e+05
1.197935574286586925e+05
1.193373465876762493e+05
1.188695085643377824e+05
1.183917383052718069e+05
1.179059904182527971e+05
1.174144268850086373e+05
1.169197861812410993e+05
1.164257728698623541e+05
1.159370294590859703e+05
1.154584742380677781e+05
1.149941479707678081e+05
1.145460092571070127e+05
1.141131944686992501e+05
1.136920825359898590e+05
1.132771801212360733e+05
1.128625343563308707e+05
1.124432203932045959e+05
1.120164763849941082e+05
1.115822145832977840e+05
1.111428322345928318e+05
1.107024114798611117e+05
1.102655145605102880e+05
1.098358616489896376e+05
1.094152283598815848e+05
1.090028926857583720e+05
1.085958545111245185e+05
1.081898287154023274e+05
1.077807231682227866e+05
1.073660689189937111e+05
1.069458033929512312e+05
1.065219953893744241e+05
1.060975072286279465e+05
1.056740614385157824e+05
1.052505069683952752e+05
1.048220954435758758e+05
1.043812437341046316e+05
1.039196956332938571e+05
1.034314324095195334e+05
1.029153547510248900e+05
1.023768016564257268e+05
1.018273612943554472e+05
1.012829995592193300e+05
1.007610565106366266e+05
1.002769499266364437e+05
9.984140316198820074e+04
9.945873813382556546e+04
9.912639217377331806e+04
9.883549351526368991e+04
9.857216841730684973e+04
9.831925952638457238e+04
9.805823304265868501e+04
9.777113829257726320e+04
9.744249363933391578e+04
9.706091934176074574e+04
9.662029406535439193e+04
9.612025465731180157e+04
9.556600832644091861e+04
9.496761978737766913e+04
9.433906045844522305e+04
9.369727262407026137e+04
9.306130914888621191e+04
9.245136498575862788e+04
9.188737904342188267e+04
9.138697177061709226e+04
9.096279405701630458e+04
9.061976403817191022e+04
9.035295918689783139e+04
9.014694753787113586e+04
8.997704358868996496e+04
8.981246521235868568e+04
8.962084173831647786e+04
8.937316911890848132e+04
8.904822733921011968e+04
8.863565329118193767e+04
8.813719911519935704e+04
8.756607898808813479e+04
8.694462689774563478e+04
8.630071784495006432e+04
8.566354706475391868e+04
8.505942630587250460e+04
8.450824116709796363e+04
8.402110746516959625e+04
8.359956428301193228e+04
8.323636869870567170e+04
8.291766226755836396e+04
8.262602679557159718e+04
8.234379504947522946e+04
8.205596499273930385e+04
8.175218602874620410e+04
8.142751385817768460e+04
8.108191473063893500e+04
8.071877557374781463e+04
8.034288089795281121e+04
7.995840449893752520e+04
7.956741672076453688e+04
7.916924263415762107e+04
7.876076742046439904e+04
7.833753332750618574e+04
7.789527066595855285e+04
7.743140499701697263e+04
7.694611179257245385e+04
7.644264185389351042e+04
7.592686984341665811e+04
7.540624796618823893e+04
7.488849587140198855e+04
7.438037603743086220e+04
7.388679950387313147e+04
7.341034564459908870e+04
7.295115030163127813e+04
7.250707826583871793e+04
7.207414156058724620e+04
7.164718532490445068e+04
7.122085580919928907e+04
7.079075637625197123e+04
7.035453620046950527e+04
6.991255140869422758e+04
6.946778956918869517e+04
6.902497438479898847e+04
6.858908006368792849e+04
6.816373181965052208e+04
6.775002099862441537e+04
6.734609121992069413e+04
6.694754404173076910e+04
6.654842234407115029e+04
6.614238709588797064e+04
6.572374763879681996e+04
6.528817623466515215e+04
6.483312173178721423e+04
6.435803938497503987e+04
6.386454256599639484e+04
6.335649212164482742e+04
6.283993893814934563e+04
6.232278600540685875e+04
6.181406596367803286e+04
6.132282981500864116e+04
6.085677691578673694e+04
6.042087844344822224e+04
6.001631079314196541e+04
5.963999076120556856e+04
5.928488604695670801e+04
5.894108992216276238e+04
5.859745169789434294e+04
5.824340662325060839e+04
5.787059608340772684e+04
5.747392474330421828e+04
5.705184437347510539e+04
5.660584103079214401e+04
5.613928524589043082e+04
5.565594547797966516e+04
5.515853929736113787e+04
5.464769323785023153e+04
5.412159975191555714e+04
5.357650745777887641e+04
5.300798230695972597e+04
5.241267256022139190e+04
5.179015229621994513e+04
5.114435821042868338e+04
5.048420274698483263e+04
4.982313391437656537e+04
4.917766654140473838e+04
4.856515366518327210e+04
4.800122897754260339e+04
4.749739731138937350e+04
4.705919310950887302e+04
4.668521151629745145e+04
4.636718763329381181e+04
4.609117411890687072e+04
4.583973367478831642e+04
4.559490230434307887e+04
4.534149732712738478e+04
4.507018699647454196e+04
4.477967853207747976e+04
4.447747921729250083e+04
4.417895026904578845e+04
4.390474601620458998e+04
4.367710045737955079e+04
4.351567144779343653e+04
4.343370471868937602e+04
4.343513527578226058e+04
4.351297425693010155e+04
4.364904490634066315e+04
4.381493030740557879e+04
4.397392270135540457e+04
4.408379500509433274e+04
4.410027265695249662e+04
4.398108102260834130e+04
4.369033053530244069e+04
4.320279727725143312e+04
4.250744712518523738e+04
4.160945609463191067e+04
4.053009587107578409e+04
3.930420775756154035e+04
3.797551207959233579e+04
3.659054764605972741e+04
3.519243468114975258e+04
3.381576944596223620e+04
3.248374155245572183e+04
3.120807070635297350e+04
2.999172279330640959e+04
2.883374980102084737e+04
2.773514410542435144e+04
2.670438683434297127e+04
2.576142024475248036e+04
2.493905678910355709e+04
2.428130080891757098e+04
2.383863895927399426e+04
2.366097337526687625e+04
2.378942338839502190e+04
2.424858244201410707e+04
2.504086907693252579e+04
2.614429080474024886e+04
2.751428028873935546e+04
2.908940518788171539e+04
3.079991057193009328e+04
3.257744458509501783e+04
3.436409281109135190e+04
3.611903844606691564e+04
3.782169506671668933e+04
3.947087770625264966e+04
4.108032480590636260e+04
4.267152790833294421e+04
4.426528248623067338e+04
4.587359275678669655e+04
4.749351758328620781e+04
4.910422398661891930e+04
5.066794235623320856e+04
5.213476863963989308e+04
5.345046852094983478e+04
5.456578121852501499e+04
5.544536354235604085e+04
5.607456303829343233e+04
5.646266352725114848e+04
5.664199809431950416e+04
5.666318659729426145e+04
5.658751971366930229e+04
5.647801152439624275e+04
5.639078963484675478e+04
5.636828901801690517e+04
5.643524300972572382e+04
5.659784979794333776e+04
5.684587784242886119e+04
5.715698549174085201e+04
5.750225289419526234e+04
5.785188226723912521e+04
5.818017738417833607e+04
5.846918260995192395e+04
5.871065586215223448e+04
5.890630775515412097e+04
5.906644737005972274e+04
5.920735375004594243e+04
5.934785883486232342e+04
5.950576391603607772e+04
5.969476130076854315e+04
5.992243567623043782e+04
6.018966299468852230e+04
6.049137303529246128e+04
6.081831847195664159e+04
6.115931881569404504e+04
6.150347136188959848e+04
6.184199182123901846e+04
6.216954442125841160e+04
6.248503212420988712e+04
6.279180869380545482e+04
6.309721065815562906e+04
6.341130387781086756e+04
6.374487595963527565e+04
6.410696044300468202e+04
6.450242952549101028e+04
6.493028771105436317e+04
6.538315508660936030e+04
6.584808822011953453e+04
6.630849858092053910e+04
6.674666390253117424e+04
6.714628146575325809e+04
6.749465466626953275e+04
6.778431425084805232e+04
6.801402557444687409e+04
6.818916911006148439e+04
6.832144544559539645e+04
6.842784153786378738e+04
6.852887054687150521e+04
6.864625488065503305e+04
6.880038323620254232e+04
6.900794678265912808e+04
6.928010678302608721e+04
6.962139962026610738e+04
7.002942414054056280e+04
7.049524736404472787e+04
7.100442199094429088e+04
7.153849727811044431e+04
7.207687951253096981e+04
7.259884922231428209e+04
7.308550315351806057e+04
7.352140700914827175e+04
7.389583483152039116e+04
7.420359251559668337e+04
7.444550216441210068e+04
7.462860503022212652e+04
7.476603175457307952e+04
7.487636580615317507e+04
7.498229033226981119e+04
7.510842168014426716e+04
7.527847431084392883e+04
7.551217581233665987e+04
7.582253586046103737e+04
7.621408424309558177e+04
7.668251878563950595e+04
7.721590161802701186e+04
7.779720346144602809e+04
7.840770754375017714e+04
7.903060740110598272e+04
7.965409645284379076e+04
8.027335740636306582e+04
8.089109775489005551e+04
8.151659681293222820e+04
8.216355498511352926e+04
8.284728054103149043e+04
8.358184431233130454e+04
8.437775687571834715e+04
8.524051266893903085e+04
8.617008119860912848e+04
8.716119677437881182e+04
8.820416918862571765e+04
8.928592656588029058e+04
9.039108136428304715e+04
9.150292766180064064e+04
9.260437707373680314e+04
9.367888563782426354e+04
9.471140736304500024e+04
9.568935059874324361e+04
9.660344369184604147e+04
9.744836832367925672e+04
9.822301226973527810e+04
9.893023301262606401e+04
9.957610342088353354e+04
1.001687182702888385e+05
1.007167584367831296e+05
1.012281124956555432e+05
1.017089070187722973e+05
1.021632570143606572e+05
1.025938915157234878e+05
1.030035499901597359e+05
1.033967497240557277e+05
1.037813015889142116e+05
1.041689132946010941e+05
1.045744255664086522e+05
1.050136444562602264e+05
1.055002322189453407e+05
1.060425164288966917e+05
1.066412091670065420e+05
1.072888225799021311e+05
1.079710756458413234e+05
1.086699685979416390e+05
1.093676642993509013e+05
1.100500436322754831e+05
1.107088921456727840e+05
1.113421071524610161e+05
1.119519539805984532e+05
1.125420389715677302e+05
1.131140889896384033e+05
1.136656841803355492e+05
1.141897603881871182e+05
1.146760986138092703e+05
1.151143668384602934e+05
1.154977995756066666e+05
1.158264356863724679e+05
1.161089972871684877e+05
1.163628800487645349e+05
1.166121900832402025e+05
1.168841848418783193e+05
1.172047965321129886e+05
1.175941210057143471e+05
1.180628260459745215e+05
1.186103278440280410e+05
1.192252580616360356e+05
1.198882070227528311e+05
1.205760954905274557e+05
1.212670060694344720e+05
1.219441183434559789e+05
1.225976644655872224e+05
1.232244974803838268e+05
1.238257033074137144e+05
1.244033578597316955e+05
1.249577575849454297e+05
1.254861456797174469e+05
1.259832627860642679e+05
1.264432864814199856e+05
1.268622266591487423e+05
1.272398117392890999e+05
1.275802972364397428e+05
1.278922090421865578e+05
1.281874802770048118e+05
1.284805319803851162e+05
1.287875776940204960e+05
1.291260041305011982e+05
1.295133871139746916e+05
1.299657530930014618e+05
1.304950935258200916e+05
1.311066707502294739e+05
1.317970113365097786e+05
1.325534354887165537e+05
1.333554987992673414e+05
1.341780341446269595e+05
1.349949051713832596e+05
1.357823921277084737e+05
1.365214005234207143e+05
1.371982559412755363e+05
1.378044279658812738e+05
1.383358412206927605e+05
1.387923753985556832e+05
1.391778258885804389e+05
1.395002144617249432e+05
1.397721129777947208e+05
1.400106510684678797e+05
1.402370501227059867e+05
1.404757139241106925e+05
1.407529999372619204e+05
1.410957887095869810e+05
1.415299444238214928e+05
1.420788024217968341e+05
1.427619314932772540e+05
1.435944997030766099e+05
1.445874878625359561e+05
1.457486861717332795e+05
1.470839709568491671e+05
1.485980161796305911e+05
1.502935916274903866e+05
1.521690471510136849e+05
1.542143651798552892e+05
1.564069665395909396e+05
1.587089010044696624e+05
1.610668926964634738e+05
1.634159489470856206e+05
1.656861551273046061e+05
1.678112868943143694e+05
1.697373449403515842e+05
1.714292111055807327e+05
1.728742291517953272e+05
1.740823370947429503e+05
1.750831097892336838e+05
1.759205262051713944e+05
1.766464482177129830e+05
1.773137955345731170e+05
1.779703336098552099e+05
1.786538831368217652e+05
1.793895560591613466e+05
1.801892688261223375e+05
1.810533099388591654e+05
1.819732837568667601e+05
1.829354947461046104e+05
1.839238871738690359e+05
1.849219858859340020e+05
1.859137387434195261e+05
1.868835470653439697e+05
1.878159581541434163e+05
1.886954710592448246e+05
1.895067538781992334e+05
1.902353928380121652e+05
1.908691556520145095e+05
1.913996605467062618e+05
1.918242687340692501e+05
1.921479366924133501e+05
1.923846790762073651e+05
1.925582351634592051e+05
1.927015431515961827e+05
1.928547388739872549e+05
1.930616170306014828e+05
1.933648027497292205e+05
1.938002261178971385e+05
1.943917897291807458e+05
1.951472711522834434e+05
1.960564229084568797e+05
1.970918860613066936e+05
1.982129638550713134e+05
1.993716392964729166e+05
2.005196531801734818e+05
2.016151731395453680e+05
2.026276935297003074e+05
2.035402975955847069e+05
2.043491387792386813e+05
2.050607190721447114e+05
2.056880214551239624e+05
2.062466508197798976e+05
2.067518695097976597e+05
2.072169390923639876e+05
2.076527193151623069e+05
2.080681979693533212e+05
2.084715705913808779e+05
2.088715633583288582e+05
2.092787495263930468e+05
2.097065607531296555e+05
2.101715804615606030e+05
2.106926764747060952e+05
2.112887352997318958e+05
2.119752255468722433e+05
2.127603828087566362e+05
2.136421889142790169e+05
2.146072647344485449e+05
2.156322528195274353e+05
2.166874341003632580e+05
2.177415664887612511e+05
2.187665884490696480e+05
2.197410229994815891e+05
2.206515038858659391e+05
2.214925126738859108e+05
2.222648691305035027e+05
2.229736390698067262e+05
2.236259998144663405e+05
2.242294201514906017e+05
2.247904046722514322e+05
2.253140179161745473e+05
2.258043314637994627e+05
2.262657293685819895e+05
2.267046873042971711e+05
2.271313637389756041e+05
2.275602965981920715e+05
2.280097724240213574e+05
2.284999326619144704e+05
2.290501681648221565e+05
2.296765851638261229e+05
2.303901943103273807e+05
2.311960652129855007e+05
2.320932324532288476e+05
2.330748793493731064e+05
2.341283889956325584e+05
2.352351851310979400e+05
2.363706905300579965e+05
2.375049725654516951e+05
2.386045727914128511e+05
2.396356382595044270e+05
2.405679516799000558e+05
2.413790362034353602e+05
2.420573867897620075e+05
2.426041115964146447e+05
2.430327434043492540e+05
2.433674835410675732e+05
2.436404555387608125e+05
2.438885732425557799e+05
2.441504242055912619e+05
2.444632994054349256e+05
2.448603366259850445e+05
2.453677695945814194e+05
2.460024461037898145e+05
2.467699693178253074e+05
2.476638970025095623e+05
2.486663383736207907e+05
2.497500385788796120e+05
2.508817177443698165e+05
2.520261327215865022e+05
2.531501372793323826e+05
2.542259859023787722e+05
2.552332840644458192e+05
2.561593225284102664e+05
2.569979798476702708e+05
2.577478116355992970e+05
2.584102098874879593e+05
2.589884798784689046e+05
2.594883116495542054e+05
2.599195198231603135e+05
2.602983062797965249e+05
2.606489145336924994e+05
2.610035672979283263e+05
2.614000302461395622e+05
2.618768793889331864e+05
2.624673145695197745e+05
2.631928999838058371e+05
2.640587554313393193e+05
2.650514367517235223e+05
2.661401269808643265e+05
2.672809898736094474e+05
2.684238175659882254e+05
2.695196120809772401e+05
2.705275931500734878e+05
2.714203537939566886e+05
2.721864218516776455e+05
2.728301682159371558e+05
2.733696145992449019e+05
2.738330369105272111e+05
2.742552372722813161e+05
2.746740240553858457e+05
2.751269892842738773e+05
2.756483519414838520e+05
2.762656186100733466e+05
2.769961099307814729e+05
2.778438494095906499e+05
2.787976568753862521e+05
2.798313195793181076e+05
2.809063627625192166e+05
2.819773129343643086e+05
2.829986575116342865e+05
2.839321825387480203e+05
2.847531743924956536e+05
2.854541566887143999e+05
2.860453596190345706e+05
2.865518699268024066e+05
2.870082098617151496e+05
2.874517276499606087e+05
2.879164449040509644e+05
2.884287813291890197e+05
2.890059096485257614e+05
2.896566055257505504e+05
2.903836708591147908e+05
2.911866098395154113e+05
2.920633479402678786e+05
2.930103195610565017e+05
2.940209767591435811e+05
2.950834242882016697e+05
2.961782710704141646e+05
2.972778220569524565e+05
2.983474274075105786e+05
2.993492306989870267e+05
3.002478400704310625e+05
3.010167699923558393e+05
3.016440906653663842e+05
3.021357682039684150e+05
3.025157345248620841e+05
3.028226342872958630e+05
3.031041226069658296e+05
3.034101643524651299e+05
3.037868018903767224e+05
3.042713739634840167e+05
3.048894824107446475e+05
3.056534773545031203e+05
3.065620810757590807e+05
3.076009529847394442e+05
3.087442638065732317e+05
3.099574214037257480e+05
3.112008596232683631e+05
3.124343851766774897e+05
3.136212467148244614e+05
3.147310879065463669e+05
3.157413301165399025e+05
3.166371327318765107e+05
3.174106027997497004e+05
3.180601088627862046e+05
3.185903094713786850e+05
3.190129601693665609e+05
3.193479799788366654e+05
3.196239129339573556e+05
3.198769688771063811e+05
3.201482524715226027e+05
3.204794198054283625e+05
3.209075955965145840e+05
3.214607217446705909e+05
3.221544668046004372e+05
3.229914107979768887e+05
3.239625561477733427e+05
3.250505132098223548e+05
3.262332055289278505e+05
3.274868297516791499e+05
3.287871642163866200e+05
3.301090541414539912e+05
3.314247487248192192e+05
3.327023795152254752e+05
3.339059604493172956e+05
3.349977696617884794e+05
3.359430221647994476e+05
3.367157507033071015e+05
3.373042074366877787e+05
3.377141458513265825e+05
3.379690148638375103e+05
3.381070971170809935e+05
3.381765300620136550e+05
3.382296181906684651e+05
3.383177571561041404e+05
3.384877711557961884e+05
3.387797923240170931e+05
3.392262700427424861e+05
3.398514610279588960e+05
3.406708327623083605e+05
3.416901040128981113e+05
3.429039878260896658e+05
3.442949600194992381e+05
3.458324847857775167e+05
3.474731000053670723e+05
3.491616600481920759e+05
3.508339200134060229e+05
3.524205497328315396e+05
3.538525563053428195e+05
3.550679011095509049e+05
3.560187746270260541e+05
3.566785816548747243e+05
3.570473435873321141e+05
3.571541561134272488e+05
3.570557078427960514e+05
3.568306541681685485e+05
3.565706239178984542e+05
3.563694523498437484e+05
3.563125596850721049e+05
3.564681205022515496e+05
3.568809708709727856e+05
3.575694468889831915e+05
3.585248964212411083e+05
3.597135890113671776e+05
3.610809982759645791e+05
3.625585812804960296e+05
3.640729062254104065e+05
3.655562294864425203e+05
3.669566912763129221e+05
3.682457015244772192e+05
3.694202853549602441e+05
3.704992883253930486e+05
3.715141040731290122e+05
3.724963469701197464e+05
3.734659587972587324e+05
3.744231731450584484e+05
3.753465731651330716e+05
3.761976148037317325e+05
3.769301342233164469e+05
3.775021445225953939e+05
3.778869750589786563e+05
