6.827433270082116360e+05
6.805622920426721685e+05
6.783049130604951642e+05
6.760175090639848495e+05
6.737521302011540392e+05
6.715653369725736557e+05
6.695153916957735782e+05
6.676574439258349594e+05
6.660369343448984437e+05
6.646821382462620968e+05
6.635973116509924876e+05
6.627581148199548479e+05
6.621107823139450047e+05
6.615759110101235565e+05
6.610568693216294050e+05
6.604518688942295266e+05
6.596678745732893003e+05
6.586339398679829901e+05
6.573114019487330224e+05
6.556987657853248529e+05
6.538300709337195149e+05
6.517669334026917350e+05
6.495859774470743723e+05
6.473645811072507640e+05
6.451683313174516661e+05
6.430430869580260478e+05
6.410131712213238934e+05
6.390853777009389596e+05
6.372567873789448058e+05
6.355234208632856607e+05
6.338867859626812860e+05
6.323563386418543523e+05
6.309473460118015064e+05
6.296750834322022274e+05
6.285472734320559539e+05
6.275569931264645420e+05
6.266780117846510839e+05
6.258638904224777361e+05
6.250513945432725595e+05
6.241679586703538662e+05
6.231421421140058665e+05
6.219152929147231625e+05
6.204521452569067478e+05
6.187480333635563729e+05
6.168309681812238414e+05
6.147579424404256279e+05
6.126062009694963926e+05
6.104613819693366531e+05
6.084050068133018212e+05
6.065036292272115825e+05
6.048012166966773802e+05
6.033153906960745808e+05
6.020373517945439089e+05
6.009348403339842334e+05
5.999573062056043418e+05
5.990424459499426885e+05
5.981233018361257855e+05
5.971351915409732610e+05
5.960218936302071670e+05
5.947407622274283785e+05
5.932666956867767731e+05
5.915949885549392784e+05
5.897429560524909757e+05
5.877498981973624323e+05
5.856746985354593489e+05
5.835904160041741561e+05
5.815757863728943048e+05
5.797044989059814252e+05
5.780340933151552454e+05
5.765968683868781663e+05
5.753949735780404881e+05
5.744008509037314216e+05
5.735627418047020910e+05
5.728136219551792601e+05
5.720811915644874098e+05
5.712966750700096600e+05
5.704010422101266449e+05
5.693484230161056621e+05
5.681074393671549624e+05
5.666615610358820995e+05
5.650093643147309776e+05
5.631649624648563331e+05
5.611582551647328073e+05
5.590343058270494221e+05
5.568511999212581431e+05
5.546760647502058418e+05
5.525793504120939178e+05
5.506278311439031968e+05
5.488770419440985424e+05
5.473640538931532064e+05
5.461016432547196746e+05
5.450749777718462283e+05
5.442418102112424094e+05
5.435367255260130623e+05
5.428792372737845872e+05
5.421846355692108627e+05
5.413757342509418959e+05
5.403933283728022361e+05
5.392034024203907466e+05
5.377998714064416708e+05
5.362026604426286649e+05
5.344519251604585443e+05
5.325999204575204058e+05
5.307023010027224664e+05
5.288104909634133801e+05
5.269663032335062744e+05
5.251993699034134625e+05
5.235273040427506203e+05
5.219579548895141343e+05
5.204927244099763338e+05
5.191297462163263699e+05
5.178658330942832981e+05
5.166964874240226927e+05
5.156138919730086345e+05
5.146035339072338538e+05
5.136407676405849634e+05
5.126889625531085767e+05
5.117007180222639581e+05
5.106229001342799165e+05
5.094051044545110781e+05
5.080099220719808945e+05
5.064225252761158044e+05
5.046569560019836063e+05
5.027571981630644295e+05
5.007924200852098875e+05
4.988472233588464442e+05
4.970088417310336954e+05
4.953537049431057530e+05
4.939356234470510972e+05
4.927773009591664886e+05
4.918662370250965469e+05
4.911555147320031538e+05
4.905694718635566533e+05
4.900137158085620031e+05
4.893882935212581651e+05
4.886021444642514689e+05
4.875864644268087577e+05
4.863045428396012285e+05
4.847561534262074856e+05
4.829756332590166130e+05
4.810241409254741739e+05
4.789778841261434136e+05
4.769149852701595519e+05
4.749038448725291528e+05
4.729952850373401307e+05
4.712195537007454550e+05
4.695877976650461205e+05
4.680963386535775498e+05
4.667314454810438910e+05
4.654725187879864825e+05
4.642926138535019127e+05
4.631566392852888093e+05
4.620188324798317626e+05
4.608217178928237990e+05
4.594984423734254669e+05
4.579792539858639357e+05
4.562013717060456984e+05
4.541201615619107615e+05
4.517188876291257329e+05
4.490145617641772260e+05
4.460584365447051241e+05
4.429310570848805364e+05
4.397330109435361810e+05
4.365732236737717176e+05
4.335567384642208926e+05
4.307735528274622629e+05
4.282895633174689719e+05
4.261402575125910225e+05
4.243275960251009092e+05
4.228204641763483523e+05
4.215589528660605429e+05
4.204623831827987451e+05
4.194403857451279182e+05
4.184056218948980677e+05
4.172861486302872654e+05
4.160352479584682151e+05
4.146369112297126558e+05
4.131060395480708685e+05
4.114835487781129195e+05
4.098276056301778881e+05
4.082028619047900429e+05
4.066696551248590695e+05
4.052747795721665607e+05
4.040448375823260867e+05
4.029826211900764029e+05
4.020666055929916911e+05
4.012534449899515021e+05
4.004832104430298205e+05
3.996868578833318898e+05
3.987950351121400599e+05
3.977469518121681176e+05
3.964978510401378153e+05
3.950237972972570569e+05
3.933230516485979315e+05
3.914140855452060350e+05
3.893310354425847181e+05
3.871178729877473670e+05
3.848226237926711328e+05
3.824926314809063915e+05
3.801712909194971435e+05
3.778960951060247608e+05
3.756974677560228738e+05
3.735978062097262591e+05
3.716104153126147576e+05
3.697384234774744837e+05
3.679741293270277092e+05
3.662993609950487735e+05
3.646872841931442381e+05
3.631057417392859934e+05
3.615217940486941952e+05
3.599067975854320102e+05
3.582411819614720880e+05
3.565180749937314540e+05
3.547450600987628568e+05
3.529436212211369420e+05
3.511462287220018916e+05
3.493914996642163605e+05
3.477183147923524957e+05
3.461600347574269981e+05
3.447399050782044069e+05
3.434683657098301919e+05
3.423424260901845410e+05
3.413467583413998364e+05
3.404559005889488617e+05
3.396370155774075538e+05
3.388529168416122557e+05
3.380653497878370690e+05
3.372386036671294132e+05
3.363433566447618650e+05
3.353603038241154863e+05
3.342827887917765183e+05
3.331175719864680432e+05
3.318831506875541527e+05
3.306056606490560225e+05
3.293131420409774873e+05
3.280295563075446407e+05
3.267701356145014288e+05
3.255393121332817245e+05
3.243316924839211861e+05
3.231355787179868785e+05
3.219377412077124463e+05
3.207278147237233352e+05
3.195009336647753371e+05
3.182579381479744334e+05
3.170033855027662939e+05
3.157423523051556549e+05
3.144773529422235442e+05
3.132065486390556907e+05
3.119238795647440711e+05
3.106210501306240330e+05
3.092906864901840454e+05
3.079296514505596133e+05
3.065415139951138408e+05
3.051374769925131695e+05
3.037355313273396459e+05
3.023580621718020411e+05
3.010284468964893604e+05
2.997672914419735898e+05
2.985888798037813394e+05
2.974982542503493023e+05
2.964892106787656085e+05
2.955434463698394829e+05
2.946311174624643754e+05
2.937130628952605184e+05
2.927448272634128225e+05
2.916823141898616450e+05
2.904884634565403685e+05
2.891398970470218919e+05
2.876321934696768876e+05
2.859824777519158670e+05
2.842284262008003425e+05
2.824235297896236880e+05
2.806293621254461468e+05
2.789063941127359285e+05
2.773053162132066791e+05
2.758606941834424506e+05
2.745881017073389376e+05
2.734848575127056101e+05
2.725335014247492072e+05
2.717065313422007021e+05
2.709708981217595283e+05
2.702912833805843838e+05
2.696320105321448063e+05
2.689582037296029739e+05
2.682372072287456249e+05
2.674411716510509723e+05
2.665511648677868070e+05
2.655623830196177005e+05
2.644892897419237997e+05
2.633690436227758764e+05
2.622615528901859070e+05
2.612449843036639213e+05
2.604064901039184479e+05
2.598291149598036427e+05
2.595770092357524263e+05
2.596818655017336132e+05
2.601336265342620900e+05
2.608778600878344150e+05
2.618208594896136783e+05
2.628418268055953667e+05
2.638098716608667164e+05
2.646024502063498367e+05
2.651215703399291961e+05
2.653046700150764082e+05
2.651283649535615696e+05
2.646049077334721806e+05
2.637727726993097458e+05
2.626838960537467501e+05
2.613905218460822944e+05
2.599343004698861914e+05
2.583394208129666513e+05
2.566104228755853255e+05
2.547342541439052729e+05
2.526853503810063703e+05
2.504321623352565512e+05
2.479436042605394032e+05
2.451942635443162289e+05
2.421677381722255086e+05
2.388580196551558911e+05
2.352693007982071722e+05
2.314148821725561575e+05
2.273159361058174400e+05
2.230007601631841972e+05
2.185048557550112891e+05
2.138717847307429765e+05
2.091543929506921559e+05
2.044157431934536144e+05
1.997290342301739729e+05
1.951759150093630305e+05
1.908429063476389274e+05
1.868160611634306551e+05
1.831744513135129819e+05
1.799834689069551823e+05
1.772891626415992214e+05
1.751147925971392833e+05
1.734604269655211247e+05
1.723057633797501039e+05
1.716155902405394008e+05
1.713466420326064108e+05
1.714542741962791479e+05
1.718975127179447445e+05
1.726415818680226512e+05
1.736577838992135949e+05
1.749213209653467638e+05
1.764080703350995609e+05
1.780913399093522748e+05
1.799393037440883054e+05
1.819133424290151452e+05
1.839671268890364736e+05
1.860461552897460933e+05
1.880876086594143417e+05
1.900207092899583513e+05
1.917680360579233384e+05
1.932482770273028873e+05
1.943806024475194572e+05
1.950903064266153669e+05
1.953148160486136330e+05
1.950088634697426751e+05
1.941477320865665388e+05
1.927280135803318990e+05
1.907660497575339105e+05
1.882948782625282474e+05
1.853607879184014164e+05
1.820204148506922065e+05
1.783387822362840816e+05
1.743880649420018308e+05
1.702464287074508611e+05
1.659962244968075538e+05
1.617211050533526577e+05
1.575021097882410977e+05
1.534132125725466176e+05
1.495170701561990136e+05
1.458616885114250181e+05
1.424784988010927627e+05
1.393820258435375872e+05
1.365710567541998171e+05
1.340310406752118433e+05
1.317373757499069325e+05
1.296592303764100507e+05
1.277635572940735437e+05
1.260189616005956195e+05
1.243990730302666198e+05
1.228850678010335105e+05
1.214670190517292067e+05
1.201438593586007191e+05
1.189219267392710171e+05
1.178123146572850528e+05
1.168274967484358640e+05
1.159778675805769162e+05
1.152688638689883664e+05
1.146991849931936886e+05
1.142603573976579064e+05
1.139375711508107925e+05
1.137114554153301287e+05
1.135603211882868054e+05
1.134624023293159116e+05
1.133977388824063237e+05
1.133495096350483509e+05
1.133047681440992747e+05
1.132546189045870560e+05
1.131938715060384129e+05
1.131201559877659747e+05
1.130324357446074428e+05
1.129288931476387515e+05
1.128043375352682779e+05
1.126475740231988893e+05
1.124394652335164574e+05
1.121525507915422058e+05
1.117529157967221981e+05
1.112044815932603960e+05
1.104751489014225517e+05
1.095435056595697097e+05
1.084044066639708617e+05
1.070718368297471170e+05
1.055780992657052993e+05
1.039693395146322000e+05
1.022984154558019363e+05
1.006168272605765960e+05
9.896762044581685041e+04
9.738082883087586379e+04
9.587226589369501744e+04
9.444554749677229847e+04
9.309640745937245083e+04
9.181786716822558083e+04
9.060475051258419990e+04
8.945637851249267987e+04
8.837690629755522241e+04
8.737348388658594922e+04
8.645302797663696401e+04
8.561872863698778383e+04
8.486741264223156031e+04
8.418857196585324709e+04
8.356535061339641106e+04
8.297721951787576836e+04
8.240361319270855165e+04
8.182757032379176235e+04
8.123846381246483361e+04
8.063319644839850662e+04
8.001568045339216769e+04
7.939487748050851224e+04
7.878201813081600994e+04
7.818775903463490249e+04
7.761995345625939080e+04
7.708246021604420093e+04
7.657509176454549015e+04
7.609450803996605100e+04
7.563567287395949825e+04
7.519343285486500827e+04
7.476383917762477358e+04
7.434496744392144319e+04
7.393714791646043886e+04
7.354265897438806132e+04
7.316503757856978336e+04
7.280821695240325062e+04
7.247571508159741643e+04
7.217006741235380468e+04
7.189261859736194310e+04
7.164366205592219194e+04
7.142276434535790759e+04
7.122898568276403239e+04
7.106067892840132117e+04
7.091467257996814442e+04
7.078491790331625089e+04
7.066102473501423083e+04
7.052737828311935300e+04
7.036356664757808903e+04
7.014657143896144407e+04
6.985462448127317475e+04
6.947198675927036675e+04
6.899341050471500785e+04
6.842692573075680411e+04
6.779394917108405207e+04
6.712646928495194879e+04
6.646197694255702663e+04
6.583756985138733580e+04
6.528498120268510684e+04
6.482803822891170421e+04
6.448331633272544423e+04
6.426377463845398597e+04
6.418428737911515054e+04
6.426753183667310805e+04
6.454880304971148144e+04
6.507890932193432673e+04
6.592505561173216847e+04
6.717013536487272358e+04
6.891079117432178464e+04
7.125389506000895926e+04
7.431003271523492003e+04
7.818177810311828216e+04
8.294476104729087092e+04
8.862127800258158823e+04
9.514940048040893453e+04
1.023543326966853056e+05
1.099316373171279556e+05
1.174522150275609456e+05
1.243955265267030045e+05
1.302107136240140535e+05
1.343967728764587664e+05
1.365856177316167741e+05
1.366086330315793166e+05
1.345298717011857079e+05
1.306369936025612842e+05
1.253919528149732796e+05
1.193536928959468496e+05
1.130913791323921469e+05
1.071072286887412629e+05
1.017831874345514370e+05
9.735772145821886079e+04
9.393075499198216130e+04
9.148876809622011206e+04
8.993951378459793341e+04
8.914659822530600650e+04
8.895718810062954435e+04
8.921992761223514390e+04
8.979353831910196459e+04
9.054880942634884559e+04
9.136755088238154713e+04
9.214174219087448728e+04
9.277494352141408308e+04
9.318650169145982363e+04
9.331763535172701813e+04
9.313749953887985612e+04
9.264704617248648719e+04
9.187895504196030379e+04
9.089294019176100846e+04
8.976700484765066358e+04
8.858632486835806048e+04
8.743204844412143575e+04
8.637223964318753860e+04
8.545651480431489472e+04
8.471486500668595545e+04
8.416006850192898128e+04
8.379230174203822389e+04
8.360426464472241059e+04
8.358537851810583379e+04
8.372425883067658287e+04
8.400946484193364449e+04
8.442921407112103770e+04
8.497111007994561805e+04
8.562287221500564192e+04
8.637461760611974751e+04
8.722258561575910426e+04
8.817352867930423236e+04
8.924852313111058902e+04
9.048480562183004804e+04
9.193443945670567336e+04
9.365910182149303728e+04
9.572096401752764359e+04
9.817042691607349843e+04
1.010322981436973932e+05
1.042927522614445916e+05
1.078899209623974748e+05
1.117109650640863838e+05
1.155977471644729521e+05
1.193616826865409676e+05
1.228062260384254914e+05
1.257532930001361528e+05
1.280684443454122083e+05
1.296794673090008000e+05
1.305843123520621302e+05
1.308468640260131942e+05
1.305819869565831614e+05
1.299337605275935493e+05
1.290520549755048996e+05
1.280723248300392152e+05
1.271019557913840836e+05
1.262143415074435034e+05
1.254498390499350207e+05
1.248214307995424169e+05
1.243225314121022093e+05
1.239347894863055844e+05
1.236345820900654508e+05
1.233977779082927591e+05
1.232029537922298186e+05
1.230334799325653439e+05
1.228788069102294539e+05
1.227350630772718578e+05
1.226048836643051036e+05
1.224963602398153744e+05
1.224211376686964359e+05
1.223919220883671951e+05
1.224198774418583780e+05
1.225124707812493434e+05
1.226722283666544536e+05
1.228966152192233567e+05
1.231789439598973113e+05
1.235099708162395546e+05
1.238797378590003063e+05
1.242792991257642279e+05
1.247021803324351058e+05
1.251456682673737814e+05
1.256121897123151139e+05
1.261110309306626878e+05
1.266604432586255716e+05
1.272898383387946815e+05
1.280414305856584106e+05
1.289704946683624294e+05
1.301434941854123608e+05
1.316337278630502115e+05
1.335147322512981773e+05
1.358522833866267465e+05
1.386962479230350582e+05
1.420736152929910750e+05
1.459837949420557707e+05
1.503968051624707587e+05
1.552544820458124159e+05
1.604744305548559350e+05
1.659561635082020948e+05
1.715886832466671476e+05
1.772585907720462710e+05
1.828576504690141883e+05
1.882886760438235069e+05
1.934687664319122850e+05
1.983294004937860300e+05
2.028136590962226619e+05
2.068716884489450022e+05
2.104561560080945783e+05
2.135196084934853134e+05
2.160151958212269528e+05
2.179012628624676727e+05
2.191491099206822691e+05
2.197521502325248439e+05
2.197340794615414343e+05
2.191537073488302703e+05
2.181047826086029527e+05
2.167102831629364227e+05
2.151119332442281593e+05
2.134567959092846722e+05
2.118833825797095778e+05
2.105096761448702600e+05
2.094248333400320844e+05
2.086853493549397972e+05
2.083154627448103856e+05
2.083108498085947067e+05
2.086443571344030206e+05
2.092726122509923298e+05
2.101426584937915904e+05
2.111980768528380431e+05
2.123842616271526786e+05
2.136526093780522060e+05
2.149634457999628503e+05
2.162876300978138461e+05
2.176069423184664920e+05
2.189134993516614777e+05
2.202084715318537201e+05
2.215002644924385240e+05
2.228021728441146843e+05
2.241294437849792594e+05
2.254958121832581237e+05
2.269098657264143403e+05
2.283719209940953588e+05
2.298722365605201630e+05
2.313912201517175126e+05
2.329018194926909346e+05
2.343736925403175119e+05
2.357782728158807440e+05
2.370936632170415251e+05
2.383084430179261544e+05
2.394238407148031401e+05
2.404541184595181840e+05
2.414252781690637057e+05
2.423722972422090825e+05
2.433351136635514558e+05
2.443536355553841859e+05
2.454622322404905281e+05
2.466844461724084395e+05
2.480289147591372021e+05
2.494875352812030760e+05
2.510366250552120036e+05
2.526412278073579364e+05
2.542619411388275330e+05
2.558629264953391685e+05
2.574193527337408159e+05
2.589225690242974961e+05
2.603818090284371283e+05
2.618220566106057086e+05
2.632786191137881251e+05
2.647897061040361878e+05
2.663887073826413834e+05
2.680978211673623300e+05
2.699242423585036304e+05
2.718594261135190027e+05
2.738811958908439847e+05
2.759578681604456506e+05
2.780532584129024763e+05
2.801314564924225560e+05
2.821605523519529961e+05
2.841149246791902697e+05
2.859761282147880993e+05
2.877327224220991484e+05
2.893795307376914425e+05
2.909168210468364414e+05
2.923497994678599061e+05
2.936886547590125701e+05
2.949492049859499675e+05
2.961539912932100124e+05
2.973334467225546832e+05
2.985265717364086886e+05
2.997804313804288977e+05
3.011478296720964136e+05
3.026827821084535099e+05
3.044339108027605689e+05
3.064365496602197527e+05
3.087049883309929864e+05
3.112266626952774241e+05
3.139600069112638594e+05
3.168370451756409602e+05
3.197707489663455053e+05
3.226660240816299920e+05
3.254322924999818206e+05
3.279952807920216583e+05
3.303059015763488715e+05
3.323448788943914114e+05
3.341227435886764433e+05
3.356757197125816019e+05
3.370586402823769022e+05
3.383363051380889956e+05
3.395746650662348256e+05
3.408329736042767763e+05
3.421576860343462322e+05
3.435784908187054098e+05
3.451065130634055822e+05
3.467345018010513159e+05
3.484387360691811191e+05
3.501824272960438393e+05
3.519204584751381772e+05
3.536052609517289093e+05
3.551934160631219274e+05
3.566522256754100090e+05
3.579651851919179317e+05
3.591352200215568300e+05
3.601848426013085409e+05
3.611530194530985318e+05
3.620893087234089617e+05
3.630464654728909954e+05
3.640729966027399641e+05
3.652070104964599013e+05
3.664722394619234838e+05
3.678765046904517803e+05
3.694123411532254540e+05
3.710591441557399812e+05
3.727861003061966621e+05
3.745553085786607699e+05
3.763248047759890906e+05
3.780515486620794400e+05
3.796946664187973947e+05
3.812192334278908093e+05
3.826005888280452928e+05
3.838286776737892069e+05
3.849114255791738397e+05
3.858759232626476442e+05
3.867664301083137398e+05
3.876389204838544247e+05
3.885529004946128116e+05
3.895621571267096442e+05
3.907065815334200161e+05
3.920069944644378847e+05
3.934640249435304431e+05
3.950608627034540405e+05
3.967685879911633674e+05
3.985522021508580074e+05
4.003756294212931534e+05
4.022047130317282863e+05
4.040082220643663313e+05
4.057576912577557378e+05
4.074272372141694650e+05
4.089942784715213929e+05
4.104415075996165397e+05
4.117598033981404151e+05
4.129512798330854857e+05
4.140314736342828837e+05
4.150297769555735285e+05
4.159875560280226055e+05
4.169538779238710413e+05
4.179793167572838138e+05
4.191088343287026510e+05
4.203750983601199696e+05
4.217936658807136700e+05
4.233611218416903866e+05
4.250565577203579596e+05
4.268459025730981375e+05
4.286878905536115053e+05
4.305401483359892736e+05
4.323641229827078059e+05
4.341282121591832256e+05
4.358091877440253738e+05
4.373924855561365257e+05
4.388719912190156756e+05
4.402496533678132691e+05
4.415348592629523482e+05
4.427433010938079678e+05
4.438951852496429929e+05
4.450130060513498611e+05
4.461194632478282438e+05
4.472361796479640761e+05
4.483835569789495203e+05
4.495815142720123986e+05
4.508502841769892839e+05
4.522102212624776294e+05
4.536798713746586582e+05
4.552722792509946739e+05
4.569903699739443255e+05
4.588228511110664695e+05
4.607421745327934623e+05
4.627056249186882051e+05
4.646597533024650766e+05
4.665474651914751739e+05
4.683164007251812727e+05
4.699269720524568111e+05
4.713585502452141372e+05
4.726127082343347720e+05
4.737129876256401185e+05
4.747012595854274696e+05
4.756313282737189438e+05
4.765609221734543098e+05
4.775435500596371130e+05
4.786217568137212074e+05
4.798230183665390359e+05
4.811588768269761931e+05
4.826270804401563364e+05
4.842157086245428072e+05
4.859077967432559817e+05
4.876849987196155707e+05
4.895293324351842166e+05
4.914228572698855423e+05
4.933459423917036038e+05
4.952753126761453459e+05
4.971831307043349370e+05
4.990379764814027585e+05
5.008078683159014327e+05
5.024646818060909281e+05
5.039887482436475111e+05
5.053722646693281131e+05
5.066204982923809439e+05
5.077505061705959961e+05
5.087879430741991382e+05
5.097631569959931658e+05
5.107079095502758282e+05
5.116536438429667032e+05
5.126314306712701218e+05
5.136728967361652758e+05
5.148109302017607260e+05
5.160789784359316109e+05
5.175082796278555761e+05
5.191231797406422556e+05
5.209354635986787616e+05
5.229391054163274239e+05
5.251068944567356957e+05
5.273900520504880697e+05
5.297213720403596526e+05
5.320217572786061792e+05
5.342094155637242366e+05
5.362104809208925581e+05
5.379694669685395202e+05
5.394577782832426019e+05
5.406785829127468169e+05
5.416667799407150596e+05
5.424836221060656244e+05
5.432066870050563011e+05
5.439170820746175013e+05
5.446866544888049830e+05
5.455681990595533280e+05
5.465910127297185827e+05
5.477627037557220319e+05
5.490762997483931249e+05
5.505200004191022599e+05
5.520860062571540475e+05
5.537751350658440497e+05
5.555954220334670972e+05
5.575551244834348327e+05
5.596527167168774176e+05
5.618677207544613630e+05
5.641560551145712379e+05
5.664520489826080156e+05
5.686769859571988927e+05
5.707519238907021936e+05
5.726113678356215823e+05
5.742144584074211307e+05
5.755514240927930223e+05
5.766445253316251328e+05
5.775439861221524188e+05
5.783201531091886573e+05
5.790533863141605398e+05
5.798232100683097960e+05
5.806982340971673839e+05
5.817283008704675594e+05
5.829400796341099776e+05
5.843367725889836438e+05
5.859017533886731835e+05
5.876050517672166461e+05
5.894109523241127608e+05
5.912848334173669573e+05
5.931977759654099355e+05
5.951282554163861787e+05
5.970611123089038301e+05
5.989847089903528104e+05
6.008875550846739206e+05
6.027556796141223749e+05
6.045716976586058736e+05
6.063159736599205062e+05
6.079696563682537526e+05
6.095187947299176594e+05
6.109583755466894945e+05
6.122950568434383022e+05
6.135476467759017833e+05
6.147449493776488816e+05
6.159213263679879019e+05
6.171110044218309922e+05
6.183425748944730731e+05
6.196351312621247489e+05
6.209970318690782879e+05
6.224274767441195436e+05
6.239201946278730175e+05
6.254678562934396323e+05
6.270656176446336322e+05
6.287125472278324887e+05
6.304104905878482386e+05
6.321608702444322407e+05
6.339606535070827231e+05
6.357989723902642727e+05
6.376555954184746370e+05
6.395018070439380826e+05
6.413035554457036778e+05
6.430262543777353130e+05
6.446404588666982017e+05
6.461276577757741325e+05
6.474854200002260040e+05
6.487309638903215528e+05
6.499019842907827115e+05
6.510535689987324877e+05
6.522505898127158871e+05
6.535561539203511784e+05
6.550182461419954197e+05
6.566579422777367290e+05
6.584628371161159594e+05
6.603882395780790830e+05
6.623664566249769414e+05
6.643218939707652899e+05
6.661877665885830065e+05
6.679197323547648266e+05
6.695029298945099581e+05
6.709512117764778668e+05
6.722998604500995716e+05
6.735948028303849278e+05
6.748817725821438944e+05
6.761980882581277983e+05
6.775682810806628549e+05
6.790034168383257929e+05
6.805030994793864666e+05
6.820589225996094756e+05
6.836583323639527662e+05
6.852881657960490556e+05
6.869373363455077633e+05
6.885982646093755029e+05
6.902668353785015643e+05
6.919410089708386222e+05
6.936186738618395757e+05
6.952956906124600209e+05
6.969651028277408332e+05
6.986180716198481387e+05
7.002463514215979958e+05
7.018453904496994801e+05
7.034167705326662399e+05
7.049689016144119669e+05
7.065155783890585881e+05
7.080728594510511030e+05
7.096553291873075068e+05
7.112728748237874825e+05
7.129286706379216630e+05
7.146184029505104991e+05
7.163302973030169960e+05
7.180455002886920702e+05
7.197388040636117803e+05
7.213802662222282961e+05
7.229385337238459615e+05
7.243863238147310913e+05
7.257075769317148952e+05
7.269046636425716570e+05
7.280032742414739914e+05
7.290527229804259259e+05
7.301204846436034422e+05
7.312815289874121081e+05
7.326047797528128140e+05
7.341400984802396270e+05
7.359091328247494530e+05
7.379021802285976009e+05
7.400813586289903615e+05
7.423885603245834354e+05
7.447555578725949163e+05
7.471135680267070420e+05
7.494004404229128268e+05
7.515649258541881572e+05
7.535685765667966334e+05
7.553863000556457555e+05
7.570063685671701096e+05
7.584300901529984549e+05
7.596708498509337660e+05
7.607521846797674662e+05
7.617049883247875841e+05
7.625645409944939893e+05
7.633683788197407266e+05
