6.789018555596061051e+05
6.773304166543899337e+05
6.759682563532083295e+05
6.747647814384915400e+05
6.736543283098037355e+05
6.725691573501417879e+05
6.714518548644497059e+05
6.702642948107107077e+05
6.689912099595497129e+05
6.676379030891136499e+05
6.662232714669388952e+05
6.647706189657910727e+05
6.632992653726377757e+05
6.618195337281672982e+05
6.603324166556679411e+05
6.588335020901095122e+05
6.573191673018708825e+05
6.557921997192255221e+05
6.542642145535969175e+05
6.527534728053278523e+05
6.512785248542974005e+05
6.498498327033009846e+05
6.484624896358258557e+05
6.470929753436826868e+05
6.457016173681492219e+05
6.442405534175226931e+05
6.426651960463322466e+05
6.409461133975324919e+05
6.390781717879215721e+05
6.370846558760537300e+05
6.350154947928158799e+05
6.329401680012574652e+05
6.309369294628916541e+05
6.290804868850241182e+05
6.274302529774608556e+05
6.260209355256810086e+05
6.248567470541095827e+05
6.239099979931724956e+05
6.231242916351461317e+05
6.224219277259638766e+05
6.217144595977673307e+05
6.209147570157763548e+05
6.199485972091888543e+05
6.187639055387388216e+05
6.173363200064820703e+05
6.156705985537358792e+05
6.137982359092287952e+05
6.117722301741769770e+05
6.096601089446387487e+05
6.075361611048991326e+05
6.054735317061633104e+05
6.035366363320357632e+05
6.017743366090061609e+05
6.002144392147881445e+05
5.988601939557315782e+05
5.976894367125331191e+05
5.966567955655434635e+05
5.956989889732040465e+05
5.947427788436603732e+05
5.937146861894634785e+05
5.925512038250050973e+05
5.912080145727676572e+05
5.896667156441743718e+05
5.879378214018379804e+05
5.860593775769028580e+05
5.840912918943273835e+05
5.821063034889544360e+05
5.801791721692013089e+05
5.783759965639782604e+05
5.767454840141461464e+05
5.753135177849041065e+05
5.740816131278786343e+05
5.730290001339620212e+05
5.721173279429416871e+05
5.712965546056415187e+05
5.705106066974779824e+05
5.697018657031049952e+05
5.688142956310093869e+05
5.677957640882041305e+05
5.666005052460185252e+05
5.651925395487379283e+05
5.635502488354899688e+05
5.616714764345589792e+05
5.595778449401751859e+05
5.573167491344368318e+05
5.549597800974478014e+05
5.525970514419610845e+05
5.503277877104582731e+05
5.482483500600827392e+05
5.464394440064397641e+05
5.449545015609841794e+05
5.438111456606973661e+05
5.429872518826085143e+05
5.424224672680262011e+05
5.420252075095227920e+05
5.416842529094091151e+05
5.412832549451375380e+05
5.407159083039085381e+05
5.398993659259333508e+05
5.387837432019881671e+05
5.373562565880495822e+05
5.356395644992399029e+05
5.336850283384574577e+05
5.315626280755666085e+05
5.293498797205573646e+05
5.271221141813779250e+05
5.249458485259286826e+05
5.228758751961112139e+05
5.209554531997826998e+05
5.192180220953768003e+05
5.176885138307137531e+05
5.163827399321328267e+05
5.153043453901365283e+05
5.144400843796840636e+05
5.137552286072858260e+05
5.131913739787025843e+05
5.126685736383259646e+05
5.120926681226771325e+05
5.113672200394391548e+05
5.104080450501523446e+05
5.091574100022224593e+05
5.075948340258814278e+05
5.057421135447295383e+05
5.036614645650707535e+05
5.014471298273692373e+05
4.992120219240096631e+05
4.970717070020510582e+05
4.951282431998447282e+05
4.934562117643029778e+05
4.920928884415044449e+05
4.910339757133228122e+05
4.902356114721852355e+05
4.896224231494839187e+05
4.891002663331709336e+05
4.885712286923792562e+05
4.879478761389881838e+05
4.871638886384732323e+05
4.861792380055328831e+05
4.849796206956751412e+05
4.835714525451539084e+05
4.819748123425325612e+05
4.802169407718926086e+05
4.783282393003019388e+05
4.763414546558729489e+05
4.742933411966000567e+05
4.722270387353862752e+05
4.701930253965185839e+05
4.682469160148134688e+05
4.664434371117262635e+05
4.648272723979405127e+05
4.634226918189257849e+05
4.622245560503953020e+05
4.611932182635629433e+05
4.602550711285244324e+05
4.593092712853817502e+05
4.582398734174758429e+05
4.569315354725701618e+05
4.552862985017492902e+05
4.532387470259479014e+05
4.507670859705747571e+05
4.478982704340901691e+05
4.447062270370395272e+05
4.413033057696837932e+05
4.378262295339393895e+05
4.344187429734475445e+05
4.312136918385139434e+05
4.283172713561586570e+05
4.257976915665034903e+05
4.236796700452114455e+05
4.219451826404348249e+05
4.205399582955510705e+05
4.193844037776405457e+05
4.183870461760736071e+05
4.174582414805883891e+05
4.165218994071306661e+05
4.155233979534774553e+05
4.144327033374618040e+05
4.132428144637763035e+05
4.119647073437027866e+05
4.106206125727224862e+05
4.092374921849802486e+05
4.078420211069143843e+05
4.064575115273637348e+05
4.051024497553463443e+05
4.037899529657408712e+05
4.025275577249897178e+05
4.013171328751802212e+05
4.001550682783821248e+05
3.990330117789493524e+05
3.979392865990414284e+05
3.968608626961467089e+05
3.957855563598976005e+05
3.947040778274365002e+05
3.936115931164570502e+05
3.925085090766406502e+05
3.914001727633588598e+05
3.902951481645104359e+05
3.892018218723555328e+05
3.881234021518673399e+05
3.870519114638749161e+05
3.859623924035763484e+05
3.848090199360682745e+05
3.835248992189693963e+05
3.820268671081735520e+05
3.802255920336396084e+05
3.780398549372792477e+05
3.754124557532643666e+05
3.723242079166867770e+05
3.688024069217984797e+05
3.649212009880986298e+05
3.607932690211103763e+05
3.565545353619958041e+05
3.523455227574431337e+05
3.482936838743234985e+05
3.445004053284878028e+05
3.410346445515215746e+05
3.379330482217442477e+05
3.352047036133254878e+05
3.328379213654858177e+05
3.308067201456757030e+05
3.290756529811981600e+05
3.276027625284576206e+05
3.263413208046640502e+05
3.252413648919844418e+05
3.242518964392016642e+05
3.233241423081055400e+05
3.224156949134831666e+05
3.214948472356612911e+05
3.205441304393031169e+05
3.195620173064154806e+05
3.185619935292582959e+05
3.175686963588556391e+05
3.166114939141332870e+05
3.157165840250615729e+05
3.148992388243427849e+05
3.141580207966847811e+05
3.134725248414761154e+05
3.128054663605887908e+05
3.121089020191915333e+05
3.113333253913956578e+05
3.104376404639043612e+05
3.093978067746291636e+05
3.082123152225089725e+05
3.069034455494332942e+05
3.055142077394939261e+05
3.041017105276398943e+05
3.027282592499274178e+05
3.014517238046164857e+05
3.003166944301886833e+05
2.993477441176680732e+05
2.985457979440263007e+05
2.978881864156466909e+05
2.973324354249454336e+05
2.968232530736320186e+05
2.963015987506148522e+05
2.957142870651094709e+05
2.950224121451326646e+05
2.942070515328797046e+05
2.932712161075470503e+05
2.922377561318154912e+05
2.911437491943197674e+05
2.900325962559247273e+05
2.889454794454807416e+05
2.879139032116963062e+05
2.869547507284908788e+05
2.860687191993194283e+05
2.852422780423650984e+05
2.844525663068479043e+05
2.836740471348803840e+05
2.828853842734359205e+05
2.820749801624171087e+05
2.812439415713379276e+05
2.804058609275599592e+05
2.795835746065728599e+05
2.788037762484918931e+05
2.780908156059739995e+05
2.774610693045280641e+05
2.769189286547968513e+05
2.764548477328590816e+05
2.760452547436988680e+05
2.756536748322983040e+05
2.752322875254339888e+05
2.747233684167964966e+05
2.740605437434121850e+05
2.731703360577031272e+05
2.719748852794845589e+05
2.703967993472402450e+05
2.683667054625811288e+05
2.658332500733159250e+05
2.627742170237306273e+05
2.592064438989992777e+05
2.551917356964228675e+05
2.508363348678929615e+05
2.462827770307259634e+05
2.416948516723385255e+05
2.372383036307090661e+05
2.330611733287882525e+05
2.292778001598789415e+05
2.259594406307673198e+05
2.231325728791591828e+05
2.207839524038243399e+05
2.188700297285915876e+05
2.173278461075824453e+05
2.160849901775300095e+05
2.150672746850545227e+05
2.142039618770838715e+05
2.134311776951686770e+05
2.126943906363600690e+05
2.119505537375996355e+05
2.111699853731977637e+05
2.103376181621512515e+05
2.094530974611441779e+05
2.085293964129023079e+05
2.075899927890507388e+05
2.066650059972146992e+05
2.057868525430599984e+05
2.049859136292843905e+05
2.042865262156815443e+05
2.037034736844805302e+05
2.032391767072399380e+05
2.028819543540242012e+05
2.026059028725817625e+05
2.023729449223073316e+05
2.021373193119715725e+05
2.018522319428175979e+05
2.014777338980881905e+05
2.009883671883637435e+05
2.003789337926570151e+05
1.996670054325041710e+05
1.988914645285770821e+05
1.981072864340901724e+05
1.973776927544114005e+05
1.967654617106278602e+05
1.963253640744360746e+05
1.960993117911265581e+05
1.961149351418371371e+05
1.963871839119263459e+05
1.969215298171920876e+05
1.977167853515770694e+05
1.987656785038547823e+05
2.000521441453755833e+05
2.015455793850370974e+05
2.031936516755835619e+05
2.049161885803061887e+05
2.066028679407859454e+05
2.081167468837223132e+05
2.093042745911692036e+05
2.100107175625613600e+05
2.100983906867804762e+05
2.094641903409826336e+05
2.080529341046737973e+05
2.058639206168038363e+05
2.029496631529347505e+05
1.994074795904145576e+05
1.953660674358543183e+05
1.909699970046205563e+05
1.863650718085207045e+05
1.816868217798449914e+05
1.770532861140230962e+05
1.725620642666809435e+05
1.682906876232803625e+05
1.642988870548714476e+05
1.606313358686784341e+05
1.573198225472469348e+05
1.543843609666904085e+05
1.518332813712295319e+05
1.496627249717357918e+05
1.478561348033586401e+05
1.463843148716893047e+05
1.452064762802867044e+05
1.442724624349144869e+05
1.435260885251855943e+05
1.429092749059073394e+05
1.423664374581809097e+05
1.418484739456421230e+05
1.413157100994627690e+05
1.407393693227974873e+05
1.401014709785174346e+05
1.393934434687844769e+05
1.386140262027785357e+05
1.377671222236633184e+05
1.368601242145128490e+05
1.359029404162857973e+05
1.349076256355669175e+05
1.338883047624425380e+05
1.328610271411197318e+05
1.318432892640865466e+05
1.308531305701275560e+05
1.299078567810231179e+05
1.290225316737042012e+05
1.282084079370475665e+05
1.274714754295100283e+05
1.268113167293578299e+05
1.262204713869495463e+05
1.256844950706214295e+05
1.251828344334283611e+05
1.246905248651873553e+05
1.241805846922290657e+05
1.236268626287037187e+05
1.230070193617366021e+05
1.223052923404148896e+05
1.215146965595077927e+05
1.206383480806002917e+05
1.196896662651863589e+05
1.186913238828587200e+05
1.176729699670172122e+05
1.166679288100713311e+05
1.157092466024084861e+05
1.148255820488966274e+05
1.140374979772476217e+05
1.133546994693290471e+05
1.127746769919073267e+05
1.122830451788341743e+05
1.118556182560384332e+05
1.114619524252280680e+05
1.110697723281159415e+05
1.106494749313138163e+05
1.101778632343551290e+05
1.096404512377303763e+05
1.090320645792043651e+05
1.083559184777502960e+05
1.076217254715027666e+05
1.068435361963168398e+05
1.060379004058737628e+05
1.052226153068080312e+05
1.044159503294458555e+05
1.036359693050317874e+05
1.028995305913000484e+05
1.022207507380880561e+05
1.016090760004695912e+05
1.010674532732264779e+05
1.005912585878878599e+05
1.001685288991601701e+05
9.978167286668307497e+04
9.941034771445712249e+04
9.903478256810789753e+04
9.863867828722530976e+04
9.821098830753352377e+04
9.774631387311348226e+04
9.724415048557621776e+04
9.670759088270916254e+04
9.614217632074658468e+04
9.555537065948253439e+04
9.495672062968181854e+04
9.435835096609932953e+04
9.377521111129799101e+04
9.322454344636834867e+04
9.272435918447589211e+04
9.229115399068253464e+04
9.193748725703057426e+04
9.167022974944408634e+04
9.149018291398993460e+04
9.139342084660248656e+04
9.137420999556880270e+04
9.142885639345890377e+04
9.155943515857290186e+04
9.177615999609007849e+04
9.209721209581935545e+04
9.254520750810376194e+04
9.314014536676896387e+04
9.388958505727870215e+04
9.477778786362503888e+04
9.575636702381384384e+04
9.673931336203424144e+04
9.760485508656670572e+04
9.820540164208789065e+04
9.838500180589478987e+04
9.800175430827242963e+04
9.695102308198373066e+04
9.518466021011286648e+04
9.272201666313485475e+04
8.965024264543385652e+04
8.611379347856514505e+04
8.229547768703551264e+04
7.839312207969371229e+04
7.459652662786982546e+04
7.106876261507166782e+04
6.793433909595423029e+04
6.527488375805090618e+04
6.313134867598967685e+04
6.151078129044981324e+04
6.039552460470638471e+04
5.975316066870613577e+04
5.954622750520062982e+04
5.974132511167904158e+04
6.031739889296539332e+04
6.127267930161789263e+04
6.262913121146852063e+04
6.443267705713152827e+04
6.674732741531565262e+04
6.964202478290839645e+04
7.317058620820679062e+04
7.734737008790318214e+04
8.212357507515361067e+04
8.737055052467627684e+04
9.287634532839937310e+04
9.835952672676125076e+04
1.035003244434965600e+05
1.079844013063641905e+05
1.115505086672922189e+05
1.140314073387120443e+05
1.153785508221831406e+05
1.156649497074107203e+05
1.150661726756224525e+05
1.138248302746822737e+05
1.122074763136492838e+05
1.104637046620382171e+05
1.087953679484089953e+05
1.073402110062316351e+05
1.061701241915096180e+05
1.053009018750435207e+05
1.047085763659904478e+05
1.043472172645404062e+05
1.041641780356910313e+05
1.041105213187513582e+05
1.041461431770432682e+05
1.042404911930728704e+05
1.043705152914842474e+05
1.045176081661939388e+05
1.046649432664746273e+05
1.047960294383575820e+05
1.048946887823489233e+05
1.049461813210814580e+05
1.049389187271304836e+05
1.048661321719858388e+05
1.047269470133583527e+05
1.045265156037404231e+05
1.042751158909164951e+05
1.039863877459239302e+05
1.036751006600087858e+05
1.033549752540754416e+05
1.030370773934799363e+05
1.027291568477381516e+05
1.024360449970080808e+05
1.021609328944035078e+05
1.019071169365712994e+05
1.016797033782153594e+05
1.014868349411973468e+05
1.013402112834796862e+05
1.012549411484682496e+05
1.012489934812059510e+05
1.013426314045995532e+05
1.015581778474074817e+05
1.019202769909306371e+05
1.024565204363592784e+05
1.031979731836879946e+05
1.041788647980643000e+05
1.054346268720483204e+05
1.069976670845872868e+05
1.088908158257520699e+05
1.111191892983638536e+05
1.136620710717110196e+05
1.164670112524439610e+05
1.194483724227038765e+05
1.224918495068492484e+05
1.254651434756079834e+05
1.282333337906449451e+05
1.306760977235554310e+05
1.327032638854878605e+05
1.342655229230987316e+05
1.353583523224841338e+05
1.360189195549702563e+05
1.363173314703218057e+05
1.363446061031352147e+05
1.361999361388261023e+05
1.359792974441682745e+05
1.357665723417173140e+05
1.356275034672405163e+05
1.356062519226382719e+05
1.357241776967712212e+05
1.359805746556757658e+05
1.363552655318196921e+05
1.368130061713393661e+05
1.373094824538938119e+05
1.377983566106344806e+05
1.382384719561110542e+05
1.386001164639472263e+05
1.388692878428458062e+05
1.390492183327663806e+05
1.391589368588451762e+05
1.392292368095563434e+05
1.392969285837878124e+05
1.393985618503063160e+05
1.395648346201837412e+05
1.398166663379736128e+05
1.401634681565039791e+05
1.406036116108482238e+05
1.411266132014118193e+05
1.417162386368091102e+05
1.423536602570611285e+05
1.430199762981657987e+05
1.436977476449147507e+05
1.443715996571719006e+05
1.450282369942244550e+05
1.456563323102152790e+05
1.462466562303482788e+05
1.467925785308399063e+05
1.472908030799130793e+05
1.477420176874257741e+05
1.481511150952520547e+05
1.485267744088152831e+05
1.488804219373233500e+05
1.492248209053890314e+05
1.495726771701377002e+05
1.499356338050031627e+05
1.503238581618412281e+05
1.507461601937975793e+05
1.512103284348744492e+05
1.517232502049801406e+05
1.522904756172093912e+05
1.529151849453222239e+05
1.535969203452839574e+05
1.543307757778314990e+05
1.551078420791391109e+05
1.559175008937499369e+05
1.567516959327289078e+05
1.576107240685336001e+05
1.585095516599736293e+05
1.594833000620496168e+05
1.605904120706513932e+05
1.619121113315054099e+05
1.635471032756692439e+05
1.656010736271658388e+05
1.681714573922663694e+05
1.713291383395929297e+05
1.750999941928380867e+05
1.794501431503082276e+05
1.842789075951031700e+05
1.894225440352077712e+05
1.946696841812131752e+05
1.997866320690063294e+05
2.045479795183730021e+05
2.087663460812430712e+05
2.123150589055052260e+05
2.151393443241265486e+05
2.172545677170984563e+05
2.187332727194991894e+05
2.196852313004384341e+05
2.202357490262871434e+05
2.205069446591342275e+05
2.206050308158427943e+05
2.206144598666133243e+05
2.205978833210652811e+05
2.205997054639033158e+05
2.206507692262745986e+05
2.207722611947510450e+05
2.209779225685350539e+05
2.212746912859716685e+05
2.216626238773927907e+05
2.221351575574754388e+05
2.226804793337236042e+05
2.232841546237794682e+05
2.239325132847931236e+05
2.246158572962008766e+05
2.253304888653043308e+05
2.260788577295748401e+05
2.268676689951699809e+05
2.277044017846277275e+05
2.285931970709247689e+05
2.295313545677398797e+05
2.305076565545267658e+05
2.315033880308501539e+05
2.324962942653141217e+05
2.334669398964233987e+05
2.344062108621241059e+05
2.353222481991035747e+05
2.362450676779180358e+05
2.372275124288132938e+05
2.383418797699134739e+05
2.396723588714456127e+05
2.413041375895671372e+05
2.433105987552400911e+05
2.457404229048164561e+05
2.486066504702128004e+05
2.518797736492070835e+05
2.554865976337256725e+05
2.593158141491826682e+05
2.632299870141304564e+05
2.670822026741410955e+05
2.707344200297110947e+05
2.740740190543475910e+05
2.770254569023965159e+05
2.795552055085006868e+05
2.816698403426173609e+05
2.834086937749532517e+05
2.848334007633069996e+05
2.860167771236812696e+05
2.870329497339656809e+05
2.879498728955507977e+05
2.888246645905871992e+05
2.897017398513586959e+05
2.906134511122806580e+05
2.915827137578252004e+05
2.926268094538914738e+05
2.937612873249938712e+05
2.950028076466733473e+05
2.963700535426427959e+05
2.978824645751448115e+05
2.995573052308599581e+05
3.014061436006225413e+05
3.034319230126337497e+05
3.056274254143792205e+05
3.079752631740079960e+05
3.104489441286038491e+05
3.130143258469125722e+05
3.156309896881575114e+05
3.182535567769096815e+05
3.208334239427683060e+05
3.233215340546136722e+05
3.256725062497498002e+05
3.278498568688072846e+05
3.298314148617947940e+05
3.316136610810071579e+05
3.332137625942952582e+05
3.346685136309849913e+05
3.360300694300197065e+05
3.373590492435042397e+05
3.387161111885569408e+05
3.401533740845732973e+05
3.417070701307796990e+05
3.433925902112023323e+05
3.452026758740306250e+05
3.471089738280439633e+05
3.490665823411884485e+05
3.510207008656059625e+05
3.529141720601108391e+05
3.546946678694201983e+05
3.563205219825085369e+05
3.577646567716204445e+05
3.590165384271354997e+05
3.600824644867800525e+05
3.609846468589805299e+05
3.617594910220079473e+05
3.624552578900633962e+05
3.631290460147042759e+05
3.638428728631670238e+05
3.646586585548075382e+05
3.656321553701561643e+05
3.668062731218556291e+05
3.682046988956884597e+05
3.698270298345411429e+05
3.716466719379636925e+05
3.736124245641182060e+05
3.756540067029599450e+05
3.776909435639069998e+05
3.796434489782089950e+05
3.814434339027264505e+05
3.830436872993953875e+05
3.844236336061325273e+05
3.855907722187793697e+05
3.865777713140264386e+05
3.874360197345389752e+05
3.882270593457511859e+05
3.890136039903570781e+05
3.898517505360061768e+05
3.907855378208011389e+05
3.918443335691794055e+05
3.930428195403967402e+05
3.943828103503612801e+05
3.958559311575456522e+05
3.974463162272580084e+05
3.991328543768206146e+05
4.008908949090882670e+05
4.026935611829051632e+05
4.045128439032552415e+05
4.063205514750203001e+05
4.080891368831638247e+05
4.097924986417691107e+05
4.114070223832284682e+05
4.129132201659922721e+05
4.142981648169615655e+05
4.155584773302985122e+05
4.167030824501211173e+05
4.177546069610686973e+05
4.187484156174316304e+05
4.197289022556922864e+05
4.207435497834186535e+05
4.218360499265770777e+05
4.230400821111263358e+05
4.243750703318984597e+05
4.258445345086220186e+05
4.274368813147090841e+05
4.291279773239351343e+05
4.308847591377107892e+05
4.326693539241136168e+05
4.344434437933935551e+05
4.361726671078908257e+05
4.378306521228306228e+05
4.394019902083212510e+05
4.408833611801956431e+05
4.422823321756474325e+05
4.436140423701979453e+05
4.448967800465342007e+05
4.461479533428803552e+05
4.473818458174773259e+05
4.486098087420279044e+05
4.498424699499966227e+05
4.510926151990233921e+05
4.523770498948302120e+05
4.537161382065666839e+05
4.551306655662839767e+05
4.566367626271342160e+05
4.582404187874157797e+05
4.599333307678504498e+05
4.616914716426004888e+05
4.634770363422147348e+05
4.652435977941105957e+05
4.669436016961209243e+05
4.685368263943616184e+05
4.699981545279155253e+05
4.713229745185089996e+05
4.725288303921098122e+05
4.736526369253759040e+05
4.747438200037800125e+05
4.758548766364055336e+05
4.770316711385791423e+05
4.783059154889589990e+05
4.796915864349311450e+05
4.811857319110866520e+05
4.827727239439986297e+05
4.844300828637431841e+05
4.861338620114180958e+05
4.878621985445120372e+05
4.895966332539764117e+05
4.913217013081004843e+05
4.930237586844475009e+05
4.946899759008616675e+05
4.963080807108337758e+05
4.978670193669751170e+05
4.993583962421996985e+05
5.007783576058989274e+05
5.021294368670952972e+05
5.034217440073129255e+05
5.046728387592553045e+05
5.059058174321591505e+05
5.071456431733641075e+05
5.084144523963328102e+05
5.097271834170139628e+05
5.110890516999684041e+05
5.124959412818826968e+05
5.139377866812000866e+05
5.154038614645608468e+05
5.168880673702356871e+05
5.183922140941213001e+05
5.199259738397989422e+05
5.215034201849098317e+05
5.231373257685780991e+05
5.248331999287470244e+05
5.265851050845918944e+05
5.283746257030160632e+05
5.301732829372637207e+05
5.319476233069623122e+05
5.336655242800919805e+05
5.353021094039476011e+05
5.368439758289213059e+05
5.382909892530083889e+05
5.396554713899765629e+05
5.409590695860669948e+05
5.422279536129048793e+05
5.434872809515208937e+05
5.447561155981083866e+05
5.460440846635127673e+05
5.473508540537363151e+05
5.486688854125994258e+05
5.499889549202941125e+05
5.513068470885570860e+05
5.526289154270271538e+05
5.539742323978954228e+05
5.553719939477230655e+05
5.568544735744933132e+05
5.584475560107853962e+05
5.601620014232789399e+05
5.619885602771902923e+05
5.638987944532483816e+05
5.658514138565252069e+05
5.678019243803106947e+05
5.697122269462572876e+05
5.715569735973869683e+05
5.733248762766229920e+05
5.750151699664969929e+05
5.766312230920491274e+05
5.781741771240750095e+05
5.796392176098054042e+05
5.810158532812151825e+05
5.822919734626671998e+05
5.834601034482087707e+05
5.845236323115054984e+05
5.855009689837822225e+05
5.864263957872106694e+05
5.873474533799546771e+05
5.883196135730298702e+05
5.893995127963261912e+05
5.906380631074975245e+05
5.920744453943369444e+05
5.937315381787788356e+05
5.956129580346508883e+05
5.977017050326552708e+05
5.999604135964426678e+05
6.023333024527702946e+05
6.047499649718501605e+05
6.071310518996366300e+05
6.093956562756273197e+05
6.114698652137068566e+05
6.132955788698041579e+05
6.148384043874391355e+05
6.160933021355369128e+05
6.170867782545406371e+05
6.178748379455539398e+05
6.185366200294555165e+05
6.191644933996031759e+05
6.198521763723854674e+05
6.206828860715111950e+05
6.217194802719857544e+05
6.229980453154637944e+05
6.245256113551470917e+05
6.262819072285277070e+05
6.282244949613646604e+05
6.302962873317180201e+05
6.324342675304444274e+05
6.345781076042597415e+05
6.366773342180408072e+05
6.386958430846547708e+05
6.406130545219063060e+05
6.424218294468810782e+05
6.441242027770529967e+05
6.457266565976021811e+05
6.472367011392995482e+05
6.486618593229752732e+05
6.500110087884069653e+05
6.512969265625298722e+05
6.525383190308734775e+05
6.537598649405186297e+05
6.549897269698927412e+05
6.562551549968981417e+05
6.575776785104149021e+05
6.589696020172123099e+05
6.604330313800468575e+05
6.619617257033720380e+05
6.635450854146649363e+05
6.651729011389949592e+05
6.668392791853345698e+05
6.685444259029679233e+05
6.702935953062574845e+05
6.720933180898901774e+05
6.739458611659283051e+05
6.758435292985924752e+05
6.777647198535050265e+05
6.796734187199036824e+05
6.815230367386862636e+05
6.832642761123181554e+05
6.848554222101017367e+05
6.862725147250768496e+05
6.875166359851791058e+05
6.886162069776527351e+05
6.896235324243527139e+05
6.906064426131959772e+05
6.916371899679393973e+05
6.927813283949581673e+05
6.940889752896534046e+05
6.955898190891658887e+05
6.972919407217279077e+05
6.991834819695757469e+05
7.012357786765539786e+05
7.034068403452412458e+05
7.056447489461908117e+05
7.078912424980336800e+05
7.100860527352610370e+05
7.121723139813443413e+05
7.141026855273200199e+05
7.158450978847724618e+05
7.173866625380859477e+05
7.187345398550837999e+05
7.199134129272788996e+05
7.209603401772308862e+05
7.219186658349891659e+05
7.228329201043247012e+05
7.237460740729223471e+05
7.246993356853539590e+05
7.257333977952342248e+05
7.268892770879267482e+05
7.282070097838556394e+05
7.297214788980208104e+05
7.314560916743682465e+05
7.334162328862335999e+05
7.355848218015875900e+05
7.379217151942990022e+05
7.403674126231794944e+05
7.428501308000184363e+05
7.452944191322878469e+05
7.476293960568190087e+05
7.497952933870542329e+05
7.517478914649887010e+05
7.534611351027169731e+05
7.549284469475037185e+05
7.561630159744333941e+05
7.571969063198452350e+05
7.580785580507623963e+05
7.588683702275138348e+05
7.596325620802743360e+05
7.604361655342339072e+05
7.613364724296657369e+05
