6.111244209258668125e+05
6.095957536151299719e+05
6.082537481376640499e+05
6.070515523995751282e+05
6.059357960056817392e+05
6.048572225588177098e+05
6.037774827511392068e+05
6.026715799855462974e+05
6.015269469957934925e+05
6.003408679443723522e+05
5.991178076598824700e+05
5.978674341936163837e+05
5.966032175305043347e+05
5.953409269009965938e+05
5.940963691693848232e+05
5.928822346450807527e+05
5.917046221822560765e+05
5.905603079160457710e+05
5.894358275275918422e+05
5.883089332292802865e+05
5.871521873413943686e+05
5.859377242801099783e+05
5.846418723473703722e+05
5.832485059961383231e+05
5.817505848131586099e+05
5.801500370541485026e+05
5.784566447904347442e+05
5.766866916922150413e+05
5.748618587572358083e+05
5.730083976410058094e+05
5.711562458839030005e+05
5.693376711864690296e+05
5.675852685425039381e+05
5.659295296367154224e+05
5.643965105047008255e+05
5.630061385379469721e+05
5.617713842111600097e+05
5.606980332622008864e+05
5.597844105171181727e+05
5.590203820466090692e+05
5.583853849741021404e+05
5.578459587559608044e+05
5.573539520968978759e+05
5.568468951157506090e+05
5.562517329442050541e+05
5.554922425686719362e+05
5.544992826703639003e+05
5.532219823830530513e+05
5.516374486680907430e+05
5.497567528140224749e+05
5.476257630862697260e+05
5.453205254644989036e+05
5.429379927156454651e+05
5.405836908774678595e+05
5.383582961859389907e+05
5.363451306154315826e+05
5.346003755909659667e+05
5.331474086681749905e+05
5.319760774365266552e+05
5.310469278228261974e+05
5.302994818117350806e+05
5.296628243040243397e+05
5.290662906527158339e+05
5.284481569934973959e+05
5.277609372873449465e+05
5.269729568247060524e+05
5.260669177284226753e+05
5.250368251952776918e+05
5.238847104080841527e+05
5.226181329906272003e+05
5.212487500085037318e+05
5.197916412847252213e+05
5.182648194992946228e+05
5.166884614184632082e+05
5.150837197131280554e+05
5.134712866080371896e+05
5.118700193006963818e+05
5.102958824391869130e+05
5.087613127752920846e+05
5.072749869284634478e+05
5.058419293368735816e+05
5.044638988112528459e+05
5.031399690046172473e+05
5.018671465489270631e+05
5.006408072126184707e+05
4.994547699483030592e+05
4.983010159417003742e+05
4.971693281555327703e+05
4.960473192125204368e+05
4.949212813167078421e+05
4.937779955944673275e+05
4.926071994264256209e+05
4.914040438293656916e+05
4.901707641389479395e+05
4.889169845457575866e+05
4.876584704847910325e+05
4.864145399688958423e+05
4.852045908461728832e+05
4.840442637250839034e+05
4.829417283044785727e+05
4.818945786485274439e+05
4.808879053670195863e+05
4.798942095456185052e+05
4.788757743562436081e+05
4.777897710695105488e+05
4.765957296589253237e+05
4.752642078593487968e+05
4.737848291681996780e+05
4.721716174211779726e+05
4.704638985416963696e+05
4.687219401969235041e+05
4.670177430618481012e+05
4.654226533651551581e+05
4.639943846489985008e+05
4.627663365052735899e+05
4.617416458494416438e+05
4.608932721541814390e+05
4.601698908171079238e+05
4.595058985601251479e+05
4.588328917610626668e+05
4.580898680154368049e+05
4.572301198168129195e+05
4.562240129609719152e+05
4.550580714880668675e+05
4.537315879099311423e+05
4.522521664707635646e+05
4.506313230531379813e+05
4.488808254581536166e+05
4.470101436945100431e+05
4.450252697349847294e+05
4.429291224903924158e+05
4.407235653168938006e+05
4.384126364515425521e+05
4.360060557455308735e+05
4.335217177640618174e+05
4.309859881589709548e+05
4.284312571509875706e+05
4.258911631513198372e+05
4.233947888889397727e+05
4.209615765015967190e+05
4.185985355586835649e+05
4.163006289850575267e+05
4.140543083231858909e+05
4.118433517970237881e+05
4.096556414002683014e+05
4.074893440605400829e+05
4.053570787262907834e+05
4.032869877345748828e+05
4.013201589489738108e+05
3.995045487435879186e+05
3.978863574443483376e+05
3.965005256846520933e+05
3.953624061513370252e+05
3.944625283836493618e+05
3.937656976296530920e+05
3.932146489474032423e+05
3.927374463263856596e+05
3.922570863652016269e+05
3.917014951461942401e+05
3.910122599201242556e+05
3.901508543269622605e+05
3.891016312494649319e+05
3.878713809736134135e+05
3.864857675628094585e+05
3.849834532423975179e+05
3.834091313553333748e+05
3.818068861497822800e+05
3.802151651183633367e+05
3.786641689881673665e+05
3.771757598867510678e+05
3.757652864176020375e+05
3.744442550293200184e+05
3.732226730153199751e+05
3.721101414072391344e+05
3.711152625622880878e+05
3.702434776758324006e+05
3.694939142096929136e+05
3.688561078523103497e+05
3.683075315912041697e+05
3.678127254368963186e+05
3.673245189163227333e+05
3.667874450723670889e+05
3.661430417396860430e+05
3.653363971835586126e+05
3.643230696292195353e+05
3.630754088703658199e+05
3.615873282693998772e+05
3.598767102273220080e+05
3.579848767203462194e+05
3.559729150596086984e+05
3.539150933871039306e+05
3.518900746250112425e+05
3.499710592078003683e+05
3.482162659251108998e+05
3.466612211364785908e+05
3.453141262965290225e+05
3.441551143097628374e+05
3.431395448853289708e+05
3.422047462264717324e+05
3.412789506936886464e+05
3.402907698423868860e+05
3.391775353250685730e+05
3.378912212704510894e+05
3.364013628939994378e+05
3.346951972559838323e+05
3.327759359312789165e+05
3.306604271998846089e+05
3.283773621706258273e+05
3.259666441895118915e+05
3.234797377350452589e+05
3.209800214907032205e+05
3.185417104685769882e+05
3.162460289943082025e+05
3.141740612881573034e+05
3.123968741496662842e+05
3.109646809648742783e+05
3.098975286418134929e+05
3.091799228837852133e+05
3.087609504671257455e+05
3.085601129928332521e+05
3.084777324599216809e+05
3.084078603076597210e+05
3.082513357284162194e+05
3.079269468602974666e+05
3.073793173826807179e+05
3.065829001217947225e+05
3.055421145599709707e+05
3.042881343541523675e+05
3.028731107377678272e+05
3.013627350574054290e+05
2.998280338187799789e+05
2.983372008218525443e+05
2.969481674995415960e+05
2.957025501019287622e+05
2.946215950466696522e+05
2.937047006847344455e+05
2.929309083416943904e+05
2.922633442365022493e+05
2.916559886183469789e+05
2.910615237862374051e+05
2.904386270391631988e+05
2.897571463875718764e+05
2.890001791812459123e+05
2.881629999734511366e+05
2.872497209307719604e+05
2.862691591764266486e+05
2.852314132107666228e+05
2.841461370257491362e+05
2.830226913166933809e+05
2.818715917490874999e+05
2.807062455543549149e+05
2.795439698972972692e+05
2.784056265515792766e+05
2.773136900877231383e+05
2.762890078488143045e+05
2.753468168534099823e+05
2.744927502535011736e+05
2.737196178906312562e+05
2.730056809997043456e+05
2.723149328310361598e+05
2.715995384497235646e+05
2.708041427249101107e+05
2.698713621491824160e+05
2.687475813836423331e+05
2.673882519361102604e+05
2.657621839977893396e+05
2.638546739870787715e+05
2.616695405357675045e+05
2.592301485319386120e+05
2.565793128431372752e+05
2.537777317928428529e+05
2.509004865529945819e+05
2.480312902058520704e+05
2.452546042960712803e+05
2.426463616391982941e+05
2.402646472229509964e+05
2.381420665314201906e+05
2.362814902095322614e+05
2.346563420889978006e+05
2.332156912073319836e+05
2.318933603249135194e+05
2.306193836225887062e+05
2.293316946863281191e+05
2.279860086757843965e+05
2.265623960129720508e+05
2.250678083969439031e+05
2.235345665255107160e+05
2.220153907473363506e+05
2.205759146962042141e+05
2.192858191184719908e+05
2.182098170603707549e+05
2.173997175834169611e+05
2.168886471612779424e+05
2.166881748157251277e+05
2.167885942580090777e+05
2.171620706062810495e+05
2.177679028328022105e+05
2.185588893571475346e+05
2.194877294097562262e+05
2.205124872277115937e+05
2.216003132199394458e+05
2.227288227419210598e+05
2.238848047277601436e+05
2.250603137221186480e+05
2.262466891718571424e+05
2.274275600892226794e+05
2.285722787731981080e+05
2.296313292876196792e+05
2.305349925028813013e+05
2.311959523292288650e+05
2.315157358882913250e+05
2.313940889315431414e+05
2.307397865614901530e+05
2.294811029299601214e+05
2.275742648078369093e+05
2.250086575144515373e+05
2.218082245958448038e+05
2.180292386777574138e+05
2.137552400444114173e+05
2.090902962901115534e+05
2.041517641586184327e+05
1.990634673501726938e+05
1.939497639999035746e+05
1.889305315156657598e+05
1.841167967764249188e+05
1.796066732530725130e+05
1.754814303427787963e+05
1.718018281574594439e+05
1.686051670000289159e+05
1.659036843324956717e+05
1.636848851303644478e+05
1.619140946702199581e+05
1.605390499138348969e+05
1.594958479919306701e+05
1.587152277612427424e+05
1.581281124199039477e+05
1.576696239970277529e+05
1.572813023834087653e+05
1.569118331165288400e+05
1.565169993925345771e+05
1.560596822885917500e+05
1.555105204605942708e+05
1.548494103084775561e+05
1.540675507451501035e+05
1.531693764490173198e+05
1.521735790393596690e+05
1.511125066862757958e+05
1.500295187413185486e+05
1.489742825910722022e+05
1.479964542280347378e+05
1.471385954174732615e+05
1.464294588552045170e+05
1.458788394509334757e+05
1.454750044837594905e+05
1.451853012498956523e+05
1.449599879276587744e+05
1.447387707807183615e+05
1.444590807644956221e+05
1.440648608736780589e+05
1.435145785456656595e+05
1.427872986704209761e+05
1.418859133173139417e+05
1.408369943872717849e+05
1.396871937146614364e+05
1.384966294129173621e+05
1.373302034620102495e+05
1.362481949049441318e+05
1.352976556324319099e+05
1.345060233504888602e+05
1.338779542482079414e+05
1.333957528551741561e+05
1.330230969779634615e+05
1.327111978658756707e+05
1.324062288837213418e+05
1.320568346777246043e+05
1.316207329188848380e+05
1.310697197219747177e+05
1.303926717497400386e+05
1.295963474072076642e+05
1.287039462501185044e+05
1.277515538584062888e+05
1.267828309842290764e+05
1.258425938465274812e+05
1.249702019026013295e+05
1.241938106641392660e+05
1.235264725976249320e+05
1.229647606952347123e+05
1.224901112494078698e+05
1.220725563361119857e+05
1.216760744372635672e+05
1.212645277171780035e+05
1.208071180058606114e+05
1.202824656031665218e+05
1.196807401228265371e+05
1.190036739843532414e+05
1.182626854500409972e+05
1.174756570941853570e+05
1.166631062482298876e+05
1.158445245862573356e+05
1.150355624995953112e+05
1.142465191161417315e+05
1.134823086738082347e+05
1.127437496216666186e+05
1.120297133285119489e+05
1.113394394631462346e+05
1.106742513634345378e+05
1.100380478791677160e+05
1.094363112511176441e+05
1.088738679260092613e+05
1.083521067077575426e+05
1.078666135405764653e+05
1.074061078031438083e+05
1.069531737161326455e+05
1.064867162107461336e+05
1.059855452988761972e+05
1.054321913688363711e+05
1.048160571868597908e+05
1.041352773103371437e+05
1.033970502037620754e+05
1.026165790198646137e+05
1.018149911087892251e+05
1.010166668509008305e+05
1.002463348930568318e+05
9.952617219334148103e+04
9.887307746847001545e+04
9.829631790595440543e+04
9.779586074007308343e+04
9.736180323382813367e+04
9.697529035891192325e+04
9.661108413527115772e+04
9.624154495698743267e+04
9.584133241206940147e+04
9.539181556769105373e+04
9.488415256595386018e+04
9.432029893689592427e+04
9.371174128985838615e+04
9.307634331995100365e+04
9.243414059579400055e+04
9.180310677338913956e+04
9.119582285874203080e+04
9.061769059263590316e+04
9.006695648080197861e+04
8.953645230609983264e+04
8.901666324052434356e+04
8.849951974248315673e+04
8.798217809576800209e+04
8.747002367351659632e+04
8.697822932393457450e+04
8.653144236614055990e+04
8.616152490015901276e+04
8.590364492123854870e+04
8.579129366574954474e+04
8.585090026092498738e+04
8.609662402409623610e+04
8.652572242827610171e+04
8.711477044399036095e+04
8.781706756222418335e+04
8.856181992802646710e+04
8.925598221408977406e+04
8.978973463300075673e+04
9.004621155093448760e+04
8.991519820063989027e+04
8.930923010948138835e+04
8.817926975780772045e+04
8.652641607383324299e+04
8.440634762552934990e+04
8.192452955919067608e+04
7.922234305058798054e+04
7.645660232950490899e+04
7.377666891488210240e+04
7.130398217035910056e+04
6.911811300395948638e+04
6.725167442355737148e+04
6.569417784300602216e+04
6.440288915968195215e+04
6.331744625603822351e+04
6.237468360687138920e+04
6.152068872274748719e+04
6.071828491631930956e+04
5.994950672570311144e+04
5.921385815497563453e+04
5.852398072063668224e+04
5.790070024089320941e+04
5.736927501797494187e+04
5.695812072376332799e+04
5.670046974796563154e+04
5.663848064874830015e+04
5.682839497898300760e+04
5.734460214906976034e+04
5.828010045351744338e+04
5.974103619341505691e+04
6.183393305851411424e+04
6.464592276947324717e+04
6.822052794261211238e+04
7.253378197280713357e+04
7.747691374838321644e+04
8.285170708179396752e+04
8.838256275857920991e+04
9.374550391824659891e+04
9.860985386364074657e+04
1.026845135855014523e+05
1.057590319968379918e+05
1.077307060014405724e+05
1.086124977480440430e+05
1.085214348364467005e+05
1.076517538438951742e+05
1.062399593159735086e+05
1.045295339923893043e+05
1.027414880541143648e+05
1.010541900554404419e+05
9.959310546495870221e+04
9.842904796578476089e+04
9.758266452238563215e+04
9.703294706059056625e+04
9.672810763238798245e+04
9.659767322764953133e+04
9.656486368280315946e+04
9.655821091027202783e+04
9.652117751281117671e+04
9.641851845758156560e+04
9.623848571464380075e+04
9.599069756268167112e+04
9.570038939792882593e+04
9.540053953425695363e+04
9.512375716840347741e+04
9.489570196700253291e+04
9.473122917492050328e+04
9.463362575691139500e+04
9.459649149871239206e+04
9.460725708899210440e+04
9.465114114827971207e+04
9.471451850769008161e+04
9.478708433570334455e+04
9.486268375152023509e+04
9.493907502683482016e+04
9.501710316902521299e+04
9.509975515030791576e+04
9.519139971305406652e+04
9.529728485145412560e+04
9.542318391286183032e+04
9.557501908954929968e+04
9.575835512511711568e+04
9.597778804812319868e+04
9.623636506633792305e+04
9.653519406440020248e+04
9.687332519471786509e+04
9.724786618036562868e+04
9.765420805788988946e+04
9.808624517895274039e+04
9.853656674190708145e+04
9.899671244780468987e+04
9.945763937320426339e+04
9.991049247786957130e+04
1.003476246234591090e+05
1.007636478902589151e+05
1.011562059238672955e+05
1.015261930359288526e+05
1.018773039273075410e+05
1.022150153883025923e+05
1.025452901917513518e+05
1.028733803679015691e+05
1.032030627625176421e+05
1.035364868280089868e+05
1.038746142435827933e+05
1.042180548143841879e+05
1.045680073512108356e+05
1.049270138870218361e+05
1.052993077675354580e+05
1.056906380394122389e+05
1.061075493741752725e+05
1.065561810813373013e+05
1.070407370381311630e+05
1.075618855397634470e+05
1.081154583734074404e+05
1.086918768435319071e+05
1.092766697489513463e+05
1.098522280889437534e+05
1.104005993407790229e+05
1.109067701529946789e+05
1.113616606865370995e+05
1.117640613947704405e+05
1.121209999765839602e+05
1.124464498643452825e+05
1.127587364503183489e+05
1.130773165592146979e+05
1.134197080912206584e+05
1.137992192864413082e+05
1.142238342278563359e+05
1.146962608868603129e+05
1.152148547936942050e+05
1.157749835306741588e+05
1.163704335102577752e+05
1.169946584623162635e+05
1.176419467189696006e+05
1.183088197950209433e+05
1.189960452930138708e+05
1.197114806907347229e+05
1.204735823320795753e+05
1.213149398616076796e+05
1.222848181970782171e+05
1.234495815253235487e+05
1.248901178696240822e+05
1.266959253720776760e+05
1.289561985276913911e+05
1.317488660396049090e+05
1.351289374101694266e+05
1.391176724446523585e+05
1.436940463704239810e+05
1.487898192324901174e+05
1.542892638345437881e+05
1.600342232789091067e+05
1.658345861106127268e+05
1.714834638928614731e+05
1.767754381523195480e+05
1.815254523051553697e+05
1.855855574571697798e+05
1.888569938990846858e+05
1.912960062429801037e+05
1.929131017736743670e+05
1.937667542551211664e+05
1.939534232400193869e+05
1.935959819998933817e+05
1.928322768482910178e+05
1.918048488059306983e+05
1.906521752272796293e+05
1.895013770426328992e+05
1.884622436277922825e+05
1.876225459211228008e+05
1.870447709258728719e+05
1.867644918641359545e+05
1.867905539492249663e+05
1.871071413212477055e+05
1.876776438301722228e+05
1.884500818737882073e+05
1.893636662507170113e+05
1.903558710321829421e+05
1.913692265844041831e+05
1.923569814792770194e+05
1.932869140450543200e+05
1.941429097930808784e+05
1.949243770789026166e+05
1.956439943273863755e+05
1.963245101305414282e+05
1.969952744976501563e+05
1.976889130380254646e+05
1.984382193930636568e+05
1.992731167386964662e+05
2.002175426229011500e+05
2.012863331241657434e+05
2.024824941213636776e+05
2.037954709035879059e+05
2.052010246076694166e+05
2.066630634660806390e+05
2.081373431828699249e+05
2.095765003468162613e+05
2.109355727933177259e+05
2.121770869573048549e+05
2.132749602175774053e+05
2.142168014095634280e+05
2.150045760102297645e+05
2.156539138872926706e+05
2.161924920605338702e+05
2.166578950622749107e+05
2.170951777222859673e+05
2.175541211966116680e+05
2.180860034116306051e+05
2.187397069427432143e+05
2.195572054268383945e+05
2.205688509495225735e+05
2.217892802623644529e+05
2.232149713967795251e+05
2.248243567630104080e+05
2.265808983428641513e+05
2.284387789167549345e+05
2.303501098438153567e+05
2.322720784510569647e+05
2.341724445140449970e+05
2.360322609699619061e+05
2.378454744104759593e+05
2.396158834945693670e+05
2.413525329976539069e+05
2.430648434764503618e+05
2.447586226441206527e+05
2.464337018738318293e+05
2.480834638255609316e+05
2.496961132100880204e+05
2.512572521658855258e+05
2.527531491032808844e+05
2.541740112862127426e+05
2.555165858595127647e+05
2.567855462883722503e+05
2.579933851791091147e+05
2.591588881728365086e+05
2.603045976931972546e+05
2.614538565688472590e+05
2.626279718468392966e+05
2.638437983423112892e+05
2.651117636148066958e+05
2.664342268613184569e+05
2.678041827179295360e+05
2.692046202183358255e+05
2.706091143550724955e+05
2.719842248393800692e+05
2.732938949015887338e+05
2.745053926439859206e+05
2.755957080182538484e+05
2.765570223854212090e+05
2.774000594896547263e+05
2.781547115936493501e+05
2.788680256853886531e+05
2.796001255581719452e+05
2.804187861664175289e+05
2.813932414846852771e+05
2.825876167382513522e+05
2.840543325204601861e+05
2.858279803618977312e+05
2.879203932514984626e+05
2.903177356830992503e+05
2.929802889971949626e+05
2.958452275208123028e+05
2.988322036335460143e+05
3.018511349151534960e+05
3.048112899668377941e+05
3.076305913371141651e+05
3.102439594123250572e+05
3.126095236472983379e+05
3.147117050567912520e+05
3.165606074476728099e+05
3.181878336596022709e+05
3.196396120287086233e+05
3.209687185355111724e+05
3.222268698942571646e+05
3.234589493698052247e+05
3.246997282842608402e+05
3.259729423655167921e+05
3.272919833641943405e+05
3.286612690984584042e+05
3.300775639360808418e+05
3.315309712212658487e+05
3.330057720096714911e+05
3.344815463054480497e+05
3.359350046180114732e+05
3.373427197301896522e+05
3.386845942643133458e+05
3.399475540851593250e+05
3.411287180354190641e+05
3.422372213356949505e+05
3.432939950453788624e+05
3.443291344968402991e+05
3.453769961500236532e+05
3.464697587337374571e+05
3.476307219034853624e+05
3.488689100989032886e+05
3.501764456338201999e+05
3.515296028952034540e+05
3.528935589559777291e+05
3.542298630326026469e+05
3.555048724771519192e+05
3.566971101751560927e+05
3.578017952797083999e+05
3.588315928491592640e+05
3.598136579716552515e+05
3.607839866818893352e+05
3.617806484917592024e+05
3.628375247279758914e+05
3.639797537225451670e+05
3.652213825428133132e+05
3.665650165434781229e+05
3.680027897868955624e+05
3.695178845628098352e+05
3.710860807475640904e+05
3.726772493685911177e+05
3.742570909845052520e+05
3.757895698095089756e+05
3.772403391329885344e+05
3.785810609268209082e+05
3.797940557675933815e+05
3.808763597817193950e+05
3.818421455717530334e+05
3.827226358619255479e+05
3.835630763742644340e+05
3.844169519899667357e+05
3.853382941525058122e+05
3.863734701857473701e+05
3.875540945061306120e+05
3.888925357818058110e+05
3.903809060245280270e+05
3.919935512580993818e+05
3.936921858580654953e+05
3.954322199751292937e+05
3.971687237689941539e+05
3.988608706850580638e+05
4.004744266377452295e+05
4.019826073700712295e+05
4.033661276482313406e+05
4.046133540226590703e+05
4.057211634977987851e+05
4.066965642069232999e+05
4.075585728006571881e+05
4.083394611395593383e+05
4.090843956337679410e+05
4.098487202924413723e+05
4.106926314367481973e+05
4.116736562867556931e+05
4.128380313591135200e+05
4.142125966263483861e+05
4.157989941691263812e+05
4.175716659734514542e+05
4.194803978871675208e+05
4.214571323080633301e+05
4.234257704177744454e+05
4.253130207409772556e+05
4.270582274023031350e+05
4.286205344226916204e+05
4.299825219921731041e+05
4.311502897379186470e+05
4.321505872698092717e+05
4.330258664012355730e+05
4.338280940722236410e+05
4.346119979547713883e+05
4.354283243065015995e+05
4.363177816575028119e+05
4.373065631871700170e+05
4.384044642694687936e+05
4.396063737921756110e+05
4.408971804000018747e+05
4.422590286114067421e+05
4.436787984213977470e+05
4.451532049600214232e+05
4.466894119715645211e+05
4.483005108907374088e+05
4.499971440140096238e+05
4.517781547569161630e+05
4.536237085377161857e+05
4.554935592769009527e+05
4.573313499372709775e+05
4.590737915100615937e+05
4.606620956992039573e+05
4.620526466998765245e+05
4.632245592533671879e+05
4.641830112575802486e+05
4.649584454714256572e+05
4.656024772998632398e+05
4.661815486137226690e+05
4.667692503102789633e+05
4.674381013619722216e+05
4.682515910468644579e+05
4.692574156834266614e+05
4.704828724991587223e+05
4.719331230784806539e+05
4.735924746192847961e+05
4.754281155161056668e+05
4.773951720758812735e+05
4.794417887977341888e+05
4.815132699015969993e+05
4.835550153889639769e+05
4.855147167480517528e+05
4.873446823040152085e+05
4.890050175072795828e+05
4.904677353991127457e+05
4.917210297760071699e+05
4.927723501320779324e+05
4.936489232702943264e+05
4.943950380737419473e+05
4.950664760860519018e+05
4.957234449199492810e+05
4.964237952120742411e+05
4.972179790823209914e+05
4.981463082936732681e+05
4.992380422551181400e+05
5.005111803739074385e+05
5.019718541083272430e+05
5.036128745812426205e+05
5.054119407683531172e+05
5.073307621193049708e+05
5.093165057604750036e+05
5.113064274798533879e+05
5.132354970625599381e+05
5.150457133901023190e+05
5.166950769738079980e+05
5.181641242793560959e+05
5.194585219666466000e+05
5.206072093939595507e+05
5.216565958294577431e+05
5.226620649506018963e+05
5.236783947991972091e+05
5.247507241668332135e+05
5.259075190240303054e+05
5.271567035126098199e+05
5.284857107190293027e+05
5.298656189028042136e+05
5.312587609151104698e+05
5.326283522336409660e+05
5.339480253487946466e+05
5.352089601691347780e+05
5.364227273542917101e+05
5.376189739303351380e+05
5.388384233967884211e+05
5.401229453007420525e+05
5.415052755165644921e+05
5.430010679245654028e+05
5.446052803188624093e+05
5.462936393004691927e+05
5.480284833675574046e+05
5.497671131023819325e+05
5.514702511271403637e+05
5.531084677170420764e+05
5.546653114011411089e+05
5.561370311368122930e+05
5.575297621964351274e+05
5.588555612270578276e+05
5.601286305942545878e+05
5.613626067488661502e+05
5.625691722662338289e+05
5.637577556066507241e+05
5.649358649318597745e+05
5.661096641068012686e+05
5.672846115463199094e+05
5.684661667561862851e+05
5.696605934017074760e+05
5.708757382098853122e+05
5.721214558200411266e+05
5.734092571829863591e+05
5.747509132165565388e+05
5.761561374262011377e+05
5.776299377080689883e+05
5.791705290673099225e+05
5.807686518448407296e+05
5.824087236487611663e+05
5.840716274323578691e+05
5.857383619272826472e+05
5.873934822861325229e+05
5.890273338871627348e+05
5.906364694455226418e+05
5.922221741800477030e+05
5.937875267195035703e+05
5.953337732678729808e+05
5.968569493247856153e+05
5.983456650305849034e+05
5.997808080688753398e+05
6.011376231031226926e+05
6.023901925325848861e+05
6.035177846030220389e+05
6.045119357574565802e+05
6.053826645638175542e+05
6.061620838755375007e+05
6.069040329860568745e+05
6.076791738710426725e+05
6.085660677330610342e+05
6.096397289189066505e+05
6.109597324067356531e+05
6.125599932913926896e+05
6.144419269491267623e+05
6.165720594253592426e+05
6.188844989311163081e+05
6.212880857031198684e+05
6.236774692406912800e+05
6.259467606147510232e+05
6.280038179761982756e+05
6.297828325229745824e+05
6.312529356039009290e+05
6.324211933833758812e+05
6.333295173090704484e+05
6.340463831635058159e+05
6.346553833824577741e+05
6.352431625794207212e+05
6.358890515829022042e+05
6.366578507843432017e+05
6.375960754674316850e+05
6.387309990893284557e+05
6.400713531592090148e+05
6.416086713346499018e+05
6.433188394773870241e+05
6.451640818565692753e+05
6.470960001446768874e+05
6.490601630564002553e+05
6.510021593615788734e+05
6.528742612172177760e+05
6.546412943143446464e+05
6.562842885457219090e+05
6.578010574906674447e+05
6.592038080752964597e+05
6.605147991763952887e+05
6.617615353865718935e+05
6.629727932456498966e+05
6.641760510230100481e+05
6.653960301821851172e+05
6.666535377185681136e+05
6.679639181022263365e+05
6.693351039389229845e+05
6.707660623209426412e+05
6.722468148678480648e+05
6.737608228117874824e+05
6.752894828231580323e+05
6.768173120062464150e+05
6.783357899836092256e+05
6.798441956167094177e+05
6.813470272272950970e+05
6.828491372358262306e+05
6.843507759072651388e+05
6.858447934452997288e+05
