5.415695785806580679e+05
5.415415194259936688e+05
5.417020333153322572e+05
5.419342861309522996e+05
5.421211941763444338e+05
5.421544820268852636e+05
5.419416034616042161e+05
5.414110633400543593e+05
5.405168112525752513e+05
5.392418734419442480e+05
5.376006148883806309e+05
5.356385025616649073e+05
5.334283605346006807e+05
5.310629030588832684e+05
5.286444648089134134e+05
5.262737846893173410e+05
5.240399893097047461e+05
5.220134257760274340e+05
5.202419515495828819e+05
5.187501940440873150e+05
5.175406355966920382e+05
5.165954050460324506e+05
5.158782505577305565e+05
5.153369309460976510e+05
5.149067327160246205e+05
5.145157184293256723e+05
5.140916830460325000e+05
5.135699690593941486e+05
5.129006977315773838e+05
5.120539112815665430e+05
5.110216135223646415e+05
5.098165062071383581e+05
5.084679936243332922e+05
5.070164921034676954e+05
5.055071526114445878e+05
5.039838930414852221e+05
5.024843369635106064e+05
5.010360199064358021e+05
4.996540922249923460e+05
4.983406635400119703e+05
4.970858215287777130e+05
4.958701903075688169e+05
4.946687080672912416e+05
4.934551616310306708e+05
4.922069479038941208e+05
4.909095162723537069e+05
4.895599349943732377e+05
4.881690020522505511e+05
4.867613340997702908e+05
4.853730069991006167e+05
4.840466586224781349e+05
4.828244848889678833e+05
4.817401445733900764e+05
4.808110526332113659e+05
4.800327091190150823e+05
4.793764814987343852e+05
4.787916453875892330e+05
4.782116168793439865e+05
4.775633875438713585e+05
4.767784452347079059e+05
4.758031425867825164e+05
4.746066621371934889e+05
4.731853554897213471e+05
4.715630753181828186e+05
4.697878755387987476e+05
4.679259044387079193e+05
4.660534253771564690e+05
4.642478294486679952e+05
4.625784805924567627e+05
4.610983715099963010e+05
4.598377677710042335e+05
4.588010152409660514e+05
4.579672502853859914e+05
4.572948837126344442e+05
4.567287256641761051e+05
4.562079365655260044e+05
4.556729804368986515e+05
4.550704441718526068e+05
4.543556304348551203e+05
4.534937149876185576e+05
4.524605741318908986e+05
4.512440530563489301e+05
4.498457235034867772e+05
4.482824989603278809e+05
4.465871837832104648e+05
4.448072197748615290e+05
4.430013894110757392e+05
4.412347501316550188e+05
4.395723866463724407e+05
4.380726361970157595e+05
4.367803873718534014e+05
4.357210433204293950e+05
4.348958508748246823e+05
4.342794500895068049e+05
4.338205107182228821e+05
4.334460302116073435e+05
4.330692491851925733e+05
4.326003483503660536e+05
4.319583849884234369e+05
4.310825432607622351e+05
4.299408179284519283e+05
4.285346809997337987e+05
4.268989586657150066e+05
4.250969250442524208e+05
4.232113860056091216e+05
4.213331846952528576e+05
4.195489980868496932e+05
4.179303872085601324e+05
4.165257399912149995e+05
4.153560616705644061e+05
4.144147290693299146e+05
4.136706079335575923e+05
4.130735423342349241e+05
4.125611884684146498e+05
4.120663347811484127e+05
4.115240252780365408e+05
4.108778764118067920e+05
4.100850018011039938e+05
4.091190765863761771e+05
4.079713751797999139e+05
4.066500360393148731e+05
4.051781433589096414e+05
4.035912696522242622e+05
4.019348515125085250e+05
4.002613357084700256e+05
3.986267110885981238e+05
3.970860525784076308e+05
3.956880719463672140e+05
3.944692147825619322e+05
3.934482887725675246e+05
3.926227418119633221e+05
3.919674819935839623e+05
3.914366589476736262e+05
3.909682935462766327e+05
3.904912016632579034e+05
3.899333646292364574e+05
3.892307308137345826e+05
3.883353463253923110e+05
3.872217038765214966e+05
3.858903169894694583e+05
3.843678380504756351e+05
3.827035615718048648e+05
3.809628105219420395e+05
3.792183227056286414e+05
3.775411336847965722e+05
3.759924526302187005e+05
3.746176454703680356e+05
3.734428236324759200e+05
3.724739211891246377e+05
3.716977404219442979e+05
3.710843483222135692e+05
3.705903557331947377e+05
3.701628450526222587e+05
3.697438635980929248e+05
3.692753810250443639e+05
3.687044469328546547e+05
3.679880861228530994e+05
3.670973535393480561e+05
3.660200096358467126e+05
3.647614665594520047e+05
3.633439320435295813e+05
3.618039514854666777e+05
3.601887412975125480e+05
3.585517786899851635e+05
3.569480744817806408e+05
3.554294587299675914e+05
3.540401244308075984e+05
3.528126560789953801e+05
3.517648245861361502e+05
3.508975104690090520e+05
3.501941434965168010e+05
3.496219502077694051e+05
3.491350641540634097e+05
3.486792287880151416e+05
3.481975102229241747e+05
3.476362422847082489e+05
3.469504134590625181e+05
3.461078701110574766e+05
3.450919836617010878e+05
3.439027082389729330e+05
3.425561464014067897e+05
3.410827997990600998e+05
3.395246345773134963e+05
3.379310243024455849e+05
3.363536541130055557e+05
3.348406491548011545e+05
3.334305076632946730e+05
3.321467469747424475e+05
3.309943181907948456e+05
3.299586512967075105e+05
3.290076284469516831e+05
3.280960029465675470e+05
3.271710809621475055e+05
3.261781737002536538e+05
3.250645834327626508e+05
3.237816414687172510e+05
3.222852716257541324e+05
3.205362975068051601e+05
3.185019002028381801e+05
3.161591411308351089e+05
3.135004536751474952e+05
3.105398652621117653e+05
3.073179008535788744e+05
3.039029936112819123e+05
3.003878962715188391e+05
2.968808677198272198e+05
2.934929025261558127e+05
2.903234974037813372e+05
2.874480116133916890e+05
2.849093904353686958e+05
2.827159547994910390e+05
2.808454216714468785e+05
2.792537547797356383e+05
2.778863100757966167e+05
2.766883668401913601e+05
2.756126251554195769e+05
2.746224316277979524e+05
2.736909659481873969e+05
2.727978793614445603e+05
2.719254997248877189e+05
2.710565232947372133e+05
2.701742269336730242e+05
2.692650355506232008e+05
2.683222407372023445e+05
2.673491624673175975e+05
2.663602177852754830e+05
2.653790893844539532e+05
2.644341704790833755e+05
2.635523478408558294e+05
2.627526959618235123e+05
2.620416683217844111e+05
2.614109298979612649e+05
2.608382517738039023e+05
2.602911203462826088e+05
2.597321225254842429e+05
2.591248960375421739e+05
2.584395039170153323e+05
2.576564151179681066e+05
2.567686940125445253e+05
2.557823702916261100e+05
2.547151934071193391e+05
2.535940770733767131e+05
2.524515774161900335e+05
2.513217962808892480e+05
2.502361831289272523e+05
2.492197832409736002e+05
2.482884704691266816e+05
2.474475572186291975e+05
2.466919096990017279e+05
2.460073994576491823e+05
2.453733022511235031e+05
2.447651810364196135e+05
2.441578513410360029e+05
2.435281490795015707e+05
2.428573159157327027e+05
2.421328437825236470e+05
2.413496039386546472e+05
2.405100947268597956e+05
2.396237323848623782e+05
2.387052818566069764e+05
2.377727189967566519e+05
2.368449436714399781e+05
2.359397602344666375e+05
2.350724031713012082e+05
2.342546700624416699e+05
2.334945239343832072e+05
2.327959253980054054e+05
2.321586896489634819e+05
2.315783141957240587e+05
2.310459218011652993e+05
2.305486190293616673e+05
2.300706028345552622e+05
2.295952133774196845e+05
2.291078469814044365e+05
2.285992872307477228e+05
2.280687059457407740e+05
2.275254525497114810e+05
2.269888661610053387e+05
2.264857021953361109e+05
2.260452713842073572e+05
2.256929017034695134e+05
2.254427194689901953e+05
2.252909306030533044e+05
2.252107684980802296e+05
2.251501156398272142e+05
2.250325628018837015e+05
2.247623657845307607e+05
2.242333685630201071e+05
2.233414333568378934e+05
2.219992375760737632e+05
2.201515453163242200e+05
2.177884368172514369e+05
2.149537589986527164e+05
2.117464854384784412e+05
2.083138156047883094e+05
2.048365086026297067e+05
2.015086980210788606e+05
1.985157287605149322e+05
1.960139595555927081e+05
1.941158469375807326e+05
1.928821898497150105e+05
1.923216632320876815e+05
1.923962656957212603e+05
1.930304592521063169e+05
1.941217042428830173e+05
1.955506139898729743e+05
1.971897258231758024e+05
1.989105691878150101e+05
2.005891159684823360e+05
2.021098236705861345e+05
2.033684638950150111e+05
2.042739222761909186e+05
2.047492362544397765e+05
2.047322621458436188e+05
2.041764176207085548e+05
2.030518272526826768e+05
2.013468934476907307e+05
1.990699204046810628e+05
1.962501025279834867e+05
1.929371080685898778e+05
1.891987128372954321e+05
1.851164122531140747e+05
1.807795031984650705e+05
1.762785817209775560e+05
1.716995906090128701e+05
1.671194131876471511e+05
1.626036008368802140e+05
1.582062797904247418e+05
1.539717729650290275e+05
1.499371309097310004e+05
1.461346633987295208e+05
1.425936970979151665e+05
1.393410923337446584e+05
1.364004355242541933e+05
1.337901791870981979e+05
1.315212450707040553e+05
1.295946954109896324e+05
1.280000196034060064e+05
1.267144267592067044e+05
1.257033440052128863e+05
1.249221490223281435e+05
1.243190331522501801e+05
1.238387846016098920e+05
1.234271722956056183e+05
1.230354876310735708e+05
1.226246868043028226e+05
1.221685250695498980e+05
1.216551442252788111e+05
1.210867898293755134e+05
1.204776608479045535e+05
1.198502449763322802e+05
1.192307643007415754e+05
1.186444746283034328e+05
1.181115148371644173e+05
1.176438359644696466e+05
1.172435263274740282e+05
1.169026475486683630e+05
1.166045271196557151e+05
1.163263027282766707e+05
1.160423629703059996e+05
1.157281831485461298e+05
1.153639524060199474e+05
1.149373848621563229e+05
1.144452403859828919e+05
1.138933397927183105e+05
1.132951793684907752e+05
1.126695331755050138e+05
1.120375899838729820e+05
1.114201641692982230e+05
1.108353703722345672e+05
1.102969354831783276e+05
1.098131299943264457e+05
1.093862015802900860e+05
1.090122050128021947e+05
1.086812106333439297e+05
1.083779730805506406e+05
1.080831857376807166e+05
1.077753938763450569e+05
1.074334925089854805e+05
1.070395373525333853e+05
1.065814199508062156e+05
1.060548742957920331e+05
1.054643412532276270e+05
1.048224228046544595e+05
1.041479632927181519e+05
1.034631130017681280e+05
1.027899631147496693e+05
1.021474169931125070e+05
1.015488594079347822e+05
1.010009422840796324e+05
1.005035085859159153e+05
1.000504247777950659e+05
9.963096217414271086e+04
9.923138140324738924e+04
9.883649589649790141e+04
9.843114206911654037e+04
9.800158221805677749e+04
9.753686105877679074e+04
9.703003677578650240e+04
9.647907789019776101e+04
9.588715004357325961e+04
9.526208307285356568e+04
9.461501662064268021e+04
9.395850224416167475e+04
9.330456786696762720e+04
9.266330456710730505e+04
9.204235913725054706e+04
9.144735531397369050e+04
9.088286365912680048e+04
9.035327363736875122e+04
8.986292555217996414e+04
8.941515716684314248e+04
8.901040372780530015e+04
8.864396813830925385e+04
8.830435343411896611e+04
8.797300382392280153e+04
8.762593832207038940e+04
8.723720355171582196e+04
8.678350587340607308e+04
8.624898977928723616e+04
8.562902749730910000e+04
8.493209503610877437e+04
8.417925764736880956e+04
8.340133351035958913e+04
8.263429445918586862e+04
8.191377955181922880e+04
8.126969385545274417e+04
8.072176588608454040e+04
8.027671262520733580e+04
7.992738531590497587e+04
7.965398995034993277e+04
7.942720840588917781e+04
7.921278996661434940e+04
7.897695052295589994e+04
7.869174576093014912e+04
7.833952986990270438e+04
7.791571837716102891e+04
7.742935147366205638e+04
7.690136094312655041e+04
7.636089470351630007e+04
7.584044443102154764e+04
7.537076243903793511e+04
7.497659113051232998e+04
7.467406073953500891e+04
7.447028507168882061e+04
7.436527472654148005e+04
7.435586723066595732e+04
7.444099505016187322e+04
7.462729738888217253e+04
7.493383682126617350e+04
7.539452795676943788e+04
7.605688367333085625e+04
7.697594082400051411e+04
7.820286124685246614e+04
7.976878277205108316e+04
8.166595040834014071e+04
8.382971911125621409e+04
8.612620847258179856e+04
8.835061942427635950e+04
9.024000602659815922e+04
9.150150838716671569e+04
9.185314316819299711e+04
9.107024484871896857e+04
8.902789952447316318e+04
8.572938513601882732e+04
8.131319936835592671e+04
7.603618637253629277e+04
7.023613090520279366e+04
6.428214239072790951e+04
5.852367465298344177e+04
5.324847262781163590e+04
4.865653264971066528e+04
4.485255714152806468e+04
4.185489994610985013e+04
3.961585613989490957e+04
3.804691327670819010e+04
3.704311903564639942e+04
3.650243340033979621e+04
3.633808078310715791e+04
3.648388910811626556e+04
3.689404899511024269e+04
3.753954335276337224e+04
3.840373307507864956e+04
3.947933212614173681e+04
4.076834466439775133e+04
4.228552994659276010e+04
4.406469333442581410e+04
4.616574059126099746e+04
4.867926481223314477e+04
5.172485693606844870e+04
5.543976216692521120e+04
5.995622964465383848e+04
6.536886915979120386e+04
7.169699237386809546e+04
7.885023726286044985e+04
8.660745154610842292e+04
9.461773992340744007e+04
1.024283978855603491e+05
1.095379128284173494e+05
1.154651348008616187e+05
1.198204516293129564e+05
1.223633228874606139e+05
1.230335816411020205e+05
1.219506216372358758e+05
1.193827367241383472e+05
1.156958035320828058e+05
1.112941433093593660e+05
1.065660660450540890e+05
1.018430560931900836e+05
9.737652061263917130e+04
9.333133488276555727e+04
8.979233828862881637e+04
8.677881547233328456e+04
8.426242443995637586e+04
8.218523335364156810e+04
8.047579361603097641e+04
7.906212045012753515e+04
7.788102544273610692e+04
7.688360245070932433e+04
7.603698776494886260e+04
7.532288225317499018e+04
7.473370266704857931e+04
7.426751487805004581e+04
7.392298864497079921e+04
7.369545543290120258e+04
7.357478007607557811e+04
7.354526872322137933e+04
7.358735119529161602e+04
7.368040525779889140e+04
7.380590283673585509e+04
7.395007166916858114e+04
7.410545109212554235e+04
7.427101761706075922e+04
7.445089388210509787e+04
7.465196851111829164e+04
7.488099282857245998e+04
7.514184491435940436e+04
7.543363456956864684e+04
7.575015120277724054e+04
7.608084401439708017e+04
7.641312523791582498e+04
7.673540223425824661e+04
7.703999627362722822e+04
7.732509756617432868e+04
7.759516914754780009e+04
7.785967813959281193e+04
7.813054708314446907e+04
7.841909718547748344e+04
7.873336433954721724e+04
7.907647948981162335e+04
7.944640648427220003e+04
7.983688611642716569e+04
8.023910772029258078e+04
8.064351550859093550e+04
8.104125618060624402e+04
8.142500934488195344e+04
8.178920412222929008e+04
8.212982226576778339e+04
8.244407315362019290e+04
8.273019786727426981e+04
8.298754841806409240e+04
8.321693909961740428e+04
8.342112864790082676e+04
8.360520846263738349e+04
8.377667260695707228e+04
8.394503136383728997e+04
8.412096998259138491e+04
8.431519163804176787e+04
8.453716295952374639e+04
8.479397609897033544e+04
8.508947223439555091e+04
8.542368958039052086e+04
8.579265567985145026e+04
8.618855510624483577e+04
8.660033872967335628e+04
8.701484151069071959e+04
8.741839801662713580e+04
8.779879211926345306e+04
8.814720696558314376e+04
8.845973716653256270e+04
8.873805380973915453e+04
8.898898859166336479e+04
8.922307944927038625e+04
8.945240865061350632e+04
8.968827142660164100e+04
8.993927316899679136e+04
9.021034968530891638e+04
9.050297410843105172e+04
9.081652946175092075e+04
9.115057070949056651e+04
9.150753545404387114e+04
9.189540617666191247e+04
9.232985517393119517e+04
9.283547550725504698e+04
9.344579390445933677e+04
9.420188669380136707e+04
9.514961046132263436e+04
9.633572668276459444e+04
9.780349341324232228e+04
9.958850138526370574e+04
1.017155161166019097e+05
1.041967896713632945e+05
1.070317962610031391e+05
1.102078257024048216e+05
1.137005851741760998e+05
1.174740795533374767e+05
1.214795496924626495e+05
1.256539386584073509e+05
1.299189171646383620e+05
1.341816655883844651e+05
1.383382900907714793e+05
1.422800693877309095e+05
1.459019609299980220e+05
1.491122278166564065e+05
1.518418473424514232e+05
1.540525115037479845e+05
1.557423616095247853e+05
1.569489018537294469e+05
1.577486753846985521e+05
1.582532769259303459e+05
1.586012780496934720e+05
1.589458742329233210e+05
1.594386822324389359e+05
1.602111034994213842e+05
1.613557860323932837e+05
1.629115541139742127e+05
1.648552931956438115e+05
1.671033952730339370e+05
1.695235305832926824e+05
1.719551345599552733e+05
1.742347808286563668e+05
1.762212829672253283e+05
1.778154095570323698e+05
1.789705326904624817e+05
1.796929056169301912e+05
1.800328232467445487e+05
1.800698895682654111e+05
1.798964899427531927e+05
1.796032412929431302e+05
1.792689479418703995e+05
1.789559296000834147e+05
1.787100415845592506e+05
1.785636713867107173e+05
1.785396493840643379e+05
1.786543170539376151e+05
1.789187528431455430e+05
1.793380784224302042e+05
1.799095663282694586e+05
1.806207195346276858e+05
1.814484882581954298e+05
1.823603677549230924e+05
1.833174546244912781e+05
1.842788781421321910e+05
1.852066066644856182e+05
1.860695923184842686e+05
1.868465349357685191e+05
1.875270478048902005e+05
1.881114619700196199e+05
1.886097359849312925e+05
1.890399055314348661e+05
1.894263144673725474e+05
1.897976821925631375e+05
1.901850052880034200e+05
1.906193758095467347e+05
1.911299341352095944e+05
1.917422440524240083e+05
1.924773216339193168e+05
1.933513964201045164e+05
1.943763165069452079e+05
1.955603965621972457e+05
1.969094578836005239e+05
1.984277836550628708e+05
2.001186806580034026e+05
2.019843271120349236e+05
2.040246704102671938e+05
2.062353795176810818e+05
2.086052288581262692e+05
2.111136585499547946e+05
2.137294323004336911e+05
2.164111659348398098e+05
2.191100362865986244e+05
2.217743645969421486e+05
2.243552360184566642e+05
2.268120542008249904e+05
2.291169883326672134e+05
2.312575623197532259e+05
2.332370132185110124e+05
2.350723958964659832e+05
2.367907077962035546e+05
2.384235879305480048e+05
2.400014298208459222e+05
2.415479838688718737e+05
2.430765824265745177e+05
2.445888752574534446e+05
2.460763911890516465e+05
2.475244772203369648e+05
2.489174660020573647e+05
2.502435570555921586e+05
2.514980239298426895e+05
2.526839469639145827e+05
2.538105096563820262e+05
2.548896861682828167e+05
2.559326171718546539e+05
2.569469754839153320e+05
2.579361837906232686e+05
2.589006361968170968e+05
2.598403505457177234e+05
2.607579928888319700e+05
2.616611305809111800e+05
2.625628964258642518e+05
2.634808371623614803e+05
2.644343323995724204e+05
2.654413691562390304e+05
2.665155169527536491e+05
2.676637035568116698e+05
2.688850063644251786e+05
2.701703501726027462e+05
2.715028737844544812e+05
2.728588070570817799e+05
2.742088877585348091e+05
2.755204999749301351e+05
2.767607185497072060e+05
2.779002591942101135e+05
2.789180066245517810e+05
2.798054302834827686e+05
2.805699347861905117e+05
2.812361573728466174e+05
2.818444925402494846e+05
2.824466752188892569e+05
2.830989544146448607e+05
2.838540199271506863e+05
2.847531843956398661e+05
2.858202520831345464e+05
2.870580709977672668e+05
2.884481561248681392e+05
2.899532177774989395e+05
2.915220742865190841e+05
2.930962677233387367e+05
2.946176210951498360e+05
2.960358647189039621e+05
2.973153134906882769e+05
2.984395131744495011e+05
2.994129490110308980e+05
3.002593945657253498e+05
3.010171819540371653e+05
3.017323715220723534e+05
3.024512438896299573e+05
3.032135878876505303e+05
3.040479356832958292e+05
3.049693531445185654e+05
3.059798191248590592e+05
3.070707613409604528e+05
3.082270121443513781e+05
3.094312941994781722e+05
3.106683186269832659e+05
3.119276720766412909e+05
3.132049004209996201e+05
3.145005713845299324e+05
3.158175768330826540e+05
3.171574171855749446e+05
3.185165534129398875e+05
3.198839821740477928e+05
3.212409203442950384e+05
3.225629204368613428e+05
3.238240343600806082e+05
3.250020214071171358e+05
3.260832645371942781e+05
3.270661286992441164e+05
3.279619378204741515e+05
3.287934069363109302e+05
3.295910222899750806e+05
3.303883153242388507e+05
3.312171160822893144e+05
3.321037031036819099e+05
3.330663913981736405e+05
3.341146637370148674e+05
3.352495896042638342e+05
3.364650771613213001e+05
3.377494874391031335e+05
3.390872686053418438e+05
3.404604653976914706e+05
3.418501373719220283e+05
3.432378075121867587e+05
3.446070247896624496e+05
3.459449747881124495e+05
3.472438754941653460e+05
3.485017478429987095e+05
3.497221492088654777e+05
3.509126553775926586e+05
3.520822448710844619e+05
3.532381627343638102e+05
3.543831491032571648e+05
3.555139572630004259e+05
3.566217943026691210e+05
3.576947650361033157e+05
3.587217690055889543e+05
3.596968112432366470e+05
3.606225067580272444e+05
3.615117384697414236e+05
3.623869006510697072e+05
3.632767795865953085e+05
3.642117250904234825e+05
3.652182083148555830e+05
3.663140420638614451e+05
3.675054090479176375e+05
3.687864139910361264e+05
3.701412376170277130e+05
3.715482874897391303e+05
3.729852079496233491e+05
3.744333888972349814e+05
3.758807642962347600e+05
3.773221647731322446e+05
3.787571516973451362e+05
3.801859540116513381e+05
3.816047076552427607e+05
3.830015307086665998e+05
3.843549350286633126e+05
3.856355914213379147e+05
3.868115503324132296e+05
3.878558744040575693e+05
3.887546457289174432e+05
3.895129091375771095e+05
3.901565821475625271e+05
3.907296252772513544e+05
3.912873557118779863e+05
3.918880285726739094e+05
3.925851510206936509e+05
3.934223011814344209e+05
3.944308685333522735e+05
3.956298084546980099e+05
3.970258632695074775e+05
3.986130162676566979e+05
4.003709742079945281e+05
4.022636150718379067e+05
4.042389584427739028e+05
4.062319824555717641e+05
4.081706418851634371e+05
4.099842154575260356e+05
4.116122020041509531e+05
4.130117799459149828e+05
4.141623750695592607e+05
4.150668512629478937e+05
4.157497982244360610e+05
4.162539594646170735e+05
4.166358736205624300e+05
4.169614055390325957e+05
4.173013055256372318e+05
4.177265555564142414e+05
4.183032151415729895e+05
4.190867558695465559e+05
4.201163103080464061e+05
4.214096437654386973e+05
4.229598235173266148e+05
4.247344526051093708e+05
4.266779936554448796e+05
4.287172192050529411e+05
4.307692791894034599e+05
4.327513578608957469e+05
4.345904966759390663e+05
4.362320016123148962e+05
4.376450370742477826e+05
4.388245608498614747e+05
4.397895655332718743e+05
4.405784160359416273e+05
4.412426155410907231e+05
4.418403885305976728e+05
4.424310414772527292e+05
4.430703794431217248e+05
4.438068759542659973e+05
4.446781152083498309e+05
4.457073321738967206e+05
4.469004766781800427e+05
4.482447513465831871e+05
4.497096657963531325e+05
4.512511680262630107e+05
4.528185136341906036e+05
4.543625949212454725e+05
4.558438888157622423e+05
4.572382359384361771e+05
4.585392939318951685e+05
4.597574394499514601e+05
4.609157658618709538e+05
4.620443685857776436e+05
4.631742420786557486e+05
4.643319135165438638e+05
4.655355643558633747e+05
4.667929803195625427e+05
4.681013032210808014e+05
4.694482731560723041e+05
4.708144766297781607e+05
4.721760837323280284e+05
4.735076686605447321e+05
4.747849120138158323e+05
4.759871794370191055e+05
4.771000537035432062e+05
4.781178164294958115e+05
4.790456700388344470e+05
4.799012679152433411e+05
4.807149983828796539e+05
4.815285161394964089e+05
4.823912345571452752e+05
4.833548372028386802e+05
4.844662759740255424e+05
4.857601360827085446e+05
4.872515932942478685e+05
4.889313679332665051e+05
4.907639812239453313e+05
4.926901700356589281e+05
4.946335485580175300e+05
4.965106862967209890e+05
4.982429600788637763e+05
4.997680838199013378e+05
5.010492572528818273e+05
5.020803677971612778e+05
5.028864551060603699e+05
5.035194892648321693e+05
5.040502571998712956e+05
5.045577255673111649e+05
5.051176389618337853e+05
5.057922951129872818e+05
5.066233340324619785e+05
5.076288806273035589e+05
5.088054574770879699e+05
5.101338806738135172e+05
5.115872148290235782e+05
5.131382425272273831e+05
5.147641412029367057e+05
5.164471815801437479e+05
5.181718868558655959e+05
5.199205535056440276e+05
5.216696713049429236e+05
5.233892698040698888e+05
5.250457737683494342e+05
5.266072513307614718e+05
5.280488144683131250e+05
5.293559398638552520e+05
5.305246080734275747e+05
5.315588205705304863e+05
5.324673772892536363e+05
5.332620842269177083e+05
5.339586549338451587e+05
5.345799391035347944e+05
5.351596021990091540e+05
5.357437759813044686e+05
5.363888233953864546e+05
5.371549224262484349e+05
5.380969327029708074e+05
5.392551540908423485e+05
5.406486250326149166e+05
5.422725787669066340e+05
5.441000981198889203e+05
5.460866174250363838e+05
5.481753121196767315e+05
5.503017925677833846e+05
5.523976071329885162e+05
5.543932582763200626e+05
5.562220974469163921e+05
5.578262034860425629e+05
5.591642316466675838e+05
5.602197545889618341e+05
5.610075336602979805e+05
5.615750709490341833e+05
5.619978856273300480e+05
5.623688678040531231e+05
5.627840159685504623e+05
5.633280308285563951e+05
5.640631330281343544e+05
5.650231905940831639e+05
5.662134059043254238e+05
5.676142438526692567e+05
5.691875853753262199e+05
5.708833637385442853e+05
5.726457885426728753e+05
5.744190673308238620e+05
5.761528307629668852e+05
5.778071851175391348e+05
5.793567727436850546e+05
5.807928854073190596e+05
5.821228658342749113e+05
5.833667336758425226e+05
5.845518598244945752e+05
5.857071523536222521e+05
5.868582998752127169e+05
5.880251080506785074e+05
5.892210925543385092e+05
5.904546243306536926e+05
5.917303993484227685e+05
5.930500130346480291e+05
5.944109507669543382e+05
5.958041757527183509e+05
5.972114001364628784e+05
5.986037164959443035e+05
5.999432507140053203e+05
6.011887470525584649e+05
6.023046514999616193e+05
6.032717447793597821e+05
6.040962891767300898e+05
6.048145275439711986e+05
6.054904129926821915e+05
6.062063765494907275e+05
6.070490684858299792e+05
