5.421614143386081560e+05
5.415132380355817731e+05
5.410192496036761440e+05
5.406306325687106000e+05
5.402958634999555070e+05
5.399623307891188888e+05
5.395769497022643918e+05
5.390867739917826839e+05
5.384406446697012288e+05
5.375925095089260722e+05
5.365063294920329936e+05
5.351617252163609955e+05
5.335589954355360242e+05
5.317220575778286438e+05
5.296982446090511512e+05
5.275546022164152237e+05
5.253711213920307346e+05
5.232319728957529296e+05
5.212161335971945664e+05
5.193887926842311863e+05
5.177946845362876775e+05
5.164541363891335204e+05
5.153622311988362344e+05
5.144910952155297855e+05
5.137949128128180164e+05
5.132168529496463016e+05
5.126967308375790599e+05
5.121780533644597745e+05
5.116132340485912864e+05
5.109662498301566811e+05
5.102127381939340848e+05
5.093382598810829222e+05
5.083359057994981413e+05
5.072044247662072303e+05
5.059475936126504675e+05
5.045748357913800864e+05
5.031024187413103064e+05
5.015541991868607001e+05
4.999609748410210013e+05
4.983579888956818031e+05
4.967808161435570219e+05
4.952604743443410844e+05
4.938189379605046706e+05
4.924661921095351572e+05
4.911995967300055199e+05
4.900057721481577610e+05
4.888646292342126835e+05
4.877546787018792238e+05
4.866584409074199502e+05
4.855666807205864461e+05
4.844803439032171154e+05
4.834094974177012919e+05
4.823692600788663840e+05
4.813735448992991005e+05
4.804282037594005815e+05
4.795255907788518234e+05
4.786424148709037108e+05
4.777419792905043578e+05
4.767806885821619071e+05
4.757174179167502443e+05
4.745234174150302424e+05
4.731901764934060047e+05
4.717331713970914716e+05
4.701904797178282752e+05
4.686165245418704581e+05
4.670723451831291313e+05
4.656145189651827677e+05
4.642850660509129521e+05
4.631043732073201099e+05
4.620684703669032315e+05
4.611510310632705223e+05
4.603094305762420408e+05
4.594933104683698621e+05
4.586536007649468374e+05
4.577500103659288143e+05
4.567556224260713207e+05
4.556582252860996523e+05
4.544590069923471892e+05
4.531698561018157052e+05
4.518105167285639909e+05
4.504062993790415348e+05
4.489862799304570071e+05
4.475813657698099269e+05
4.462215852679341915e+05
4.449324760758302873e+05
4.437312013516156003e+05
4.426235506455050199e+05
4.416029353742382955e+05
4.406518418702752097e+05
4.397452830406791181e+05
4.388550878403492388e+05
4.379537608443897916e+05
4.370171596345110447e+05
4.360260344275927637e+05
4.349670485573713668e+05
4.338338958301511593e+05
4.326285733263647417e+05
4.313621497872979380e+05
4.300540170841756044e+05
4.287289541922617354e+05
4.274122801948910346e+05
4.261244444817330805e+05
4.248769876746927039e+05
4.236715088730926509e+05
4.225021413673418574e+05
4.213605552966868854e+05
4.202413584263004595e+05
4.191455074077452300e+05
4.180801242051578593e+05
4.170546182518967544e+05
4.160746033619557857e+05
4.151360929814792471e+05
4.142224420876681106e+05
4.133054980242441525e+05
4.123508599509674823e+05
4.113256748678381555e+05
4.102065884358350886e+05
4.089855725184516632e+05
4.076722167421320919e+05
4.062922536902938737e+05
4.048830883154353360e+05
4.034876078720311052e+05
4.021475421482037054e+05
4.008973449694321607e+05
3.997592555934708798e+05
3.987400317883022944e+05
3.978297921292883111e+05
3.970033025591154583e+05
3.962237462798471097e+05
3.954485188338282751e+05
3.946360454326808103e+05
3.937522588203461492e+05
3.927753875404834398e+05
3.916981229826166527e+05
3.905269298050496145e+05
3.892790040444365586e+05
3.879779259055204457e+05
3.866492414967077784e+05
3.853170105839780881e+05
3.840018745536715141e+05
3.827206147527797148e+05
3.814866894279725384e+05
3.803110081045941333e+05
3.792022725131905172e+05
3.781665181441340828e+05
3.772058912273683818e+05
3.763170443422414828e+05
3.754897299647269538e+05
3.747061848186487332e+05
3.739417526150908088e+05
3.731669353834376670e+05
3.723507446795694414e+05
3.714648992033877876e+05
3.704881534961167490e+05
3.694099186491432483e+05
3.682324048606085125e+05
3.669707790729574044e+05
3.656512262703727465e+05
3.643072241566816228e+05
3.629746801793452469e+05
3.616867658572568907e+05
3.604692953238739283e+05
3.593373532061981387e+05
3.582936247216118500e+05
3.573285723249721341e+05
3.564222987859697314e+05
3.555476968228046317e+05
3.546743562110356870e+05
3.537726923702097265e+05
3.528178438347260817e+05
3.517929959638453438e+05
3.506918610217107343e+05
3.495200528533247416e+05
3.482950665310341865e+05
3.470445852114969166e+05
3.458029729587059701e+05
3.446061168272262439e+05
3.434852156834058696e+05
3.424605506601837114e+05
3.415365373183793272e+05
3.406993019662411534e+05
3.399175949940551654e+05
3.391471424980479060e+05
3.383377463229881832e+05
3.374418047135621309e+05
3.364226096974546090e+05
3.352608325686214375e+05
3.339579759169880417e+05
3.325361393184565241e+05
3.310341131213525659e+05
3.295005014684216585e+05
3.279851980890151463e+05
3.265309743305901648e+05
3.251670357251349487e+05
3.239060436627461459e+05
3.227452885726236855e+05
3.216716168917458854e+05
3.206686627692647162e+05
3.197242372371317470e+05
3.188355872177730780e+05
3.180106760486849234e+05
3.172645219776715967e+05
3.166107603295764420e+05
3.160497811313278507e+05
3.155558775503958459e+05
3.150666434118369943e+05
3.144781370391133823e+05
3.136488054890198982e+05
3.124136586207527434e+05
3.106077983980987337e+05
3.080956435090638115e+05
3.047998748829214019e+05
3.007231641370293219e+05
2.959567234451846452e+05
2.906725926409972017e+05
2.851006074863718241e+05
2.794949352344601066e+05
2.740976513267445844e+05
2.691072532852501026e+05
2.646582161526713753e+05
2.608143909212664294e+05
2.575753781612631283e+05
2.548921066706688725e+05
2.526864371112041990e+05
2.508698264763495245e+05
2.493575361652232532e+05
2.480768626831371512e+05
2.469697331532142998e+05
2.459912686915784434e+05
2.451064050699337386e+05
2.442864606414356094e+05
2.435069017286775925e+05
2.427467635302342533e+05
2.419894838301694836e+05
2.412244503353967448e+05
2.404484020173895697e+05
2.396659272902757511e+05
2.388885829789183335e+05
2.381325216499563248e+05
2.374148828528381418e+05
2.367495244119858835e+05
2.361429043494604412e+05
2.355910271365319786e+05
2.350782860634586832e+05
2.345787309386462148e+05
2.340597913864646980e+05
2.334878989977856691e+05
2.328349464527030650e+05
2.320842627805201046e+05
2.312348534755934961e+05
2.303030151085447287e+05
2.293209560204791778e+05
2.283325866154753312e+05
2.273870833899906138e+05
2.265311529409477662e+05
2.258011419019463356e+05
2.252162604342350969e+05
2.247741693215357955e+05
2.244499517417087918e+05
2.241990016287026228e+05
2.239636432282263704e+05
2.236824861575387768e+05
2.233008258104580163e+05
2.227800336985294707e+05
2.221039868200989731e+05
2.212811733498941758e+05
2.203420598670640320e+05
2.193323826119979203e+05
2.183039563872830186e+05
2.173051319673199614e+05
2.163730239289251040e+05
2.155290668489945238e+05
2.147784886560100713e+05
2.141131944468642760e+05
2.135166632260367624e+05
2.129690485753425164e+05
2.124508590782500978e+05
2.119442850494777085e+05
2.114321696119184198e+05
2.108954596766222094e+05
2.103104425044777163e+05
2.096470605864381068e+05
2.088691661999951466e+05
2.079369220576409425e+05
2.068109129155918781e+05
2.054570997141931730e+05
2.038516220790388470e+05
2.019846240711433347e+05
1.998626329643892532e+05
1.975093989539168833e+05
1.949653509425905067e+05
1.922858594520492479e+05
1.895383565254635178e+05
1.867981841688524000e+05
1.841430079486450122e+05
1.816458656979964580e+05
1.793674117455148953e+05
1.773484979206226126e+05
1.756046397151560232e+05
1.741239023933989811e+05
1.728691973103694618e+05
1.717849986102142138e+05
1.708073590130533848e+05
1.698751934720756835e+05
1.689404288941188424e+05
1.679749220550124592e+05
1.669729229168049351e+05
1.659490060460243840e+05
1.649324325208504160e+05
1.639595362273929350e+05
1.630658339287898852e+05
1.622792283654706553e+05
1.616151368470822927e+05
1.610738773649510695e+05
1.606403230707821203e+05
1.602856897374313558e+05
1.599712372363559552e+05
1.596535209784939361e+05
1.592905795947271399e+05
1.588481629011831246e+05
1.583049337918317469e+05
1.576556465267252061e+05
1.569116441198484972e+05
1.560985462662945793e+05
1.552515635336830746e+05
1.544093250008145696e+05
1.536073563451925875e+05
1.528723725518406427e+05
1.522183735441855970e+05
1.516451847220330965e+05
1.511396114464250859e+05
1.506788511294567434e+05
1.502353434779265954e+05
1.497819687572668772e+05
1.492965149484087015e+05
1.487646230208739871e+05
1.481808779391137650e+05
1.475481779653764388e+05
1.468758436426027038e+05
1.461770592153320031e+05
1.454662029346151394e+05
1.447564992643544101e+05
1.440582890292029188e+05
1.433780929314457462e+05
1.427185286334421544e+05
1.420790109085661243e+05
1.414570189761290094e+05
1.408495868292485829e+05
1.402546082140825165e+05
1.396715838052551262e+05
1.391015793696134351e+05
1.385463815723514999e+05
1.380070789208796341e+05
1.374824944741002691e+05
1.369679926433512883e+05
1.364551311558693415e+05
1.359324232619478425e+05
1.353871569443646003e+05
1.348078794749629160e+05
1.341869146817118453e+05
1.335222341758032271e+05
1.328181830315693805e+05
1.320849063172253082e+05
1.313367064108600607e+05
1.305898372902444971e+05
1.298603140504534094e+05
1.291621761054951057e+05
1.285063714218225796e+05
1.279001552671334211e+05
1.273467390531428682e+05
1.268449429694592836e+05
1.263887803300529631e+05
1.259671429223491723e+05
1.255639437377322465e+05
1.251591015251255012e+05
1.247305780312052520e+05
1.242573476746378583e+05
1.237228117557268415e+05
1.231179167835763947e+05
1.224432144850243640e+05
1.217093319621927803e+05
1.209357188955314487e+05
1.201479508553604974e+05
1.193741470319114887e+05
1.186411377179152914e+05
1.179709242227282375e+05
1.173778116320476402e+05
1.168664611899582815e+05
1.164310415097126097e+05
1.160556210092216643e+05
1.157158684591996425e+05
1.153819695212503721e+05
1.150224421783497528e+05
1.146083162953975552e+05
1.141170191720966541e+05
1.135353338942642295e+05
1.128609687813558266e+05
1.121025449748979008e+05
1.112781041125969641e+05
1.104124901821005769e+05
1.095341158488191722e+05
1.086716535653131432e+05
1.078510962584840890e+05
1.070934498314928933e+05
1.064131215697043517e+05
1.058169344382210547e+05
1.053036766347360244e+05
1.048641773098391568e+05
1.044820109291596164e+05
1.041349776859316626e+05
1.037974197313251789e+05
1.034432197397404962e+05
1.030490727301572333e+05
1.025974445878463303e+05
1.020786281298022077e+05
1.014915025922516506e+05
1.008429301547245559e+05
1.001460601508109539e+05
9.941803302190147224e+04
9.867761189666965220e+04
9.794313386841944885e+04
9.723095136220187123e+04
9.655433772331649379e+04
9.592274053434863163e+04
9.534129292919000727e+04
9.481058200877816125e+04
9.432674061520387477e+04
9.388191502319237043e+04
9.346506808168055431e+04
9.306296486603240191e+04
9.266113514724792913e+04
9.224466059674703865e+04
9.179877606685603678e+04
9.130942641523649218e+04
9.076399016288344865e+04
9.015231389673563535e+04
8.946801439554139506e+04
8.870978435060892662e+04
8.788229367046666448e+04
8.699629271638332284e+04
8.606770550237498537e+04
8.511578153985619429e+04
8.416064147611553199e+04
8.322069981180025206e+04
8.231043026991799707e+04
8.143878334361915768e+04
8.060835511310846778e+04
7.981523740910878405e+04
7.904941262376097438e+04
7.829559220830729464e+04
7.753448315341536363e+04
7.674452890749835933e+04
7.590415806489159877e+04
7.499447856352149392e+04
7.400221277738506615e+04
7.292253474255363108e+04
7.176139077552642266e+04
7.053687979023234220e+04
6.927933755958042457e+04
6.802989791329558648e+04
6.683748202100303024e+04
6.575438342391776678e+04
6.483085160942401853e+04
6.410929481006160495e+04
6.361887465738019091e+04
6.337130420282025443e+04
6.335855824493135151e+04
6.355296127035973041e+04
6.390976222013187362e+04
6.437188716762017430e+04
6.487614834073216480e+04
6.535986356576291291e+04
6.576669601874932414e+04
6.605063981881619839e+04
6.617748241004902229e+04
6.612371136671873683e+04
6.587354173075281142e+04
6.541529533709467069e+04
6.473855739694304066e+04
6.383327180303685600e+04
6.269129126336183253e+04
6.131010421725102060e+04
5.969781338290817075e+04
5.787816829488209623e+04
5.589461119546172267e+04
5.381274122950497258e+04
5.172107135436713725e+04
4.973018986202714586e+04
4.797032599726553599e+04
4.658694164655261557e+04
4.573358755296206800e+04
4.556119705261288618e+04
4.620348548460815800e+04
4.775921191265733069e+04
5.027350349887640914e+04
5.372177013022225583e+04
5.800038162762662978e+04
6.292779057906650996e+04
6.825803364606840478e+04
7.370585159473319072e+04
7.897975424257386476e+04
8.381712367508691386e+04
8.801465413132394315e+04
9.144838129511642910e+04
9.407999038181142532e+04
9.594926507435803069e+04
9.715550935156656487e+04
9.783275281046281452e+04
9.812414651899976889e+04
9.816024214545446739e+04
9.804424212215119042e+04
9.784537396958058525e+04
9.759978176780634385e+04
9.731707088997165556e+04
9.699001660736964550e+04
9.660491903639902011e+04
9.615052112701894657e+04
9.562412200693289924e+04
9.503432811280351598e+04
9.440062488536380988e+04
9.375050204128661426e+04
9.311516303620352119e+04
9.252489253618798102e+04
9.200499351370509248e+04
9.157291730260525947e+04
9.123688089671556372e+04
9.099596645130486286e+04
9.084147202265939268e+04
9.075914527679439925e+04
9.073187668912063236e+04
9.074243807548243785e+04
9.077590716627069924e+04
9.082150381299041328e+04
9.087366562973777764e+04
9.093229765364296327e+04
9.100222825528185058e+04
9.109198111013753805e+04
9.121202826228752383e+04
9.137273054609511746e+04
9.158221152782492572e+04
9.184445372533341288e+04
9.215793605938210385e+04
9.251511679286777508e+04
9.290297367503005080e+04
9.330463328818402078e+04
9.370188518735862453e+04
9.407814975334523479e+04
9.442132906336660380e+04
9.472597123233985621e+04
9.499432468513651111e+04
9.523610075162467547e+04
9.546702064887786401e+04
9.570642141554222326e+04
9.597429781615191314e+04
9.628817642689785862e+04
9.666020006257185014e+04
9.709478878057042311e+04
9.758724463763067615e+04
9.812364177794457646e+04
9.868223019808562822e+04
9.923634403886650398e+04
9.975847055475981324e+04
1.002247994178294612e+05
1.006193602077466057e+05
1.009368664921161107e+05
1.011836383971765899e+05
1.013764054203062988e+05
1.015392738724241790e+05
1.016995474040251283e+05
1.018833162464959169e+05
1.021117339020501386e+05
1.023986830125817214e+05
1.027501455351997574e+05
1.031651300016810274e+05
1.036375981388940418e+05
1.041586070646164735e+05
1.047179304233538714e+05
1.053047381387213245e+05
1.059073854006465845e+05
1.065127969816737459e+05
1.071061467766229034e+05
1.076714287313604873e+05
1.081931358458721807e+05
1.086587696365096490e+05
1.090614990059093252e+05
1.094021347399802326e+05
1.096897360486777907e+05
1.099405547600650170e+05
1.101755093652207288e+05
1.104168043556351913e+05
1.106845414734550868e+05
1.109941426124704303e+05
1.113551276769784745e+05
1.117713460593536292e+05
1.122422862966774846e+05
1.127647469794576173e+05
1.133340759703204822e+05
1.139444218787973514e+05
1.145879201282087888e+05
1.152532785651128797e+05
1.159246140174774919e+05
1.165814474973565812e+05
1.172004407709894731e+05
1.177588505078880262e+05
1.182390045551707881e+05
1.186326192625451804e+05
1.189436674572659394e+05
1.191888306955174194e+05
1.193952285913288215e+05
1.195958945453884226e+05
1.198241038424214348e+05
1.201079548490034504e+05
1.204664820384766936e+05
1.209081124587685918e+05
1.214316425527283282e+05
1.220293132123497489e+05
1.226911474087707029e+05
1.234095426069678215e+05
1.241831532803337905e+05
1.250192946728524985e+05
1.259343921492314839e+05
1.269523559238196904e+05
1.281011456911736605e+05
1.294081480104423099e+05
1.308952401533203374e+05
1.325744799203490547e+05
1.344452101201963669e+05
1.364930387522395467e+05
1.386907504659881815e+05
1.410008368091521261e+05
1.433790864862766466e+05
1.457785821228473505e+05
1.481534898938627739e+05
1.504621645022324810e+05
1.526692854428678402e+05
1.547469556595294853e+05
1.566748913859507302e+05
1.584399675935170671e+05
1.600354207060699991e+05
1.614599438378321938e+05
1.627167793500707485e+05
1.638127922311617003e+05
1.647574669605015370e+05
1.655618383384627232e+05
1.662375072345114022e+05
1.667960189415866917e+05
1.672489014821030723e+05
1.676085233302669367e+05
1.678896566482177586e+05
1.681113124916026718e+05
1.682981691518879670e+05
1.684808491752183472e+05
1.686944684379402897e+05
1.689752701274764258e+05
1.693556953848486010e+05
1.698588125318407838e+05
1.704934804980730696e+05
1.712518036470125953e+05
1.721102169433482923e+05
1.730348739879757923e+05
1.739909773280370573e+05
1.749545190009550715e+05
1.759239211903586984e+05
1.769286141213866067e+05
1.780318695765980810e+05
1.793262238382541982e+05
1.809213609521230683e+05
1.829260354348531982e+05
1.854271122980920481e+05
1.884697666309481137e+05
1.920430845502490411e+05
1.960746183682744449e+05
2.004358807129255147e+05
2.049585134910250199e+05
2.094583732218798541e+05
2.137626738889297121e+05
2.177343046442534251e+05
2.212879580292871397e+05
2.243947685793316632e+05
2.270752253471582953e+05
2.293832371706789418e+05
2.313863922297263052e+05
2.331479935829310562e+05
2.347152882170779631e+05
2.361159490133492800e+05
2.373621849864347896e+05
2.384597210719417490e+05
2.394178826025699964e+05
2.402572741739308694e+05
2.410127813204893318e+05
2.417313251534145384e+05
2.424654040369402792e+05
2.432645313008722442e+05
2.441670161181742151e+05
2.451941646332695382e+05
2.463481135045679111e+05
2.476134558120711590e+05
2.489618824530206621e+05
2.503584589748932631e+05
2.517679820405105420e+05
2.531600836859090778e+05
2.545122596670918574e+05
2.558106310431556776e+05
2.570488410670114972e+05
2.582259020256826770e+05
2.593439467654752370e+05
2.604066844392569619e+05
2.614189678325469140e+05
2.623873810233158292e+05
2.633213180687311105e+05
2.642337943186467746e+05
2.651412890139060328e+05
2.660622399879001314e+05
2.670142897379510105e+05
2.680108613881308702e+05
2.690579724410329363e+05
2.701522690597512410e+05
2.712810469281593105e+05
2.724245525490493164e+05
2.735602368401522981e+05
2.746680245371167548e+05
2.757352599254215020e+05
2.767599565373779042e+05
2.777513817317578942e+05
2.787277585500866990e+05
2.797117274809451192e+05
2.807248696134951315e+05
2.817828028101890814e+05
2.828920592427036026e+05
2.840492888522415888e+05
2.852426025543742580e+05
2.864543557905583875e+05
2.876645163287668256e+05
2.888539082035471802e+05
2.900068988319401396e+05
2.911133209927444695e+05
2.921695204105275916e+05
2.931784401956652291e+05
2.941487009488191688e+05
2.950927806621314958e+05
2.960246201376853278e+05
2.969571764685946400e+05
2.979005057708478998e+05
2.988608239562325180e+05
2.998407107596349088e+05
3.008402954948184197e+05
3.018590086107452516e+05
3.028973675472478499e+05
3.039582871399610303e+05
3.050475192049140460e+05
3.061729905652140733e+05
3.073430136023607338e+05
3.085636010327373515e+05
3.098354192900184426e+05
3.111511930080687744e+05
3.124944954405726749e+05
3.138406912256411160e+05
3.151602897201753804e+05
3.164242229981003329e+05
3.176098322494964232e+05
3.187059330993415788e+05
3.197154523902069195e+05
3.206548031604973366e+05
3.215501758496524999e+05
3.224319006964446162e+05
3.233286024001436890e+05
3.242628026857617660e+05
3.252489628248273511e+05
3.262939743938383181e+05
3.273992090668373858e+05
3.285627879204057390e+05
3.297808879186991253e+05
3.310475628406577162e+05
3.323534024605538580e+05
3.336840087206870085e+05
3.350194564540433348e+05
3.363355676010568859e+05
3.376071211440584739e+05
3.388123415592043311e+05
3.399374605580021744e+05
3.409800297863326268e+05
3.419500090202917927e+05
3.428683312950542313e+05
3.437634047326571890e+05
3.446665757576284814e+05
3.456077496622294420e+05
3.466120970354484743e+05
3.476982028070742963e+05
3.488773997425713460e+05
3.501536427284909878e+05
3.515232817958121304e+05
3.529744507617037161e+05
3.544863079495768761e+05
3.560287839887205046e+05
3.575636088890557294e+05
3.590471516785537824e+05
3.604351070915055461e+05
3.616884900907538249e+05
3.627799388365065097e+05
3.636991085720029660e+05
3.644560092770768097e+05
3.650814733091519447e+05
3.656244588679937297e+05
3.661464914610544220e+05
3.667140934968885267e+05
3.673904338067375356e+05
3.682275617542468826e+05
3.692604499414850143e+05
3.705036927508141962e+05
3.719511787445162772e+05
3.735784791523810709e+05
3.753471831312851282e+05
3.772100719184999471e+05
3.791159556514027063e+05
3.810132562618189841e+05
3.828519802836876479e+05
3.845844389917249209e+05
3.861656862191762775e+05
3.875548808826812892e+05
3.887184738054765039e+05
3.896353155318752979e+05
3.903027662675225292e+05
3.907420764053583844e+05
3.910010633732891874e+05
3.911525844638692797e+05
3.912883490210194723e+05
3.915088505109348334e+05
3.919111917834591004e+05
3.925770130654937821e+05
3.935625418801542255e+05
3.948921363708616700e+05
3.965558876296978560e+05
3.985111593640210340e+05
4.006875122209005640e+05
4.029942572863624664e+05
4.053297824143276666e+05
4.075916854881023755e+05
4.096866233739696909e+05
4.115387467354941182e+05
4.130957708572854754e+05
4.143321775296598789e+05
4.152496436172408867e+05
4.158753133559607086e+05
4.162587364746883977e+05
4.164680892112489673e+05
4.165858064410164952e+05
4.167032782585793757e+05
4.169141184674919932e+05
4.173058520061812596e+05
4.179505939231142402e+05
4.188960857021935517e+05
4.201589298250421416e+05
4.217217527131536044e+05
4.235353042239921633e+05
4.255253924993023393e+05
4.276034254286178038e+05
4.296785433339580777e+05
4.316690973496396327e+05
4.335115676372629823e+05
4.351657610193713335e+05
4.366160200817706063e+05
4.378689599706386216e+05
4.389487510204297141e+05
4.398911304319705232e+05
4.407372135296280612e+05
4.415279143926372053e+05
4.422995128527424531e+05
4.430807006664937944e+05
4.438912991584116826e+05
4.447426928210586775e+05
4.456397946003449033e+05
4.465840442358495202e+05
4.475766373013637494e+05
4.486210488501294167e+05
4.497240802278274205e+05
4.508951228426288581e+05
4.521439423637134023e+05
4.534777884138199151e+05
4.548988071059325594e+05
4.564025075613076915e+05
4.579775324918442639e+05
4.596064585146919708e+05
4.612670503156327759e+05
4.629334308328964398e+05
4.645769467152668512e+05
4.661669136939239106e+05
4.676717055729336571e+05
4.690606676267845323e+05
4.703070835156545509e+05
4.713920109790585120e+05
4.723083864384111948e+05
4.730645300738221849e+05
4.736861476062989095e+05
4.742161304463471752e+05
4.747118402264579781e+05
4.752400241719774785e+05
4.758699357484960929e+05
4.766655464562301058e+05
4.776778853392272722e+05
4.789385270609022118e+05
4.804550882566676592e+05
4.822093210993630928e+05
4.841580574295223923e+05
4.862369081097990857e+05
4.883663132880541962e+05
4.904593114202520810e+05
4.924302645104181720e+05
4.942037305626923917e+05
4.957226783727799193e+05
4.969552616278248606e+05
4.978993961900222348e+05
4.985844343548653997e+05
4.990693496739963302e+05
4.994370987061611377e+05
4.997852669159265351e+05
5.002137456519577536e+05
5.008109510043404298e+05
5.016407990191080607e+05
5.027330236680262606e+05
5.040791913380234037e+05
5.056357867157727014e+05
5.073341317586320220e+05
5.090950573860735167e+05
5.108447825670762104e+05
5.125279578347341157e+05
5.141146128111448488e+05
5.155996583360656514e+05
5.169960098102442571e+05
5.183244318641074351e+05
5.196040594772459590e+05
5.208468765740530798e+05
5.220575080265013385e+05
5.232373210056412499e+05
5.243900470177403186e+05
5.255256821478978964e+05
5.266604559382887091e+05
5.278126641881526448e+05
5.289961946655722568e+05
5.302147079262282932e+05
5.314591814077032031e+05
5.327100498726204969e+05
5.339431954356053611e+05
5.351374670221386477e+05
5.362809197412338108e+05
5.373737061898428947e+05
5.384271050095319515e+05
5.394597784891569754e+05
5.404932811332030687e+05
5.415487286110622808e+05
5.426455278304469539e+05
5.438017284943639534e+05
5.450345807974557392e+05
5.463597624698010040e+05
5.477885228002689546e+05
5.493232793466603616e+05
5.509533417894880986e+05
5.526528428378208773e+05
5.543823925522048958e+05
5.560946584711646428e+05
5.577425719773782184e+05
5.592878141948244302e+05
5.607070791737961117e+05
5.619943995341215050e+05
5.631592125528681790e+05
5.642212759750875412e+05
5.652044602469279198e+05
5.661315337621151702e+05
5.670213604028875707e+05
5.678888018249685410e+05
5.687465649150221143e+05
5.696076786871779477e+05
5.704873780323562678e+05
5.714037499177245190e+05
5.723771880716012092e+05
5.734291340236784890e+05
5.745805834150328301e+05
5.758505083478958113e+05
5.772539811112037860e+05
5.787996780385569436e+05
5.804867191322919680e+05
5.823013456539252074e+05
5.842144708188727964e+05
5.861813568750463892e+05
5.881444014431429096e+05
5.900392819009167142e+05
5.918037153492174111e+05
5.933871560257938690e+05
5.947591952208048897e+05
5.959144911688518478e+05
5.968728125499155140e+05
5.976740800858655712e+05
5.983697632989732083e+05
5.990131266734527890e+05
5.996511588212926872e+05
6.003203517021662556e+05
6.010470095891042147e+05
6.018510137986186892e+05
6.027506649206323782e+05
6.037659312568550231e+05
6.049182852762306575e+05
6.062269309509146260e+05
