6.120929318724889308e+05
6.103245270081973867e+05
6.086803168357679388e+05
6.071540311208799249e+05
6.057307022107979283e+05
6.043921408312092535e+05
6.031213651921792189e+05
6.019050363688926445e+05
6.007337396478943992e+05
5.996006998593029566e+05
5.984999394718880067e+05
5.974248456033980474e+05
5.963676807704202365e+05
5.953199901317815529e+05
5.942734028549937066e+05
5.932201827049846761e+05
5.921530743186310865e+05
5.910643898280401481e+05
5.899446919793677516e+05
5.887816884082579054e+05
5.875599752931488911e+05
5.862620643161814660e+05
5.848707629559404450e+05
5.833725541349493433e+05
5.817612512694878969e+05
5.800410045187756186e+05
5.782277931838051882e+05
5.763488776062267134e+05
5.744402168850511080e+05
5.725424071991898818e+05
5.706960549359865254e+05
5.689375385129376082e+05
5.672958471471079392e+05
5.657907663001589244e+05
5.644323104893129785e+05
5.632211199318905128e+05
5.621495353480052436e+05
5.612031265949374065e+05
5.603624421681546373e+05
5.596046305227582343e+05
5.589044616739071207e+05
5.582343268426065333e+05
5.575631390640001046e+05
5.568546511331031797e+05
5.560663086066961987e+05
5.551500330356067279e+05
5.540560363087729784e+05
5.527398878402971895e+05
5.511718519016973441e+05
5.493464152887526434e+05
5.472893575741826789e+05
5.450599177163369022e+05
5.427465625168045517e+05
5.404563185043858830e+05
5.382992172939225566e+05
5.363707322610879783e+05
5.347358125792135252e+05
5.334180194487124681e+05
5.323962778458788525e+05
5.316100455661440501e+05
5.309716886711118277e+05
5.303831214855208527e+05
5.297528702549224254e+05
5.290099356564844493e+05
5.281120319396831328e+05
5.270474741501434473e+05
5.258315378532888135e+05
5.244990553836814361e+05
5.230952199923738954e+05
5.216662669641982648e+05
5.202512570057057892e+05
5.188758700891119079e+05
5.175489547969800187e+05
5.162623947240994894e+05
5.149944469372668536e+05
5.137160274967752048e+05
5.123986368962536799e+05
5.110220475634554168e+05
5.095798020304982201e+05
5.080810966067666886e+05
5.065486140616958728e+05
5.050130026218129206e+05
5.035056121675187023e+05
5.020515137475589290e+05
5.006646401445671218e+05
4.993461785196292331e+05
4.980863561919636559e+05
4.968687939875595621e+05
4.956759435338529292e+05
4.944939545993597712e+05
4.933156568293474847e+05
4.921410472848715726e+05
4.909755018306515994e+05
4.898266019046027795e+05
4.887007818680890487e+05
4.876008786826802534e+05
4.865251776395007619e+05
4.854678931554441224e+05
4.844204622004454723e+05
4.833727916307942360e+05
4.823137982516862103e+05
4.812311330916216248e+05
4.801106305504807387e+05
4.789364290475224843e+05
4.776926135417381884e+05
4.763666021902310313e+05
4.749535864862557501e+05
4.734605627784931567e+05
4.719082647603704827e+05
4.703297933772864635e+05
4.687657907642097562e+05
4.672572087713049841e+05
4.658376004347405396e+05
4.645270726914782426e+05
4.633295094329537824e+05
4.622336146925765206e+05
4.612171287304537836e+05
4.602526582437925972e+05
4.593132384795561084e+05
4.583760865567974979e+05
4.574238371682244469e+05
4.564435168532880489e+05
4.554242204393401043e+05
4.543546515001324588e+05
4.532213797029060079e+05
4.520080960777521250e+05
4.506956594669530168e+05
4.492625775278801448e+05
4.476857755466934759e+05
4.459418662819758756e+05
4.440093405103158439e+05
4.418719421830133069e+05
4.395229860001329216e+05
4.369697445687891450e+05
4.342365927504062420e+05
4.313655927193689859e+05
4.284136982944286428e+05
4.254466191814015037e+05
4.225303511296244105e+05
4.197221471216649516e+05
4.170630298050430138e+05
4.145736947728121304e+05
4.122548537093530176e+05
4.100919109504295629e+05
4.080626860417877324e+05
4.061460579685275443e+05
4.043291901763483183e+05
4.026114658515575575e+05
4.010042425073964987e+05
3.995266790471224231e+05
3.981988397406975273e+05
3.970338151472001337e+05
3.960306901050927700e+05
3.951699419784083148e+05
3.944123987193900393e+05
3.937022907259962521e+05
3.929741978151661460e+05
3.921628554845481412e+05
3.912139921693337965e+05
3.900938873995069880e+05
3.887954355747374939e+05
3.873392660082752118e+05
3.857697204220650601e+05
3.841467988415196887e+05
3.825360796907764161e+05
3.809988112803856493e+05
3.795838957777807955e+05
3.783226619289803202e+05
3.772265552605377161e+05
3.762874306974897045e+05
3.754800205144627835e+05
3.747661741423240164e+05
3.741004035241581150e+05
3.734360450389786274e+05
3.727310937319789664e+05
3.719527047967516119e+05
3.710796404684218578e+05
3.701025132814837270e+05
3.690222951868601376e+05
3.678479391209496534e+05
3.665939419919825741e+05
3.652783348086003680e+05
3.639211518550034380e+05
3.625431503773780423e+05
3.611645309836521628e+05
3.598035738336897339e+05
3.584752865688176244e+05
3.571902232902496471e+05
3.559535686318330700e+05
3.547644813930450473e+05
3.536156649013928836e+05
3.524932061482450808e+05
3.513768388994907145e+05
3.502408389428716619e+05
3.490556988187254174e+05
3.477905804001312354e+05
3.464163791301762685e+05
3.449091102013072232e+05
3.432532488296289230e+05
3.414445951057388447e+05
3.394921781812274130e+05
3.374187060521046515e+05
3.352591798459694255e+05
3.330575717875513947e+05
3.308618788781840121e+05
3.287182890552424942e+05
3.266654794446004671e+05
3.247300966821783804e+05
3.229242320919358754e+05
3.212452806250769063e+05
3.196780935820958694e+05
3.181989247584110708e+05
3.167804030367424712e+05
3.153966620998667786e+05
3.140278043907314423e+05
3.126630434935032390e+05
3.113021258992258809e+05
3.099549403483786737e+05
3.086395236524016946e+05
3.073788963440917432e+05
3.061972534509327961e+05
3.051159881556783221e+05
3.041499001441292930e+05
3.033038436992241186e+05
3.025700961967983167e+05
3.019268838868187740e+05
3.013386793298542034e+05
3.007588943089680397e+05
3.001352666384313488e+05
2.994175525512208696e+05
2.985662662073019892e+05
2.975604971375883906e+05
2.964026517296683742e+05
2.951185143302167999e+05
2.937522253242052393e+05
2.923572507018103497e+05
2.909856363216431928e+05
2.896783346762709552e+05
2.884589718337880913e+05
2.873322592785482993e+05
2.862868076650023577e+05
2.853009070819779299e+05
2.843492903342657955e+05
2.834090790942539461e+05
2.824638106391726760e+05
2.815052713919579401e+05
2.805334703735402436e+05
2.795553076387267211e+05
2.785823975029764697e+05
2.776283105558177340e+05
2.767054182520307950e+05
2.758216454530385672e+05
2.749776756574579631e+05
2.741653199291130295e+05
2.733676783317566733e+05
2.725613401505560614e+05
2.717202928653356503e+05
2.708206538904685876e+05
2.698450236030250089e+05
2.687853128076669527e+05
2.676433142994623049e+05
2.664289331053676433e+05
2.651566594866850646e+05
2.638413571876328206e+05
2.624945989393343916e+05
2.611225621151501255e+05
2.597259637208055356e+05
2.583018305980872537e+05
2.568462898082442116e+05
2.553572355327974365e+05
2.538358055270820332e+05
2.522860663645500026e+05
2.507130033769260335e+05
2.491195871354198898e+05
2.475040910305368598e+05
2.458588066523866146e+05
2.441708464660194877e+05
2.424249999808162393e+05
2.406078858836496947e+05
2.387121859752743621e+05
2.367397243305976153e+05
2.347025695257669140e+05
2.326220262725230132e+05
2.305260797753871302e+05
2.284462954944241501e+05
2.264151959195038362e+05
2.244647406271479267e+05
2.226259025061880529e+05
2.209287399136539607e+05
2.194020778558565653e+05
2.180720692683966481e+05
2.169594538335952966e+05
2.160760336266622471e+05
2.154214328344489913e+05
2.149813562380380463e+05
2.147282361701456539e+05
2.146244917798121751e+05
2.146278844781265361e+05
2.146979132827018038e+05
2.148020132367071055e+05
2.149204905858861457e+05
2.150495057972980721e+05
2.152018128965860815e+05
2.154052491732482158e+05
2.156991185594752315e+05
2.161286943459277099e+05
2.167381832919561712e+05
2.175627040270135331e+05
2.186201149289953755e+05
2.199037796056274674e+05
2.213774508550837636e+05
2.229732903911653848e+05
2.245936114869935845e+05
2.261163258881522343e+05
2.274034587758574635e+05
2.283116423104761925e+05
2.287033279141013045e+05
2.284575818079186138e+05
2.274796472952094628e+05
2.257088034816181462e+05
2.231242663679777761e+05
2.197488927242117643e+05
2.156503090713904821e+05
2.109389443191989267e+05
2.057624671283228963e+05
2.002964287584620761e+05
1.947314806946385652e+05
1.892582426117141731e+05
1.840515351981325366e+05
1.792560601361092704e+05
1.749755713760397921e+05
1.712671100560593768e+05
1.681410525209837360e+05
1.655667164715386461e+05
1.634823024323334976e+05
1.618072355467216112e+05
1.604546835579222243e+05
1.593422271482970973e+05
1.583992851373855374e+05
1.575707660007925006e+05
1.568172807097960031e+05
1.561128816929205786e+05
1.554415583915689203e+05
1.547936245722085296e+05
1.541627907861728454e+05
1.535442887097684725e+05
1.529340412068365549e+05
1.523286270418247441e+05
1.517256810754124017e+05
1.511243699492011801e+05
1.505256525443507708e+05
1.499321457773090224e+05
1.493475502923280292e+05
1.487757283438799204e+05
1.482196426886369300e+05
1.476804312470553268e+05
1.471568827175288170e+05
1.466454849215254653e+05
1.461410584846980346e+05
1.456378091523775365e+05
1.451304943190880294e+05
1.446153582395572739e+05
1.440905689505570917e+05
1.435560646911004442e+05
1.430129244313139061e+05
1.424625371072966082e+05
1.419058976808229927e+05
1.413432901198449836e+05
1.407744614403017913e+05
1.401992113199802116e+05
1.396181835163584037e+05
1.390335879964954802e+05
1.384496100958773168e+05
1.378723509402112395e+05
1.373092578547084704e+05
1.367681170826943126e+05
1.362557777793320711e+05
1.357768452815682977e+05
1.353326099116236146e+05
1.349204497845223523e+05
1.345338561213000794e+05
1.341630938300824200e+05
1.337963697251982521e+05
1.334212855944093608e+05
1.330263353718165890e+05
1.326022594509092742e+05
1.321431544754690840e+05
1.316473037174431665e+05
1.311177119179733563e+05
1.305623054175488942e+05
1.299937257866560976e+05
1.294286362661877065e+05
1.288864887344458402e+05
1.283877564264901303e+05
1.279517085399728094e+05
1.275938793739514804e+05
1.273234687007781904e+05
1.271410001768232032e+05
1.270366404071665893e+05
1.269896017649610149e+05
1.269689730714889156e+05
1.269361240696346940e+05
1.268485369558028760e+05
1.266645989186771913e+05
1.263486319212834205e+05
1.258753163090361486e+05
1.252327221539488091e+05
1.244233886899562640e+05
1.234632399887528300e+05
1.223785218870240642e+05
1.212013103343881812e+05
1.199643993992384931e+05
1.186964717372864980e+05
1.174183626729551761e+05
1.161409739414080104e+05
1.148650429066143988e+05
1.135826229555015016e+05
1.122798687742205075e+05
1.109405924237860454e+05
1.095500509538729675e+05
1.080984884573325544e+05
1.065840231456100009e+05
1.050145134323177190e+05
1.034080751501805789e+05
1.017920074168480060e+05
1.002000654373213474e+05
9.866830040396872209e+04
9.723001657894671371e+04
9.591067606282942870e+04
9.472370834434688732e+04
9.366808685865886218e+04
9.272821773823304102e+04
9.187621769095367927e+04
9.107615896976774093e+04
9.028945964577152336e+04
8.948039422995455971e+04
8.862073026420395763e+04
8.769273398643865949e+04
8.669015988710097736e+04
8.561725458756866283e+04
8.448618100534020050e+04
8.331353861483235960e+04
8.211677519969937566e+04
8.091123335803879309e+04
7.970835988270626694e+04
7.851527514892414911e+04
7.733553679875809758e+04
7.617063836228895525e+04
7.502164275662797445e+04
7.389039656628247758e+04
7.277997456975094974e+04
7.169428818383940961e+04
7.063706484362937044e+04
6.961059433060797164e+04
6.861470362946008390e+04
6.764635810879118799e+04
6.670011251490593713e+04
6.576938960649196815e+04
6.484830707394861383e+04
6.393358041308508109e+04
6.302597256934926554e+04
6.213087630727382930e+04
6.125787488427708013e+04
6.041943881007717573e+04
5.962915905436301546e+04
5.889999350761755340e+04
5.824289128033530142e+04
5.766592285050392093e+04
5.717380314970730979e+04
5.676756629427366715e+04
5.644419290709571214e+04
5.619617807975589676e+04
5.601126561865623080e+04
5.587274412659072550e+04
5.576071247622519877e+04
5.565455070109647932e+04
5.553652523725586798e+04
5.539611736886222207e+04
5.523440962016699632e+04
5.506778812490255950e+04
5.493034819870653155e+04
5.487467589901556494e+04
5.497100450938237918e+04
5.530496779770946887e+04
5.597417531520840566e+04
5.708358713659523346e+04
5.873925658322554955e+04
6.103965056711615762e+04
6.406372705409121409e+04
6.785549274253571639e+04
7.240596517343455344e+04
7.763513641079647641e+04
8.337819265967329557e+04
8.938118799874122487e+04
9.531091739610533114e+04
1.007815189565820328e+05
1.053965763748691825e+05
1.088010778315684584e+05
1.107338821568257699e+05
1.110697351857739413e+05
1.098412205393359181e+05
1.072352141426300950e+05
1.035643143037980044e+05
9.921955484403985611e+04
9.461469213389760989e+04
9.013336967080640898e+04
8.608844209013656655e+04
8.269862378034883295e+04
8.008292063844965014e+04
7.826947164866472303e+04
7.721338760325306794e+04
7.681807785263354890e+04
7.695588887413352495e+04
7.748578905196042615e+04
7.826751297501543013e+04
7.917253914889571024e+04
8.009245085808049771e+04
8.094489197665679967e+04
8.167689239767032268e+04
8.226515195308857074e+04
8.271308594571624417e+04
8.304496993087448936e+04
8.329814162275650597e+04
8.351465926441186457e+04
8.373389926526565978e+04
8.398726874880993273e+04
8.429561949258507229e+04
8.466927263751118153e+04
8.511000213840069773e+04
8.561402530875119555e+04
8.617505916949201492e+04
8.678676555012635072e+04
8.744429246026893088e+04
8.814496562124525371e+04
8.888837105675674684e+04
8.967606229294394143e+04
9.051098698978239554e+04
9.139658323725599621e+04
9.233546423813902948e+04
9.332773625306981558e+04
9.436922104146576021e+04
9.545005173743498744e+04
9.655415293794946047e+04
9.765994914449125645e+04
9.874232260218402371e+04
9.977548950138657528e+04
1.007362170679507835e+05
1.016067394365735381e+05
1.023768385668606352e+05
1.030447659041184088e+05
1.036169062224595546e+05
1.041062746153226035e+05
1.045300853107412986e+05
1.049067584113190533e+05
1.052528496056606527e+05
1.055804732073041669e+05
1.058957811527073354e+05
1.061989011464955693e+05
1.064854163166300132e+05
1.067490565012642328e+05
1.069849047088942752e+05
1.071922480830050772e+05
1.073763024170879653e+05
1.075483809139360383e+05
1.077245265081801917e+05
1.079230122396009683e+05
1.081613156892953120e+05
1.084531738180013635e+05
1.088061976277056383e+05
1.092203744292329939e+05
1.096876704827510403e+05
1.101928583866756380e+05
1.107155759779581567e+05
1.112334328665640496e+05
1.117257321183672320e+05
1.121771457065329159e+05
1.125805741892830265e+05
1.129385038627721224e+05
1.132624526105574041e+05
1.135705072699016018e+05
1.138834009135503293e+05
1.142199541074620502e+05
1.145929248205948243e+05
1.150063208146375255e+05
1.154550041920914373e+05
1.159269827632551605e+05
1.164082139692372439e+05
1.168891728774557123e+05
1.173720076412113267e+05
1.178769448760546511e+05
1.184467487596780702e+05
1.191484046858891234e+05
1.200716305460521980e+05
1.213241497536873794e+05
1.230238099661386077e+05
1.252876617898928089e+05
1.282182049705787213e+05
1.318873701115127478e+05
1.363195249765074986e+05
1.414757582777505741e+05
1.472425663887971605e+05
1.534284056206071400e+05
1.597710038274735562e+05
1.659567360444875667e+05
1.716510020903512486e+05
1.765359633943781664e+05
1.803499201364949695e+05
1.829216729444757511e+05
1.841937483543182898e+05
1.842302886595592136e+05
1.832082410827630083e+05
1.813935252173551708e+05
1.791064015738752787e+05
1.766817947837131505e+05
1.744306424695609603e+05
1.726075598224619462e+05
1.713885671336691303e+05
1.708607431217034464e+05
1.710238180177367467e+05
1.718021659607290931e+05
1.730645249428109673e+05
1.746480980579983443e+05
1.763834625331456482e+05
1.781169164699883549e+05
1.797275077365374600e+05
1.811369661236499378e+05
1.823119859844706370e+05
1.832595905585818691e+05
1.840174054747993068e+05
1.846413419145226653e+05
1.851932937484419090e+05
1.857309908144522633e+05
1.863012825457100989e+05
1.869371179998021107e+05
1.876576203128315974e+05
1.884701296251501772e+05
1.893729817322625604e+05
1.903580416367156722e+05
1.914124750024627429e+05
1.925197419695682183e+05
1.936601872963541537e+05
1.948117836281501804e+05
1.959515304671711347e+05
1.970577509911953530e+05
1.981131441929920693e+05
1.991080569360305963e+05
2.000431641416143975e+05
2.009306869634684990e+05
2.017934860182988050e+05
2.026618130953439104e+05
2.035680884747269447e+05
2.045406354474235559e+05
2.055976780462032766e+05
2.067429601716630277e+05
2.079640308083342679e+05
2.092336334861349023e+05
2.105139135833589244e+05
2.117625338254632079e+05
2.129394466036082304e+05
2.140130813101989916e+05
2.149650031427765789e+05
2.157925324111401860e+05
2.165092161136366776e+05
2.171433196758757986e+05
2.177346568585294590e+05
2.183301674377704330e+05
2.189787532704023470e+05
2.197260046452158131e+05
2.206095322785615281e+05
2.216555782697919349e+05
2.228773586057466746e+05
2.242752192237479612e+05
2.258382790127891931e+05
2.275469335105852515e+05
2.293755141306134465e+05
2.312945604696318333e+05
2.332724869263397995e+05
2.352767658453022013e+05
2.372749680922190601e+05
2.392360234673571540e+05
2.411319024449674762e+05
2.429396629368882859e+05
2.446435601915827137e+05
2.462367696718830848e+05
2.477222584936566127e+05
2.491124531407920585e+05
2.504275580963899265e+05
2.516926434629227151e+05
2.529338974824988691e+05
2.541746785842378740e+05
2.554321333872272517e+05
2.567151053700848133e+05
2.580238113214857003e+05
2.593513441015363496e+05
2.606865811562604504e+05
2.620176938420490187e+05
2.633353009873424307e+05
2.646344489852274419e+05
2.659149780923423823e+05
2.671803118094872916e+05
2.684351223932786379e+05
2.696825684924479574e+05
2.709218452756577171e+05
2.721466821645422024e+05
2.733452417618525214e+05
2.745016622074258630e+05
2.755992449002083158e+05
2.766249995443915250e+05
2.775749223175972584e+05
2.784590602272150572e+05
2.793052126774847857e+05
2.801601479082129663e+05
2.810875190776350792e+05
2.821622161512064049e+05
2.834615725042746053e+05
2.850545135212590103e+05
2.869902571389736258e+05
2.892884605560228811e+05
2.919326959005537210e+05
2.948687960427728249e+05
2.980089315011145663e+05
3.012413066914277151e+05
3.044442367010032758e+05
3.075023253874665243e+05
3.103218111571926856e+05
3.128421352979143267e+05
3.150415160914069274e+05
3.169356417582956492e+05
3.185701702284570783e+05
3.200090854263327783e+05
3.213217166437422275e+05
3.225711995077801403e+05
3.238064295409916085e+05
3.250584279051912017e+05
3.263408791918572388e+05
3.276537299325804925e+05
3.289883221723932656e+05
3.303325806418234133e+05
3.316751504257047200e+05
3.330079129288355471e+05
3.343268202402739553e+05
3.356313684145816951e+05
3.369232397738932632e+05
3.382047024563223822e+05
3.394773023165868944e+05
3.407412441226959927e+05
3.419956407886516536e+05
3.432395219031475717e+05
3.444731906910804100e+05
3.456993101121982909e+05
3.469231037229909562e+05
3.481513289027018473e+05
3.493901477734626969e+05
3.506424990045514423e+05
3.519058492313869065e+05
3.531711516509299399e+05
3.544234929254140006e+05
3.556444298332625767e+05
3.568155958225200302e+05
3.579229091409999528e+05
3.589606340900899377e+05
3.599345577718542190e+05
3.608635874265088933e+05
3.617791703734476469e+05
3.627221772808908136e+05
3.637373377297670231e+05
3.648659316670795088e+05
3.661380421325842035e+05
3.675660171998984879e+05
3.691406858261951129e+05
3.708313043626326253e+05
3.725893484907491948e+05
3.743553922800244763e+05
3.760676979984015925e+05
3.776709193512542406e+05
3.791234828328349977e+05
3.804026312210951000e+05
3.815066329887124593e+05
3.824541573517405777e+05
3.832812159568754723e+05
3.840363462244309485e+05
3.847748416506262729e+05
3.855528148163890583e+05
3.864217262834091089e+05
3.874237803741483949e+05
3.885883611403171089e+05
3.899295418484375696e+05
3.914446885191551410e+05
3.931142611256357632e+05
3.949030034242565744e+05
3.967627003388212761e+05
3.986365148669724585e+05
4.004646237854556530e+05
4.021905555454746936e+05
4.037674177155392827e+05
4.051631667663001572e+05
4.063642258754072827e+05
4.073770362821943127e+05
4.082274463584644254e+05
4.089581232588448329e+05
4.096243686271276674e+05
4.102888169402155327e+05
4.110155035026962287e+05
4.118637452185105649e+05
4.128822381165373372e+05
4.141037962181849289e+05
4.155412500602808432e+05
4.171851304254080751e+05
4.190037621220122674e+05
4.209461658452043775e+05
4.229476870669813361e+05
4.249376572898773593e+05
4.268478731555065606e+05
4.286204773646269459e+05
4.302140319123019581e+05
4.316070829521850101e+05
4.327990847960337996e+05
4.338089471033026930e+05
4.346716185719558271e+05
4.354331387566660997e+05
4.361446803658740828e+05
4.368563762317040237e+05
4.376120635929870186e+05
4.384461785470124451e+05
4.393835999015709967e+05
4.404422370791572612e+05
4.416369279881718685e+05
4.429823761313001742e+05
4.444929735243786708e+05
4.461785780197498389e+05
4.480372138024027809e+05
4.500473916513112490e+05
4.521634425415892620e+05
4.543165137732820003e+05
4.564219638804685674e+05
4.583916411467870930e+05
4.601479069114712765e+05
4.616358917533216299e+05
4.628313545558561455e+05
4.637431035039087292e+05
4.644104755161923822e+05
4.648972894826554693e+05
4.652838507930625929e+05
4.656582467257274548e+05
4.661077439774870872e+05
4.667108677450450487e+05
4.675307283767422778e+05
4.686101792115618591e+05
4.699692274093101732e+05
4.716047247838859330e+05
4.734918949579914333e+05
4.755869729823039379e+05
4.778303344807094545e+05
4.801499414746116381e+05
4.824654661813856219e+05
4.846937132152674603e+05
4.867557032569117728e+05
4.885850431532468647e+05
4.901363116769180633e+05
4.913915946371297468e+05
4.923633650677817059e+05
4.930926909675784991e+05
4.936429987758158240e+05
4.940908499478411395e+05
4.945159337596326368e+05
4.949924828454392264e+05
4.955836169431276503e+05
4.963390053881149506e+05
4.972951189164554235e+05
4.984765920103045646e+05
4.998970685346128885e+05
5.015583875589895761e+05
5.034479169694393640e+05
5.055349398428926943e+05
5.077678529112194083e+05
5.100742060224334709e+05
5.123651274017217220e+05
5.145445296363561647e+05
5.165220154480992933e+05
5.182270835943961283e+05
5.196215248719279771e+05
5.207070484335821238e+05
5.215261571262014913e+05
5.221558080276305554e+05
5.226950217948298086e+05
5.232489194417498657e+05
5.239123673617280438e+05
5.247563766858809395e+05
5.258196820532358252e+05
5.271067093738156836e+05
5.285917193141527241e+05
5.302276119000163162e+05
5.319570032490163576e+05
5.337229456553847995e+05
5.354771014890848892e+05
5.371841529243421974e+05
5.388224273198005976e+05
5.403817681446620263e+05
5.418602651778527070e+05
5.432614224507373292e+05
5.445927541235799436e+05
5.458659155075928429e+05
5.470976509316003649e+05
5.483103849961236119e+05
5.495313566756219370e+05
5.507897463622768410e+05
5.521120460456205765e+05
5.535166644606463378e+05
5.550091767830487806e+05
5.565795929879371542e+05
5.582025662615812616e+05
5.598407559990205336e+05
5.614508125511660473e+05
5.629908525896567153e+05
5.644279670004829532e+05
5.657442943935160292e+05
5.669404851262881421e+05
5.680359042496809270e+05
5.690655666179506807e+05
5.700744273342092056e+05
5.711101325906820130e+05
5.722155762632143451e+05
5.734225778589996044e+05
5.747477326268609613e+05
5.761910566731567960e+05
5.777375362262118142e+05
5.793611606752215885e+05
5.810305459224011283e+05
5.827149269891715376e+05
5.843892152821407653e+05
5.860370450052455999e+05
5.876512602084339596e+05
5.892319919343754882e+05
5.907831305496450514e+05
5.923083918936725240e+05
5.938081782470004400e+05
5.952780690087386174e+05
5.967092043836173834e+05
5.980902710815988248e+05
5.994104390839443076e+05
6.006624929321506061e+05
6.018454932435440132e+05
6.029664858249240788e+05
6.040409665401860839e+05
6.050919967997903004e+05
6.061480747543848120e+05
6.072401044682995416e+05
6.083980049707574071e+05
6.096475539609699044e+05
6.110078971807688940e+05
6.124898258621429559e+05
6.140946115474544931e+05
6.158131032686090330e+05
6.176250352899200516e+05
6.194989499313338893e+05
6.213935137375013437e+05
6.232609813084532507e+05
6.250530051240990870e+05
6.267280613604048267e+05
6.282588634675103240e+05
6.296377183526875451e+05
6.308781136646845844e+05
6.320118529431741918e+05
6.330824115450737299e+05
6.341363507987804478e+05
6.352151502555760089e+05
6.363495038972278126e+05
6.375571164706631098e+05
6.388437493125757901e+05
6.402062259353047702e+05
6.416357260189182125e+05
6.431200859230665956e+05
6.446447457209679997e+05
6.461929525447684573e+05
6.477463479824329261e+05
6.492868657022293191e+05
6.508000465644313954e+05
6.522788670790429460e+05
6.537265093496887712e+05
6.551565561136116739e+05
6.565899072039945750e+05
6.580489539218057180e+05
6.595506768638761714e+05
6.611008528273812262e+05
6.626912365474196849e+05
6.643005613679860253e+05
6.658989208134826040e+05
6.674540895921352785e+05
6.689380014928786550e+05
6.703319697187421843e+05
6.716300092766295420e+05
6.728403222956847167e+05
6.739852595483760815e+05
6.750998294765331084e+05
6.762284080980914878e+05
6.774191918650054140e+05
6.787164506078839768e+05
6.801516822032680502e+05
6.817358238780776737e+05
6.834550630826967536e+05
6.852720892404102487e+05
