6.820280708009218797e+05
6.804230988114244537e+05
6.787083978145500878e+05
6.768820027588201920e+05
6.749537438501417637e+05
6.729473316946306732e+05
6.709005646272596205e+05
6.688630805148221552e+05
6.668915808176174760e+05
6.650430256391265430e+05
6.633667943421204109e+05
6.618971141003231751e+05
6.606471105887101730e+05
6.596056119989873841e+05
6.587373711729641072e+05
6.579867451328599127e+05
6.572842189551721094e+05
6.565546382733756909e+05
6.557257575464320835e+05
6.547357843477635179e+05
6.535389667194643989e+05
6.521088025915493490e+05
6.504389752633342287e+05
6.485424864837491186e+05
6.464495919687416172e+05
6.442050579308321467e+05
6.418650381719666766e+05
6.394936356584699824e+05
6.371590596834295429e+05
6.349292702826504828e+05
6.328671082688540919e+05
6.310250914989971789e+05
6.294402509557389421e+05
6.281295333445732249e+05
6.270863864540669601e+05
6.262791630905288039e+05
6.256519178302275250e+05
6.251279987988260109e+05
6.246165198761296924e+05
6.240213362488324055e+05
6.232516090291209985e+05
6.222325792728768429e+05
6.209149512766241096e+05
6.192814243129484821e+05
6.173493950629938627e+05
6.151695240947653074e+05
6.128204941238015890e+05
6.104007081949354615e+05
6.080178436270217644e+05
6.057771976110596443e+05
6.037697934565074975e+05
6.020613542288057506e+05
6.006834392390329158e+05
5.996281070587823633e+05
5.988472418417595327e+05
5.982571034938108642e+05
5.977478499242446851e+05
5.971969526073884917e+05
5.964847942446707748e+05
5.955104018959107343e+05
5.942052182611017488e+05
5.925429909172581974e+05
5.905442422283116030e+05
5.882744014549218118e+05
5.858355555307330796e+05
5.833528269688354339e+05
5.809574008491681889e+05
5.787689056676717009e+05
5.768799674118793337e+05
5.753452428208561614e+05
5.741762533974591643e+05
5.733421918562473729e+05
5.727758777211806737e+05
5.723834096556089353e+05
5.720558443354213377e+05
5.716813322205443401e+05
5.711564082895586034e+05
5.703954467601807555e+05
5.693375945267934585e+05
5.679508175371877151e+05
5.662330597488267813e+05
5.642109045767934294e+05
5.619364378852744121e+05
5.594830858647342538e+05
5.569409399587020744e+05
5.544115460236214567e+05
5.520015858675563941e+05
5.498146815910277655e+05
5.479409795089156833e+05
5.464452023165822029e+05
5.453551187204082962e+05
5.446532694052667357e+05
5.442747729592481628e+05
5.441129348832273390e+05
5.440324926602016203e+05
5.438883039498925209e+05
5.435458420546413399e+05
5.428994762629197212e+05
5.418852402399898274e+05
5.404862960938265314e+05
5.387310446987017058e+05
5.366852912194818491e+05
5.344407102875178680e+05
5.321019807673802134e+05
5.297745136836704332e+05
5.275539576182701858e+05
5.255179432303273352e+05
5.237200552253089263e+05
5.221858781987327384e+05
5.209110717314536450e+05
5.198616056861811667e+05
5.189763455629476230e+05
5.181720339649693342e+05
5.173504144075886579e+05
5.164069247720455169e+05
5.152401859456442762e+05
5.137614806121505680e+05
5.119035053812239785e+05
5.096277720839192043e+05
5.069300379731063149e+05
5.038430597546614590e+05
5.004359036950825248e+05
4.968091744649677421e+05
4.930859817551556043e+05
4.893992433538836194e+05
4.858768458602694445e+05
4.826269378491353709e+05
4.797258973217598395e+05
4.772111199955718475e+05
4.750797792930963333e+05
4.732934016422995483e+05
4.717868833733381471e+05
4.704798023691804265e+05
4.692877293149554753e+05
4.681316860128838453e+05
4.669447280180135858e+05
4.656755611374364817e+05
4.642898580279903836e+05
4.627703153700993280e+05
4.611163939360090299e+05
4.593441723335098941e+05
4.574860331784611917e+05
4.555893055783131858e+05
4.537128194480016246e+05
4.519207430736278766e+05
4.502739799828848918e+05
4.488204546554686385e+05
4.475863696438857005e+05
4.465706143336417153e+05
4.457438563549214159e+05
4.450526680507713463e+05
4.444277583111944259e+05
4.437944375191541039e+05
4.430831169474130147e+05
4.422379533957453095e+05
4.412224893581837532e+05
4.400219965471308096e+05
4.386429258599023451e+05
4.371102443773709238e+05
4.354634898555315449e+05
4.337521922195915831e+05
4.320310401627741521e+05
4.303549388055570307e+05
4.287739997314725188e+05
4.273285625672216993e+05
4.260445457469707471e+05
4.249296851757108816e+05
4.239714210335035459e+05
4.231372017575518694e+05
4.223776994488744531e+05
4.216328789361231029e+05
4.208401630606856197e+05
4.199433148975307122e+05
4.189003540851101279e+05
4.176889901676721056e+05
4.163086726619062247e+05
4.147792266214595293e+05
4.131368552255150862e+05
4.114287569641997106e+05
4.097075807621660642e+05
4.080264984136602143e+05
4.064350631419859710e+05
4.049755604452386615e+05
4.036794636010770337e+05
4.025638984666164033e+05
4.016285084451194853e+05
4.008534947352181189e+05
4.001996501527823275e+05
3.996108521550919977e+05
3.990188849516990012e+05
3.983498907934912131e+05
3.975314431527756969e+05
3.964992749279545387e+05
3.952029933470545802e+05
3.936104781972913770e+05
3.917109127120003686e+05
3.895164569901656359e+05
3.870624768559781369e+05
3.844060921650806558e+05
3.816227241733829724e+05
3.788003896368145943e+05
3.760317558007724001e+05
3.734044315485617844e+05
3.709905534578969236e+05
3.688372731549404562e+05
3.669600378421766800e+05
3.653403617157954723e+05
3.639290203756499104e+05
3.626543910267505562e+05
3.614343567267294857e+05
3.601892446711614612e+05
3.588530391759519116e+05
3.573807027286171797e+05
3.557506395700232824e+05
3.539627051133994828e+05
3.520332255603543017e+05
3.499889319841536926e+05
3.478614887440843740e+05
3.456836118530472158e+05
3.434869563684483874e+05
3.413013020396160427e+05
3.391542510445722728e+05
3.370706881656468031e+05
3.350715565140257240e+05
3.331719454584918567e+05
3.313789431731945369e+05
3.296900457363083260e+05
3.280930086433310644e+05
3.265677750063159037e+05
3.250905133264700999e+05
3.236389994492828846e+05
3.221978863429010962e+05
3.207621690367645351e+05
3.193375829297127202e+05
3.179376973138817120e+05
3.165786998579246574e+05
3.152737728577023372e+05
3.140291049776629661e+05
3.128428687016977347e+05
3.117072358286688686e+05
3.106122730165044777e+05
3.095499035804514424e+05
3.085162946551002096e+05
3.075118841305951937e+05
3.065393536307378672e+05
3.056006778878211044e+05
3.046946179569490487e+05
3.038156640415401198e+05
3.029547256914129830e+05
3.021011679418736603e+05
3.012453798263889621e+05
3.003810311694392003e+05
2.995064381404865417e+05
2.986248358906056383e+05
2.977436771048570517e+05
2.968732489508616272e+05
2.960249290831553517e+05
2.952093413300960092e+05
2.944345905316565768e+05
2.937047006634300924e+05
2.930183696180890547e+05
2.923681817203252576e+05
2.917404584395725396e+05
2.911159367637895630e+05
2.904714005530654103e+05
2.897822350566133973e+05
2.890256589664683561e+05
2.881841899027619511e+05
2.872488090615894180e+05
2.862213585913165007e+05
2.851159004698662320e+05
2.839589849143028841e+05
2.827889008578571957e+05
2.816539514493079623e+05
2.806096588974411134e+05
2.797146871472336352e+05
2.790253220175624592e+05
2.785886329710459686e+05
2.784348941932677408e+05
2.785702869374477887e+05
2.789711305512434337e+05
2.795807627006388502e+05
2.803097300459549297e+05
2.810393370605526143e+05
2.816280905130794272e+05
2.819203772424044437e+05
2.817568587860919069e+05
2.809863792214976856e+05
2.794793415464552818e+05
2.771422213397762971e+05
2.739320825527387206e+05
2.698688924452021602e+05
2.650426200552685186e+05
2.596121076515083842e+05
2.537938424518630782e+05
2.478408836540519260e+05
2.420147093877790903e+05
2.365547870054752566e+05
2.316514950199506420e+05
2.274273200183571316e+05
2.239292567619858892e+05
2.211327330692097603e+05
2.189549860093669849e+05
2.172742762944496935e+05
2.159509030370705586e+05
2.148465311185977480e+05
2.138394738364778459e+05
2.128348418410445447e+05
2.117695463289668551e+05
2.106128729226901196e+05
2.093637058326562401e+05
2.080455360424824175e+05
2.067002140313204727e+05
2.053811045544322697e+05
2.041459888655294490e+05
2.030498697804502735e+05
2.021378622241011180e+05
2.014385961130475334e+05
2.009588979187155492e+05
2.006807485945181397e+05
2.005614500408700260e+05
2.005374985814728134e+05
2.005319555534468964e+05
2.004643422516694118e+05
2.002615134684416407e+05
1.998677422198425338e+05
1.992524035407803312e+05
1.984140884931060718e+05
1.973805758071475720e+05
1.962047214725062950e+05
1.949569208557441016e+05
1.937152995411065640e+05
1.925551348852038500e+05
1.915391232680940011e+05
1.907099301775126078e+05
1.900860007091142179e+05
1.896609682429960521e+05
1.894063487869356759e+05
1.892767196161650354e+05
1.892163547409395978e+05
1.891663205075513979e+05
1.890712282509618090e+05
1.888850756221914489e+05
1.885757980338771304e+05
1.881282767184910481e+05
1.875456421794358466e+05
1.868488142728411767e+05
1.860743503663237789e+05
1.852708139278937597e+05
1.844939935630648106e+05
1.838013725941137527e+05
1.832462716476944333e+05
1.828720800934532599e+05
1.827069762154132186e+05
1.827595163418061275e+05
1.830154407124463178e+05
1.834359882612631191e+05
1.839579387989486277e+05
1.844955347336318810e+05
1.849444051047192770e+05
1.851876233755474968e+05
1.851040205881323491e+05
1.845787357166864385e+05
1.835156008166621032e+05
1.818503005292310263e+05
1.795624480350727099e+05
1.766840887851731386e+05
1.733020593435710762e+05
1.695523653555908822e+05
1.656062896982370585e+05
1.616499335484465118e+05
1.578607058701308852e+05
1.543852693325315195e+05
1.513232366263274453e+05
1.487195297043879982e+05
1.465662137759530160e+05
1.448124646246376797e+05
1.433797422555370722e+05
1.421785859063850949e+05
1.411237354097655043e+05
1.401452640487399476e+05
1.391946868127384514e+05
1.382462091802798095e+05
1.372941447179258685e+05
1.363479462753496773e+05
1.354262946008816652e+05
1.345513939509759657e+05
1.337442008106268768e+05
1.330209086198955774e+05
1.323907218805552984e+05
1.318547991243391298e+05
1.314061912034276465e+05
1.310305935643238045e+05
1.307077281087519077e+05
1.304131632424127456e+05
1.301203839373815717e+05
1.298029505508284783e+05
1.294366297257755068e+05
1.290014173461473838e+05
1.284833747694047634e+05
1.278761577296016767e+05
1.271820539455998369e+05
1.264123019758607988e+05
1.255864797976964910e+05
1.247308447792630905e+05
1.238756659709027153e+05
1.230517810548260750e+05
1.222867896550769801e+05
1.216014182330766198e+05
1.210066232367977645e+05
1.205019171144225693e+05
1.200752096635338676e+05
1.197041916628498584e+05
1.193590159673604066e+05
1.190058302921085269e+05
1.186106399329535634e+05
1.181430312222825160e+05
1.175794166722916416e+05
1.169055916027249914e+05
1.161184567785553081e+05
1.152267518077735440e+05
1.142506080257931899e+05
1.132197457327004668e+05
1.121702704511487827e+05
1.111402719802406937e+05
1.101647384278092650e+05
1.092705625831181969e+05
1.084725373594766570e+05
1.077711485530398058e+05
1.071526774414354877e+05
1.065916844664275268e+05
1.060554611680670641e+05
1.055096258397658821e+05
1.049237979016432218e+05
1.042762758593929902e+05
1.035568687635042152e+05
1.027674392863695539e+05
1.019202105776197277e+05
1.010343509000781487e+05
1.001316723437173059e+05
9.923239444599003764e+04
9.835181734594021691e+04
9.749846385094949801e+04
9.667386663179905736e+04
9.587379296266990423e+04
9.509040411890948599e+04
9.431470063733350253e+04
9.353862824029104377e+04
9.275638911506698059e+04
9.196476189251347387e+04
9.116250816536585626e+04
9.034916798465607280e+04
8.952367976908321725e+04
8.868328797317543649e+04
8.782313155925167666e+04
8.693675374453145196e+04
8.601755922795609513e+04
8.506100005451006291e+04
8.406704480281379074e+04
8.304234289523446932e+04
8.200149616246028745e+04
8.096701567360002082e+04
7.996783534952499031e+04
7.903658216665119107e+04
7.820605519556270156e+04
7.750546532306786685e+04
7.695692768129071919e+04
7.657254332384512236e+04
7.635225243511659210e+04
7.628256528968790371e+04
7.633629702533750969e+04
7.647350075431987352e+04
7.664382582045388699e+04
7.679044588193044183e+04
7.685547233980060264e+04
7.678642456448570010e+04
7.654296117539817351e+04
7.610281185694542364e+04
7.546580656999077473e+04
7.465514853769214824e+04
7.371560388370104192e+04
7.270897161613135540e+04
7.170786380301223835e+04
7.078925511541269952e+04
7.002928689892932016e+04
6.950037252421217272e+04
6.927082250134271453e+04
6.940619279276893940e+04
6.997065069157247490e+04
7.102617047960043419e+04
7.262758545359151321e+04
7.481255782518618798e+04
7.758726825751134311e+04
8.091066435726611235e+04
8.468178335036596400e+04
8.873524398396584729e+04
9.284896219424615265e+04
9.676546205995732453e+04
1.002244522581030615e+05
1.030007644198349735e+05
1.049395735856664978e+05
1.059809165845778771e+05
1.061679702605908969e+05
1.056375627503073483e+05
1.045956336285187135e+05
1.032835031906574004e+05
1.019420531991455937e+05
1.007802272512039781e+05
9.995224744344521605e+04
9.954551072895024845e+04
9.957903002834216750e+04
1.000108878437329258e+05
1.007524432439647499e+05
1.016867306399762747e+05
1.026883774554390111e+05
1.036423706311455899e+05
1.044592009370137239e+05
1.050844429499241523e+05
1.055017375594985497e+05
1.057293194782419741e+05
1.058114123792085011e+05
1.058066863730199257e+05
1.057763017912576033e+05
1.057737883551681734e+05
1.058382617658867675e+05
1.059915248342302075e+05
1.062387248261059285e+05
1.065716479574896221e+05
1.069734932505603210e+05
1.074240215281529236e+05
1.079041953161801939e+05
1.083996928087396955e+05
1.089029292608496180e+05
1.094134467808973859e+05
1.099367617603419058e+05
1.104819991607458796e+05
1.110588677012573462e+05
1.116746776411392639e+05
1.123321044305961841e+05
1.130282196825011051e+05
1.137549695065995475e+05
1.145008696009043051e+05
1.152533388585502689e+05
1.160009343897649524e+05
1.167348461265133374e+05
1.174493283935868531e+05
1.181411669907691976e+05
1.188086359578694828e+05
1.194505465432321798e+05
1.200658789023758436e+05
1.206541733228671073e+05
1.212164834459998965e+05
1.217564166602312180e+05
1.222807119749086414e+05
1.227989484906473372e+05
1.233222698797823396e+05
1.238613405852699943e+05
1.244240104962180776e+05
1.250132859363594180e+05
1.256261615916661103e+05
1.262536776272572752e+05
1.268822782925159845e+05
1.274962355489428010e+05
1.280806456959319039e+05
1.286243776332554116e+05
1.291223791789567185e+05
1.295769115862383042e+05
1.299975181344561133e+05
1.303997646837505163e+05
1.308029664906254038e+05
1.312272268097002816e+05
1.316901819907391910e+05
1.322039011025391228e+05
1.327724264796440839e+05
1.333904333816455328e+05
1.340433869076892151e+05
1.347093564033032453e+05
1.353623317276613961e+05
1.359765421688491770e+05
1.365310069072391489e+05
1.370134368358032953e+05
1.374227069863008510e+05
1.377694068340646627e+05
1.380743726317314140e+05
1.383655025154279137e+05
1.386734543854772055e+05
1.390269764204622479e+05
1.394486218445075210e+05
1.399514897724843759e+05
1.405374540231171413e+05
1.411971171883133647e+05
1.419114698917581409e+05
1.426549638132832479e+05
1.433994649921811651e+05
1.441184040652227122e+05
1.447904352918998920e+05
1.454020641469546536e+05
1.459489529326641059e+05
1.464358774152521510e+05
1.468755057433334296e+05
1.472862733358717815e+05
1.476896602548765077e+05
1.481071956655571703e+05
1.485575568004241795e+05
1.490541916089523293e+05
1.496039274366541940e+05
1.502069760550474457e+05
1.508585813956721977e+05
1.515523022489292780e+05
1.522846351769103494e+05
1.530604205014512991e+05
1.538982632419766451e+05
1.548350347932284349e+05
1.559283920678846189e+05
1.572561953005582327e+05
1.589118268850241438e+05
1.609948491513064364e+05
1.635972746235766390e+05
1.667868912127981894e+05
1.705903160158180399e+05
1.749793179093336803e+05
1.798640186452129274e+05
1.850956141196795506e+05
1.904793535060504801e+05
1.957961388333704090e+05
2.008289541186148708e+05
2.053890774070448242e+05
2.093370778084173216e+05
2.125949372659380315e+05
2.151478355478016892e+05
2.170365211738076760e+05
2.183430823434099148e+05
2.191738736762000772e+05
2.196432323051590647e+05
2.198606449343755376e+05
2.199226278058391472e+05
2.199092174208643555e+05
2.198840000079581514e+05
2.198962015318733174e+05
2.199834842048810970e+05
2.201745594676414621e+05
2.204912671878217370e+05
2.209501480488824018e+05
2.215636266933554434e+05
2.223407641872855311e+05
2.232873072786841076e+05
2.244046860656860226e+05
2.256878418909536558e+05
2.271222786253212835e+05
2.286813102111765475e+05
2.303248183466597402e+05
2.320006931600364333e+05
2.336494658673879458e+05
2.352116586148742645e+05
2.366364367327852524e+05
2.378896132919062220e+05
2.389591244856587437e+05
2.398567297791008023e+05
2.406156549277658050e+05
2.412848639427120215e+05
2.419213339813547209e+05
2.425819587361998565e+05
2.433165172559961502e+05
2.441626392985901912e+05
2.451430732248278509e+05
2.462650288451462111e+05
2.475210850176466629e+05
2.488911729397242889e+05
2.503453906949296361e+05
2.518476847696753102e+05
2.533605361066597980e+05
2.548505820832718164e+05
2.562946295534248929e+05
2.576849782366547734e+05
2.590326716067101806e+05
2.603674535428984382e+05
2.617338706447752775e+05
2.631839294122051797e+05
2.647676504764790880e+05
2.665234217500299565e+05
2.684700628478338476e+05
2.706020281210670946e+05
2.728884285643997137e+05
2.752758232694248436e+05
2.776942072083196254e+05
2.800653354256023886e+05
2.823123827641616226e+05
2.843698277264415519e+05
2.861923252683893661e+05
2.877612582127425121e+05
2.890877569203207386e+05
2.902113582046665251e+05
2.911941480980276829e+05
2.921110875798308407e+05
2.930380524675326888e+05
2.940397013594936579e+05
2.951594429204487242e+05
2.964134355239723809e+05
2.977897732686665258e+05
2.992529574567279778e+05
3.007526545129933511e+05
3.022348461124778842e+05
3.036529901445442229e+05
3.049768515878345352e+05
3.061972342970953905e+05
3.073258259668370592e+05
3.083905270482394262e+05
3.094276770691759884e+05
3.104732434073064360e+05
3.115551292761258082e+05
3.126882902384375921e+05
3.138734959355954779e+05
3.150996168491563876e+05
3.163485322179757641e+05
3.176013168325393926e+05
3.188442956101922318e+05
3.200737654315698310e+05
3.212985489978366531e+05
3.225399766699762549e+05
3.238293527233953937e+05
3.252034281708968338e+05
3.266988091752151959e+05
3.283464622512726346e+05
3.301674196757161990e+05
3.321704122934042243e+05
3.343515757242851541e+05
3.366958166415084852e+05
3.391791180275404477e+05
3.417711090964289033e+05
3.444375387759695877e+05
3.471426415577956941e+05
3.498515391816963092e+05
3.525326910532111069e+05
3.551600997593753273e+05
3.577147356884037144e+05
3.601846843978309771e+05
3.625638938915168983e+05
3.648499469797308557e+05
3.670417176098026102e+05
3.691378335352709400e+05
3.711364878688459285e+05
3.730364815219787415e+05
3.748387602142961696e+05
3.765474518000115640e+05
3.781696569486180088e+05
3.797138882725582807e+05
3.811877750441107200e+05
3.825960939261944150e+05
3.839401329863194842e+05
3.852188786394745694e+05
3.864317866918927175e+05
3.875822890699928976e+05
3.886809286335612996e+05
3.897471394415860414e+05
3.908090621196505963e+05
3.919012173594119959e+05
3.930602425384284579e+05
3.943192273339162348e+05
3.957015136794909486e+05
3.972151452986657969e+05
3.988493378005394479e+05
4.005741983645310393e+05
4.023443245161696104e+05
4.041059202084325952e+05
4.058059816290235613e+05
4.074013518119336222e+05
4.088653810623155441e+05
4.101906587109745014e+05
4.113875616581063950e+05
4.124797026838126476e+05
4.134982207323103794e+05
4.144768996036571916e+05
4.154493466268008924e+05
4.164482698464495479e+05
4.175058027343277936e+05
4.186533195615439327e+05
4.199194726563181030e+05
4.213261231137291179e+05
4.228830092836997355e+05
4.245828931197149795e+05
4.263991588416025625e+05
4.282873006836918648e+05
4.301906177344243042e+05
4.320491352138305083e+05
4.338097428775380249e+05
4.354351189957714523e+05
4.369093111731839017e+05
4.382387551656003925e+05
4.394487348289218498e+05
4.405764549796799547e+05
4.416626915371518116e+05
4.427442050698206294e+05
4.438487262234340305e+05
4.449934727690870641e+05
4.461870796493822709e+05
4.474338096412029117e+05
4.487382452007482643e+05
4.501085465775548946e+05
4.515568630880626151e+05
4.530964855778854107e+05
4.547365278138340218e+05
4.564759121447036741e+05
4.582988327694401378e+05
4.601734986323346384e+05
4.620549381457745330e+05
4.638913705640560947e+05
4.656326051967027597e+05
4.672384812672046246e+05
4.686855759825839777e+05
4.699710596184402821e+05
4.711133044283512863e+05
4.721493866998445010e+05
4.731299116483000689e+05
4.741117886133522261e+05
4.751498671426465153e+05
4.762887369927329710e+05
4.775563038171085645e+05
4.789606758033951046e+05
4.804912390044503845e+05
4.821236497094325605e+05
4.838272245018160902e+05
4.855723932333713165e+05
4.873358973778809304e+05
4.891023181506522233e+05
4.908619620847762562e+05
4.926065283059976646e+05
4.943247668130737147e+05
4.960002184646727983e+05
4.976121974757736316e+05
4.991398469128145371e+05
5.005679000170554500e+05
5.018921458994595450e+05
5.031227027622684254e+05
5.042839365007899469e+05
5.054109181503999862e+05
5.065433220350446063e+05
5.077183329119121772e+05
5.089643105456638150e+05
5.102966693150030333e+05
5.117168020706786192e+05
5.132141006444062805e+05
5.147703888705393765e+05
5.163655406155550736e+05
5.179828075603009202e+05
5.196124779971769894e+05
5.212529200309885200e+05
5.229087557510375627e+05
5.245867199374779593e+05
5.262904693536035484e+05
5.280160021588058444e+05
5.297492569094183855e+05
5.314668623220367590e+05
5.331400577126850840e+05
5.347408008580410387e+05
5.362483651151462691e+05
5.376545456176283769e+05
5.389659976162663661e+05
5.402030676462855190e+05
5.413954706324475119e+05
5.425760189830025192e+05
5.437741069295258494e+05
5.450106936316618230e+05
5.462961153241276043e+05
5.476312758745036554e+05
5.490117777710900409e+05
5.504336001999671571e+05
5.518982997571021551e+05
5.534156715000708355e+05
5.550024895641526673e+05
5.566772254297557520e+05
5.584521306790946983e+05
5.603252278174351668e+05
5.622750926878073951e+05
5.642606278931705747e+05
5.662265067086485215e+05
5.681131416053661378e+05
5.698685628449863289e+05
5.714590019253881183e+05
5.728754347446038155e+05
5.741346249984395690e+05
5.752748175874971785e+05
5.763476083616424585e+05
5.774082640847149305e+05
5.785067656581614865e+05
5.796812454140876653e+05
5.809545929230471374e+05
5.823341418233502191e+05
5.838137585768871941e+05
5.853774186250148341e+05
5.870034164226298453e+05
5.886685627556405962e+05
5.903519167584221577e+05
5.920376922825596994e+05
5.937169889471874340e+05
5.953880338630104670e+05
5.970547963640964590e+05
5.987241898717359873e+05
6.004025088874176145e+05
6.020920749189652270e+05
6.037890951528990408e+05
6.054833988195097772e+05
6.071601082122699590e+05
6.088026627728174208e+05
6.103962111974081490e+05
6.119303805126688676e+05
6.134008016017671907e+05
6.148093254042135086e+05
6.161633356916296761e+05
6.174747424332123483e+05
6.187590723533632699e+05
6.200346897497584578e+05
6.213218245944329537e+05
6.226409882546507288e+05
6.240106145946667530e+05
6.254442706733025843e+05
6.269482686853528721e+05
6.285206763543882407e+05
6.301523925742298597e+05
6.318301993297319859e+05
6.335408330740963574e+05
6.352745588967349613e+05
6.370267944863593439e+05
6.387970520264795050e+05
6.405855576049777446e+05
6.423888912108005024e+05
6.441964311814925168e+05
6.459891053222703049e+05
6.477410961707714014e+05
6.494241031862515956e+05
6.510129481309106341e+05
6.524909879373267759e+05
6.538540032614951488e+05
6.551117955557539826e+05
6.562873996879180195e+05
6.574143764719036408e+05
6.585329533214730909e+05
6.596857995681292377e+05
6.609140132195045007e+05
6.622535775358116953e+05
6.637322641648156568e+05
6.653668394430617336e+05
6.671605269427585881e+05
6.691009479767598677e+05
6.711590693460460752e+05
6.732898663671482354e+05
6.754353311969242059e+05
6.775300903421324911e+05
6.795093175284017343e+05
6.813179885408884147e+05
6.829199914831240894e+05
6.843053227098251227e+05
6.854936661561325891e+05
6.865331238547720714e+05
6.874937247264187317e+05
6.884564743439904414e+05
6.894998805393527728e+05
6.906867543529276736e+05
6.920542934503989527e+05
6.936098042047390481e+05
6.953329912545301486e+05
6.971839375877932180e+05
6.991143120990969473e+05
7.010785410874548834e+05
7.030419539748247480e+05
7.049841366507194471e+05
7.068974067638904089e+05
7.087818202482901979e+05
7.106389115084441146e+05
7.124662841470785206e+05
7.142544109516750323e+05
7.159860235712304711e+05
7.176377318404711550e+05
7.191832511268963572e+05
7.205977624043248361e+05
7.218631744979301002e+05
7.229740530137103051e+05
7.239435611488213763e+05
7.248080697932086186e+05
7.256285531099414220e+05
7.264869714133822126e+05
7.274768254208175931e+05
7.286887953221820062e+05
7.301942675855624257e+05
7.320307916696602479e+05
7.341934355119589018e+05
7.366344650906864554e+05
7.392712570709208958e+05
7.419998527524290839e+05
7.447101212018072838e+05
7.472987160332491621e+05
7.496777147456562379e+05
7.517791418735013576e+05
7.535573299329915317e+05
7.549913989418423735e+05
7.560889213254721835e+05
7.568897906620015856e+05
7.574676017565777292e+05
7.579255119062799495e+05
7.583849514967226423e+05
7.589681755917995470e+05
7.597783476032725303e+05
