6.106102476847771322e+05
6.098580279989447445e+05
6.092096598560141865e+05
6.085707258067878429e+05
6.078524689679554431e+05
6.069827138190113474e+05
6.059132328324390110e+05
6.046230289256910328e+05
6.031179606022239896e+05
6.014277195585848531e+05
5.996012521194092697e+05
5.977013792320237262e+05
5.957988625105498359e+05
5.939657912466491107e+05
5.922681573473152239e+05
5.907578865423656534e+05
5.894652296017291956e+05
5.883929603593401844e+05
5.875139530508597381e+05
5.867732602125133853e+05
5.860948772494061850e+05
5.853922667650297517e+05
5.845808000967667904e+05
5.835898359650610946e+05
5.823722872976681683e+05
5.809101350993970409e+05
5.792152356245164992e+05
5.773257144827478332e+05
5.752990515008909861e+05
5.732034719646939775e+05
5.711093643268066226e+05
5.690821220693225041e+05
5.671771642434509704e+05
5.654371484400338959e+05
5.638908162890987005e+05
5.625526962000259664e+05
5.614230581879589008e+05
5.604879260246256599e+05
5.597193664983762428e+05
5.590764923305921257e+05
5.585075627761060605e+05
5.579533186064606998e+05
5.573513995713264449e+05
5.566414927126877010e+05
5.557707830068930052e+05
5.546992615028788568e+05
5.534044001084323972e+05
5.518845945297082653e+05
5.501606764879595721e+05
5.482748381387564586e+05
5.462866045053333510e+05
5.442660286989483284e+05
5.422849282618922880e+05
5.404075121513651684e+05
5.386819806923714932e+05
5.371345451742731966e+05
5.357668699440776836e+05
5.345573247924046591e+05
5.334657880029146327e+05
5.324411591276305262e+05
5.314302918077768991e+05
5.303868064067518571e+05
5.292782622111616656e+05
5.280905004508917918e+05
5.268285639647041680e+05
5.255142972474806011e+05
5.241813141014816938e+05
5.228683248708550818e+05
5.216118288051697309e+05
5.204390465745081310e+05
5.193618942955260281e+05
5.183728794878632179e+05
5.174439212879569386e+05
5.165289912370438105e+05
5.155708898585041170e+05
5.145114094117760542e+05
5.133029106121321674e+05
5.119185087158918614e+05
5.103581107091077138e+05
5.086486061918328633e+05
5.068382495914094616e+05
5.049870004407718079e+05
5.031556225951196393e+05
5.013963247940183501e+05
4.997467848966176971e+05
4.982280508172474219e+05
4.968456513495802064e+05
4.955926628226374160e+05
4.944534910861898097e+05
4.934074941081737052e+05
4.924319767641908256e+05
4.915043570431075059e+05
4.906034439247014816e+05
4.897098949889242067e+05
4.888061042744070292e+05
4.878759475742071518e+05
4.869048381267427467e+05
4.858803231982119032e+05
4.847930461759449681e+05
4.836375359860407771e+05
4.824122236766053247e+05
4.811184345036369050e+05
4.797587197464900091e+05
4.783354323320821859e+05
4.768505609518476413e+05
4.753073724368134863e+05
4.737135400346646784e+05
4.720845664139087312e+05
4.704458840586801525e+05
4.688322699825441232e+05
4.672840647552059381e+05
4.658407886900749872e+05
4.645336633587673423e+05
4.633789484740661574e+05
4.623737976865248056e+05
4.614956562132202089e+05
4.607053360085225431e+05
4.599530860377514618e+05
4.591864152330607176e+05
4.583581914748154231e+05
4.574335981168375001e+05
4.563947976905127289e+05
4.552425516328806989e+05
4.539945287705354858e+05
4.526805828650303883e+05
4.513358588872285909e+05
4.499931149488109513e+05
4.486759734108819393e+05
4.473947666903942591e+05
4.461461084339927766e+05
4.449163442579190014e+05
4.436878661675750627e+05
4.424463091905889451e+05
4.411862847971644369e+05
4.399137502942833817e+05
4.386442547738880967e+05
4.373977248140505981e+05
4.361916083883572719e+05
4.350346506857721834e+05
4.339232108690789901e+05
4.328410737732618582e+05
4.317626032019071863e+05
4.306582374899100396e+05
4.295009446817702847e+05
4.282722810350219370e+05
4.269669330825775396e+05
4.255948919784332393e+05
4.241806631828889949e+05
4.227592300195356365e+05
4.213689576626059134e+05
4.200422417228708509e+05
4.187953422025841428e+05
4.176193019691088120e+05
4.164739672812364297e+05
4.152868473853333853e+05
4.139579093557976885e+05
4.123704862038799329e+05
4.104073695122128120e+05
4.079699751731596189e+05
4.049974076594936778e+05
4.014816132686138153e+05
3.974749619837595965e+05
3.930877658261257457e+05
3.884753493208621512e+05
3.838168494183711009e+05
3.792901504823705181e+05
3.750484562540837796e+05
3.712035066070770845e+05
3.678184752278303495e+05
3.649107997929898556e+05
3.624625460207597353e+05
3.604342354914846946e+05
3.587778025417155586e+05
3.574453933660867042e+05
3.563925776411750703e+05
3.555765386767600430e+05
3.549513437694354798e+05
3.544630996335978853e+05
3.540475738193093566e+05
3.536318727593991789e+05
3.531403603987253737e+05
3.525036178115580697e+05
3.516682888563451706e+05
3.506053783109558281e+05
3.493149858371202718e+05
3.478263731987059582e+05
3.461933530631911126e+05
3.444859419455961324e+05
3.427798302137564169e+05
3.411454213107847027e+05
3.396380290803312673e+05
3.382904141929280595e+05
3.371083344730008394e+05
3.360693215624237200e+05
3.351245797036575968e+05
3.342037536688941182e+05
3.332222559356183046e+05
3.320907362248611171e+05
3.307259978587164078e+05
3.290622118243264267e+05
3.270608102985849255e+05
3.247172247407447430e+05
3.220629092170596705e+05
3.191619207003331976e+05
3.161025295712794177e+05
3.129855240459467750e+05
3.099116304096485255e+05
3.069705200342752505e+05
3.042332058776167687e+05
3.017485112540691625e+05
2.995431483133029542e+05
2.976241782163594035e+05
2.959824552749865688e+05
2.945960288261120440e+05
2.934331095093609765e+05
2.924547462969115004e+05
2.916175594225467066e+05
2.908767088068449521e+05
2.901889365678784088e+05
2.895152739033502876e+05
2.888230217537342687e+05
2.880868781115095480e+05
2.872894007268276764e+05
2.864211415484657628e+05
2.854806735788151273e+05
2.844744467067004298e+05
2.834161723695275141e+05
2.823254326924674097e+05
2.812254631461605313e+05
2.801404153742896742e+05
2.790926401704060845e+05
2.781004895759282517e+05
2.771768503530554008e+05
2.763282773148018168e+05
2.755544193838842330e+05
2.748475386383899022e+05
2.741922410261246841e+05
2.735658493946050294e+05
2.729399243190552806e+05
2.722831745915617212e+05
2.715654927788025816e+05
2.707623476317042951e+05
2.698585257645208039e+05
2.688503721108915051e+05
2.677461617281502113e+05
2.665648107588586863e+05
2.653335336725626257e+05
2.640851190901026712e+05
2.628552561273192405e+05
2.616799810203218367e+05
2.605930529318785120e+05
2.596230446518038807e+05
2.587901364769115753e+05
2.581029013114561385e+05
2.575556125160192314e+05
2.571266997910102073e+05
2.567789146679705882e+05
2.564615877703979786e+05
2.561151006767866202e+05
2.556773618831959029e+05
2.550916715712497826e+05
2.543149330458793265e+05
2.533248404309510079e+05
2.521246001932809013e+05
2.507440415584201983e+05
2.492366269016490842e+05
2.476727282331474707e+05
2.461303348116273119e+05
2.446848540335545840e+05
2.433997287094599742e+05
2.423192432562395406e+05
2.414642881005291129e+05
2.408312123294725898e+05
2.403934061187679763e+05
2.401050115748045500e+05
2.399061472041927627e+05
2.397291431266005966e+05
2.395053829881207494e+05
2.391723287347506266e+05
2.386801494533428922e+05
2.379971756573854946e+05
2.371133140066690394e+05
2.360407250728505314e+05
2.348115203584234114e+05
2.334728571605854959e+05
2.320803775570405414e+05
2.306912306897035160e+05
2.293578339990944369e+05
2.281231373225754651e+05
2.270176486689033918e+05
2.260580739634498022e+05
2.252472363720078429e+05
2.245749608857050771e+05
2.240197268018577597e+05
2.235509816041579470e+05
2.231320104079188895e+05
2.227231801206545497e+05
2.222852884293200623e+05
2.217827038878916355e+05
2.211860099941811932e+05
2.204739537922883756e+05
2.196346209359087807e+05
2.186658825528123416e+05
2.175752509696944908e+05
2.163793076582205249e+05
2.151028080625876319e+05
2.137774421614301682e+05
2.124401029310641170e+05
2.111304786923309439e+05
2.098879016057497938e+05
2.087476333420266164e+05
2.077370407586217334e+05
2.068722655407736602e+05
2.061559337854777696e+05
2.055762149769508105e+05
2.051072619402133569e+05
2.047108995686566050e+05
2.043394453937961080e+05
2.039396615350653301e+05
2.034578806422922644e+05
2.028461671035428590e+05
2.020689582968865579e+05
2.011091423829988344e+05
1.999722304833171947e+05
1.986873890324258537e+05
1.973046609045435907e+05
1.958885664489823394e+05
1.945091495297434158e+05
1.932321285779339960e+05
1.921099560824473738e+05
1.911752815125101479e+05
1.904376991542833857e+05
1.898839601611314574e+05
1.894812360665917513e+05
1.891826576735927083e+05
1.889342336696777493e+05
1.886823032010982861e+05
1.883807743159339298e+05
1.879974343859090004e+05
1.875185457657570951e+05
1.869508197503026458e+05
1.863198494722942705e+05
1.856643672101506672e+05
1.850263971394118853e+05
1.844384584552733286e+05
1.839101797028063738e+05
1.834175864074824203e+05
1.828984634404943208e+05
1.822562785134932201e+05
1.813732300406803843e+05
1.801305027106449706e+05
1.784315362631941098e+05
1.762228499574003799e+05
1.735072607356935041e+05
1.703462072850512632e+05
1.668507851586453617e+05
1.631640604314393422e+05
1.594392901264020184e+05
1.558192261636165495e+05
1.524206845293673396e+05
1.493265332092400931e+05
1.465849854760523303e+05
1.442143193213270861e+05
1.422103068457023473e+05
1.405537620412681426e+05
1.392164254245531338e+05
1.381644873709218809e+05
1.373600263682623918e+05
1.367612522791701194e+05
1.363226084362932015e+05
1.359955554666712123e+05
1.357303927857525414e+05
1.354789750732470711e+05
1.351978332448230358e+05
1.348511103347319877e+05
1.344128531920245732e+05
1.338684438472293259e+05
1.332151615221300744e+05
1.324619396396913216e+05
1.316283249563621939e+05
1.307425521985645901e+05
1.298386386517042993e+05
1.289525494230948825e+05
1.281177593991292233e+05
1.273608309624645772e+05
1.266977989414036419e+05
1.261321092679757567e+05
1.256545832257799339e+05
1.252454480591142492e+05
1.248780121553942008e+05
1.245232003476406680e+05
1.241540008598618733e+05
1.237489523593306076e+05
1.232940943104988255e+05
1.227832321621519513e+05
1.222168054841950507e+05
1.215999614282963885e+05
1.209405366619092238e+05
1.202475222480797092e+05
1.195302943992317014e+05
1.187985598679515824e+05
1.180627089107946231e+05
1.173341632431396429e+05
1.166253535776628414e+05
1.159491102208700759e+05
1.153174345313342637e+05
1.147397908087133110e+05
1.142211972113903612e+05
1.137604940518660587e+05
1.133492147600000171e+05
1.129714516623942181e+05
1.126049695263007743e+05
1.122235767652519571e+05
1.118004660140747728e+05
1.113119708118646085e+05
1.107410479313099058e+05
1.100798417071718141e+05
1.093309041343913850e+05
1.085069505646480247e+05
1.076293116088615498e+05
1.067254068686932587e+05
1.058255932745942118e+05
1.049596844194867444e+05
1.041533916229949100e+05
1.034249743736260716e+05
1.027825048826297425e+05
1.022222646487606980e+05
1.017287800963530899e+05
1.012767882381854870e+05
1.008350189519861306e+05
1.003712096944542718e+05
9.985740485274669481e+04
9.927447710056435608e+04
9.861498496920570324e+04
9.788387927849337575e+04
9.709705008274340071e+04
9.627812311015497835e+04
9.545418344842005172e+04
9.465120936837431509e+04
9.388997389329168072e+04
9.318305761984206038e+04
9.253343546793451242e+04
9.193485448064647790e+04
9.137391335304079985e+04
9.083341832005165634e+04
9.029629274890257511e+04
8.974914945652485767e+04
8.918467282662550861e+04
8.860222905788932985e+04
8.800658074548857985e+04
8.740511056746279064e+04
8.680440447948410292e+04
8.620726470425636217e+04
8.561113328163517872e+04
8.500851475472671154e+04
8.438939225181149959e+04
8.374500315901436261e+04
8.307186670304682048e+04
8.237478666763014917e+04
8.166775288329806062e+04
8.097219017890177201e+04
8.031270981721409771e+04
7.971120867967662343e+04
7.918064672826755850e+04
7.871998996770959639e+04
7.831160578544084274e+04
7.792190184374502860e+04
7.750532989529096812e+04
7.701117549210361904e+04
7.639196089939751255e+04
7.561191656241388409e+04
7.465390694523944694e+04
7.352346013442563708e+04
7.224910941713696229e+04
7.087899451651473646e+04
6.947441609998659987e+04
6.810160225117274967e+04
6.682319135354251193e+04
6.569082346087291080e+04
6.473983695060519676e+04
6.398654701238376583e+04
6.342811317487224733e+04
6.304470796839683317e+04
6.280360274118117377e+04
6.266481300155029749e+04
6.258795775795102963e+04
6.253985763260774547e+04
6.250207746766461059e+04
6.247718735326772730e+04
6.249216803535089275e+04
6.259737798157996440e+04
6.286003829727236734e+04
6.335232197037625156e+04
6.413565626429872646e+04
6.524432795047321997e+04
6.667237149238443817e+04
6.836755924874442280e+04
7.023494084793730872e+04
7.215006373997191258e+04
7.397940465534041869e+04
7.560348554364909069e+04
7.693733833491645055e+04
7.794371112642316439e+04
7.863643329172578524e+04
7.907399838820191508e+04
7.934582668152471888e+04
7.955512331348395674e+04
7.980242739008214267e+04
8.017298047361281351e+04
8.072940947607567068e+04
8.150953336506940832e+04
8.252788739406425157e+04
8.377908583698002622e+04
8.524139475802629022e+04
8.687960910930056707e+04
8.864716659871010052e+04
9.048805854592773539e+04
9.233932262572171749e+04
9.413470488469682459e+04
9.580958975271966483e+04
9.730672922287449182e+04
9.858186594253065414e+04
9.960817998309721588e+04
1.003786341634729906e+05
1.009056907724149933e+05
1.012184029202370730e+05
1.013574055942525447e+05
1.013687221255365293e+05
1.012974837320936786e+05
1.011826127529465011e+05
1.010532773275574582e+05
1.009275562603747821e+05
1.008133395198512007e+05
1.007111050366273557e+05
1.006179102558427694e+05
1.005317555260566005e+05
1.004554446716342936e+05
1.003992027700139006e+05
1.003816012689608324e+05
1.004287289802403102e+05
1.005719294266506913e+05
1.008446776283904910e+05
1.012792060816431185e+05
1.019033121858801751e+05
1.027374936980400234e+05
1.037923353389482800e+05
1.050660588363546703e+05
1.065423916012121190e+05
1.081892939640110708e+05
1.099593811099439190e+05
1.117928423467973189e+05
1.136231778927220876e+05
1.153852336470275332e+05
1.170241101768593799e+05
1.185029317197264463e+05
1.198074771596241480e+05
1.209463629773325083e+05
1.219466261143338779e+05
1.228457960297546524e+05
1.236824606503107789e+05
1.244876475926476996e+05
1.252790086787006730e+05
1.260589680065387947e+05
1.268169470090880786e+05
1.275348030650756846e+05
1.281939349097197410e+05
1.287822403218694963e+05
1.292992767351086077e+05
1.297584993751006259e+05
1.301861894214845670e+05
1.306174519024950423e+05
1.310902782854425604e+05
1.316390015973058471e+05
1.322884771306311013e+05
1.330500443270115939e+05
1.339198736503125110e+05
1.348798031084916438e+05
1.359003274342692748e+05
1.369450820616074780e+05
1.379759895387607685e+05
1.389582117121889605e+05
1.398641705747468804e+05
1.406761456988738501e+05
1.413872844088834827e+05
1.420011986145961273e+05
1.425305754462482582e+05
1.429953156340522692e+05
1.434206054828577035e+05
1.438350761761390895e+05
1.442689286881270236e+05
1.447517463390353078e+05
1.453097774403359217e+05
1.459627469085828925e+05
1.467206394762364216e+05
1.475812129603982612e+05
1.485290819128418516e+05
1.495369783859070740e+05
1.505692913027272443e+05
1.515873661647553090e+05
1.525555240979915834e+05
1.534465184315884835e+05
1.542452760654688755e+05
1.549502284277360595e+05
1.555721694238885830e+05
1.561311792298387736e+05
1.566525410525770858e+05
1.571626587021480373e+05
1.576857742895191186e+05
1.582418978200368583e+05
1.588459430863078742e+05
1.595077468332358112e+05
1.602325024555149139e+05
1.610211715126518393e+05
1.618706026989454986e+05
1.627733202585114341e+05
1.637171688672461896e+05
1.646851544329610188e+05
1.656558541478662519e+05
1.666046706248876581e+05
1.675060013892104907e+05
1.683361499773046526e+05
1.690765948062217503e+05
1.697171131299838307e+05
1.702582434508244332e+05
1.707126353035337233e+05
1.711049438923466951e+05
1.714700625922754989e+05
1.718496632514453959e+05
1.722872562253114302e+05
1.728222843850679928e+05
1.734840699117943004e+05
1.742866382760244887e+05
1.752254494194023719e+05
1.762768230057880282e+05
1.774003859238219447e+05
1.785443026891193294e+05
1.796525130298584700e+05
1.806728202064253564e+05
1.815645227154223830e+05
1.823043748148430604e+05
1.828899615283501334e+05
1.833400136675059621e+05
1.836916854401590535e+05
1.839952862738673575e+05
1.843073225461711700e+05
1.846829078396385594e+05
1.851686201957678131e+05
1.857967403963466932e+05
1.865815481181145587e+05
1.875180450095667038e+05
1.885831626047834870e+05
1.897392188890636317e+05
1.909391143770741764e+05
1.921325204595929827e+05
1.932721520617428760e+05
1.943191967924937198e+05
1.952471414015016053e+05
1.960435822025852394e+05
1.967100419825654826e+05
1.972602066400767653e+05
1.977172188545425597e+05
1.981106747081944777e+05
1.984738062862183433e+05
1.988411040198352130e+05
1.992464416618553223e+05
1.997216661479175964e+05
2.002955904508731037e+05
2.009933296632791462e+05
2.018359078403619642e+05
2.028400325796427787e+05
2.040179158655495266e+05
2.053770455903341935e+05
2.069198860653992451e+05
2.086435750200568873e+05
2.105397395771812007e+05
2.125945408024866483e+05
2.147889809303523216e+05
2.170994130997188913e+05
2.194981396027490846e+05
2.219540130632296205e+05
2.244330641143407265e+05
2.268993177978778258e+05
2.293160462711925211e+05
2.316476619352060079e+05
2.338622595626973489e+05
2.359345261062798672e+05
2.378484810948399245e+05
2.395994327819786267e+05
2.411947147488239279e+05
2.426531579826694215e+05
2.440036831912857015e+05
2.452836465635634668e+05
2.465374863116001652e+05
2.478158059274292609e+05
2.491744776339567907e+05
2.506729360493403801e+05
2.523707994179149391e+05
2.543223894881767337e+05
2.565695058517238067e+05
2.591336733583995665e+05
2.620096955237573711e+05
2.651624499619355774e+05
2.685283463836352457e+05
2.720218249471460003e+05
2.755459799918517238e+05
2.790052434074322227e+05
2.823174390638235491e+05
2.854226643944504322e+05
2.882873531542313285e+05
2.909032379050268792e+05
2.932822978974567377e+05
2.954496852615080425e+05
2.974367939749528887e+05
2.992760874418925960e+05
3.009983149080703733e+05
3.026317402501544566e+05
3.042023502532245475e+05
3.057338925823525060e+05
3.072469776012725779e+05
3.087571451877037762e+05
3.102724568009676295e+05
3.117915724789092783e+05
3.133032784555028775e+05
3.147880566073339432e+05
3.162216723338215379e+05
3.175801169116174569e+05
3.188447904513759422e+05
3.200067010572972358e+05
3.210687162349892897e+05
3.220454381807677564e+05
3.229608984229880152e+05
3.238447738529359340e+05
3.247280708759984700e+05
3.256391743276537163e+05
3.266008899173195241e+05
3.276287589615426259e+05
3.287306159633343341e+05
3.299071554706678144e+05
3.311531709924599854e+05
3.324590920205067960e+05
3.338124566506952397e+05
3.351990310367153143e+05
3.366034472109299386e+05
3.380094665526513709e+05
3.394002110638820450e+05
3.407588149759346270e+05
3.420698302020173287e+05
3.433213632950909669e+05
3.445074570713966386e+05
3.456298826468567713e+05
3.466984930483414209e+05
3.477296891281324206e+05
3.487432391737069120e+05
3.497583816324828076e+05
3.507904936085261870e+05
3.518494243378086248e+05
3.529399174661561265e+05
3.540636670224347035e+05
3.552218722795462236e+05
3.564169985072985874e+05
3.576528931553114671e+05
3.589332407238482847e+05
3.602591638769159908e+05
3.616271962648354238e+05
3.630286661753025255e+05
3.644508388891333016e+05
3.658793168261768296e+05
3.673006124401813722e+05
3.687037758577551576e+05
3.700804863813716220e+05
3.714238341937393998e+05
3.727267159299658379e+05
3.739810017579743871e+05
3.751782924574367935e+05
3.763123406940455316e+05
3.773824115386701887e+05
3.783963582907711389e+05
3.793721868310403079e+05
3.803373419946363429e+05
3.813256564835318131e+05
3.823725780904575950e+05
3.835097181961160386e+05
3.847598581958552240e+05
3.861333517845374299e+05
3.876264841500582406e+05
3.892219202312698471e+05
3.908909920421947027e+05
3.925973001891088206e+05
3.943009652207702748e+05
3.959628637447913643e+05
3.975483042016272084e+05
3.990297996674267924e+05
4.003888269919931772e+05
4.016166655801145826e+05
4.027145369907192653e+05
4.036932916896301322e+05
4.045728153050683904e+05
4.053811894213033956e+05
4.061535019044568762e+05
4.069301248523632530e+05
4.077543076431255322e+05
4.086690648640665459e+05
4.097135215466739610e+05
4.109190358793275082e+05
4.123054988166235853e+05
4.138782117233497556e+05
4.156257170872452552e+05
4.175189550279377145e+05
4.195121369155232096e+05
4.215456899283672101e+05
4.235514254620514112e+05
4.254596690748188994e+05
4.272075365761850262e+05
4.287470497576926718e+05
4.300515879641994834e+05
4.311194029858771246e+05
4.319735378420958878e+05
4.326582746299807914e+05
4.332329298063715105e+05
4.337642325168051757e+05
4.343186230300258030e+05
4.349556652395933634e+05
4.357234680629851646e+05
4.366565903437759262e+05
4.377763572855368257e+05
4.390928837957408978e+05
4.406075452006889391e+05
4.423144278353949194e+05
4.441996678646865184e+05
4.462385652697062469e+05
4.483916374758175807e+05
4.506018018983353395e+05
4.527950963257467374e+05
4.548865044364419300e+05
4.567907672851225361e+05
4.584361611308321008e+05
4.597778773596761166e+05
4.608074090583109064e+05
4.615553314611107344e+05
4.620866822522957809e+05
4.624901401581732207e+05
4.628637101315102773e+05
4.633002412626848673e+05
4.638757641530983383e+05
4.646425679564549355e+05
4.656275369329394307e+05
4.668349476939602755e+05
4.682520222884404939e+05
4.698552198580851546e+05
4.716155324649213580e+05
4.735017615226971102e+05
4.754816125254651997e+05
4.775211706907937769e+05
4.795837189213340753e+05
4.816288975678386050e+05
4.836129804921522154e+05
4.854906961378979031e+05
4.872186519814601634e+05
4.887600466032256372e+05
4.900899696759615326e+05
4.912002441498973640e+05
4.921025932467869134e+05
4.928290847067645518e+05
4.934293884420305258e+05
4.939652535248623462e+05
4.945034428504699608e+05
4.951087790137750562e+05
4.958387234268028988e+05
4.967401055742416647e+05
4.978476129023631802e+05
4.991829430778578389e+05
5.007534790445711697e+05
5.025500135685015703e+05
5.045440997224096791e+05
5.066865019291721401e+05
5.089084850734560168e+05
5.111271118675112375e+05
5.132545089647056302e+05
5.152096897442043992e+05
5.169305332546083955e+05
5.183832867139895097e+05
5.195675358544219052e+05
5.205157176918297191e+05
5.212875145299176802e+05
5.219604750108215958e+05
5.226187383695571334e+05
5.233417815728138667e+05
5.241948026529375347e+05
5.252218747249470325e+05
5.264424864331326680e+05
5.278515869754382875e+05
5.294227940462814877e+05
5.311140187488327501e+05
5.328744582950378535e+05
5.346517702969285892e+05
5.363983231515010120e+05
5.380757186069225427e+05
5.396572441692342982e+05
5.411284194051163504e+05
5.424862118263707962e+05
5.437376907432321459e+05
5.448987933952090098e+05
5.459935180953200907e+05
5.470533565200604498e+05
5.481163319417481543e+05
5.492248354281166103e+05
5.504216827173266793e+05
5.517444274446315831e+05
5.532187587329873350e+05
5.548524630290536443e+05
5.566316366561993491e+05
5.585204509739414789e+05
5.604648926417502807e+05
5.623998398236860521e+05
5.642579884492598940e+05
5.659788147532606963e+05
5.675160239420511061e+05
5.688426045135407476e+05
5.699533407937140437e+05
5.708651118904850446e+05
5.716153879960230552e+05
5.722591322003223468e+05
5.728640964596129488e+05
5.735045196738976520e+05
5.742535724992057076e+05
5.751753958800870460e+05
5.763179577055078698e+05
5.777079540855850792e+05
5.793485532706320519e+05
5.812200953448475339e+05
5.832832184867733158e+05
5.854835332207122119e+05
5.877569799605791923e+05
5.900352602839057799e+05
5.922510183637564769e+05
5.943426090816449141e+05
5.962583046051037963e+05
5.979597572204141179e+05
5.994245602697430877e+05
6.006478504416069482e+05
6.016429854893784504e+05
6.024412947480129078e+05
6.030907076525930315e+05
6.036528439226699993e+05
6.041981276290836977e+05
6.047988491005535470e+05
6.055208236834065756e+05
6.064151097298036329e+05
6.075117273381927516e+05
6.088171175429504365e+05
6.103161422619626392e+05
6.119780559614782687e+05
6.137646298121835571e+05
6.156380070369801251e+05
6.175661626147978241e+05
6.195248813123538857e+05
6.214964899536147714e+05
6.234666350581942825e+05
6.254208076569482218e+05
6.273420218557724729e+05
6.292102913203476928e+05
6.310037105574208545e+05
6.327003929263671162e+05
6.342804251438539941e+05
6.357273249634472886e+05
6.370290136051522568e+05
6.381787470144235995e+05
6.391765566870125476e+05
6.400314559668988222e+05
6.407640922630912391e+05
6.414089421636401676e+05
6.420148604608871974e+05
6.426429975858338876e+05
6.433617672229253221e+05
6.442394306094319327e+05
6.453356080274740234e+05
6.466933323805514956e+05
6.483330310609018197e+05
6.502492153403433040e+05
6.524099881891963305e+05
6.547590588320130482e+05
6.572199052135467064e+05
6.597019348939395277e+05
6.621086625319942832e+05
6.643477518010324566e+05
6.663421656266486971e+05
6.680408372660339810e+05
6.694266550392835634e+05
6.705195949935751269e+05
6.713737335481650662e+05
6.720684113229933428e+05
6.726954339046000969e+05
6.733452298812833615e+05
6.740949262746383902e+05
6.750003852806744399e+05
6.760928374724043533e+05
6.773794776099139126e+05
6.788467277768045897e+05
6.804649044564787764e+05
6.821934710712108063e+05
6.839864911145918304e+05
