6.101949007975487038e+05
6.083482856502240757e+05
6.067904899803871522e+05
6.055157065246521961e+05
6.044919322856704239e+05
6.036674994735566434e+05
6.029789557028508279e+05
6.023588748092144961e+05
6.017426129901893437e+05
6.010735937545131892e+05
6.003071340648308396e+05
5.994129421658813953e+05
5.983762541088542202e+05
5.971973468405696331e+05
5.958891467082313029e+05
5.944730022122277878e+05
5.929733266956495354e+05
5.914124291096642846e+05
5.898070556509473827e+05
5.881677294817800866e+05
5.865009801555677550e+05
5.848133910626401193e+05
5.831155911613757489e+05
5.814242794775158400e+05
5.797611630977825262e+05
5.781489926582007902e+05
5.766061317584352801e+05
5.751417531992284348e+05
5.737535367038507247e+05
5.724287591980511788e+05
5.711483584330976009e+05
5.698924755146631505e+05
5.686455721668169135e+05
5.673995882165855728e+05
5.661545181379999267e+05
5.649167872203916777e+05
5.636964503016920062e+05
5.625042916169823147e+05
5.613494601856739027e+05
5.602376641789269634e+05
5.591695564120941563e+05
5.581389990158751607e+05
5.571313468842074508e+05
5.561224411274978193e+05
5.550792845416407799e+05
5.539631430735023459e+05
5.527351096995335538e+05
5.513632653958762530e+05
5.498298703714454314e+05
5.481368212495343760e+05
5.463079861232002731e+05
5.443878007609664928e+05
5.424363616393596167e+05
5.405219029324180447e+05
5.387118699242811417e+05
5.370638499690152239e+05
5.356175336680158507e+05
5.343887621156553505e+05
5.333665734037780203e+05
5.325139052251623943e+05
5.317721519142139005e+05
5.310691225840024417e+05
5.303292456002570689e+05
5.294843392026629299e+05
5.284831149986649398e+05
5.272978636459930567e+05
5.259273873521449277e+05
5.243959785616844893e+05
5.227488843434612500e+05
5.210451230822641519e+05
5.193487386697071488e+05
5.177196645318209194e+05
5.162053892803069903e+05
5.148345608550376492e+05
5.136134712313024211e+05
5.125259727430117782e+05
5.115368125610358547e+05
5.105977531210187590e+05
5.096553408014805755e+05
5.086589303795939777e+05
5.075676213664170355e+05
5.063550786771934363e+05
5.050117037449737545e+05
5.035441811888690572e+05
5.019729304438607069e+05
5.003283198709796998e+05
4.986465572443366982e+05
4.969659376692249207e+05
4.953237103968795855e+05
4.937534245554247755e+05
4.922824446649031597e+05
4.909294881204076228e+05
4.897024346873308532e+05
4.885970404959623120e+05
4.875972822559889755e+05
4.866777267099050223e+05
4.858076588603467098e+05
4.849559951359306579e+05
4.840955921209868393e+05
4.832056641798611963e+05
4.822716524579990655e+05
4.812828270907760598e+05
4.802288000751846703e+05
4.790966241164554376e+05
4.778700346069822554e+05
4.765316633289041929e+05
4.750679513675046619e+05
4.734754053155356669e+05
4.717661732074754545e+05
4.699709169766942505e+05
4.681376365383908269e+05
4.663262281677785213e+05
4.645997667318428867e+05
4.630144165971971233e+05
4.616102472948900540e+05
4.604049827921882970e+05
4.593919479798909160e+05
4.585424240275733173e+05
4.578115823747179820e+05
4.571464200791918556e+05
4.564938582241552649e+05
4.558074234772170894e+05
4.550515713374083862e+05
4.542034702622504556e+05
4.532526806538769160e+05
4.521994647027151659e+05
4.510524435079445830e+05
4.498261008151452406e+05
4.485383888167915284e+05
4.472085443705616053e+05
4.458552003243453219e+05
4.444949178497142275e+05
4.431412822424931801e+05
4.418046350718227914e+05
4.404923600994800800e+05
4.392094595395190991e+05
4.379590425250248518e+05
4.367423790176474140e+05
4.355583763475369778e+05
4.344026588205274311e+05
4.332667443092321628e+05
4.321379540072272066e+05
4.310005431067100144e+05
4.298380976117691025e+05
4.286366488174124388e+05
4.273874589992119581e+05
4.260882736087123631e+05
4.247421380209669587e+05
4.233535720174490125e+05
4.219227504440490156e+05
4.204390637955181883e+05
4.188758042354604695e+05
4.171876571768870344e+05
4.153122240411156090e+05
4.131760727088939748e+05
4.107049273784616380e+05
4.078366800842405646e+05
4.045350702697899542e+05
4.008013344076832873e+05
3.966811048073334387e+05
3.922644966542458860e+05
3.876786323757208884e+05
3.830735243905707030e+05
3.786037926210878068e+05
3.744096450603720150e+05
3.706006130577045842e+05
3.672447451436862466e+05
3.643646463766534580e+05
3.619403406579243019e+05
3.599177826081559178e+05
3.582211077211046359e+05
3.567663657404738478e+05
3.554744546768014552e+05
3.542812274273009389e+05
3.531433001753719873e+05
3.520389469056812231e+05
3.509644939008994843e+05
3.499275748350745416e+05
3.489391772159409593e+05
3.480064269266772317e+05
3.471275623175472720e+05
3.462897845703553758e+05
3.454699412554278388e+05
3.446375110431314097e+05
3.437591369961011806e+05
3.428038975500510423e+05
3.417484899279302917e+05
3.405815004490125575e+05
3.393060147233161842e+05
3.379400557557315915e+05
3.365147264417793485e+05
3.350703664729148149e+05
3.336513644615776720e+05
3.323004081894153496e+05
3.310529378289245069e+05
3.299324916066365549e+05
3.289475772321428522e+05
3.280906389600971597e+05
3.273395045088008628e+05
3.266612879798937938e+05
3.260181244358313852e+05
3.253735155742805800e+05
3.246977549152696156e+05
3.239710830498937867e+05
3.231839001007258776e+05
3.223343038461212418e+05
3.214240688914815546e+05
3.204546149223104585e+05
3.194243909498453140e+05
3.183285131295246538e+05
3.171606859406735748e+05
3.159167034660239588e+05
3.145983902110403869e+05
3.132167845415137708e+05
3.117936422061588964e+05
3.103608045182246715e+05
3.089574750760479947e+05
3.076258537031940650e+05
3.064058239310719073e+05
3.053294815051332116e+05
3.044162654277807451e+05
3.036693552442666842e+05
3.030738563699911465e+05
3.025971151313699083e+05
3.021912829829307739e+05
3.017979877749108709e+05
3.013546869499293389e+05
3.008020047064373503e+05
3.000911320418057148e+05
2.991902403477969347e+05
2.980888760865773074e+05
2.967995125566762290e+05
2.953558530333147501e+05
2.938080639207981294e+05
2.922157427257219679e+05
2.906399105773733463e+05
2.891354881405442138e+05
2.877454869851581752e+05
2.864975962246848503e+05
2.854031733710666886e+05
2.844581145113150124e+05
2.836448663277301239e+05
2.829349756851323764e+05
2.822919099420421408e+05
2.816741959297652938e+05
2.810390291611775756e+05
2.803463451612422941e+05
2.795630252928332775e+05
2.786666221520002582e+05
2.776479044192229048e+05
2.765116962518945220e+05
2.752758488039342919e+05
2.739685800118512125e+05
2.726247098768877331e+05
2.712814309416777687e+05
2.699742005928267026e+05
2.687331875842810259e+05
2.675805215597103233e+05
2.665284354970600107e+05
2.655782910758655635e+05
2.647204531312479521e+05
2.639350244645085186e+05
2.631935226652100100e+05
2.624616005234831828e+05
2.617028083383695630e+05
2.608831520979667839e+05
2.599758849574931082e+05
2.589657167727080523e+05
2.578515733555109473e+05
2.566472430461884360e+05
2.553796616783520440e+05
2.540850742553163145e+05
2.528037268178646336e+05
2.515739913723232457e+05
2.504268892188400205e+05
2.493818800414251455e+05
2.484445605749283859e+05
2.476065927235010313e+05
2.468477861205739318e+05
2.461398543550285685e+05
2.454510450612935238e+05
2.447507178350313043e+05
2.440130719351872976e+05
2.432195802279723284e+05
2.423601440087499213e+05
2.414333689220899250e+05
2.404465174651283596e+05
2.394155491808661900e+05
2.383652707138529513e+05
2.373291492773994687e+05
2.363480085142869502e+05
2.354668042155053699e+05
2.347290400894397462e+05
2.341690609730879078e+05
2.338032610422134458e+05
2.336219167852872051e+05
2.335836683402093477e+05
2.336144875671738992e+05
2.336122757208049588e+05
2.334571511917631433e+05
2.330262512514956761e+05
2.322107736356899259e+05
2.309323089201832772e+05
2.291554639819786244e+05
2.268944017737417889e+05
2.242120942433644086e+05
2.212125191077243362e+05
2.180273687376713206e+05
2.147997598201480869e+05
2.116677515709509607e+05
2.087501955013219849e+05
2.061367056777708349e+05
2.038825912997753185e+05
2.020086649612176407e+05
2.005050985158034018e+05
1.993380324994556722e+05
1.984574770379139227e+05
1.978051488999864669e+05
1.973212128848503053e+05
1.969493467162034358e+05
1.966400154603186529e+05
1.963522139138744969e+05
1.960541366788643936e+05
1.957232468839288922e+05
1.953460773492575390e+05
1.949178947011096461e+05
1.944421793008960085e+05
1.939297938597250613e+05
1.933977628113640239e+05
1.928677428548421594e+05
1.923644609664963500e+05
1.919145238342612283e+05
1.915459610494438675e+05
1.912886098740142188e+05
1.911750379447894811e+05
1.912412891365626710e+05
1.915265313059765031e+05
1.920708389858823211e+05
1.929108749167909555e+05
1.940739781021250528e+05
1.955718261088543222e+05
1.973951063414177333e+05
1.995103307029920979e+05
2.018591285758265876e+05
2.043593758440245001e+05
2.069068304305357742e+05
2.093759637659300643e+05
2.116195520613892004e+05
2.134680677619325579e+05
2.147313622815252747e+05
2.152057735862635891e+05
2.146890380236197670e+05
2.130031729532160098e+05
2.100224322278605250e+05
2.057006386691653461e+05
2.000908646727050364e+05
1.933513139577369147e+05
1.857342811417397170e+05
1.775593095624094130e+05
1.691757150953074743e+05
1.609221567821018398e+05
1.530911798577024310e+05
1.459047446225340245e+05
1.395035157167256111e+05
1.339492703823007469e+05
1.292371966599206498e+05
1.253136303766284109e+05
1.220949126600040763e+05
1.194841205519765499e+05
1.173838599234816938e+05
1.157046193155996443e+05
1.143690859020329081e+05
1.133132701138722186e+05
1.124853831773631246e+05
1.118433301871195436e+05
1.113515608181001007e+05
1.109779270724145026e+05
1.106911244858654245e+05
1.104591892005065019e+05
1.102493400298088382e+05
1.100291841478650167e+05
1.097689941048212786e+05
1.094444994584021624e+05
1.090395081950786116e+05
1.085477306637532747e+05
1.079734030369123793e+05
1.073306144367724482e+05
1.066415186833488406e+05
1.059337679360701732e+05
1.052375160103216476e+05
1.045822523103251879e+05
1.039936352818713203e+05
1.034904794973707758e+05
1.030821376175762271e+05
1.027666576013877202e+05
1.025301856328598224e+05
1.023480262290135724e+05
1.021875185895814357e+05
1.020124849169367953e+05
1.017885731892746699e+05
1.014885081364077050e+05
1.010962044053091668e+05
1.006089255148045195e+05
1.000371272818091093e+05
9.940216047119791619e+04
9.873245703976346704e+04
9.805906238955879235e+04
9.741136312595843629e+04
9.681364617367183382e+04
9.628281755773817713e+04
9.582732067793859460e+04
9.544710048797981290e+04
9.513438167621841421e+04
9.487503768535962445e+04
9.465037229629849026e+04
9.443917084173463809e+04
9.421988208404893521e+04
9.397276998749811901e+04
9.368185022334246605e+04
9.333642396512716368e+04
9.293205402920738561e+04
9.247089148593468417e+04
9.196133800674743543e+04
9.141710129236977082e+04
9.085575482996655046e+04
9.029694547182247334e+04
8.976040758957920480e+04
8.926394953228501254e+04
8.882158501848448941e+04
8.844199249049251375e+04
8.812749455940528424e+04
8.787374248009899748e+04
8.767024495402499451e+04
8.750177713091972691e+04
8.735054277185791580e+04
8.719876823556833551e+04
8.703123919314071827e+04
8.683722042704223713e+04
8.661127917272903142e+04
8.635277006981254090e+04
8.606408224557866924e+04
8.574809681624863879e+04
8.540554436482688470e+04
8.503300443645214546e+04
8.462213056566077285e+04
8.416035984151181765e+04
8.363297056725357834e+04
8.302599772994987143e+04
8.232929928048045258e+04
8.153903958548113587e+04
8.065901915816572728e+04
7.970058114930464944e+04
7.868117962728132261e+04
7.762200537990267912e+04
7.654524951339012478e+04
7.547159953117207624e+04
7.441841541996455635e+04
7.339878419061932073e+04
7.242139137918705819e+04
7.149096637476596516e+04
7.060900731023073604e+04
6.977456460711192631e+04
6.898499997273142799e+04
6.823675524971379491e+04
6.752619649668585043e+04
6.685052815502855810e+04
6.620864436655888858e+04
6.560167992391721054e+04
6.503301737166632665e+04
6.450763117417351896e+04
6.403087522427296790e+04
6.360706605008453334e+04
6.323838140259771171e+04
6.292460250451511092e+04
6.266404934110684553e+04
6.245572909181943396e+04
6.230233416059763113e+04
6.221341502637966187e+04
6.220792894702832564e+04
6.231548656032841245e+04
6.257595751195464254e+04
6.303754180627722963e+04
6.375380299367662519e+04
6.478033444608124410e+04
6.617159570450289175e+04
6.797802317524031969e+04
7.024292153898136166e+04
7.299811832692573080e+04
7.625720640387015010e+04
8.000566055167721061e+04
8.418828681642313313e+04
8.869616152575286105e+04
9.335693194478677469e+04
9.793333934219798539e+04
1.021343600806686882e+05
1.056410764621144626e+05
1.081455810642944707e+05
1.093969077497962280e+05
1.092446506550771301e+05
1.076699703301478876e+05
1.047957815518157440e+05
1.008726727629960951e+05
9.624310451037493476e+04
9.129175262131806812e+04
8.639282613164116628e+04
8.186500905477489869e+04
7.794168494413731969e+04
7.475953390888548165e+04
7.236400744751354796e+04
7.072688050189321802e+04
6.976968460315509583e+04
6.938725124518047960e+04
6.946724443023336062e+04
6.990366461905531469e+04
7.060420385352781159e+04
7.149262806230090791e+04
7.250794125647206965e+04
7.360204282144432364e+04
7.473713822573651851e+04
7.588355699613111210e+04
7.701809369215471088e+04
7.812266536478762282e+04
7.918301558217464481e+04
8.018733148103798158e+04
8.112485283410387638e+04
8.198471300832380075e+04
8.275528519188880455e+04
8.342421458131790860e+04
8.397915955257788301e+04
8.440911815272054810e+04
8.470612631189427339e+04
8.486707805579288106e+04
8.489540017956224619e+04
8.480228370807920874e+04
8.460713937269989401e+04
8.433695541979005793e+04
8.402435994113491324e+04
8.370445994802174391e+04
8.341090461859095376e+04
8.317197946483989654e+04
8.300772136193668121e+04
8.292892537365600583e+04
8.293847156655596336e+04
8.303474552526461775e+04
8.321627305533115577e+04
8.348626892337067693e+04
8.385576638833036122e+04
8.434436519500943541e+04
8.497828668970160652e+04
8.578614649065543199e+04
8.679343527987757989e+04
8.801699198519889615e+04
8.946071632523364678e+04
9.111344593782961601e+04
9.294942042770632543e+04
9.493119394777671550e+04
9.701435776912284200e+04
9.915309520835630246e+04
1.013054853650380683e+05
1.034376274428830075e+05
1.055260401766894793e+05
1.075582980301133503e+05
1.095323418553300144e+05
1.114551829334602953e+05
1.133416938704891509e+05
1.152138398366725160e+05
1.171001652491825080e+05
1.190348281971874239e+05
1.210552104427006561e+05
1.231973046210882603e+05
1.254887269061793195e+05
1.279401716546161624e+05
1.305371018168837181e+05
1.332340735590080731e+05
1.359540115895382769e+05
1.385938710248983989e+05
1.410366076853080885e+05
1.431676497729356925e+05
1.448926618659195083e+05
1.461527916321586818e+05
1.469340206300408754e+05
1.472685996805037721e+05
1.472284366809344501e+05
1.469121679870134103e+05
1.464289673509739805e+05
1.458826080153224466e+05
1.453588468562129419e+05
1.449180559506721038e+05
1.445935681719155109e+05
1.443948555079431389e+05
1.443137671736741613e+05
1.443317909247728821e+05
1.444266265846582537e+05
1.445770582976053120e+05
1.447658772787248890e+05
1.449811690635659033e+05
1.452165017194874235e+05
1.454704693547290226e+05
1.457458243548712635e+05
1.460482694859672920e+05
1.463850000210833387e+05
1.467632743994784250e+05
1.471895174869059119e+05
1.476695479259919957e+05
1.482103471126304357e+05
1.488233447868969524e+05
1.495285987605077098e+05
1.503586813806887076e+05
1.513607467399844900e+05
1.525952850037326862e+05
1.541305385498627438e+05
1.560324308782785374e+05
1.583510129561972280e+05
1.611056255969460763e+05
1.642718878005966835e+05
1.677739105956897256e+05
1.714845647717277461e+05
1.752351838926647906e+05
1.788340364111548406e+05
1.820907740643119032e+05
1.848424678666499385e+05
1.869762627655275282e+05
1.884443016441481013e+05
1.892682126556884032e+05
1.895326605229853594e+05
1.893696559554156265e+05
1.889369857463726075e+05
1.883949478868922452e+05
1.878854656981887529e+05
1.875167429359376838e+05
1.873551970617244951e+05
1.874248426298470004e+05
1.877129581294480013e+05
1.881800259964982397e+05
1.887716818924220570e+05
1.894306482891215419e+05
1.901071271664037777e+05
1.907666389533351467e+05
1.913946745459935046e+05
1.919977871491376427e+05
1.926010198211362294e+05
1.932419754086199682e+05
1.939624101468599110e+05
1.947988375732294226e+05
1.957740293077656243e+05
1.968912730353584921e+05
1.981327102192810271e+05
1.994621337432629371e+05
2.008315464559480024e+05
2.021898911013199540e+05
2.034919202633468085e+05
2.047052849863494339e+05
2.058145053226206219e+05
2.068213328478426265e+05
2.077418653859018814e+05
2.086014133420418948e+05
2.094284321530526213e+05
2.102488230911786086e+05
2.110816399490153999e+05
2.119368289943537966e+05
2.128151762061791087e+05
2.137102196532769303e+05
2.146115629868321412e+05
2.155088338592496875e+05
2.163954810010844667e+05
2.172716825376669876e+05
2.181458118381295353e+05
2.190341357105306524e+05
2.199586755019271222e+05
2.209434376390764373e+05
2.220095176942463731e+05
2.231698822632169467e+05
2.244248713358807145e+05
2.257595330762232188e+05
2.271436955103304645e+05
2.285351569462908956e+05
2.298856265722346434e+05
2.311482848506662704e+05
2.322853335055084026e+05
2.332738760324949108e+05
2.341089456436531618e+05
2.348033041284052888e+05
2.353844631942163396e+05
2.358899327614021895e+05
2.363618353083187540e+05
2.368418066716237809e+05
2.373667427131297591e+05
2.379656673069427197e+05
2.386578908372361329e+05
2.394526417744408245e+05
2.403503349848558428e+05
2.413454637451080780e+05
2.424307632776020619e+05
2.436019169193856360e+05
2.448618388506237534e+05
2.462235894723313104e+05
2.477112538586231531e+05
2.493585182209554187e+05
2.512050596629207721e+05
2.532911306972174498e+05
2.556508932120485406e+05
2.583052336359851470e+05
2.612550472520668409e+05
2.644762734452560544e+05
2.679181135922931135e+05
2.715056289763881941e+05
2.751471520602569799e+05
2.787457397442925721e+05
2.822126068442619289e+05
2.854796032578328741e+05
2.885077604026531917e+05
2.912898540625479072e+05
2.938465466074060532e+05
2.962174253431992838e+05
2.984495350284985616e+05
3.005864037365780678e+05
3.026600293044291320e+05
3.046871156307645724e+05
3.066694973796783597e+05
3.085976237277276232e+05
3.104554642843492911e+05
3.122252911974014714e+05
3.138913161611466785e+05
3.154418506286166376e+05
3.168702485727202729e+05
3.181752081318026758e+05
3.193609997201926890e+05
3.204379167331843055e+05
3.214228500148675521e+05
3.223395349779754761e+05
3.232178574556894018e+05
3.240917193398602540e+05
3.249953574560458655e+05
3.259585753097634297e+05
3.270018948772001313e+05
3.281329372467863141e+05
3.293452208870234899e+05
3.306199881276636152e+05
3.319307821126758936e+05
3.332495998657980235e+05
3.345528905055953073e+05
3.358256999411534052e+05
3.370629129940827261e+05
3.382675830009715864e+05
3.394473609138999600e+05
3.406106232486291556e+05
3.417638108462001546e+05
3.429107840163197834e+05
3.440540082564568147e+05
3.451965655253592995e+05
3.463436985965817003e+05
3.475029304543556646e+05
3.486825473735689884e+05
3.498890102535334881e+05
3.511243156227155705e+05
3.523843203110233881e+05
3.536586668527905713e+05
3.549324336842617486e+05
3.561891975692939013e+05
3.574149177791250404e+05
3.586018905109292828e+05
3.597519110849574208e+05
3.608777338227204164e+05
3.620020500619119848e+05
3.631536436867982848e+05
3.643611404278930277e+05
3.656456480543873622e+05
3.670142368354594801e+05
3.684562871743076830e+05
3.699440894641174818e+05
3.714378834164475556e+05
3.728941898268685909e+05
3.742753047387703555e+05
3.755575299062766717e+05
3.767361536481073126e+05
3.778261504231617437e+05
3.788586793550791335e+05
3.798744088569158921e+05
3.809152920307577006e+05
3.820166221048244042e+05
3.832010405715384404e+05
3.844756976460740552e+05
3.858330271396548487e+05
3.872547015615599230e+05
3.887174803955210373e+05
3.901991297286301851e+05
3.916826147824296495e+05
3.931574140424745274e+05
3.946178836252521141e+05
3.960597102444648044e+05
3.974761835902728490e+05
3.988560125488095218e+05
4.001837255766103626e+05
4.014426457612251397e+05
4.026194647981534945e+05
4.037089316011774354e+05
4.047172594880225952e+05
4.056634089925278095e+05
4.065781122172942851e+05
4.075010475298615638e+05
4.084767687424643082e+05
4.095498716332063195e+05
4.107596500135607203e+05
4.121344118268261082e+05
4.136858472722260049e+05
4.154043086971098674e+05
4.172563108593842480e+05
4.191856430632803240e+05
4.211189671199521981e+05
4.229756950336960726e+05
4.246806359716557781e+05
4.261768764256587019e+05
4.274360418295671698e+05
4.284636307070218027e+05
4.292983106222799979e+05
4.300054748490232159e+05
4.306665181949608377e+05
4.313659274446010822e+05
4.321783914007574203e+05
4.331579006464310223e+05
4.343304298699478968e+05
4.356913542699333630e+05
4.372081774764357251e+05
4.388283319907887490e+05
4.404907639821718913e+05
4.421389602705597645e+05
4.437324177079896908e+05
4.452536829622309888e+05
4.467091489962858614e+05
4.481235427100372035e+05
4.495298971238802769e+05
4.509580879598401370e+05
4.524252523271800601e+05
4.539305515387961641e+05
4.554551916662433650e+05
4.569670161915248027e+05
4.584279072153707384e+05
4.598019296786924242e+05
4.610625048723971704e+05
4.621975477129584178e+05
4.632120924913769704e+05
4.641283003320713178e+05
4.649829504614093457e+05
4.658227384158808272e+05
4.666980455817274633e+05
4.676562397509459406e+05
4.687358000153922476e+05
4.699624091052041622e+05
4.713475627052372438e+05
4.728893969343071803e+05
4.745747072553742328e+05
4.763808996738425340e+05
4.782770382270190748e+05
4.802240556133498903e+05
4.821751179419823457e+05
4.840775564673474873e+05
4.858773883383900393e+05
4.875263385883424198e+05
4.889899352668171050e+05
4.902543393206059118e+05
4.913295922376838280e+05
4.922479928853497258e+05
4.930579419217336108e+05
4.938151157376820338e+05
4.945735986184070935e+05
4.953793207952539669e+05
4.962670164099865942e+05
4.972604862593574799e+05
4.983748508920203312e+05
4.996191042554426822e+05
5.009976391636604676e+05
5.025102045784986112e+05
5.041505520241155173e+05
5.059045309428005712e+05
5.077485260888629127e+05
5.096490058984401403e+05
5.115637249011163367e+05
5.134448668140422087e+05
5.152440891796701471e+05
5.169189719174560742e+05
5.184398141420946340e+05
5.197952510562257958e+05
5.209950471795917256e+05
5.220688668417570880e+05
5.230608139609445934e+05
5.240207936502658995e+05
5.249948296344428090e+05
5.260169398228544742e+05
5.271047965936067048e+05
5.282602550052731531e+05
5.294742865500393091e+05
5.307344336254352238e+05
5.320320997163596330e+05
5.333671057804244338e+05
5.347479505075369962e+05
5.361877667590356432e+05
5.376975193282406544e+05
5.392789848940740339e+05
5.409201420208099298e+05
5.425947636975048808e+05
5.442665713698677719e+05
5.458968038881057873e+05
5.474529952603088459e+05
5.489164593033092096e+05
5.502864694735119119e+05
5.515801551218732493e+05
5.528283285535066389e+05
5.540684449639176019e+05
5.553364498646982247e+05
5.566593338591201464e+05
5.580498829413916683e+05
5.595045393215668155e+05
5.610046213090997189e+05
5.625204997126361122e+05
5.640177738773183664e+05
5.654641160488895839e+05
5.668353501747333212e+05
5.681195653029510286e+05
5.693186111303520156e+05
5.704470356102855876e+05
5.715291600468523102e+05
5.725953128612713190e+05
5.736781563194743358e+05
5.748096313660749001e+05
5.760185550341212656e+05
5.773285920088972198e+05
5.787563213868036401e+05
5.803093738391208462e+05
5.819849220465823309e+05
5.837689552030720515e+05
5.856366620449328329e+05
5.875539602539750049e+05
5.894799284423841164e+05
5.913697922496801475e+05
5.931782341905478388e+05
5.948630247362612281e+05
5.963891047317354241e+05
5.977331177744982997e+05
5.988879785062005976e+05
5.998665396778943250e+05
6.007030776200063992e+05
6.014514197879916755e+05
6.021791881928507937e+05
6.029586843956545927e+05
6.038560449179462157e+05
6.049210295051076682e+05
6.061798516722676577e+05
6.076327448274285998e+05
6.092566829111657571e+05
6.110122579742323142e+05
6.128526334512649337e+05
6.147321001062765718e+05
6.166121723778805463e+05
6.184641976921391906e+05
6.202687104473839281e+05
6.220127785541177727e+05
6.236870118237509159e+05
6.252836299983076751e+05
6.267962117970379768e+05
6.282208475028310204e+05
6.295577961439989740e+05
6.308126411064248532e+05
6.319963222225499339e+05
6.331240480851070024e+05
6.342136232308889739e+05
6.352839106932528084e+05
6.363539414316518232e+05
6.374427316798231332e+05
6.385694339883138891e+05
6.397532471136808163e+05
6.410126214610550087e+05
6.423636363122616895e+05
6.438178104661732214e+05
6.453798625140726799e+05
6.470459739684803644e+05
6.488029563126383582e+05
6.506284883027506294e+05
6.524923873301340500e+05
6.543587711556546856e+05
6.561889444057282526e+05
6.579448490283987485e+05
6.595928864142298698e+05
6.611078226912665414e+05
6.624763483135908609e+05
6.636997374444031157e+05
6.647950155896473443e+05
6.657941579756244319e+05
6.667411320664820960e+05
6.676870307065078523e+05
6.686840095256130444e+05
6.697790783911355538e+05
6.710088396266660420e+05
6.723959465097676730e+05
6.739474720348060364e+05
6.756547907511281082e+05
6.774942983010377502e+05
6.794285089903143235e+05
6.814076906487091910e+05
6.833728441890795948e+05
6.852610279993033037e+05
6.870134508469391149e+05
