6.803031536516133929e+05
6.785482598686668789e+05
6.769066705166195752e+05
6.753765580067773117e+05
6.739468758200403536e+05
6.726013448950834572e+05
6.713218262864819262e+05
6.700901964435845148e+05
6.688885970279995818e+05
6.676986609976262553e+05
6.665007074542396003e+05
6.652738082850505598e+05
6.639971463730895193e+05
6.626524623584307265e+05
6.612269104615738615e+05
6.597154931249582442e+05
6.581224210097449832e+05
6.564610989519149298e+05
6.547527687298967503e+05
6.530240127152745845e+05
6.513033439803059446e+05
6.496171046309474623e+05
6.479850149838846410e+05
6.464160129332990618e+05
6.449053773558724206e+05
6.434342900332353311e+05
6.419727098536093254e+05
6.404856367955802707e+05
6.389417285448820330e+05
6.373222213628735626e+05
6.356276601467471337e+05
6.338803284062603489e+05
6.321214101757968310e+05
6.304034091069294373e+05
6.287796479909515474e+05
6.272933345366689609e+05
6.259685590046432335e+05
6.248048621740126982e+05
6.237760504666658817e+05
6.228331044888645411e+05
6.219105189116460970e+05
6.209351910757510923e+05
6.198368607263027225e+05
6.185589153693579137e+05
6.170680774006344145e+05
6.153612307343770517e+05
6.134676927770785987e+05
6.114458180110708345e+05
6.093739543015981326e+05
6.073372031713760225e+05
6.054126842104746029e+05
6.036565706610268680e+05
6.020957601080985041e+05
6.007257570312464377e+05
5.995146234694566811e+05
5.984113267939712387e+05
5.973560006861118600e+05
5.962897223501581466e+05
5.951621867940962547e+05
5.939366646696097450e+05
5.925924038179070922e+05
5.911249483462843345e+05
5.895447830176984426e+05
5.878745461580551928e+05
5.861450593901207903e+05
5.843906686872135615e+05
5.826447121317372657e+05
5.809360441917504650e+05
5.792872626572153531e+05
5.777146520200842060e+05
5.762291639247591374e+05
5.748373676208156394e+05
5.735414462428003317e+05
5.723379312706380151e+05
5.712156456544520333e+05
5.701538764598722337e+05
5.691218702862884384e+05
5.680803502811684739e+05
5.669851255613110261e+05
5.657922959037850378e+05
5.644642303238805616e+05
5.629754202759464970e+05
5.613173579082965152e+05
5.595016564890565351e+05
5.575607088476136560e+05
5.555453669220192824e+05
5.535195231614345685e+05
5.515520787863945588e+05
5.497074438547225436e+05
5.480361926813984755e+05
5.465675956883559702e+05
5.453054080652671400e+05
5.442276253677621717e+05
5.432901264155755052e+05
5.424334240919691510e+05
5.415912694470529677e+05
5.406996499992206227e+05
5.397047788415874820e+05
5.385689541350710206e+05
5.372736291107101133e+05
5.358195878083136631e+05
5.342246487903858069e+05
5.325196850250340067e+05
5.307438665634499630e+05
5.289399096793801291e+05
5.271498486780239036e+05
5.254115679166369373e+05
5.237561387499656412e+05
5.222059173623406095e+05
5.207733288072379655e+05
5.194602373825964751e+05
5.182577794255285407e+05
5.171465639022390242e+05
5.160972872548514861e+05
5.150720506710950867e+05
5.140268866623255308e+05
5.129159987047745381e+05
5.116978343694325304e+05
5.103423654928580509e+05
5.088380929659229587e+05
5.071967469323680270e+05
5.054537985429151449e+05
5.036638570839256281e+05
5.018915327510209754e+05
5.001998294424591004e+05
4.986389703481987235e+05
4.972383833243818954e+05
4.960034604154512635e+05
4.949171451412739116e+05
4.939450485496222973e+05
4.930421539091009763e+05
4.921593655228349380e+05
4.912489185526488582e+05
4.902685091554971295e+05
4.891844982377997949e+05
4.879745214740811498e+05
4.866294463762684027e+05
4.851541892732174019e+05
4.835667670766457450e+05
4.818952558780485415e+05
4.801729624429073883e+05
4.784328040748068015e+05
4.767023109101660666e+05
4.750005881170689245e+05
4.733379768960714573e+05
4.717182191706270678e+05
4.701419983564470313e+05
4.686101655077159521e+05
4.671250257043858292e+05
4.656887904645360541e+05
4.642994709708550363e+05
4.629456640412672423e+05
4.616023918531779782e+05
4.602300720220705844e+05
4.587777940469669993e+05
4.571906712042345316e+05
4.554196484197441023e+05
4.534312976593161584e+05
4.512151210952650290e+05
4.487866662053093896e+05
4.461859899840640719e+05
4.434722104562081513e+05
4.407156506113196956e+05
4.379892474821687792e+05
4.353605724616695661e+05
4.328852697671368369e+05
4.306022633023747476e+05
4.285308703385726549e+05
4.266699642259122338e+05
4.249993768888715422e+05
4.234836350840938394e+05
4.220777966941337800e+05
4.207346704593886388e+05
4.194122634973666281e+05
4.180801194173839176e+05
4.167233976085097529e+05
4.153440507331317640e+05
4.139590960856621386e+05
4.125965209337390261e+05
4.112896573267517379e+05
4.100708910243355785e+05
4.089654412162236404e+05
4.079858185914896312e+05
4.071275422813203186e+05
4.063667580916498555e+05
4.056604296325561008e+05
4.049496144413958536e+05
4.041658971529548289e+05
4.032403724558632821e+05
4.021138294621775858e+05
4.007462369028544053e+05
3.991234921181068057e+05
3.972597915939509403e+05
3.951948646583186346e+05
3.929864897812530980e+05
3.906998836885920027e+05
3.883963854528559605e+05
3.861240788330172072e+05
3.839124846141285379e+05
3.817723049344011233e+05
3.796997316970314714e+05
3.776835058481211890e+05
3.757121889317256282e+05
3.737792465989578050e+05
3.718844929218753241e+05
3.700318405490145669e+05
3.682246177281519049e+05
3.664604834438162507e+05
3.647279816765867872e+05
3.630061201686327695e+05
3.612673529932078090e+05
3.594833524454563158e+05
3.576322357118369546e+05
3.557055717025767080e+05
3.537135240982668474e+05
3.516868340823766775e+05
3.496749474409411778e+05
3.477403567669695476e+05
3.459500142476080218e+05
3.443652800538917654e+05
3.430321334458942874e+05
3.419732288476815447e+05
3.411829252889467170e+05
3.406258641521458630e+05
3.402392191963768564e+05
3.399384707318898290e+05
3.396263750803116709e+05
3.392045330074112862e+05
3.385864817244251608e+05
3.377105966549261939e+05
3.365505424614340300e+05
3.351209015708606457e+05
3.334761863635159680e+05
3.317027101830727188e+05
3.299044519387485343e+05
3.281855907614038442e+05
3.266332923660153756e+05
3.253042786612109048e+05
3.242177144101666054e+05
3.233553257060283213e+05
3.226679390529777156e+05
3.220863080037353793e+05
3.215335105426686350e+05
3.209364162322331103e+05
3.202345346053338726e+05
3.193855965913276887e+05
3.183681028722774354e+05
3.171815372649175115e+05
3.158449416201694403e+05
3.143942401359217474e+05
3.128783584941052832e+05
3.113540563329463475e+05
3.098795863882363774e+05
3.085077270261486992e+05
3.072791816525653703e+05
3.062175460484853829e+05
3.053268582948184921e+05
3.045921853703205124e+05
3.039829544267312158e+05
3.034580800023114425e+05
3.029716114306435338e+05
3.024777302000162308e+05
3.019343904787120409e+05
3.013055057165259495e+05
3.005620898615281912e+05
2.996829831347737345e+05
2.986556874205449130e+05
2.974775009195523453e+05
2.961567492615974043e+05
2.947136282680328586e+05
2.931800979201124865e+05
2.915984000879495288e+05
2.900180438035476254e+05
2.884914125488225254e+05
2.870684136121430784e+05
2.857907629990564310e+05
2.846865707648812095e+05
2.837658717461823253e+05
2.830176485987243941e+05
2.824087261995183071e+05
2.818846914113614475e+05
2.813727431029790314e+05
2.807861644131970825e+05
2.800300018455317477e+05
2.790075716628056252e+05
2.776275593430786976e+05
2.758116197780586081e+05
2.735023776074096095e+05
2.706714717727357638e+05
2.673268182605404290e+05
2.635177631086619222e+05
2.593365359576768242e+05
2.549146285164291330e+05
2.504134852556938422e+05
2.460100558086321398e+05
2.418789905852834927e+05
2.381741807628974493e+05
2.350126641707559465e+05
2.324635476825055666e+05
2.305436500881057873e+05
2.292203050055856002e+05
2.284204830190797802e+05
2.280443566478059802e+05
2.279808137579199392e+05
2.281222972474744893e+05
2.283766900148058776e+05
2.286746732241896971e+05
2.289719037768136186e+05
2.292463005445835297e+05
2.294915312026667525e+05
2.297083338213443058e+05
2.298955316151342413e+05
2.300424993708302791e+05
2.301244478969807387e+05
2.301012732956178079e+05
2.299199754781175288e+05
2.295199314440116286e+05
2.288397800115487771e+05
2.278244731180601812e+05
2.264312238225268666e+05
2.246335607310522464e+05
2.224233067009673978e+05
2.198108234241400496e+05
2.168241399082320568e+05
2.135075631390722992e+05
2.099201288793577696e+05
2.061339435372726293e+05
2.022322502170466178e+05
1.983070134639248718e+05
1.944559527224871272e+05
1.907791803558318352e+05
1.873758001166104514e+05
1.843408976706899120e+05
1.817632577653708868e+05
1.797238840807156521e+05
1.782950416122053284e+05
1.775391910986371513e+05
1.775069673077709449e+05
1.782333931937968009e+05
1.797319042739491852e+05
1.819864751306211983e+05
1.849430546218268282e+05
1.885023594745012233e+05
1.925165120812795649e+05
1.967917570316524361e+05
2.010984630276885582e+05
2.051879999018909293e+05
2.088143166970321327e+05
2.117566929480238759e+05
2.138396541790137708e+05
2.149466170798541862e+05
2.150252862081944186e+05
2.140847004810096696e+05
2.121855538218932343e+05
2.094265199620450730e+05
2.059295765552695957e+05
2.018268186379216495e+05
1.972502679870773572e+05
1.923251031064777926e+05
1.871658822828700067e+05
1.818748883520149684e+05
1.765416911444354919e+05
1.712432685933977773e+05
1.660443624957643333e+05
1.609980127720017044e+05
1.561463403683398792e+05
1.515216451358216291e+05
1.471478116704982531e+05
1.430419341648874688e+05
1.392160107443508459e+05
1.356785170577135577e+05
1.324356379619619111e+05
1.294919209650243429e+05
1.268501446745372814e+05
1.245103054799872771e+05
1.224678290807259327e+05
1.207113773928892915e+05
1.192208655701618991e+05
1.179664252871359058e+05
1.169089650647272647e+05
1.160026630543960491e+05
1.151992425498107914e+05
1.144533600258274528e+05
1.137280467275791307e+05
1.129990264125411049e+05
1.122569381024078466e+05
1.115069678666521941e+05
1.107659906557828799e+05
1.100578608768359118e+05
1.094078237673094845e+05
1.088370902320055611e+05
1.083584616777055635e+05
1.079736046445361426e+05
1.076722596304330800e+05
1.074333885212505556e+05
1.072280344811224932e+05
1.070234704234397504e+05
1.067880336295953603e+05
1.064958991516167589e+05
1.061309784879138460e+05
1.056891988682405354e+05
1.051786586096076935e+05
1.046175538762619253e+05
1.040302596528816503e+05
1.034423997214121773e+05
1.028760162244528619e+05
1.023459405753105530e+05
1.018581470582813199e+05
1.014103182697748707e+05
1.009942375790483493e+05
1.005991492586934182e+05
1.002150453913054662e+05
9.983499344525786000e+04
9.945602757182708592e+04
9.907862292972931755e+04
9.870517761889343092e+04
9.833812420412091888e+04
9.797826303869471303e+04
9.762371984461070679e+04
9.726968776976018853e+04
9.690891319998544350e+04
9.653276915313847712e+04
9.613271981671759568e+04
9.570197208784657414e+04
9.523709375754273788e+04
9.473934097648957686e+04
9.421540405421181640e+04
9.367729651150346035e+04
9.314121666336989438e+04
9.262540825866366504e+04
9.214729542229301296e+04
9.172039246729384467e+04
9.135161322459239454e+04
9.103957961526943836e+04
9.077435638371272944e+04
9.053876441725075711e+04
9.031111829509165545e+04
9.006896093277848559e+04
8.979317553092190064e+04
8.947176607852576126e+04
8.910262122934577928e+04
8.869471431897328875e+04
8.826743902072390483e+04
8.784811288371980481e+04
8.746804791855812073e+04
8.715790475496610452e+04
8.694321458667150000e+04
8.684088972236811242e+04
8.685723035867845465e+04
8.698744836206288892e+04
8.721623678587631730e+04
8.751862692765412794e+04
8.786045698111297679e+04
8.819825336898321984e+04
8.847903663163472083e+04
8.864119383577664848e+04
8.861775898964233056e+04
8.834298839502483315e+04
8.776204488454027160e+04
8.684224086480875849e+04
8.558315453001199057e+04
8.402253615352569614e+04
8.223554084529052489e+04
8.032636922784564376e+04
7.841341700272908201e+04
7.661087864880375855e+04
7.501081500326597597e+04
7.366964187961640710e+04
7.260186712028057082e+04
7.178207660038676113e+04
7.115421052824656363e+04
7.064562847437018354e+04
7.018269825507000496e+04
6.970475350801659806e+04
6.917408357471291674e+04
6.858081547149409016e+04
6.794274910764885135e+04
6.730112133841037576e+04
6.671376591866929084e+04
6.624723516812297748e+04
6.596929697936878074e+04
6.594297748257551575e+04
6.622307245600970055e+04
6.685576888080676144e+04
6.788157797344138089e+04
6.934105459645441442e+04
7.128175271881971275e+04
7.376374184129398782e+04
7.686021201682412357e+04
8.064977731207929901e+04
8.519850632649176987e+04
9.053254731700196862e+04
9.660596386624347360e+04
1.032719272331337852e+05
1.102672524732207094e+05
1.172191496942604863e+05
1.236785631211876607e+05
1.291774325752332225e+05
1.332996883409578004e+05
1.357504057210788014e+05
1.364064740241418185e+05
1.353361352614079078e+05
1.327827292855467531e+05
1.291173518580725940e+05
1.247728047030135640e+05
1.201748271714163420e+05
1.156853685380337556e+05
1.115675460865890491e+05
1.079750675810154644e+05
1.049626300596671790e+05
1.025098381132989889e+05
1.005501041733028687e+05
9.899734738235983241e+04
9.776602895570916007e+04
9.678299737786842161e+04
9.599192245237839234e+04
9.535239698061344097e+04
9.483611806700582383e+04
9.442221596623814548e+04
9.409313639571302338e+04
9.383180003151309211e+04
9.362023263183052768e+04
9.343952525399705337e+04
9.327080407962533354e+04
9.309679494538824656e+04
9.290351654823565332e+04
9.268163372288733080e+04
9.242708315309022146e+04
9.214077052232041024e+04
9.182740268302336335e+04
9.149377918915289047e+04
9.114702375941447099e+04
9.079322195143529098e+04
9.043675429392795195e+04
9.008035527711924806e+04
8.972570178953517461e+04
8.937423003344815515e+04
8.902792274702318537e+04
8.868995270230533788e+04
8.836522594817315985e+04
8.806095511629281100e+04
8.778736801238120825e+04
8.755853553278515756e+04
8.739314563788224768e+04
8.731493008685397217e+04
8.735242280611634487e+04
8.753781058713520179e+04
8.790480810474343889e+04
8.848570637409540359e+04
8.930795737054161145e+04
9.039082370965462178e+04
9.174270406603484298e+04
9.335970995099173160e+04
9.522589299980959913e+04
9.731520212352649833e+04
9.959482876475158264e+04
1.020291748151197535e+05
1.045833946555834846e+05
1.072254634302509075e+05
1.099260858460709569e+05
1.126564373885078676e+05
1.153845345723396167e+05
1.180716762576467299e+05
1.206706015727683116e+05
1.231266177738147380e+05
1.253820304983808746e+05
1.273830548261688091e+05
1.290874255633048306e+05
1.304705473553906049e+05
1.315284067227133783e+05
1.322764852401404351e+05
1.327451835454335669e+05
1.329733087805682153e+05
1.330016181010703149e+05
1.328681299498691224e+05
1.326060833744808042e+05
1.322444077465777227e+05
1.318097515846676833e+05
1.313287709880220355e+05
1.308295467725252092e+05
1.303415424456139881e+05
1.298941839268165058e+05
1.295146890165570949e+05
1.292260360727435327e+05
1.290458904466892272e+05
1.289869638740906666e+05
1.290587967512242903e+05
1.292704843801053357e+05
1.296335613849130750e+05
1.301642093552301376e+05
1.308841764384904673e+05
1.318202139041354822e+05
1.330022846666665864e+05
1.344610987782340089e+05
1.362255511104291363e+05
1.383203694382648391e+05
1.407638622048746911e+05
1.435653134032048983e+05
1.467215259436288616e+05
1.502123603071710095e+05
1.539957610413456860e+05
1.580034540285424155e+05
1.621389167642472894e+05
1.662791366902679438e+05
1.702810327730201534e+05
1.739923910988007556e+05
1.772660687356518465e+05
1.799753802547178639e+05
1.820282207856349123e+05
1.833776535211538139e+05
1.840273033525459177e+05
1.840307772510345385e+05
1.834852961561396369e+05
1.825206259276643395e+05
1.812851194569198706e+05
1.799311198628982238e+05
1.786020223280920181e+05
1.774228832190637186e+05
1.764956251365242060e+05
1.758987729685104860e+05
1.756905477575483965e+05
1.759133685402138217e+05
1.765976264000949741e+05
1.777630845165532082e+05
1.794172834484083287e+05
1.815515628959774331e+05
1.841363397468752228e+05
1.871177590811865230e+05
1.904175945472870371e+05
1.939373903811945638e+05
1.975665949237808818e+05
2.011932367103924335e+05
2.047149255592822155e+05
2.080478681422915542e+05
2.111321939427814505e+05
2.139329843847576703e+05
2.164376104553829937e+05
2.186508992145680531e+05
2.205899644551076053e+05
2.222801749725897389e+05
2.237528788340737810e+05
2.250445265436210029e+05
2.261961493842185009e+05
2.272520237510365841e+05
2.282568073787609756e+05
2.292512338355395186e+05
2.302672238936736831e+05
2.313236824147009756e+05
2.324241534893967328e+05
2.335569987123060273e+05
2.346980999709935277e+05
2.358155382822127722e+05
2.368754113041168021e+05
2.378479043882136175e+05
2.387127981340209371e+05
2.394636665601705026e+05
2.401100843257324887e+05
2.406773131027529016e+05
2.412032866592962528e+05
2.417332735935171950e+05
2.423132212362145074e+05
2.429832186686771456e+05
2.437725276906745858e+05
2.446971490770440141e+05
2.457600778156670276e+05
2.469535851555629051e+05
2.482623891860021977e+05
2.496666213106531941e+05
2.511439934185579477e+05
2.526712368491270172e+05
2.542253719124385680e+05
2.557854406102728099e+05
2.573349837992073735e+05
2.588649705571306113e+05
2.603763935991887993e+05
2.618815754365705361e+05
2.634034634155727690e+05
2.649727213515323238e+05
2.666230320721493335e+05
2.683854876296098228e+05
2.702831288646663306e+05
2.723265909278467298e+05
2.745115013200108660e+05
2.768178908032533363e+05
2.792115336024737917e+05
2.816469036579489475e+05
2.840713305870788754e+05
2.864299230520685087e+05
2.886708334294952801e+05
2.907504130573345465e+05
2.926377452609782340e+05
2.943179947548471391e+05
2.957940604909860413e+05
2.970862273747533909e+05
2.982298696774187847e+05
2.992716644052463234e+05
3.002650720818288391e+05
3.012659033006069367e+05
3.023285748438903829e+05
3.035032549202140071e+05
3.048336781165536377e+05
3.063551627192255692e+05
3.080923989190569846e+05
3.100568859698539018e+05
3.122443501194770797e+05
3.146328764862727839e+05
3.171826514359668945e+05
3.198380366003460949e+05
3.225322073406465352e+05
3.251939336678557447e+05
3.277554744982857956e+05
3.301601987615904072e+05
3.323685555609013536e+05
3.343613828077380313e+05
3.361401491480012191e+05
3.377243842072929838e+05
3.391470849051432451e+05
3.404491631071286974e+05
3.416739790366020752e+05
3.428627320299959392e+05
3.440510743276615976e+05
3.452669291008920991e+05
3.465292676337360172e+05
3.478475960352784023e+05
3.492220759835347999e+05
3.506444202379633789e+05
3.520997958173755324e+05
3.535698282598889782e+05
3.550364459642686415e+05
3.564858784246153664e+05
3.579118328263449366e+05
3.593168896664966014e+05
3.607115313250196632e+05
3.621108565699229948e+05
3.635297408790424815e+05
3.649777442724907887e+05
3.664552522995702457e+05
3.679520681018272298e+05
3.694489952827396337e+05
3.709220463280443219e+05
3.723480710870875046e+05
3.737101362774419249e+05
3.750011063294977648e+05
3.762245649959945586e+05
3.773932114559239126e+05
3.785257405346325249e+05
3.796435843922229833e+05
3.807685977143558557e+05
3.819219848237648839e+05
3.831239220733518014e+05
3.843928813695630524e+05
3.857438557108017267e+05
3.871854218625783687e+05
3.887164522578786709e+05
3.903238332551857457e+05
3.919824606780186878e+05
3.936580927939910325e+05
3.953126672612231341e+05
3.969108637758352561e+05
3.984263349869301892e+05
3.998462003903810983e+05
4.011729339275574894e+05
4.024234144769468112e+05
4.036254513353785151e+05
4.048124843111665105e+05
4.060174279716570745e+05
4.072668131381216808e+05
4.085764257336996379e+05
4.099494404249085346e+05
4.113775186489668558e+05
4.128445558580810903e+05
4.143319591587265022e+05
4.158238343002313632e+05
4.173105046591271530e+05
4.187894049177856650e+05
4.202633677136462065e+05
4.217372680699940538e+05
4.232145283598669339e+05
4.246949083911836497e+05
4.261743632614780217e+05
4.276468304361196933e+05
4.291069976347436896e+05
4.305527343941408908e+05
4.319860758782711928e+05
4.334123154368162504e+05
4.348375912512922077e+05
4.362659870555026573e+05
4.376973529289743747e+05
4.391267407206822536e+05
4.405457054745311034e+05
4.419450401888290653e+05
4.433180601849774830e+05
4.446634690234822338e+05
4.459870720886472845e+05
4.473019832824803889e+05
4.486273127146558254e+05
4.499855411904036300e+05
4.513989136654009344e+05
4.528853102769895340e+05
4.544542289316397510e+05
4.561036801167579251e+05
4.578188136641386664e+05
4.595728491221010918e+05
4.613303715001014643e+05
4.630524429559471901e+05
4.647025097718455363e+05
4.662519393284480320e+05
4.676842285262666992e+05
4.689973395969441626e+05
4.702040279178556520e+05
4.713302822230936144e+05
4.724121019295647275e+05
4.734909121377701522e+05
4.746080932421264006e+05
4.757993919723524014e+05
4.770902411044999608e+05
4.784930251961086178e+05
4.800069432102615247e+05
4.816203918647626415e+05
4.833149962208557990e+05
4.850699044971159892e+05
4.868649918340886361e+05
4.886821768532053102e+05
4.905048817849666229e+05
4.923163870441004401e+05
4.940981618540824275e+05
4.958291351662281086e+05
4.974864556029098458e+05
4.990478000890984549e+05
5.004948822825070820e+05
5.018175145361805335e+05
5.030173597829497885e+05
5.041103835783863324e+05
5.051270782436219160e+05
5.061098968243754935e+05
5.071080133076442289e+05
5.081703383564371034e+05
5.093383468141257763e+05
5.106404147376519395e+05
5.120889161352675874e+05
5.136804591665182961e+05
5.153987060649150517e+05
5.172185876653679879e+05
5.191105930512276245e+05
5.210441492587579414e+05
5.229896836852527340e+05
5.249195124620385468e+05
5.268080317070332821e+05
5.286317567156909499e+05
5.303696282868194394e+05
5.320038050055556232e+05
5.335209786639446393e+05
5.349141154048151802e+05
5.361844100815168349e+05
5.373431061252807267e+05
5.384126763487095013e+05
5.394267441465266747e+05
5.404281590470055817e+05
5.414649237857374828e+05
5.425842148468105588e+05
5.438254224702995270e+05
5.452137138834893703e+05
5.467558116805108730e+05
5.484392902079268824e+05
5.502357555747784209e+05
5.521070746573469369e+05
5.540128128220820799e+05
5.559166697405094747e+05
5.577901762315793894e+05
5.596130780709506944e+05
5.613712033265959471e+05
5.630535842647015816e+05
5.646507425660028821e+05
5.661552911937363679e+05
5.675647228355725529e+05
5.688850552611720050e+05
5.701334470294176135e+05
5.713382193775298074e+05
5.725357367869319860e+05
5.737648180724106496e+05
5.750602317657932872e+05
5.764470430311140371e+05
5.779371288404681254e+05
5.795283513352944283e+05
5.812060684032366844e+05
5.829461673966717208e+05
5.847187316419215640e+05
5.864916917028530734e+05
5.882341701685176231e+05
5.899195019800703740e+05
5.915279884816168342e+05
5.930493195341004757e+05
5.944843651378926588e+05
5.958458392323649023e+05
5.971573144529246492e+05
5.984502981230820296e+05
5.997595422210623510e+05
6.011173160809817491e+05
6.025478132639109390e+05
6.040630011218455620e+05
6.056609620638000779e+05
6.073271737653615419e+05
6.090384106417009607e+05
6.107682539137220010e+05
6.124927778071910143e+05
6.141949546763456892e+05
6.158667038021209883e+05
6.175082023901896318e+05
6.191248966106616426e+05
6.207233508616577601e+05
6.223074155923344661e+05
6.238760342938458780e+05
6.254233813965305453e+05
6.269411513330989983e+05
6.284220461995542282e+05
6.298631393361242954e+05
6.312679449075366138e+05
6.326465810508566210e+05
6.340140947808792116e+05
6.353875360601136927e+05
6.367825857737049228e+05
6.382105045816486236e+05
6.396760296679041348e+05
6.411767213692819932e+05
6.427041347581484588e+05
6.442469318847809918e+05
6.457955438637488987e+05
6.473472894945456646e+05
6.489102323059913469e+05
6.505039075685123680e+05
6.521556743214981398e+05
6.538928251477311132e+05
6.557322952845172258e+05
6.576711550031905062e+05
6.596813762886258774e+05
6.617113348762224196e+05
6.636944038836370455e+05
6.655625804869990097e+05
6.672613168557742611e+05
6.687613185941182310e+05
6.700641759233657504e+05
6.712008132568560541e+05
6.722239877069309587e+05
6.731975661999800941e+05
6.741856147239356069e+05
6.752435769404628081e+05
6.764125784289871808e+05
6.777168262964122696e+05
6.791635668368868064e+05
6.807450707407136215e+05
6.824422782742166892e+05
6.842296852672646055e+05
6.860806808165255934e+05
6.879721022433657199e+05
6.898866734703727998e+05
6.918125339484027354e+05
6.937401695200413233e+05
6.956582552724782145e+05
6.975505828581943642e+05
6.993959332027627388e+05
7.011715004351235693e+05
7.028588047539148247e+05
7.044497390469879610e+05
7.059501269048835384e+05
7.073790996027305955e+05
7.087643153690773761e+05
7.101347472149602836e+05
7.115136680708860513e+05
7.129141821174420184e+05
7.143383963913068874e+05
7.157797680690943962e+05
7.172270697387745604e+05
7.186682507432965795e+05
7.200931709707098780e+05
7.214952220996788237e+05
7.228725711899185553e+05
7.242297441921473946e+05
7.255795607009230880e+05
7.269445094536301913e+05
7.283561408415850019e+05
7.298513711537424242e+05
7.314657213375058491e+05
7.332249684312767349e+05
7.351377488535627490e+05
7.371917126937762368e+05
7.393547184722427046e+05
7.415806814808981726e+05
7.438178783787138527e+05
7.460166484205711167e+05
7.481339956519614207e+05
7.501343652337988606e+05
7.519879680061744293e+05
7.536693485449155560e+05
7.551586713505369844e+05
7.564464743833764223e+05
7.575402815923767630e+05
7.584697541440057103e+05
7.592869944688645191e+05
7.600603639793065377e+05
7.608629502027567942e+05
7.617592843547699740e+05
