4.112075667208578088e+05
4.103067867288283887e+05
4.093193708960967488e+05
4.082429599968494731e+05
4.070869033986153081e+05
4.058719040610706434e+05
4.046268462638906785e+05
4.033836676795922685e+05
4.021716989466056111e+05
4.010129864403001266e+05
3.999197202039731783e+05
3.988941571841633413e+05
3.979306258863672847e+05
3.970186140926909866e+05
3.961457825180396321e+05
3.953000458866767003e+05
3.944704558836988290e+05
3.936472205273773870e+05
3.928215263615804724e+05
3.919857647278642980e+05
3.911343784435255802e+05
3.902650729073224938e+05
3.893798317921167472e+05
3.884851849038683577e+05
3.875914602856530109e+05
3.867111415022266447e+05
3.858567425290072570e+05
3.850386871654563583e+05
3.842635503892584238e+05
3.835328016554035130e+05
3.828420231690039509e+05
3.821805410561294411e+05
3.815314940884898533e+05
3.808724919125334709e+05
3.801770831493108417e+05
3.794171969322304358e+05
3.785665312492992380e+05
3.776045835578576662e+05
3.765207325056684786e+05
3.753175738852865179e+05
3.740126702251335955e+05
3.726380447862579604e+05
3.712371406455664546e+05
3.698595103461447288e+05
3.685540710408594459e+05
3.673621863511353149e+05
3.663119681313404581e+05
3.654149544842538307e+05
3.646657562089017592e+05
3.640445277707800851e+05
3.635214329628129490e+05
3.630618520726930583e+05
3.626310431386868586e+05
3.621973202188466094e+05
3.617334147167070187e+05
3.612163326340644853e+05
3.606264987059342675e+05
3.599471400155847077e+05
3.591646644730472472e+05
3.582703031342067407e+05
3.572626703496155678e+05
3.561503622140838415e+05
3.549534634584432933e+05
3.537029912521941005e+05
3.524378604969860171e+05
3.511997399023591424e+05
3.500268968291864730e+05
3.489485086834327085e+05
3.479807800628723344e+05
3.471255928448480554e+05
3.463715858156377217e+05
3.456968667594984872e+05
3.450722927433209261e+05
3.444644961048635305e+05
3.438384174886780675e+05
3.431596988378845272e+05
3.423975544283645577e+05
3.415285132203333778e+05
3.405408046722921426e+05
3.394384516500688624e+05
3.382437109990370809e+05
3.369966161328429589e+05
3.357510309686281253e+05
3.345675756506253965e+05
3.335046581578424084e+05
3.326093198299624491e+05
3.319095509851733223e+05
3.314092620715090306e+05
3.310864625975629315e+05
3.308946602050923393e+05
3.307671719536153832e+05
3.306238987493081368e+05
3.303800115297971643e+05
3.299558141115742037e+05
3.292867754092306714e+05
3.283324767199932248e+05
3.270831553229780402e+05
3.255627396849045763e+05
3.238277378376011038e+05
3.219619324855927844e+05
3.200674098433921463e+05
3.182529206213640282e+05
3.166209345672579948e+05
3.152550213324099313e+05
3.142093358315806836e+05
3.135018952697878121e+05
3.131128808603022480e+05
3.129883502976703458e+05
3.130486609079679474e+05
3.131998990543952095e+05
3.133460464942718972e+05
3.133997036519945832e+05
3.132898824222083786e+05
3.129663744802145520e+05
3.124010892760040588e+05
3.115872311658822000e+05
3.105371779710169067e+05
3.092796055494956672e+05
3.078560610406546039e+05
3.063170464665906620e+05
3.047177786316116108e+05
3.031140041972412146e+05
3.015583619738735724e+05
3.000976612303900183e+05
2.987711102632809780e+05
2.976091563591061276e+05
2.966324037217490841e+05
2.958501936611803831e+05
2.952588331222233828e+05
2.948399632335196366e+05
2.945599237107301597e+05
2.943709964118112694e+05
2.942150448225776781e+05
2.940294124797570985e+05
2.937542324446476996e+05
2.933397970605673036e+05
2.927525384761836613e+05
2.919785203946582624e+05
2.910240069205641630e+05
2.899133931367520127e+05
2.886852768207406625e+05
2.873875599713954725e+05
2.860722288008418982e+05
2.847900878502833075e+05
2.835854965027857688e+05
2.824912553068324924e+05
2.815241839511202998e+05
2.806823780764967087e+05
2.799452914485667716e+05
2.792774175747461268e+05
2.786354385068884585e+05
2.779775495431711897e+05
2.772727204919824144e+05
2.765073617236959399e+05
2.756874405686449027e+05
2.748354037056323141e+05
2.739828499709942844e+05
2.731611771734053036e+05
2.723929255823441199e+05
2.716861105633173720e+05
2.710327050353040104e+05
2.704110850300834863e+05
2.697912024911136250e+05
2.691408158135947888e+05
2.684313015622290550e+05
2.676421421074403333e+05
2.667637872537341900e+05
2.657989594717621803e+05
2.647625403011071612e+05
2.636800572308066185e+05
2.625846965813030838e+05
2.615128729959402117e+05
2.604987295084583166e+05
2.595684030922622769e+05
2.587352443750612729e+05
2.579972082849061990e+05
2.573372361477823579e+05
2.567267126454477548e+05
2.561312452931433218e+05
2.555173787482849730e+05
2.548586454173506063e+05
2.541396219532552059e+05
2.533572824298267660e+05
2.525196794042719994e+05
2.516426109182113432e+05
2.507452975948926760e+05
2.498461620494960807e+05
2.489596164006896433e+05
2.480944025398735248e+05
2.472535840899482137e+05
2.464358574795425520e+05
2.456375400490702305e+05
2.448544995798866148e+05
2.440834466077406250e+05
2.433223554503748310e+05
2.425701601515874499e+05
2.418261137750403141e+05
2.410892025790855987e+05
2.403578045535729907e+05
2.396295271763433993e+05
2.389010301581565582e+05
2.381677248521196889e+05
2.374234825813127391e+05
2.366607038985171239e+05
2.358711202711765654e+05
2.350474532654256036e+05
2.341856416554009484e+05
2.332869746287552407e+05
2.323593441887090448e+05
2.314170359536562173e+05
2.304789335640356294e+05
2.295655188006819226e+05
2.286953970436742529e+05
2.278821470516086265e+05
2.271321029704965767e+05
2.264433509090907755e+05
2.258059194334522472e+05
2.252029712432622036e+05
2.246127779635038751e+05
2.240113126545884588e+05
2.233753206418595801e+05
2.226856513619647594e+05
2.219304508642591245e+05
2.211076122160860104e+05
2.202257973948483123e+05
2.193034995755678101e+05
2.183660366627864423e+05
2.174409506900345732e+05
2.165528211328509497e+05
2.157187521918833081e+05
2.149456282774432620e+05
2.142296854739342234e+05
2.135582275183126621e+05
2.129127107780904043e+05
2.122721674149053870e+05
2.116160994155035005e+05
2.109264381025067123e+05
2.101886804633376014e+05
2.093926411284755450e+05
2.085332664135922969e+05
2.076116770024886937e+05
2.066362032121702796e+05
2.056228610695795505e+05
2.045946480448289949e+05
2.035792623098347685e+05
2.026052975657734496e+05
2.016974831339969242e+05
2.008719487880655506e+05
2.001326519939436694e+05
1.994699429106525204e+05
1.988617847297258268e+05
1.982775081086537102e+05
1.976833340237595839e+05
1.970484372386873583e+05
1.963501850397274247e+05
1.955774202201979060e+05
1.947311949463738420e+05
1.938230378583222919e+05
1.928714435275276483e+05
1.918976333943092613e+05
1.909216621615162585e+05
1.899596613599026750e+05
1.890225510329508979e+05
1.881160879215081804e+05
1.872418094909069478e+05
1.863983522703632188e+05
1.855827405003091844e+05
1.847914469884943974e+05
1.840211941300412291e+05
1.832695115863710234e+05
1.825350089734806679e+05
1.818172417222009972e+05
1.811160463480234612e+05
1.804303478143628163e+05
1.797566626200128812e+05
1.790877356126664672e+05
1.784118422986911610e+05
1.777131930069928640e+05
1.769735993940796470e+05
1.761751879823947966e+05
1.753035893309005187e+05
1.743508127311880526e+05
1.733170159756526991e+05
1.722106192269255407e+05
1.710466436250171973e+05
1.698436677218136319e+05
1.686202375418051379e+05
1.673917912929865997e+05
1.661690726575070003e+05
1.649586050409771269e+05
1.637651848910503904e+05
1.625957047830731608e+05
1.614631373014827259e+05
1.603893540628600458e+05
1.594056777005585318e+05
1.585506090069747297e+05
1.578648829581557948e+05
1.573846904717987054e+05
1.571343823625599907e+05
1.571201415314994520e+05
1.573259495339698624e+05
1.577127402406151814e+05
1.582210285568380496e+05
1.587766456932609435e+05
1.592986232406447234e+05
1.597078557229205908e+05
1.599350251489883231e+05
1.599264418972552230e+05
1.596469296057126194e+05
1.590795614302926406e+05
1.582227730365794851e+05
1.570859375041734020e+05
1.556847293304206105e+05
1.540374666412635415e+05
1.521631642585007939e+05
1.500814187437160872e+05
1.478136813816572540e+05
1.453851196848538530e+05
1.428261935053921770e+05
1.401732472900223511e+05
1.374677459613118554e+05
1.347541441369649838e+05
1.320766917120132712e+05
1.294757017524081166e+05
1.269839288637055433e+05
1.246237266331320279e+05
1.224055676047789020e+05
1.203283168914077542e+05
1.183813651158036373e+05
1.165483864910942502e+05
1.148121525920519052e+05
1.131595685486328293e+05
1.115859674949305627e+05
1.100977479566306429e+05
1.087126899103770120e+05
1.074577215364648146e+05
1.063644580226529361e+05
1.054633679998650478e+05
1.047777877586184768e+05
1.043190749812123977e+05
1.040839394323707238e+05
1.040544892740292707e+05
1.042009511901283986e+05
1.044865282096391165e+05
1.048735480103922309e+05
1.053299233923518186e+05
1.058349265289359028e+05
1.063833074524983967e+05
1.069868694030396873e+05
1.076728234059026872e+05
1.084786676252275938e+05
1.094439879178902484e+05
1.106003438461069454e+05
1.119610686630153214e+05
1.135131244515918079e+05
1.152129482528477092e+05
1.169874973159398651e+05
1.187406216309171723e+05
1.203637444868582534e+05
1.217489152884515497e+05
1.228018288574123726e+05
1.234524613174169936e+05
1.236614996822900721e+05
1.234215950129885459e+05
1.227534666087174701e+05
1.216978510600790469e+05
1.203050689082287136e+05
1.186244367893372983e+05
1.166957738433513587e+05
1.145447809446245083e+05
1.121831517617459613e+05
1.096130820201092283e+05
1.068346791403907118e+05
1.038539908406168834e+05
1.006892458930119028e+05
9.737351116125546105e+04
9.395313521495925670e+04
9.048267689851231989e+04
8.701804646257618151e+04
8.360997108059245511e+04
8.029954062315347255e+04
7.711667825182282832e+04
7.408129042371529795e+04
7.120599101926630829e+04
6.849894716118104407e+04
6.596562434379567276e+04
6.360886386836084421e+04
6.142751961132843280e+04
5.941451125950105052e+04
5.755540676728614199e+04
5.582847066875995370e+04
5.420660395362454437e+04
5.266095549038080935e+04
5.116542844914858142e+04
4.970100902519455121e+04
4.825887843457931740e+04
4.684159206279231876e+04
4.546210025416399731e+04
4.414089128595870716e+04
4.290192606075218646e+04
4.176822692039509275e+04
4.075796412352494372e+04
3.988169027594483487e+04
3.914107419700168248e+04
3.852915923626024596e+04
3.803188656869669649e+04
3.763043208041234902e+04
3.730383186249522987e+04
3.703141490986847930e+04
3.679469626931120001e+04
3.657856554688972392e+04
3.637178415589682118e+04
3.616693719777319347e+04
3.596004796209576307e+04
3.575005296979392006e+04
3.553827152447781555e+04
3.532791647040899261e+04
3.512361571769353031e+04
3.493087419090148614e+04
3.475541617990937084e+04
3.460240260809232132e+04
3.447559217759796593e+04
3.437657573802232946e+04
3.430423105556577502e+04
3.425451221424528921e+04
3.422062135029440833e+04
3.419354307542963215e+04
3.416288158200461476e+04
3.411793149150530371e+04
3.404891431381833536e+04
3.394829174253180099e+04
3.381201039782685257e+04
3.364045977098361618e+04
3.343888503399766341e+04
3.321704010119034501e+04
3.298801276740027970e+04
3.276636966110796857e+04
3.256597675897064619e+04
3.239796373791659062e+04
3.226926277823983401e+04
3.218197244231877266e+04
3.213354566445038654e+04
3.211758058857235301e+04
3.212489136234277612e+04
3.214458325872297064e+04
3.216501110929729111e+04
3.217466954911251378e+04
3.216315164191780059e+04
3.212226861163455396e+04
3.204726970605739189e+04
3.193792119441436080e+04
3.179909885892410966e+04
3.164058642687694737e+04
3.147595236220344668e+04
3.132063224304220057e+04
3.118957499723194633e+04
3.109493523896304396e+04
3.104427680534733736e+04
3.103961571155304409e+04
3.107743136612370290e+04
3.114957606864457557e+04
3.124486006631758937e+04
3.135100290801205119e+04
3.145662143558112075e+04
3.155295957555212226e+04
3.163513959292508662e+04
3.170281044919668784e+04
3.176016695504922973e+04
3.181539698638820846e+04
3.187967504585272400e+04
3.196586150850394552e+04
3.208709667745619663e+04
3.225550247790589492e+04
3.248121645173856086e+04
3.277196757397404872e+04
3.313334852033175412e+04
3.356984847404799075e+04
3.408661182608602394e+04
3.469182285535793199e+04
3.539961697764613200e+04
3.623348050742423948e+04
3.723016326220326300e+04
3.844408249177204561e+04
3.995191935526808084e+04
4.185652660495272721e+04
4.428842992576281540e+04
4.740235302057767694e+04
5.136575499857898103e+04
5.633686227726801008e+04
6.243152707914540952e+04
6.968149965984682785e+04
7.799080701349885203e+04
8.710067954506829847e+04
9.657525098212811281e+04
1.058186272394777043e+05
1.141282949427273124e+05
1.207810490861222352e+05
1.251379564967798651e+05
1.267474913280973706e+05
1.254237614124387910e+05
1.212810771446075232e+05
1.147161489109645481e+05
1.063419934371603740e+05
9.688918954917043447e+04
8.709691264964995207e+04
7.761642753012289177e+04
6.894397802996548126e+04
6.139072613613233261e+04
5.508779820240518893e+04
5.001736036863549089e+04
4.605740537874258735e+04
4.302849760718770267e+04
4.073388079222045781e+04
3.898847719357380993e+04
3.763600706256285048e+04
3.655594501181961095e+04
3.566315449970713235e+04
3.490309619494984508e+04
3.424495806939691101e+04
3.367432891579224815e+04
3.318640263602653431e+04
3.278026237198908348e+04
3.245453649173836311e+04
3.220457085316199300e+04
3.202114664126887146e+04
3.189064037799037033e+04
3.179636304733879297e+04
3.172065765711505082e+04
3.164723023726913743e+04
3.156318612162082718e+04
3.146035972347948336e+04
3.133573633298388449e+04
3.119100539283518447e+04
3.103148067942118359e+04
3.086471876937265915e+04
3.069915133290153244e+04
3.054295144336308294e+04
3.040323473319087498e+04
3.028560173091420438e+04
3.019397842603776371e+04
3.013069726590062419e+04
3.009675463128506453e+04
3.009216575749610638e+04
3.011631941246364659e+04
3.016823727701609459e+04
3.024669121795439423e+04
3.035022523141804777e+04
3.047723143542517573e+04
3.062628042678100974e+04
3.079685261699426337e+04
3.099044967847355292e+04
3.121183714508957200e+04
3.146998227312392919e+04
3.177821192709347815e+04
3.215328034866622693e+04
3.261337657225961084e+04
3.317550159584896028e+04
3.385294969353987835e+04
3.465370288298348896e+04
3.558033953581126116e+04
3.663161951586601208e+04
3.780537827996714623e+04
3.910191718461197888e+04
4.052686889021319075e+04
4.209262345506290148e+04
4.381780130373533029e+04
4.572483609186141257e+04
4.783629955699307902e+04
5.017096493726970948e+04
5.274062382460864319e+04
5.554832001387047785e+04
5.858806734542638878e+04
6.184551869120784977e+04
6.529871659225223993e+04
6.891814961992616009e+04
7.266583541603662889e+04
7.649382421947074181e+04
8.034303691078454722e+04
8.414345233221109083e+04
8.781627607042893942e+04
9.127803491615872190e+04
9.444587692048838653e+04
9.724302469279394427e+04
9.960345887268079969e+04
1.014753923874997126e+05
1.028236592686715740e+05
1.036314925590036291e+05
1.039021421926823823e+05
1.036604221167437208e+05
1.029537772499027051e+05
1.018520844087006408e+05
1.004453459784636361e+05
9.883876137287923484e+04
9.714527818745760305e+04
9.547643434460194840e+04
9.393287490978154528e+04
9.259617800331623584e+04
9.152346765075516305e+04
9.074576048581038776e+04
9.027022422216671112e+04
9.008571580556793197e+04
9.017031777460119338e+04
9.049925433673287625e+04
9.105160742265470617e+04
9.181463046296479297e+04
9.278505391068673634e+04
9.396743055141979130e+04
9.537012948078200861e+04
9.699995616668183357e+04
9.885652158865929232e+04
1.009274319234124268e+05
1.031851740423223819e+05
1.055862809105287452e+05
1.080730092110200640e+05
1.105773760090240685e+05
1.130270193862470915e+05
1.153520288512177940e+05
1.174917076678613375e+05
1.194002399967117381e+05
1.210504540115557465e+05
1.224352483291031094e+05
1.235666826875591214e+05
1.244731112597909669e+05
1.251949764802745776e+05
1.257799603159246471e+05
1.262781410482180509e+05
1.267376832935781858e+05
1.272014413160576951e+05
1.277046950178793923e+05
1.282740594736493367e+05
1.289274159604107990e+05
1.296745378228503396e+05
1.305179860010550474e+05
1.314538802333451749e+05
1.324723258958578517e+05
1.335575460063368955e+05
1.346880362163234386e+05
1.358372175008818158e+05
1.369750282579089981e+05
1.380706613446846604e+05
1.390962734326242935e+05
1.400310926832524710e+05
1.408650651955493086e+05
1.416011244025928318e+05
1.422553877082938561e+05
1.428550399659254472e+05
1.434342306202322070e+05
1.440288201838689856e+05
1.446710994609759655e+05
1.453855729334897769e+05
1.461865503372171079e+05
1.470777406507129781e+05
1.480534785967659554e+05
1.491008331620460667e+05
1.502017819779961719e+05
1.513348926243652822e+05
1.524764065437686222e+05
1.536010626407037198e+05
1.546832208097705443e+05
1.556987451004097238e+05
1.566277265853776189e+05
1.574576416986499098e+05
1.581861741380545718e+05
1.588228418021756806e+05
1.593888009229080344e+05
1.599146510375725629e+05
1.604365652352666366e+05
1.609914563990130264e+05
1.616120671807377948e+05
1.623228279654918879e+05
1.631371103833940870e+05
1.640561842603925033e+05
1.650698361211526499e+05
1.661583011034063238e+05
1.672949711232187692e+05
1.684493262293064909e+05
1.695896976983626373e+05
1.706857386881851417e+05
1.717107166989965190e+05
1.726438145350771956e+05
1.734724723663642653e+05
1.741944887298735557e+05
1.748192968652952404e+05
1.753677412068694539e+05
1.758699079492013552e+05
1.763610696049276448e+05
1.768764000586622860e+05
1.774455619300157996e+05
1.780883783422760025e+05
1.788125310185783601e+05
1.796136790878330357e+05
1.804777641190393479e+05
1.813847599837052112e+05
1.823128779329976533e+05
1.832422827004724822e+05
1.841576543144253083e+05
1.850493235804657743e+05
1.859130869720267947e+05
1.867490714526499214e+05
1.875601319673318649e+05
1.883502423084564216e+05
1.891232360049316194e+05
1.898821190680667933e+05
1.906290359461762127e+05
1.913658229861072032e+05
1.920949276886738080e+05
1.928203321430545766e+05
1.935480547088709136e+05
1.942858811325728602e+05
1.950422171132551448e+05
1.958242994364919432e+05
1.966363170092554356e+05
1.974781226212516776e+05
1.983450697665508196e+05
1.992291167233839224e+05
2.001208537011564476e+05
2.010117360975758347e+05
2.018957155104007979e+05
2.027696987047010334e+05
2.036327401599727746e+05
2.044843934288567107e+05
2.053230009934710688e+05
2.061447499249130487e+05
2.069440390059871715e+05
2.077151927818591066e+05
2.084550043598342454e+05
2.091651968352203257e+05
2.098538184221833653e+05
2.105348782076843199e+05
2.112261056092398067e+05
2.119453805005674658e+05
2.127068851267124410e+05
2.135181688414442178e+05
2.143790200340621814e+05
2.152824087433152017e+05
2.162170434052140336e+05
2.171705630864727427e+05
2.181322655021670216e+05
2.190945788808743819e+05
2.200530647933512519e+05
2.210053239112718147e+05
2.219495200438341999e+05
2.228832229453909677e+05
2.238029554586912855e+05
2.247044071611994877e+05
2.255829673275497044e+05
2.264341774197751074e+05
2.272539051024165237e+05
2.280383596942111617e+05
2.287843050419733045e+05
2.294898268305923848e+05
2.301557503836890101e+05
2.307873996707465267e+05
2.313960454332156514e+05
2.319993030871574883e+05
2.326199880257536133e+05
2.332834354393513058e+05
2.340138357215768192e+05
2.348304889280459902e+05
2.357448917320673063e+05
2.367592424062109785e+05
2.378664370997355145e+05
2.390511606510573183e+05
2.402914422743844625e+05
2.415601307869599259e+05
2.428260831490189303e+05
2.440552819295186491e+05
2.452123948101086717e+05
2.462633056370560371e+05
2.471788407060042082e+05
2.479393824892102566e+05
2.485395088504289160e+05
2.489914517520630325e+05
2.493262038302117435e+05
2.495915443601219449e+05
2.498469816936574935e+05
2.501563808859843411e+05
2.505796099310108111e+05
2.511647251675082371e+05
2.519419995295746194e+05
2.529205932732678193e+05
2.540880755382544594e+05
2.554125188102355460e+05
2.568466122561032535e+05
2.583331610457731585e+05
2.598113571540515695e+05
2.612232120918424043e+05
2.625194906382980407e+05
2.636644340564007871e+05
2.646386303496123874e+05
2.654396684505870217e+05
2.660806796057959436e+05
2.665873655110055697e+05
2.669944174505149713e+05
2.673421829346108134e+05
2.676740410723247332e+05
2.680343919295892119e+05
2.684667271976369666e+05
2.690111540398938232e+05
2.697010424845013767e+05
2.705590137567939819e+05
2.715930198337540496e+05
2.727935369921208476e+05
2.741327918833943550e+05
2.755665104288046714e+05
2.770381056118143024e+05
2.784847100607442553e+05
2.798441626607771032e+05
2.810620132614347385e+05
2.820977481789059821e+05
2.829296406650425633e+05
2.835577908748433692e+05
2.840050065280233393e+05
2.843152395395738422e+05
2.845494339121861849e+05
2.847789349244246841e+05
2.850770555914283032e+05
2.855098854116594885e+05
2.861277800511770183e+05
2.869590171869118349e+05
2.880067617624331615e+05
2.892498107993518352e+05
2.906467697570499731e+05
2.921425985410001595e+05
2.936760749135321821e+05
2.951867628106697812e+05
2.966204971120703267e+05
2.979330252529078280e+05
2.990920364150434034e+05
3.000781485045672744e+05
3.008854131856794702e+05
3.015215930209538783e+05
3.020080426764072618e+05
3.023787169693730539e+05
3.026778072729562991e+05
3.029558142019424704e+05
3.032643805375247030e+05
3.036507084697122336e+05
3.041526396905995207e+05
3.047953599988025380e+05
3.055902400864369120e+05
3.065357234656370129e+05
3.076196587670771987e+05
3.088222291341067757e+05
3.101187075191545300e+05
3.114815785321604344e+05
3.128819523057044134e+05
3.142904956602304010e+05
3.156782302519232035e+05
3.170174921604560805e+05
3.182831737762261182e+05
3.194541651946470956e+05
3.205147588763592066e+05
3.214557280744194868e+05
3.222748470159983262e+05
3.229767617811401142e+05
3.235722914753441000e+05
3.240773785886517144e+05
3.245119684228153201e+05
3.248990625442988821e+05
3.252640751629924052e+05
3.256344624799573212e+05
3.260394406082464266e+05
3.265095004980668309e+05
3.270753992883554311e+05
3.277663734491810901e+05
3.286074824705092469e+05
3.296162385304929339e+05
3.307989703624087269e+05
3.321476414592217770e+05
3.336379993782636011e+05
3.352298744874847471e+05
3.368701117483903654e+05
3.384980352198146284e+05
3.400526532821978326e+05
3.414802418361233431e+05
3.427407253253700910e+05
3.438115391801504884e+05
3.446883485622439766e+05
3.453828849084887188e+05
3.459189233886444126e+05
3.463277894250316313e+05
3.466446426387614920e+05
3.469062338493493153e+05
3.471501043066564598e+05
3.474145756775711197e+05
3.477385779886773089e+05
3.481604649060390657e+05
3.487154161967817927e+05
3.494316610859987559e+05
3.503263502770645428e+05
3.514022402005316690e+05
3.526462860763442004e+05
3.540307605256788083e+05
3.555167705264255637e+05
3.570593076602214715e+05
3.586125263035577955e+05
3.601339877277049236e+05
3.615871227378417971e+05
3.629419336264190497e+05
3.641746446799186524e+05
3.652673208936428418e+05
3.662082825274457573e+05
3.669935578727584216e+05
3.676289285055169603e+05
3.681316596398331458e+05
3.685309780962100485e+05
3.688667439828157658e+05
3.691863395190154552e+05
3.695402794142515049e+05
3.699772393873035326e+05
3.705391101198809338e+05
3.712564921352941892e+05
3.721449624696804094e+05
3.732025475030522211e+05
3.744090122231630376e+05
3.757275867188326083e+05
3.771094070759994793e+05
3.785002639755822020e+05
3.798484755497982842e+05
3.811121942331761820e+05
3.822645009577129968e+05
3.832952726839149836e+05
3.842097971272394643e+05
3.850250565736413118e+05
3.857651416654254426e+05
3.864572069162687985e+05
3.871288190446124645e+05
3.878067562957298942e+05
3.885166389845698723e+05
3.892824737518560723e+05
3.901253589361925842e+05
3.910611107059303322e+05
3.920971845483554062e+05
3.932297256293313112e+05
3.944417195223523886e+05
3.957030150090447860e+05
3.969725662973729777e+05
3.982027636210541823e+05
3.993453312854001415e+05
4.003580313468793174e+05
4.012112981349326437e+05
4.018938874452157179e+05
4.024166233871287550e+05
4.028133961610327824e+05
4.031387864135357086e+05
4.034621409569345415e+05
4.038585960532769095e+05
4.043983083375988062e+05
4.051357713922876283e+05
4.061013079544991488e+05
4.072964765830992255e+05
4.086942625315623591e+05
4.102437962784831761e+05
4.118783404406880145e+05
4.135247409730792861e+05
4.151125853810557746e+05
4.165818250047426554e+05
4.178882929385147290e+05
4.190070613421245944e+05
4.199337630211595679e+05
4.206839128798943129e+05
4.212901370112138684e+05
4.217972973194522201e+05
4.222558858894813457e+05
4.227146311450869543e+05
4.232137181153577403e+05
4.237800850210980279e+05
4.244257943390151486e+05
4.251496206739061163e+05
4.259410854728539707e+05
4.267855715838213218e+05
4.276690870098957093e+05
4.285816744549917639e+05
4.295191150197942625e+05
4.304831186654082849e+05
4.314804191981385229e+05
4.325211100835126126e+05
4.336163681782063795e+05
4.347756495633013546e+05
4.360036093497266411e+05
4.372972976665231399e+05
4.386443834505019477e+05
4.400230484957024455e+05
4.414037455745988409e+05
4.427524125841840287e+05
4.440342838747067726e+05
4.452173827325190068e+05
4.462751458890840877e+05
4.471882117811049684e+05
4.479458608512297506e+05
4.485476519825609284e+05
4.490053992164325318e+05
4.493449839118093369e+05
4.496069659076776006e+05
4.498448790095506120e+05
4.501205977829608019e+05
4.504970862446317333e+05
4.510298095737824915e+05
4.517586913955977070e+05
4.527024706164128729e+05
