6.115385740046725841e+05
6.105108007521809777e+05
6.096039558705292875e+05
6.087394456777267624e+05
6.078377832059424836e+05
6.068348849322522292e+05
6.056936064449879341e+05
6.044076818556707585e+05
6.029978431632892461e+05
6.015023875381808029e+05
5.999658373398986878e+05
5.984291574708467815e+05
5.969235571790282847e+05
5.954680551614690339e+05
5.940696526290138718e+05
5.927246610595303355e+05
5.914203572278679349e+05
5.901370721502843080e+05
5.888513455124881584e+05
5.875405043703499250e+05
5.861881089306552894e+05
5.847887354745775228e+05
5.833501988817015663e+05
5.818919031328673009e+05
5.804393781119745690e+05
5.790166095676907571e+05
5.776387648974542972e+05
5.763078693812108831e+05
5.750128818061618367e+05
5.737339207812747918e+05
5.724488299885923043e+05
5.711395018306194106e+05
5.697957095810975879e+05
5.684154523791708052e+05
5.670024208692816319e+05
5.655624240779277170e+05
5.641009307547257049e+05
5.626231365592485527e+05
5.611365188927110285e+05
5.596543643964636140e+05
5.581979620851163054e+05
5.567954641470517963e+05
5.554767448142983485e+05
5.542653760423300555e+05
5.531702940168376081e+05
5.521801865934230154e+05
5.512628587793874322e+05
5.503701451063681161e+05
5.494470418084906414e+05
5.484423953565665288e+05
5.473181844702759990e+05
5.460551682719498640e+05
5.446540189292858122e+05
5.431324174332611728e+05
5.415194955213516951e+05
5.398492888821030501e+05
5.381546536919276696e+05
5.364626551457284950e+05
5.347919861665513599e+05
5.331526037216220284e+05
5.315474515241821064e+05
5.299758189239192288e+05
5.284375668433593819e+05
5.269372017687403131e+05
5.254866955820330186e+05
5.241061031629318604e+05
5.228214317058029701e+05
5.216598121786544798e+05
5.206427081063234946e+05
5.197785230273416382e+05
5.190563645304100937e+05
5.184427300731542055e+05
5.178824090867752093e+05
5.173039928399389028e+05
5.166292561866248143e+05
5.157846524334325804e+05
5.147125815644884133e+05
5.133801586692133569e+05
5.117838977884764899e+05
5.099497783348190715e+05
5.079291959579270915e+05
5.057919851896027103e+05
5.036178994203989860e+05
5.014877415946588153e+05
4.994750031049271347e+05
4.976386258912099293e+05
4.960174439994715503e+05
4.946268952192020952e+05
4.934585340513218543e+05
4.924825839552433463e+05
4.916532515340436366e+05
4.909159532966611441e+05
4.902151973538908060e+05
4.895017662651347928e+05
4.887380671886412310e+05
4.879009337008136790e+05
4.869816313317530439e+05
4.859832449215290253e+05
4.849160028857954312e+05
4.837914501288888277e+05
4.826167045665153419e+05
4.813902220138492994e+05
4.801003921394221834e+05
4.787277712242240668e+05
4.772508443664020742e+05
4.756541132828118862e+05
4.739363870484896470e+05
4.721167846432663500e+05
4.702363553036815138e+05
4.683543262849678867e+05
4.665394645730594639e+05
4.648584077095423127e+05
4.633636418055004906e+05
4.620838556402900722e+05
4.610187279701522202e+05
4.601390812509431271e+05
4.593921189457105938e+05
4.587104690072577796e+05
4.580231659080661484e+05
4.572665548804782447e+05
4.563933227919387282e+05
4.553783267249327619e+05
4.542204814329698565e+05
4.529405911282743327e+05
4.515756175930352765e+05
4.501704294642588939e+05
4.487685245393731166e+05
4.474034709743186831e+05
4.460927684307147283e+05
4.448354139042507159e+05
4.436136914262229693e+05
4.423987389747370617e+05
4.411585287991723744e+05
4.398662978144559311e+05
4.385073729555159807e+05
4.370827925893540960e+05
4.356090040182063822e+05
4.341139685249024187e+05
4.326309293386219651e+05
4.311916299088059459e+05
4.298207578784640064e+05
4.285328475988268037e+05
4.273319907095839735e+05
4.262137959518874413e+05
4.251684355532711488e+05
4.241835211760452949e+05
4.232459495658393134e+05
4.223425103045510477e+05
4.214596213111299439e+05
4.205827986483285204e+05
4.196963370972703560e+05
4.187833574249171652e+05
4.178261342332533677e+05
4.168066276269958471e+05
4.157073618624808150e+05
4.145129986372954445e+05
4.132128890655037249e+05
4.118044631735734874e+05
4.102966853049664642e+05
4.087123068640374113e+05
4.070876166174543323e+05
4.054689510595630272e+05
4.039062166972248233e+05
4.024447029907556134e+05
4.011171074334008154e+05
3.999377028043590253e+05
3.988999795827870839e+05
3.979781611552862450e+05
3.971320689449433703e+05
3.963141765675301431e+05
3.954774248192284140e+05
3.945824053352721967e+05
3.936027413240866154e+05
3.925278280628402717e+05
3.913625436021667556e+05
3.901241098054909380e+05
3.888369068440491683e+05
3.875265470692536910e+05
3.862146864737729775e+05
3.849157730701743858e+05
3.836362672266464215e+05
3.823760649456110550e+05
3.811312225445079384e+05
3.798968437516790000e+05
3.786691834399717045e+05
3.774464995586518780e+05
3.762287127766941558e+05
3.750163096306172665e+05
3.738090544672535616e+05
3.726049787090280442e+05
3.713998881355900667e+05
3.701873846863140352e+05
3.689592285591250984e+05
3.677058075811397866e+05
3.664165133519442170e+05
3.650798832881295821e+05
3.636833881876240484e+05
3.622127122221195605e+05
3.606503564719760325e+05
3.589735255307781044e+05
3.571516225794719649e+05
3.551442317388177034e+05
3.529009672057106509e+05
3.503646622586318990e+05
3.474787780304084299e+05
3.441986338350133738e+05
3.405044733267529518e+05
3.364131243528886116e+05
3.319847069148088340e+05
3.273217769783643889e+05
3.225602318848862196e+05
3.178535714328840841e+05
3.133538869012332871e+05
3.091936366592205595e+05
3.054717227373908972e+05
3.022459413172256900e+05
2.995321425856087590e+05
2.973089818624548498e+05
2.955263148328977404e+05
2.941151256722574471e+05
2.929972033779707854e+05
2.920933543743659975e+05
2.913295579082393087e+05
2.906410155259799212e+05
2.899744541392403189e+05
2.892892683905224549e+05
2.885580921578708803e+05
2.877671613235044642e+05
2.869164303491798928e+05
2.860189810525578214e+05
2.850990169178097276e+05
2.841878507519860868e+05
2.833178270850499393e+05
2.825149460275259917e+05
2.817917692578927381e+05
2.811426160486879526e+05
2.805428136220871820e+05
2.799528102288957452e+05
2.793265520390618476e+05
2.786221527140378021e+05
2.778120677200368373e+05
2.768900542691012961e+05
2.758731426049511647e+05
2.747983149594024871e+05
2.737150458082704572e+05
2.726758056222682935e+05
2.717268207437758101e+05
2.709008891902655596e+05
2.702131993163927109e+05
2.696602747672888800e+05
2.692216410996152554e+05
2.688636195797332912e+05
2.685446542842420167e+05
2.682215655842934502e+05
2.678559846960236318e+05
2.674200152171770460e+05
2.669000691572293290e+05
2.662980176955333445e+05
2.656293319805208594e+05
2.649186348805316375e+05
2.641937798855209840e+05
2.634799560122847324e+05
2.627952495325485361e+05
2.621486164134693099e+05
2.615405187062284676e+05
2.609657862861203030e+05
2.604177667191384244e+05
2.598926088453458215e+05
2.593925896111034963e+05
2.589276859276994073e+05
2.585150381449292763e+05
2.581764584820924501e+05
2.579345992542374297e+05
2.578086989978186029e+05
2.578108827898669988e+05
2.579437831263387343e+05
2.581998270551826572e+05
2.585620225089662708e+05
2.590056084889569029e+05
2.594996254289277131e+05
2.600073950187530427e+05
2.604851270084338903e+05
2.608784197727339342e+05
2.611172568872346019e+05
2.611110741641426575e+05
2.607462864473255759e+05
2.598889308177653002e+05
2.583944612924717367e+05
2.561251211943638627e+05
2.529730119012494688e+05
2.488846398987157736e+05
2.438812108465754427e+05
2.380689574498499860e+05
2.316355781387851457e+05
2.248320400872247119e+05
2.179426435152322811e+05
2.112492229620200524e+05
2.049967489535390923e+05
1.993670050775563577e+05
1.944647240909087704e+05
1.903173665700930578e+05
1.868866149141015776e+05
1.840874796959722298e+05
1.818101102999396389e+05
1.799399172762520320e+05
1.783730181238357909e+05
1.770257162960731657e+05
1.758381901975237706e+05
1.747735083690377942e+05
1.738134670660684642e+05
1.729527226423118555e+05
1.721924735073398624e+05
1.715346843310550612e+05
1.709775843272161146e+05
1.705128884823577537e+05
1.701248652151469432e+05
1.697910412112002086e+05
1.694840802088389755e+05
1.691742804980848159e+05
1.688322246349428315e+05
1.684313159986502433e+05
1.679501281431868265e+05
1.673745662851726520e+05
1.666997609159580898e+05
1.659314363536996534e+05
1.650863355865500635e+05
1.641912527760553639e+05
1.632803927357609209e+05
1.623911317995900463e+05
1.615587080424862506e+05
1.608107768129536707e+05
1.601629732374958985e+05
1.596165142898371269e+05
1.591584364964526030e+05
1.587644147156454565e+05
1.584034539789637493e+05
1.580433169135930657e+05
1.576554845453964081e+05
1.572187378330690553e+05
1.567209406962659559e+05
1.561590954904482060e+05
1.555380702834484400e+05
1.548685179977691732e+05
1.541644770226552791e+05
1.534410534904542437e+05
1.527124950622053875e+05
1.519908738394131069e+05
1.512854716859502660e+05
1.506027968292376027e+05
1.499469981475392415e+05
1.493203561378496815e+05
1.487235709816745075e+05
1.481557300239028700e+05
1.476140455807902908e+05
1.470936089902552194e+05
1.465874362729772402e+05
1.460869775231086824e+05
1.455830819271866058e+05
1.450672368886992626e+05
1.445328007494040939e+05
1.439759475456311775e+05
1.433961189587413101e+05
1.427958922611048620e+05
1.421802892488634971e+05
1.415556553328880109e+05
1.409283284970543173e+05
1.403033877082073013e+05
1.396837949008847936e+05
1.390701887504978222e+05
1.384614321456385078e+05
1.378557813437909354e+05
1.372523066722556541e+05
1.366520529909456382e+05
1.360584637649579963e+05
1.354768199600757216e+05
1.349127936632623314e+05
1.343705542421986465e+05
1.338510544361264911e+05
1.333510843059586186e+05
1.328634261007329333e+05
1.323780750261158973e+05
1.318841544933264086e+05
1.313719735986177402e+05
1.308347010152343137e+05
1.302693265499449190e+05
1.296768487847699289e+05
1.290618507330045395e+05
1.284317294446787419e+05
1.277958193104237143e+05
1.271645398211783613e+05
1.265485790481336007e+05
1.259580530682606623e+05
1.254015817573929671e+05
1.248852800832787761e+05
1.244117498282040178e+05
1.239792373127419414e+05
1.235811734122084745e+05
1.232063148092482152e+05
1.228396468742187135e+05
1.224640851458446268e+05
1.220628387065403513e+05
1.216221121165421064e+05
1.211336756413409021e+05
1.205967763333467010e+05
1.200189235382485640e+05
1.194152586633244209e+05
1.188064792378407437e+05
1.182155820491067134e+05
1.176639617839747807e+05
1.171675901258613740e+05
1.167340497854878486e+05
1.163610704015132069e+05
1.160369092141645669e+05
1.157424955673048389e+05
1.154548252676213742e+05
1.151507822554338491e+05
1.148104858466723235e+05
1.144194404149691400e+05
1.139691363046555052e+05
1.134561855779079197e+05
1.128804348649231106e+05
1.122426889498058590e+05
1.115426856484429445e+05
1.107778282810789096e+05
1.099429720490875916e+05
1.090313270573940972e+05
1.080363103100776498e+05
1.069539655924897816e+05
1.057853964245350508e+05
1.045385658774255717e+05
1.032288604323114705e+05
1.018780279095856968e+05
1.005114687688880367e+05
9.915430998800325324e+04
9.782709414142623427e+04
9.654213282442586205e+04
9.530150241321923386e+04
9.409728697818190267e+04
9.291408903999837639e+04
9.173320834065116651e+04
9.053743117963608529e+04
8.931522822678589728e+04
8.806336983114280156e+04
8.678745365030340326e+04
8.550042802364971431e+04
8.421969124207945424e+04
8.296360793455633393e+04
8.174826472453681345e+04
8.058504820837611624e+04
7.947929752070119139e+04
7.842999860994328628e+04
7.743033807656362478e+04
7.646893339755086345e+04
7.553164269896497717e+04
7.460393220992269926e+04
7.367375657771968690e+04
7.273475556606163445e+04
7.178933419576726737e+04
7.085097618857548514e+04
6.994506369819529937e+04
6.910762326912311255e+04
6.838179240926257626e+04
6.781231653416930931e+04
6.743889330886081734e+04
6.728952370801342477e+04
6.737509942625252006e+04
6.768623352132980654e+04
6.819289132141519804e+04
6.884682459259175812e+04
6.958628960845456459e+04
7.034214993263763608e+04
7.104429330735736585e+04
7.162734759614919312e+04
7.203494058163282170e+04
7.222215440306371602e+04
7.215628798991734220e+04
7.181644835062665516e+04
7.119273270438564941e+04
7.028576290012757818e+04
6.910708814116170106e+04
6.768056616914566257e+04
6.604441721250503906e+04
6.425337730888409715e+04
6.238035105697366816e+04
6.051715444655231113e+04
5.877420536893359531e+04
5.727916636160571943e+04
5.617442088802664512e+04
5.561286571982707392e+04
5.575101413322153530e+04
5.673816608181402262e+04
5.870077392422795674e+04
6.172231817491355469e+04
6.582088435951847350e+04
7.092868601717903221e+04
7.687920661105698673e+04
8.340761284161092772e+04
9.016814860640803818e+04
9.676853051044906897e+04
1.028168451939181687e+05
1.079725091762938537e+05
1.119909067929602752e+05
1.147522125856076018e+05
1.162685162681376532e+05
1.166686256201721553e+05
1.161651851878644375e+05
1.150124356169922394e+05
1.134641017595500743e+05
1.117395023746573424e+05
1.100027952033299662e+05
1.083564988833238895e+05
1.068471950888755237e+05
1.054793195888529153e+05
1.042323699373597628e+05
1.030774228444108157e+05
1.019900819305139885e+05
1.009583861839783203e+05
9.998546178022767708e+04
9.908763154021071387e+04
9.828927996383020945e+04
9.761604973056586459e+04
9.708797409495772445e+04
9.671397208500494889e+04
9.648878012456247234e+04
9.639289694379491266e+04
9.639553024546358211e+04
9.645993491577112582e+04
9.655003062635449169e+04
9.663689421115533332e+04
9.670372512187423126e+04
9.674820483882252302e+04
9.678175428107840708e+04
9.682589984095281397e+04
9.690660935983948002e+04
9.704788860905013280e+04
9.726603807575727114e+04
9.756575508653988072e+04
9.793880916912961402e+04
9.836544838969460397e+04
9.881814222044969210e+04
9.926683226500975434e+04
9.968460497496930475e+04
1.000526458580326289e+05
1.003634851119425148e+05
1.006218821128666168e+05
1.008431756233611231e+05
1.010494683286570216e+05
1.012645070071315276e+05
1.015084396848875331e+05
1.017936768697372900e+05
1.021228145384835370e+05
1.024890399025605584e+05
1.028787755591480964e+05
1.032757190988941584e+05
1.036650930950995826e+05
1.040369459931142337e+05
1.043877217405953706e+05
1.047199021929591108e+05
1.050401078377763479e+05
1.053564240598392498e+05
1.056758047629385110e+05
1.060022231044434739e+05
1.063359147759993211e+05
1.066737358517932589e+05
1.070104254363138461e+05
1.073404347167386877e+05
1.076599187448851881e+05
1.079684501175925689e+05
1.082700143386989657e+05
1.085729338775042561e+05
1.088885828135850170e+05
1.092290772366326710e+05
1.096044623201660870e+05
1.100201294122081890e+05
1.104751804701460351e+05
1.109621992469752004e+05
1.114684802448127448e+05
1.119783610905692040e+05
1.124760438934050908e+05
1.129482452295817639e+05
1.133861591220334958e+05
1.137864644695098104e+05
1.141513570490928832e+05
1.144877679826987733e+05
1.148060253284057108e+05
1.151182385484949773e+05
1.154366623907261092e+05
1.157722448385487951e+05
1.161334925153537479e+05
1.165257080361390981e+05
1.169505891971221427e+05
1.174061547968045925e+05
1.178869855206494394e+05
1.183848174008267815e+05
1.188895477898565005e+05
1.193906578324411530e+05
1.198789097066670511e+05
1.203479937630026980e+05
1.207956809298838780e+05
1.212240761298445286e+05
1.216387996019602579e+05
1.220472769086542685e+05
1.224566501036378322e+05
1.228719793879754725e+05
1.232953056817698816e+05
1.237258257702241099e+05
1.241610305972351343e+05
1.245983465283947444e+05
1.250367253730836383e+05
1.254777777884817770e+05
1.259263595871534926e+05
1.263908648442544945e+05
1.268837182570226723e+05
1.274226048934327991e+05
1.280328042808549362e+05
1.287506336233809416e+05
1.296275070220924244e+05
1.307335620579768874e+05
1.321593069299296767e+05
1.340134695071603346e+05
1.364153955401743005e+05
1.394811340556360374e+05
1.433038102044098487e+05
1.479308078339389176e+05
1.533421546239725430e+05
1.594356123624951579e+05
1.660236655034811411e+05
1.728455808770230215e+05
1.795942897321826895e+05
1.859539393210654380e+05
1.916408305334680481e+05
1.964392206840475264e+05
2.002246411796286993e+05
2.029706247962509515e+05
2.047389870311794512e+05
2.056576806886495324e+05
2.058925947947517852e+05
2.056199911582950735e+05
2.050048015253028716e+05
2.041875143482625135e+05
2.032797783926749835e+05
2.023668485238759604e+05
2.015139237593859143e+05
2.007732601115450670e+05
2.001894736752181489e+05
1.998014388154950575e+05
1.996404130494672572e+05
1.997252654059198976e+05
2.000566899366215221e+05
2.006127718014957209e+05
2.013480400679736340e+05
2.021971929376181215e+05
2.030832858362359984e+05
2.039287972313145874e+05
2.046671154158014397e+05
2.052519150928689050e+05
2.056625915898392850e+05
2.059050767828050593e+05
2.060085265410385327e+05
2.060191729794498824e+05
2.059929254685530032e+05
2.059881676107247476e+05
2.060598486108469660e+05
2.062556000518853252e+05
2.066142895020302094e+05
2.071670885272491432e+05
2.079406861438255582e+05
2.089617055311752483e+05
2.102608209676392726e+05
2.118747829922724632e+05
2.138447989224079647e+05
2.162105830850234488e+05
2.190007300779591606e+05
2.222214738239333674e+05
2.258468600406492769e+05
2.298134537709561409e+05
2.340217797362369602e+05
2.383449762129339797e+05
2.426431736786896363e+05
2.467805505544748157e+05
2.506413963258308941e+05
2.541420040971222625e+05
2.572365794797811541e+05
2.599170444403586444e+05
2.622080237649070914e+05
2.641590114297532127e+05
2.658356493477126351e+05
2.673114565882260213e+05
2.686606231797169894e+05
2.699519731130934088e+05
2.712440473063762183e+05
2.725813760593764018e+05
2.739921885915847961e+05
2.754878424714886351e+05
2.770640672380160540e+05
2.787037739948258386e+05
2.803808533792594098e+05
2.820642342952320469e+05
2.837215794433023548e+05
2.853222935433082748e+05
2.868398568522605347e+05
2.882536940721003339e+05
2.895507525615203194e+05
2.907267390088406391e+05
2.917867155514370534e+05
2.927446768926572404e+05
2.936219209959164727e+05
2.944444270360454102e+05
2.952398650427421089e+05
2.960350500678121462e+05
2.968544888387640822e+05
2.977201970096899895e+05
2.986523957637936692e+05
2.996702842105975724e+05
3.007920103946223389e+05
3.020332587197448593e+05
3.034044174154647044e+05
3.049068873072449351e+05
3.065295445713955560e+05
3.082465366611360805e+05
3.100174164553770097e+05
3.117901340800548787e+05
3.135067178939900477e+05
3.151107621861423831e+05
3.165553087719055475e+05
3.178095429826002219e+05
3.188629972658602637e+05
3.197265904592768638e+05
3.204306115761933615e+05
3.210204123193255509e+05
3.215508941819678294e+05
3.220808100578641170e+05
3.226675611975500942e+05
3.233627687034771661e+05
3.242086249777303310e+05
3.252349619242041954e+05
3.264570553858956555e+05
3.278742947558122687e+05
3.294698812537536141e+05
3.312116615347762709e+05
3.330541158731616451e+05
3.349414736490278156e+05
3.368119338922359166e+05
3.386029551022867672e+05
3.402574459987722803e+05
3.417303931930697290e+05
3.429950754535835003e+05
3.440477123945524800e+05
3.449093702919182251e+05
3.456243019223440788e+05
3.462545801709648222e+05
3.468717077653082088e+05
3.475466010163182509e+05
3.483397462486477452e+05
3.492933108824593946e+05
3.504265731746047386e+05
3.517353262201427133e+05
3.531950805360113736e+05
3.547671249925394659e+05
3.564059862955515855e+05
3.580666798845443409e+05
3.597104031839051167e+05
3.613078984418838518e+05
3.628404145199427730e+05
3.642987921151529881e+05
3.656815044165088912e+05
3.669924528737543733e+05
3.682390388781318325e+05
3.694306905837229569e+05
3.705777944475600962e+05
3.716909383334869635e+05
3.727804624806999345e+05
3.738563989695850760e+05
3.749288359831888811e+05
3.760085480481807608e+05
3.771074914550302783e+05
3.782386484282976016e+05
3.794148491393329459e+05
3.806466079016106669e+05
3.819395211786364671e+05
3.832921428426996572e+05
3.846952669965112000e+05
3.861331564645196195e+05
3.875865958862084663e+05
3.890369924407440121e+05
3.904703621435952955e+05
3.918800629822575138e+05
3.932675237126079737e+05
3.946407894539452973e+05
3.960112556503303349e+05
3.973893555017563631e+05
3.987801713432029355e+05
4.001799885762970662e+05
4.015747243663691333e+05
4.029409192091115401e+05
4.042495353510872810e+05
4.054721709149543312e+05
4.065885887529839529e+05
4.075938884512876393e+05
4.085034483041327912e+05
4.093540676492235507e+05
4.102005182517015492e+05
4.111077731473987224e+05
4.121402393363052979e+05
4.133501014152278658e+05
4.147671936196986935e+05
4.163925800242880941e+05
4.181972764074385050e+05
4.201264415690812748e+05
4.221081459421636537e+05
4.240647977447696030e+05
4.259247659212218132e+05
4.276318627165539656e+05
4.291511075910630170e+05
4.304703302662850474e+05
4.315982782493008999e+05
4.325605828530115541e+05
4.333950061170022818e+05
4.341469218492732616e+05
4.348653030925396015e+05
4.355989968560861889e+05
4.363930261583144311e+05
4.372850418034749455e+05
4.383025435259374790e+05
4.394616887288458529e+05
4.407681462663160637e+05
4.422196173455745447e+05
4.438087656345647993e+05
4.455249291164433816e+05
4.473534749901145115e+05
4.492728953601205721e+05
4.512511534793389728e+05
4.532436206739486079e+05
4.551946666740203509e+05
4.570436041539217113e+05
4.587338402493838803e+05
4.602226317891108338e+05
4.614884783473098651e+05
4.625340798519726377e+05
4.633844844414112740e+05
4.640817461513382732e+05
4.646783465635122266e+05
4.652314745291738072e+05
4.657992135920137516e+05
4.664383641092944308e+05
4.672027046371541219e+05
4.681403969012384186e+05
4.692899458403493045e+05
4.706752257603716571e+05
4.723009820357168792e+05
4.741504403396513662e+05
4.761860795626557665e+05
4.783535379106417531e+05
4.805875715830450063e+05
4.828184908914298867e+05
4.849777713080893736e+05
4.870023654661544133e+05
4.888381130796978832e+05
4.904430401963288896e+05
4.917910370706270332e+05
4.928756141096319188e+05
4.937126690342665534e+05
4.943409594903784455e+05
4.948194555523478193e+05
4.952217124295062968e+05
4.956283426769317011e+05
4.961190988519288367e+05
4.967658350256760023e+05
4.976269267615501303e+05
4.987430557847376331e+05
5.001340090620139381e+05
5.017964022257167962e+05
5.037027677234993898e+05
5.058028245170133305e+05
5.080276347183255129e+05
5.102967108654733165e+05
5.125272341496367590e+05
5.146437984110473772e+05
5.165868462317690719e+05
5.183183052633637562e+05
5.198236955911529367e+05
5.211108472593654878e+05
5.222060440457857330e+05
5.231487329434367130e+05
5.239859060082239448e+05
5.247669809475161601e+05
5.255396277504032478e+05
5.263466451675854623e+05
5.272237740084038815e+05
5.281982767454445129e+05
5.292881814247649163e+05
5.305021919879564084e+05
5.318402982377981534e+05
5.332950124999672407e+05
5.348529496081944089e+05
5.364962847271261271e+05
5.382036351909743389e+05
5.399502084265294252e+05
5.417075673547470942e+05
5.434438525985027663e+05
5.451254683445231058e+05
5.467208834678607527e+05
5.482063531578202965e+05
5.495723258336711442e+05
5.508285212917006575e+05
5.520055586898522452e+05
5.531517367620994337e+05
5.543249338818527758e+05
5.555811267809153069e+05
5.569621633113431744e+05
5.584857618336029118e+05
5.601401616424814565e+05
5.618846578958403552e+05
5.636558553370975424e+05
5.653782924177580280e+05
5.669773754370862152e+05
5.683923562756401952e+05
5.695872684852479724e+05
5.705581504045563051e+05
5.713354327403214993e+05
5.719810275097059784e+05
5.725804214490845334e+05
5.732308924812816549e+05
5.740276873076843331e+05
5.750504250255287625e+05
5.763519682171610184e+05
5.779515005231298273e+05
5.798327006286525866e+05
5.819469501957327593e+05
5.842207053432198009e+05
5.865656476166900247e+05
5.888900227609423455e+05
5.911095891756593483e+05
5.931567417355577927e+05
5.949866291244755266e+05
5.965794977377757896e+05
5.979391292696110904e+05
5.990880481148640392e+05
6.000609554788686801e+05
6.008982851297736634e+05
6.016415975748961791e+05
6.023316850966749480e+05
6.030090221645031124e+05
6.037150893878589850e+05
6.044926670455803396e+05
6.053837063568440499e+05
6.064246589860077947e+05
6.076405887404042296e+05
6.090402876591831446e+05
6.106144959028905723e+05
6.123382024792551529e+05
6.141763992397163529e+05
6.160913243847803678e+05
6.180487672252471093e+05
6.200215764265054604e+05
6.219897880417843116e+05
6.239381391240534140e+05
6.258525627999001881e+05
6.277172932014151011e+05
6.295135789163714508e+05
6.312201398762644967e+05
6.328148700324782403e+05
6.342771410395720741e+05
6.355903320260440232e+05
6.367445801653402159e+05
6.377398608891686890e+05
6.385892000182445627e+05
6.393212352774968604e+05
6.399808683723472059e+05
6.406267942267424660e+05
6.413254427288046572e+05
6.421421184909212170e+05
6.431313438822170720e+05
6.443289888286078349e+05
6.457483422952077817e+05
6.473809476661179215e+05
6.492013436056250939e+05
6.511735733258171240e+05
6.532570174279167550e+05
6.554098676389714237e+05
6.575899742067885818e+05
6.597541574586465722e+05
6.618577345736762509e+05
6.638557216166863218e+05
6.657061603767756606e+05
6.673748568970959168e+05
6.688400960492261220e+05
6.700959295114473207e+05
6.711533206977304071e+05
6.720393318390029017e+05
6.727951359237855067e+05
6.734736162124122493e+05
6.741367429711209843e+05
6.748521969360068906e+05
6.756883621703641256e+05
6.767071727691858541e+05
6.779553090379718924e+05
6.794554446511720307e+05
6.812000138960160548e+05
6.831498118462300627e+05
6.852385855962831993e+05
