5.432114415587657131e+05
5.425844310036820825e+05
5.420816965278059943e+05
5.416495165390791371e+05
5.412279063499275362e+05
5.407531573613429209e+05
5.401614277042545145e+05
5.393940080800818978e+05
5.384042134405609686e+05
5.371649188323754352e+05
5.356749728315767134e+05
5.339624765931662405e+05
5.320833978993513156e+05
5.301150838742114138e+05
5.281455751564397942e+05
5.262607486407717224e+05
5.245318666575000389e+05
5.230059576720900368e+05
5.217007091022380628e+05
5.206044845036735642e+05
5.196809870143231819e+05
5.188772215083933552e+05
5.181329086127582123e+05
5.173894378281996469e+05
5.165968053081354010e+05
5.157176787122116657e+05
5.147285926621166873e+05
5.136190536925709457e+05
5.123897618912396138e+05
5.110510713520215359e+05
5.096222403888346744e+05
5.081312122560444986e+05
5.066140014798172051e+05
5.051125886462588678e+05
5.036706818136704387e+05
5.023276152985383524e+05
5.011116129842131049e+05
5.000341819247292588e+05
4.990872461359082954e+05
4.982438342632947606e+05
4.974620586217097007e+05
4.966912465319039766e+05
4.958787582838454982e+05
4.949762970362368505e+05
4.939451257539664512e+05
4.927601540552740917e+05
4.914130359740956919e+05
4.899141850270871655e+05
4.882931991190001718e+05
4.865969557908897405e+05
4.848848561635485967e+05
4.832213744030458038e+05
4.816669463378705550e+05
4.802689089684322826e+05
4.790543611841844395e+05
4.780263745686676120e+05
4.771641312773592072e+05
4.764266504332832992e+05
4.757591066068750224e+05
4.751004927093926817e+05
4.743914764948563534e+05
4.735815588573929272e+05
4.726348818302266882e+05
4.715341771682333783e+05
4.702824342093712767e+05
4.689019983075959608e+05
4.674310633029195596e+05
4.659178918334487244e+05
4.644135111029174295e+05
4.629639801845351467e+05
4.616035073558730655e+05
4.603496449325893773e+05
4.592014813794448855e+05
4.581412151483145426e+05
4.571388200658363057e+05
4.561588400887100142e+05
4.551678478663765709e+05
4.541409093244044925e+05
4.530655901412692037e+05
4.519426045272873598e+05
4.507830390244506416e+05
4.496030057318223990e+05
4.484173548622034141e+05
4.472344502874204190e+05
4.460537836518547847e+05
4.448673343911651755e+05
4.436642822888815426e+05
4.424373875217513414e+05
4.411885977429983905e+05
4.399315960647073225e+05
4.386900774266215740e+05
4.374921295977453701e+05
4.363625437059689430e+05
4.353155867874719552e+05
4.343504770953469560e+05
4.334507107051351923e+05
4.325870314054068294e+05
4.317228040674993536e+05
4.308201968276865082e+05
4.298458733156821690e+05
4.287755095772985369e+05
4.275969681747528375e+05
4.263121350960431155e+05
4.249372895181624917e+05
4.235016912956686574e+05
4.220441238484736532e+05
4.206075357152619981e+05
4.192325417408508947e+05
4.179510614440568024e+05
4.167814932663476793e+05
4.157264510397399426e+05
4.147733755735101295e+05
4.138975876492311363e+05
4.130668561873253202e+05
4.122464394580300432e+05
4.114037456496870145e+05
4.105120695481302682e+05
4.095531309637186932e+05
4.085183082430700888e+05
4.074085680846279720e+05
4.062332133725223830e+05
4.050077321208633366e+05
4.037511901325121871e+05
4.024836862535050604e+05
4.012243223263770342e+05
3.999899350642340141e+05
3.987945644168282743e+05
3.976493924474446103e+05
3.965627621092881309e+05
3.955399143968644203e+05
3.945822513660716941e+05
3.936861877705428633e+05
3.928419187872069888e+05
3.920326215301471530e+05
3.912346493100717198e+05
3.904191260406662477e+05
3.895550135844328906e+05
3.886132843760279357e+05
3.875714207611753955e+05
3.864172356454847613e+05
3.851510794726128806e+05
3.837858805024407920e+05
3.823450491368718795e+05
3.808588569536794093e+05
3.793602535104372073e+05
3.778810658775762422e+05
3.764491486969020916e+05
3.750864910253619892e+05
3.738078090492328629e+05
3.726190015949079534e+05
3.715151111779398634e+05
3.704780060242481413e+05
3.694746041078096605e+05
3.684567870453306823e+05
3.673640000764633878e+05
3.661289158145493129e+05
3.646856728603338124e+05
3.629794081087925588e+05
3.609753613205220317e+05
3.586658604996323120e+05
3.560739293291174690e+05
3.532529047254073666e+05
3.502821116224259022e+05
3.472591845943474909e+05
3.442900184938045568e+05
3.414775958173933905e+05
3.389110950753124780e+05
3.366567085321017657e+05
3.347514346464364789e+05
3.332007200632958557e+05
3.319802287304082420e+05
3.310413100643612561e+05
3.303190784986124490e+05
3.297415665773311630e+05
3.292382953825727454e+05
3.287468641475755721e+05
3.282167446197826648e+05
3.276102314766499330e+05
3.269012379314412246e+05
3.260731130427913158e+05
3.251167328027651529e+05
3.240297501184296561e+05
3.228172093797932612e+05
3.214929955455305171e+05
3.200810824739834643e+05
3.186154705996246776e+05
3.171380880638958188e+05
3.156946175472624600e+05
3.143289352259389125e+05
3.130773408148487797e+05
3.119638557409282657e+05
3.109975624143712921e+05
3.101723818988865241e+05
3.094690450768907322e+05
3.088585078856851906e+05
3.083058388949141372e+05
3.077737188694289071e+05
3.072250837665644940e+05
3.066249650251392741e+05
3.059420225348466192e+05
3.051504214589757612e+05
3.042324654786812607e+05
3.031818263745580916e+05
3.020065399078136543e+05
3.007305005077468231e+05
2.993922552703373367e+05
2.980405414941583294e+05
2.967270377255072235e+05
2.954978139992443030e+05
2.943855505936916452e+05
2.934044850291515468e+05
2.925492641253743786e+05
2.917977147520016297e+05
2.911164405170921236e+05
2.904674963924646727e+05
2.898143828930624877e+05
2.891261667565622483e+05
2.883793961170640541e+05
2.875582770757924882e+05
2.866540286108097644e+05
2.856643195551234530e+05
2.845932920880864258e+05
2.834521028635931434e+05
2.822594160782785621e+05
2.810410591211288120e+05
2.798281853201825870e+05
2.786537361141050933e+05
2.775476058421873022e+05
2.765314748929020716e+05
2.756145831575277844e+05
2.747916302992232377e+05
2.740435050708510098e+05
2.733408001731709810e+05
2.726493045201716013e+05
2.719361406316706561e+05
2.711751045174188912e+05
2.703500867718121735e+05
2.694560678750420921e+05
2.684978590491180075e+05
2.674872827238462633e+05
2.664397250656544347e+05
2.653709389593329979e+05
2.642947155619891710e+05
2.632217002118029050e+05
2.621593125752981286e+05
2.611125052044374752e+05
2.600849757430080499e+05
2.590804197344075656e+05
2.581034447593665100e+05
2.571598405176493397e+05
2.562560102655008668e+05
2.553975305177654081e+05
2.545870291870237852e+05
2.538218354647667147e+05
2.530920831612061593e+05
2.523800295934751339e+05
2.516611854556826293e+05
2.509074206875033851e+05
2.500916217786310881e+05
2.491929290182255208e+05
2.482012923361286521e+05
2.471201768427215575e+05
2.459666992291034549e+05
2.447691238122534414e+05
2.435622755379281298e+05
2.423818578620942426e+05
2.412588143184904184e+05
2.402147611093295855e+05
2.392592215775525838e+05
2.383890034461193136e+05
2.375896555732976703e+05
2.368385857416443177e+05
2.361091653707333317e+05
2.353750273492655251e+05
2.346137922165528580e+05
2.338096179709301796e+05
2.329542157197607739e+05
2.320462516757111880e+05
2.310893161121985177e+05
2.300888489241316856e+05
2.290485537196885853e+05
2.279669033314247790e+05
2.268343391805123538e+05
2.256316965776837897e+05
2.243302523990040354e+05
2.228936012052018195e+05
2.212813377375072159e+05
2.194542773810221988e+05
2.173806987435379124e+05
2.150428588231718459e+05
2.124428339193909196e+05
2.096066237821371760e+05
2.065854955291762890e+05
2.034538173318417394e+05
2.003031775585109717e+05
1.972333446834726783e+05
1.943414206667702820e+05
1.917111214343973261e+05
1.894042474415288889e+05
1.874559810487317736e+05
1.858747586670905876e+05
1.846463829578819277e+05
1.837411031719298044e+05
1.831218724318034074e+05
1.827519922234753903e+05
1.826007889581448690e+05
1.826466200381876261e+05
1.828771414744957583e+05
1.832872241086069262e+05
1.838751365461375390e+05
1.846376758322539681e+05
1.855649214085893182e+05
1.866352951139190991e+05
1.878116510370959877e+05
1.890391474064497743e+05
1.902455797477414890e+05
1.913445975085981481e+05
1.922417615338525211e+05
1.928427979884285887e+05
1.930628269065838831e+05
1.928349905534285062e+05
1.921169330508044804e+05
1.908940204473079939e+05
1.891789212676027673e+05
1.870079649108570884e+05
1.844353183032238157e+05
1.815263122681203240e+05
1.783511837299653853e+05
1.749801698180901003e+05
1.714804390710276784e+05
1.679149022290592256e+05
1.643425900407661102e+05
1.608200519344636123e+05
1.574031266223845887e+05
1.541484612393188290e+05
1.511142911829847726e+05
1.483601962521971436e+05
1.459457602984374680e+05
1.439282295244647830e+05
1.423593727256404236e+05
1.412818215663438896e+05
1.407252533109933720e+05
1.407028875914618257e+05
1.412088607754621189e+05
1.422170293401138624e+05
1.436815605306444340e+05
1.455392941289104347e+05
1.477134110627115879e+05
1.501176054349508195e+05
1.526598947559521475e+05
1.552454752841182926e+05
1.577785330726814573e+05
1.601634333014285658e+05
1.623059950566247280e+05
1.641154890176084009e+05
1.655076190148393507e+05
1.664082592070978135e+05
1.667573517635697499e+05
1.665122783336316352e+05
1.656502009666363301e+05
1.641691856450804044e+05
1.620881885540585499e+05
1.594460783972612699e+05
1.562997911647912115e+05
1.527215827658670896e+05
1.487953072143134486e+05
1.446117852335638017e+05
1.402636008375862730e+05
1.358399298889309866e+05
1.314221022232519463e+05
1.270804411280734494e+05
1.228725565255486581e+05
1.188428519077106030e+05
1.150227339958199154e+05
1.114310144801872520e+05
1.080742575419381756e+05
1.049472171185708139e+05
1.020338234402430971e+05
9.930925165855638625e+04
9.674337762851794832e+04
9.430547029231999477e+04
9.196945798326119257e+04
8.971873635228489002e+04
8.754940957986903959e+04
8.547112356428391649e+04
8.350519150020502275e+04
8.168036580811080057e+04
8.002717325166695809e+04
7.857202986525920278e+04
7.733230808636042639e+04
7.631318005197755701e+04
7.550655106125997554e+04
7.489191061597428052e+04
7.443861438735066622e+04
7.410902383031787758e+04
7.386202105725067668e+04
7.365657124013135035e+04
7.345511389279185096e+04
7.322658010665382608e+04
7.294878496067077504e+04
7.260991038785377168e+04
7.220884471010400739e+04
7.175430000640361686e+04
7.126284356535715051e+04
7.075617403635004302e+04
7.025807408210194262e+04
6.979145283399849723e+04
6.937578224177302036e+04
6.902509491753191105e+04
6.874660818418266717e+04
6.853999729240444140e+04
6.839734604658315948e+04
6.830381530851483694e+04
6.823905021528954967e+04
6.817927919646566443e+04
6.809995295159822854e+04
6.797865737905370770e+04
6.779794158202537801e+04
6.754765528348500084e+04
6.722640744145034114e+04
6.684185159172867134e+04
6.640967421477143944e+04
6.595138989733872586e+04
6.549128433613384550e+04
6.505302837733646447e+04
6.465655375130532775e+04
6.431570708203611139e+04
6.403700407160889154e+04
6.381955228815069131e+04
6.365597573410776386e+04
6.353401923126145994e+04
6.343846245547189028e+04
6.335302137374522135e+04
6.326202199496403045e+04
6.315175187328715401e+04
6.301148899633121619e+04
6.283425203554840118e+04
6.261730766025510820e+04
6.236242664238585712e+04
6.207583044808715204e+04
6.176774466745788231e+04
6.145149477220021072e+04
6.114214513070220710e+04
6.085477869033184106e+04
6.060261686145684507e+04
6.039525935348874918e+04
6.023735759355287155e+04
6.012800471184749040e+04
6.006102214191200619e+04
6.002615691601693106e+04
6.001100619644564722e+04
6.000330710782601091e+04
5.999312555953423725e+04
5.997448508278380177e+04
5.994609855927323224e+04
5.991106781137154758e+04
5.987564169543184107e+04
5.984731647864182742e+04
5.983268534589222691e+04
5.983548269113781134e+04
5.985522580397119600e+04
5.988674141581494041e+04
5.992069127591810684e+04
5.994500212252217170e+04
5.994689834302850068e+04
5.991508094456728577e+04
5.984154576421640377e+04
5.972261929431978206e+04
5.955900602280507155e+04
5.935493531264708872e+04
5.911678162322669959e+04
5.885171252168806677e+04
5.856692125772579311e+04
5.826980497684083821e+04
5.796910479887072142e+04
5.767664022558053694e+04
5.740898876639661466e+04
5.718840752021875232e+04
5.704252719675844855e+04
5.700283257175236940e+04
5.710253537886368576e+04
5.737493205995198514e+04
5.785349218185383506e+04
5.857457661900860694e+04
5.958280027478843840e+04
6.093777086943521863e+04
6.271957726169471425e+04
6.502943646492250991e+04
6.798185075093360501e+04
7.168587348422968353e+04
7.621572599182743579e+04
8.157466323940891016e+04
8.765973603622964583e+04
9.423763587386213476e+04
1.009418193911255221e+05
1.072978064403462340e+05
1.127771743409491319e+05
1.168728120207333413e+05
1.191808725515678816e+05
1.194711412119797315e+05
1.177289150605853065e+05
1.141579842262328020e+05
1.091440731492357736e+05
1.031880533913196414e+05
9.682521211750364455e+04
9.054882114685812849e+04
8.475301743286001147e+04
7.970315896966571745e+04
7.553392832510489097e+04
7.226900909378491633e+04
6.985271079488850955e+04
6.818374313566632918e+04
6.714365661427560553e+04
6.661596759278504760e+04
6.649541407830627577e+04
6.668930233980024059e+04
6.711418072109737841e+04
6.769120676379886572e+04
6.834287739746863372e+04
6.899265297670610016e+04
6.956776967423850147e+04
7.000446747689582116e+04
7.025414290762836754e+04
7.028866306187547161e+04
7.010326460809088894e+04
6.971604034465982113e+04
6.916384383386852278e+04
6.849532075367934885e+04
6.776248526086189668e+04
6.701261298165406333e+04
6.628211661712330533e+04
6.559352782703719276e+04
6.495588235565255309e+04
6.436793730348830286e+04
6.382299784958676173e+04
6.331388184580742382e+04
6.283675618945332826e+04
6.239314164807075576e+04
6.199009669268515427e+04
6.163921619261815067e+04
6.135542447395826457e+04
6.115651305906342895e+04
6.106399714617995778e+04
6.110526235532591090e+04
6.131631788747083920e+04
6.174394631682195904e+04
6.244580150344098365e+04
6.348716443563043140e+04
6.493366251936998742e+04
6.684023546266242920e+04
6.923781486250369926e+04
7.212027880569819536e+04
7.543488078496040544e+04
7.907920712344844651e+04
8.290664461451295938e+04
8.674049234698242799e+04
9.039469112242685515e+04
9.369732089289574651e+04
9.651214119771283004e+04
9.875384914731404569e+04
1.003943056453843601e+05
1.014592355196878780e+05
1.020171320561465400e+05
1.021636357606711827e+05
1.020051361873022106e+05
1.016447710987394239e+05
1.011727083820892003e+05
1.006611052825573861e+05
1.001629356862390996e+05
9.971326596262259409e+04
9.933159275779097516e+04
9.902434767142527562e+04
9.878730766989829135e+04
9.860811680215058732e+04
9.846924331413199252e+04
9.835147317385367933e+04
9.823764538557566993e+04
9.811600371907200315e+04
9.798246213896665722e+04
9.784131200034030189e+04
9.770434371815841587e+04
9.758882640995242400e+04
9.751509711792782764e+04
9.750454779260563373e+04
9.757856884578916652e+04
9.775861399395801709e+04
9.806713721571829228e+04
9.852885181804250169e+04
9.917165632426232332e+04
1.000266784710145294e+05
1.011271593114035932e+05
1.025062379790190316e+05
1.041939874749386508e+05
1.062141953102528787e+05
1.085813412094569358e+05
1.112980385327350668e+05
1.143529834435865050e+05
1.177193192082419846e+05
1.213533493751587957e+05
1.251937122046904551e+05
1.291613642752605811e+05
1.331608808614486188e+05
1.370835592887801176e+05
1.408125800519440963e+05
1.442300954000707134e+05
1.472256881806399033e+05
1.497052936310117075e+05
1.515994872899061884e+05
1.528700445229666948e+05
1.535138576751009678e+05
1.535636180865709612e+05
1.530850888838763640e+05
1.521712655759366462e+05
1.509341888224938302e+05
1.494955590715380968e+05
1.479775101528484665e+05
1.464948427122114226e+05
1.451496667264696152e+05
1.440288125573793659e+05
1.432036899174811842e+05
1.427316996559427353e+05
1.426580078221427393e+05
1.430165608053578180e+05
1.438296242197589308e+05
1.451057381427021464e+05
1.468366192770305206e+05
1.489940318398351665e+05
1.515278607943837997e+05
1.543664860964809777e+05
1.574200884846724512e+05
1.605868200387788820e+05
1.637610327975866676e+05
1.668422040604336071e+05
1.697430214542703761e+05
1.723953696058819187e+05
1.747535992277090554e+05
1.767952152912097808e+05
1.785196958619428042e+05
1.799463266367556353e+05
1.811116714935745404e+05
1.820667679693926766e+05
1.828736426907838322e+05
1.836005775992004201e+05
1.843158579159421788e+05
1.850803993036974280e+05
1.859403901884533116e+05
1.869215377300988766e+05
1.880264185780922708e+05
1.892357799235130951e+05
1.905136262783017592e+05
1.918149247826210049e+05
1.930941199585968861e+05
1.943125689591625123e+05
1.954434730670951831e+05
1.964736853437970858e+05
1.974026272485405498e+05
1.982391916004554660e+05
1.989978053966683801e+05
1.996947717571618850e+05
2.003457050826216582e+05
2.009644529171479517e+05
2.015634756496520131e+05
2.021552977989861101e+05
2.027543836141603242e+05
2.033786507180825283e+05
2.040498570387448708e+05
2.047923175617943052e+05
2.056298297976189933e+05
2.065812360200179974e+05
2.076555733203385025e+05
2.088480736527547415e+05
2.101382350330008485e+05
2.114907664173910161e+05
2.128595232841291290e+05
2.141938056194554374e+05
2.154458073191761214e+05
2.165777424492823775e+05
2.175672746234105725e+05
2.184102791077841539e+05
2.191205451927935937e+05
2.197266358975479379e+05
2.202666427277230832e+05
2.207819217591516499e+05
2.213110259272441326e+05
2.218849396894976089e+05
2.225243914193605015e+05
2.232395226836807269e+05
2.240316354314277414e+05
2.248962570547473151e+05
2.258264998869540577e+05
2.268157390555276361e+05
2.278589910784209205e+05
2.289529345398486475e+05
2.300950757960530755e+05
2.312829068643175706e+05
2.325138734230884293e+05
2.337865508111317758e+05
2.351027638760223053e+05
2.364697561270674341e+05
2.379012084217301453e+05
2.394161100512739213e+05
2.410351700980933965e+05
2.427753803248885088e+05
2.446441338627395453e+05
2.466346344902162964e+05
2.487240559109724127e+05
2.508751385599708883e+05
2.530409472474857466e+05
2.551717067982349836e+05
2.572222238928240840e+05
2.591584355840439384e+05
2.609619726898785157e+05
2.626320983522280585e+05
2.641848332010361482e+05
2.656494611575959134e+05
2.670629472477376112e+05
2.684631139004462748e+05
2.698816812614633818e+05
2.713383894680425292e+05
2.728372944750179886e+05
2.743659402339658118e+05
2.758975389403427253e+05
2.773956967030331725e+05
2.788207710187049233e+05
2.801367383516353439e+05
2.813174827623633319e+05
2.823516093889314798e+05
2.832451431062289048e+05
2.840217390614430769e+05
2.847203139065297437e+05
2.853903361990557751e+05
2.860853913822898758e+05
2.868559915982055827e+05
2.877428104985518148e+05
2.887714762724325992e+05
2.899497246313676587e+05
2.912671870158345555e+05
2.926975417222378310e+05
2.942023634616157506e+05
2.957358665830795653e+05
2.972498301501520909e+05
2.986982137287305668e+05
3.000411971374315908e+05
3.012485262220829609e+05
3.023021077326963423e+05
3.031978019094134797e+05
3.039463464660392492e+05
3.045733215164978756e+05
3.051180258860234171e+05
3.056310890274693375e+05
3.061706355217813398e+05
3.067969265392778907e+05
3.075656833062244114e+05
3.085207337410451146e+05
3.096870899899592041e+05
3.110658589853409212e+05
3.126323179199227015e+05
3.143379745041468414e+05
3.161165792090037139e+05
3.178931213342751726e+05
3.195941342862894526e+05
3.211573888902043691e+05
3.225393214021092281e+05
3.237191931476442260e+05
3.246997669971924042e+05
3.255049668134882231e+05
3.261754024481867673e+05
3.267627569043655531e+05
3.273239016382999253e+05
3.279153369868773152e+05
3.285882623113713926e+05
3.293843643002820900e+05
3.303323385774502531e+05
3.314452414005314931e+05
3.327189448634698056e+05
3.341321174716249225e+05
3.356481358956410550e+05
3.372190799772096798e+05
3.387915197996043717e+05
3.403133340831039823e+05
3.417405013551987358e+05
3.430428005801761756e+05
3.442076204479747103e+05
3.452414559393621748e+05
3.461689966381747508e+05
3.470299081832450465e+05
3.478735379663573112e+05
3.487519720555554959e+05
3.497122089609014802e+05
3.507886207045235205e+05
3.519971264489877503e+05
3.533323786197807640e+05
3.547686721862530685e+05
3.562643837328393129e+05
3.577688605269322288e+05
3.592301631079656072e+05
3.606021073687872849e+05
3.618495839507948840e+05
3.629518673259137431e+05
3.639042133018984459e+05
3.647182440619041445e+05
3.654214187624484766e+05
3.660554833150426275e+05
3.666734833901504171e+05
3.673349516402908484e+05
3.680993064241819666e+05
3.690181747084195376e+05
3.701279790248985519e+05
3.714443965366287157e+05
3.729600251570821274e+05
3.746458138123048702e+05
3.764557865371777443e+05
3.783336939104743069e+05
3.802198143174736761e+05
3.820563762113091070e+05
3.837908870338651468e+05
3.853776920485853916e+05
3.867788881704061641e+05
3.879659087200546055e+05
3.889225646105245687e+05
3.896493023584502516e+05
3.901673958890305366e+05
3.905212352835709462e+05
3.907771037578425021e+05
3.910177742431141087e+05
3.913335129226318677e+05
3.918111295984336757e+05
3.925231780549007817e+05
3.935191997905844473e+05
3.948202329869747628e+05
3.964170217803315609e+05
3.982717375444132485e+05
4.003226549155744142e+05
4.024910347765957122e+05
4.046893342675741296e+05
4.068297488133648876e+05
4.088320645717562293e+05
4.106299732503794366e+05
4.121754087361386628e+05
4.134409911576360464e+05
4.144210786364476080e+05
4.151320107099165325e+05
4.156118131013537641e+05
4.159190737596755498e+05
4.161302126399949775e+05
4.163342803269211436e+05
4.166248942419604282e+05
4.170898450314186048e+05
4.177999240367503953e+05
4.187991874654892017e+05
4.200988522072189371e+05
4.216762591129437787e+05
4.234791009426472010e+05
4.254338488187440089e+05
4.274564642684534192e+05
4.294632864702185034e+05
4.313803783037721878e+05
4.331503202612680034e+05
4.347361272174387705e+05
4.361224186223052675e+05
4.373141824981129612e+05
4.383335656945671071e+05
4.392152373364256346e+05
4.400010447747184080e+05
4.407348168353331857e+05
4.414581200486106100e+05
4.422074621503672097e+05
4.430129378928925726e+05
4.438978346102007199e+05
4.448784937572302297e+05
4.459638823477136320e+05
4.471547935764187714e+05
4.484431284185710247e+05
4.498120200120820082e+05
4.512374623309993185e+05
4.526916085011109826e+05
4.541472254245433724e+05
4.555822379214545363e+05
4.569831199348821538e+05
4.583461730454294011e+05
4.596763555713475216e+05
4.609840426012136159e+05
4.622806559501625597e+05
4.635743496879864251e+05
4.648668539456123835e+05
4.661522493861078983e+05
4.674179789752402576e+05
4.686478933291544090e+05
4.698266385239437222e+05
4.709443078281749040e+05
4.720001006250117207e+05
4.730038782404292142e+05
4.739750249428162351e+05
4.749388174585722154e+05
4.759213269908300135e+05
4.769444009561999119e+05
4.780222527772200992e+05
4.791605968792279600e+05
4.803583243131901836e+05
4.816108028791280231e+05
4.829133660498827230e+05
4.842636048440271406e+05
4.856616247131732525e+05
4.871082175041687442e+05
4.886016224214466056e+05
4.901339920902859885e+05
4.916887682541914983e+05
4.932399543094209512e+05
4.947538480129253585e+05
4.961932609914212953e+05
4.975236764115378610e+05
4.987202584284030600e+05
4.997742290028475691e+05
5.006969955457265023e+05
5.015206596835872624e+05
5.022942050824452890e+05
5.030756688925959170e+05
5.039217229355280288e+05
5.048769968989146873e+05
5.059658245425499626e+05
5.071886636673484463e+05
5.085242507997530629e+05
5.099369097792286193e+05
5.113868650493270834e+05
5.128404768057853216e+05
5.142773870025145588e+05
5.156926527625159360e+05
5.170936693286790396e+05
5.184934208863417152e+05
5.199027149422528455e+05
5.213241726845311932e+05
5.227498743418662343e+05
5.241630798385979724e+05
5.255429541011817055e+05
5.268702838604104472e+05
5.281320899974968052e+05
5.293237689550606301e+05
5.304485696581290103e+05
5.315153043301522266e+05
5.325357476149102440e+05
5.335230035320526222e+05
5.344913535290720174e+05
5.354571418712373124e+05
5.364395804934832267e+05
5.374602933757576393e+05
5.385410059155600611e+05
5.396997439807105111e+05
5.409467812404498691e+05
5.422819256193451583e+05
5.436943559054556536e+05
5.451652335826829076e+05
5.466721490283282474e+05
5.481936632493288489e+05
5.497121916543412954e+05
5.512143091069863876e+05
5.526888788837945322e+05
5.541245810068849241e+05
5.555088136685142526e+05
5.568292867236759048e+05
5.580781674885590328e+05
5.592570712732337415e+05
5.603803254995708121e+05
5.614742915818550391e+05
5.625720325224348344e+05
5.637046169723501662e+05
5.648919313360649394e+05
5.661362905801152810e+05
5.674211987569341436e+05
5.687157416093640495e+05
5.699831235340595013e+05
5.711906036087463144e+05
5.723179646701538004e+05
5.733625446078219684e+05
5.743402264453000389e+05
5.752829699988473440e+05
5.762340380468971562e+05
5.772419860346312635e+05
5.783540601017833687e+05
5.796093255421847571e+05
5.810319255648942199e+05
5.826253301849731943e+05
5.843689515471054474e+05
5.862186255772106815e+05
5.881118781888673548e+05
5.899776353365393588e+05
5.917485076914140955e+05
5.933726169474358903e+05
5.948217109387544915e+05
5.960932796611851081e+05
5.972062853081979556e+05
5.981922791353156790e+05
5.990852497637883062e+05
5.999138710095247952e+05
6.006987166930498788e+05
6.014548983183873352e+05
6.021983117158483947e+05
6.029521907954839990e+05
6.037505804739096202e+05
6.046366777318926761e+05
6.056561568266253453e+05
6.068476506002062233e+05
