6.090803500616946258e+05
6.079186551653689239e+05
6.071182928576384438e+05
6.065782434364799410e+05
6.061738660558116389e+05
6.057794180617834209e+05
6.052878788222828880e+05
6.046240187225362752e+05
6.037491212294388097e+05
6.026583470505195437e+05
6.013734452702342533e+05
5.999338613374243723e+05
5.983884279412616743e+05
5.967884415462024044e+05
5.951818460299300496e+05
5.936079831509806681e+05
5.920928983930031536e+05
5.906460049020347651e+05
5.892593543302327162e+05
5.879104290218160022e+05
5.865683157681974117e+05
5.852018382610854460e+05
5.837873585509428522e+05
5.823139615525950212e+05
5.807846465709896293e+05
5.792135795844016830e+05
5.776208035612716340e+05
5.760265249561060918e+05
5.744469563513483154e+05
5.728928347151528578e+05
5.713705649955078261e+05
5.698849477439722978e+05
5.684419942652130267e+05
5.670505151820421452e+05
5.657218291226812871e+05
5.644677543278489029e+05
5.632976769037003396e+05
5.622157122783048544e+05
5.612187612828059355e+05
5.602957673971803160e+05
5.594279741756577278e+05
5.585897146341890329e+05
5.577493573144117836e+05
5.568704114962825552e+05
5.559132164250852074e+05
5.548378200530982576e+05
5.536084132586502237e+05
5.521990638532165904e+05
5.505997431222667219e+05
5.488211036581187509e+05
5.468964216532639693e+05
5.448796249302061042e+05
5.428392318553877994e+05
5.408490353410157841e+05
5.389771896052004304e+05
5.372757998108941829e+05
5.357730986152350670e+05
5.344698320960721467e+05
5.333406474388287170e+05
5.323402189611843787e+05
5.314127879690262489e+05
5.305030009088360239e+05
5.295656586780656362e+05
5.285723499674332561e+05
5.275138327225089306e+05
5.263981552840040531e+05
5.252454997102615889e+05
5.240812930956745404e+05
5.229291775025213137e+05
5.218050806749893818e+05
5.207131381336194463e+05
5.196438127596501727e+05
5.185743333566967631e+05
5.174714579798093182e+05
5.162964030251443619e+05
5.150114513262372348e+05
5.135872950210252893e+05
5.120097675127092516e+05
5.102845098914377741e+05
5.084384390544886119e+05
5.065175778797145467e+05
5.045816319774311851e+05
5.026963586067531724e+05
5.009250782791383099e+05
4.993206212915441720e+05
4.979187250035168836e+05
4.967335821110284887e+05
4.957559837090343935e+05
4.949542858529622317e+05
4.942781766547702136e+05
4.936648861990181031e+05
4.930471027572706807e+05
4.923615407121824683e+05
4.915569496917831711e+05
4.906003992209788412e+05
4.894808889300790033e+05
4.882096673106541275e+05
4.868170637155209552e+05
4.853461523918199819e+05
4.838441642676975462e+05
4.823531583300234633e+05
4.809018813187895576e+05
4.795007621439002687e+05
4.781414555984627223e+05
4.768012980610122904e+05
4.754517159947858891e+05
4.740684424286808935e+05
4.726407596196689992e+05
4.711771474036798463e+05
4.697056558020426892e+05
4.682687515091011301e+05
4.669138727171776700e+05
4.656820385366190458e+05
4.645973215832088608e+05
4.636597391609053011e+05
4.628432700735432445e+05
4.620994948055271525e+05
4.613660630726229283e+05
4.605780865130393067e+05
4.596798740054637892e+05
4.586343428055531695e+05
4.574280019246540032e+05
4.560705031856165151e+05
4.545891137814365793e+05
4.530197075208363822e+05
4.513966487547943834e+05
4.497440496124672354e+05
4.480703323876910727e+05
4.463670412070511375e+05
4.446117458214685903e+05
4.427739761664717225e+05
4.408226153020435595e+05
4.387331020523100160e+05
4.364930657639456331e+05
4.341054856506374199e+05
4.315889987586682546e+05
4.289754888405449456e+05
4.263055371855203994e+05
4.236226812572327326e+05
4.209676583668902749e+05
4.183738320964548620e+05
4.158647438005673466e+05
4.134542079025827115e+05
4.111486938540195115e+05
4.089511114105726592e+05
4.068647488405118929e+05
4.048961296676445054e+05
4.030559351058282191e+05
4.013577406748778885e+05
3.998149333364443737e+05
3.984366350341357756e+05
3.972236688309913734e+05
3.961655625685288687e+05
3.952393452531623770e+05
3.944105222432278097e+05
3.936361815182282007e+05
3.928697488119984046e+05
3.920665487735268543e+05
3.911891267100224504e+05
3.902113119463384501e+05
3.891202824561546440e+05
3.879163695502702612e+05
3.866108954102987773e+05
3.852227995706174988e+05
3.837750347021174384e+05
3.822916239791405969e+05
3.807959076612719218e+05
3.793100026080486132e+05
3.778550440429731389e+05
3.764515393185514840e+05
3.751192128062003176e+05
3.738760136101839598e+05
3.727363534760483308e+05
3.717089738223868771e+05
3.707949889230694389e+05
3.699865910618443741e+05
3.692666978170808870e+05
3.686095833809769247e+05
3.679823659066507244e+05
3.673471674932634924e+05
3.666638009759471752e+05
3.658928977857733844e+05
3.649993951047515729e+05
3.639562061557354173e+05
3.627477275053258636e+05
3.613726744697201066e+05
3.598456810867963359e+05
3.581972144231661223e+05
3.564716117543177679e+05
3.547233574104662403e+05
3.530119635394063080e+05
3.513959531917562126e+05
3.499265014556905953e+05
3.486413571075419895e+05
3.475597924817816238e+05
3.466794553435342386e+05
3.459759689093976631e+05
3.454057917504587094e+05
3.449121849291897379e+05
3.444333133411136223e+05
3.439108495250275009e+05
3.432972563062443514e+05
3.425603226514398120e+05
3.416843774826224544e+05
3.406685729182556388e+05
3.395233434751223540e+05
3.382663841091908398e+05
3.369192463341603288e+05
3.355051154079638654e+05
3.340477593624253641e+05
3.325712352191488608e+05
3.310997841242653667e+05
3.296574218334482866e+05
3.282669527822930831e+05
3.269484147381165531e+05
3.257172199613983394e+05
3.245824350527774659e+05
3.235456849518117378e+05
3.226010496498583816e+05
3.217360598838575534e+05
3.209335594606679515e+05
3.201739013310064329e+05
3.194368081953031942e+05
3.187023447305749869e+05
3.179508207860413240e+05
3.171619665990141802e+05
3.163141923660343746e+05
3.153849367897952907e+05
3.143528639237566967e+05
3.132019901728354162e+05
3.119269211346194497e+05
3.105376061045519309e+05
3.090617386566677596e+05
3.075433450152254663e+05
3.060371332631459227e+05
3.045994842423420050e+05
3.032780758182951249e+05
3.021026407039217884e+05
3.010790953668336733e+05
3.001883681748121162e+05
2.993900425156006822e+05
2.986298186215777532e+05
2.978490876570196124e+05
2.969947113704678486e+05
2.960273326293786522e+05
2.949270259686153149e+05
2.936956527226276812e+05
2.923558020651284023e+05
2.909466470185187645e+05
2.895174334473747876e+05
2.881196468030621763e+05
2.867991178092352347e+05
2.855893541043609148e+05
2.845071569057031884e+05
2.835511094796061516e+05
2.827029146636757650e+05
2.819309890124580706e+05
2.811953663015550701e+05
2.804529154662844376e+05
2.796621038484320743e+05
2.787868963721707696e+05
2.777997035537177580e+05
2.766834581345173065e+05
2.754328960391088622e+05
2.740550176470583538e+05
2.725686184546276927e+05
2.710027809014899540e+05
2.693943228373794118e+05
2.677843584985331399e+05
2.662142825436649146e+05
2.647215928564813221e+05
2.633360128930321080e+05
2.620763720130680886e+05
2.609486665288875811e+05
2.599456534071392671e+05
2.590482030682359182e+05
2.582284336592241307e+05
2.574543608330695715e+05
2.566954575714421808e+05
2.559282069659443514e+05
2.551405565207514737e+05
2.543342460691375018e+05
2.535243240408362763e+05
2.527357328994121344e+05
2.519974831730652077e+05
2.513354519861316949e+05
2.507650817307152902e+05
2.502851763979048410e+05
2.498736878287163563e+05
2.494860194649176847e+05
2.490560944197041681e+05
2.485002693217061751e+05
2.477240301850617398e+05
2.466311345696676872e+05
2.451343903052843525e+05
2.431666744604917185e+05
2.406903449533649255e+05
2.377031711626376200e+05
2.342394727889791247e+05
2.303662226616114494e+05
2.261751054650048027e+05
2.217724828730625741e+05
2.172695372682033922e+05
2.127744464839202701e+05
2.083874761875892000e+05
2.041987664406931726e+05
2.002877623544853996e+05
1.967229706839127466e+05
1.935610393360437301e+05
1.908448456782921276e+05
1.886010096108515572e+05
1.868377123724198609e+05
1.855437449629868497e+05
1.846893707095787104e+05
1.842290595545374090e+05
1.841056801319072256e+05
1.842554935561073944e+05
1.846133140211890568e+05
1.851173871059809753e+05
1.857137302693478705e+05
1.863597610366324952e+05
1.870269836080029781e+05
1.877023862382140069e+05
1.883881345415062387e+05
1.890992221861310245e+05
1.898589896982276114e+05
1.906928073939664464e+05
1.916206564614083327e+05
1.926497254236148437e+05
1.937683526110624662e+05
1.949425863325979444e+05
1.961162478558047151e+05
1.972147035677672829e+05
1.981517328910644283e+05
1.988381588868708641e+05
1.991905365935680456e+05
1.991383136543816945e+05
1.986284497959681903e+05
1.976272884172900522e+05
1.961202111301711702e+05
1.941100218618482177e+05
1.916150077964858501e+05
1.886672987837797846e+05
1.853116965639872942e+05
1.816047706026303640e+05
1.776138268407472642e+05
1.734153451873295708e+05
1.690925821266600688e+05
1.647321829457850836e+05
1.604198262215268915e+05
1.562351455941442400e+05
1.522464374083285220e+05
1.485059081107516831e+05
1.450463344497782527e+05
1.418799015703030454e+05
1.389996226466138614e+05
1.363832103489532892e+05
1.339987290093076590e+05
1.318109809386873967e+05
1.297874788041240536e+05
1.279030310287878237e+05
1.261423318487019133e+05
1.245003782855416357e+05
1.229809277013449901e+05
1.215935027355025086e+05
1.203496262810877961e+05
1.192590257657038455e+05
1.183264824018600339e+05
1.175498209416711470e+05
1.169192639643849107e+05
1.164180699377368146e+05
1.160241179284311656e+05
1.157119689385445236e+05
1.154549574930931267e+05
1.152270195118123229e+05
1.150041654217067407e+05
1.147656679541618360e+05
1.144950871387020161e+05
1.141811915109478286e+05
1.138187014854803128e+05
1.134086562358910742e+05
1.129581618894330022e+05
1.124793527468826505e+05
1.119875750177197187e+05
1.114990268989488395e+05
1.110282801285740716e+05
1.105861931281963334e+05
1.101786640788515506e+05
1.098064721400088602e+05
1.094661731339204707e+05
1.091517390759221453e+05
1.088564458642981481e+05
1.085744769701541081e+05
1.083018304265077313e+05
1.080363489358888037e+05
1.077769622891736799e+05
1.075224551625407767e+05
1.072701903601550730e+05
1.070152050010281237e+05
1.067499738072806358e+05
1.064649477130291634e+05
1.061497836164063920e+05
1.057950254054226971e+05
1.053938970460465061e+05
1.049438260993112635e+05
1.044473270025495294e+05
1.039119436118125886e+05
1.033490945787494420e+05
1.027718892030729476e+05
1.021922585514122475e+05
1.016180050810094544e+05
1.010505131563747855e+05
1.004837964432296867e+05
9.990526418410301267e+04
9.929813607176655205e+04
9.864496912750987394e+04
9.793144237784207508e+04
9.714948725291085429e+04
9.629906503454563790e+04
9.538828785679044086e+04
9.443201006532259635e+04
9.344934367078295327e+04
9.246069885782487108e+04
9.148492297545075417e+04
9.053697518845295417e+04
8.962641146615531761e+04
8.875682004871405661e+04
8.792624500166696089e+04
8.712852977795241168e+04
8.635536641633172985e+04
8.559865049915491545e+04
8.485257627484208206e+04
8.411485717979527544e+04
8.338660580037093314e+04
8.267076173171108530e+04
8.196942219928694249e+04
8.128084037237442681e+04
8.059704026431759121e+04
7.990286717257020064e+04
7.917688994713618013e+04
7.839404882558848476e+04
7.752949113864479295e+04
7.656279697071533883e+04
7.548180101872171508e+04
7.428539627030577685e+04
7.298494465177018719e+04
7.160412894115214294e+04
7.017723531702715263e+04
6.874599309306847863e+04
6.735526755830402544e+04
6.604811527381763153e+04
6.486091792543990596e+04
6.381941616366917879e+04
6.293638105778729368e+04
6.221136158719669766e+04
6.163249442876566900e+04
6.117989228597862530e+04
6.082979384019260033e+04
6.055857106899599603e+04
6.034586478826434177e+04
6.017647487394655036e+04
6.004102391986558359e+04
5.993569875345157925e+04
5.986146963365179545e+04
5.982309831479022978e+04
5.982805867335401126e+04
5.988532643524713058e+04
6.000394340621904121e+04
6.019135500660983962e+04
6.045170818641915685e+04
6.078447754011918732e+04
6.118385451628737792e+04
6.163922792823486088e+04
6.213681787244162115e+04
6.266218423494286253e+04
6.320303705010022531e+04
6.375164219186903938e+04
6.430620667335915641e+04
6.487093841091542708e+04
6.545493355068696837e+04
6.607052952138622641e+04
6.673213045542946202e+04
6.745662458078374038e+04
6.826626307420739613e+04
6.919421019083050487e+04
7.029195393726599286e+04
7.163656154305058590e+04
7.333469221158130676e+04
7.551976900116098113e+04
7.833920203260681592e+04
8.193033185912223416e+04
8.638675888976611895e+04
9.172037933399388567e+04
9.782770839291147422e+04
1.044706344096872635e+05
1.112805146169332438e+05
1.177901341772317246e+05
1.234912600266113877e+05
1.279081746090836241e+05
1.306720821076997090e+05
1.315797276437712135e+05
1.306228278442783048e+05
1.279821619554854697e+05
1.239891336088119278e+05
1.190653952775051730e+05
1.136553577822845109e+05
1.081661076184110716e+05
1.029250928305388079e+05
9.815978807424716069e+04
9.399762737133746850e+04
9.048049238029636035e+04
8.758663662455818849e+04
8.525376491089710908e+04
8.339909894107615401e+04
8.193457334532553796e+04
8.077706386748728983e+04
7.985447244829281408e+04
7.910870751641893003e+04
7.849642481267056428e+04
7.798814649896250921e+04
7.756623047430381121e+04
7.722213968679333630e+04
7.695348691941727884e+04
7.676131068719062023e+04
7.664792264889251965e+04
7.661547136425759527e+04
7.666515558145157411e+04
7.679686911840722314e+04
7.700901944972715864e+04
7.729833473492303165e+04
7.765961188379771193e+04
7.808548840076953638e+04
7.856637967216773541e+04
7.909068753719894448e+04
7.964528288961126236e+04
8.021615835501857509e+04
8.078910230994109588e+04
8.135029299622817780e+04
8.188682618794581504e+04
8.238730055136347073e+04
8.284261081124722841e+04
8.324699700167638366e+04
8.359919511993472406e+04
8.390332398743082013e+04
8.416904447183806042e+04
8.441062461135543708e+04
8.464483671586349374e+04
8.488800376877769304e+04
8.515284794076674734e+04
8.544593006324319867e+04
8.576633911711175460e+04
8.610593755588724161e+04
8.645102437177501270e+04
8.678490816606966837e+04
8.709071435901345103e+04
8.735382357710835640e+04
8.756359362206213700e+04
8.771432937210136151e+04
8.780569678839758853e+04
8.784283958098800213e+04
8.783634478229450178e+04
8.780199582084662688e+04
8.776007599484990351e+04
8.773395713949184574e+04
8.774787440816353774e+04
8.782409832777915290e+04
8.798004034584433248e+04
8.822601698782219319e+04
8.856434856736037182e+04
8.899017690392838267e+04
8.949394800221564947e+04
9.006507043489273929e+04
9.069596782271871052e+04
9.138567071621341165e+04
9.214223626045278797e+04
9.298357990043978498e+04
9.393666336758069519e+04
9.503532168226625072e+04
9.631725899108946032e+04
9.782084781484820996e+04
9.958230286657380930e+04
1.016335805712251458e+05
1.040010369391678687e+05
1.067045564124339144e+05
1.097566491412578325e+05
1.131609810568022949e+05
1.169099704131673061e+05
1.209814171370432596e+05
1.253345485105813859e+05
1.299062728769647074e+05
1.346087391470304283e+05
1.393294154356021609e+05
1.439347471629297070e+05
1.482779871670309512e+05
1.522110290567835327e+05
1.555991395876301103e+05
1.583365923462797364e+05
1.603606178162140131e+05
1.616610310048643732e+05
1.622834770220175851e+05
1.623253648311023717e+05
1.619249818172682426e+05
1.612456332571908715e+05
1.604575722765660612e+05
1.597207358015665086e+05
1.591708335382668010e+05
1.589103146303047833e+05
1.590044847812066437e+05
1.594819449767135666e+05
1.603378812257127138e+05
1.615386895390409627e+05
1.630268924940223806e+05
1.647260347093491582e+05
1.665459004870743083e+05
1.683886995628689765e+05
1.701566992061893689e+05
1.717612238396505709e+05
1.731322319697375933e+05
1.742271008264355769e+05
1.750370243799425953e+05
1.755896416868843371e+05
1.759470881828374404e+05
1.761994290157264622e+05
1.764541968996562064e+05
1.768233720155605115e+05
1.774095370549117506e+05
1.782930989756726485e+05
1.795223855973411119e+05
1.811080838573952205e+05
1.830228760575206252e+05
1.852062911878562008e+05
1.875738546765729261e+05
1.900288150519884948e+05
1.924742944038964051e+05
1.948238096562598075e+05
1.970087268447836104e+05
1.989821331087615108e+05
2.007195185986460419e+05
2.022172518348380399e+05
2.034899544682283886e+05
2.045675845927552728e+05
2.054925313407971407e+05
2.063165664101677539e+05
2.070972814045653213e+05
2.078937189843144151e+05
2.087612058245419175e+05
2.097457699145025108e+05
2.108788292095427751e+05
2.121729807750603359e+05
2.136196728221733647e+05
2.151893303418909491e+05
2.168341775861339702e+05
2.184936126442178793e+05
2.201015942697018036e+05
2.215951510161100305e+05
2.229228706219530723e+05
2.240521259346426814e+05
2.249738863128687954e+05
2.257042702786102309e+05
2.262824936208604486e+05
2.267654797091845539e+05
2.272199986978084780e+05
2.277136441244676535e+05
2.283061240776152990e+05
2.290422014799516473e+05
2.299472208877060621e+05
2.310256349472863949e+05
2.322624340679298621e+05
2.336269866039822809e+05
2.350785430246541800e+05
2.365725227992840519e+05
2.380666549570856150e+05
2.395260786792586441e+05
2.409266566706491867e+05
2.422560395441083529e+05
2.435124308692582999e+05
2.447014655098963121e+05
2.458320109740098123e+05
2.469119191089612723e+05
2.479447318368311389e+05
2.489280926702546712e+05
2.498542115059511270e+05
2.507122779042911425e+05
2.514923133762242214e+05
2.521896617380241805e+05
2.528091721825802524e+05
2.533681441561111133e+05
2.538972749255796662e+05
2.544391646038183535e+05
2.550443519281308108e+05
2.557653107829498185e+05
2.566492425400143838e+05
2.577307625588513911e+05
2.590256425674518687e+05
2.605266327567576664e+05
2.622021023193133296e+05
2.639978824549596175e+05
2.658423267908924026e+05
2.676542251794399344e+05
2.693527874443587498e+05
2.708684472333162557e+05
2.721528047524463036e+05
2.731858172244264279e+05
2.739785795810738346e+05
2.745708379616019665e+05
2.750236399839907535e+05
2.754088840925023542e+05
2.757984757718529436e+05
2.762559003645809717e+05
2.768321537511174101e+05
2.775664084803793230e+05
2.784901164992539561e+05
2.796320998503870214e+05
2.810219738434351748e+05
2.826900080552998697e+05
2.846629136933392729e+05
2.869565192352443119e+05
2.895673771353824995e+05
2.924657663329699426e+05
2.955923016810262343e+05
2.988595875079990365e+05
3.021592755952464649e+05
3.053737205110127106e+05
3.083903721742164344e+05
3.111163228819039068e+05
3.134902431083851261e+05
3.154894200249189162e+05
3.171306915109368856e+05
3.184654574212039006e+05
3.195702137875211774e+05
3.205347938380830456e+05
3.214505341053377488e+05
3.224000395143582718e+05
3.234494439477674896e+05
3.246434189626574516e+05
3.260028646748473984e+05
3.275251662354175351e+05
3.291868968993301969e+05
3.309486911817920627e+05
3.327616633067965158e+05
3.345743648066635942e+05
3.363391029417219106e+05
3.380166387083129375e+05
3.395788129942532978e+05
3.410092869717904832e+05
3.423030382221251493e+05
3.434653346388287609e+05
3.445106236755446298e+05
3.454613276128588477e+05
3.463462053430023952e+05
3.471979274553458672e+05
3.480498256583699258e+05
3.489322401283245999e+05
3.498692314961202792e+05
3.508764429861728568e+05
3.519605647861243924e+05
3.531203294800121221e+05
3.543485129738675314e+05
3.556342381223425036e+05
3.569650227081866469e+05
3.583283452168398653e+05
3.597127981707415893e+05
3.611089875242579146e+05
3.625101994236577884e+05
3.639126329561785678e+05
3.653148941231664503e+05
3.667165964358772617e+05
3.681162886804764858e+05
3.695093455705035594e+05
3.708866724784449325e+05
3.722349337838523206e+05
3.735385336412796169e+05
3.747829487883232650e+05
3.759585032755452557e+05
3.770634968477964285e+05
3.781058101132888696e+05
3.791025991948674200e+05
3.800782475796322688e+05
3.810611569691280602e+05
3.820801200079994160e+05
3.831609364827263053e+05
3.843237106716825510e+05
3.855810239747313317e+05
3.869370011704736389e+05
3.883872062096765731e+05
3.899192866412920412e+05
3.915142827034957591e+05
3.931484838462279295e+05
3.947956391096432926e+05
3.964292349118522834e+05
3.980245009604017250e+05
3.995598517138564494e+05
4.010176424798805965e+05
4.023843776434587198e+05
4.036507512395193917e+05
4.048119991693275515e+05
4.058689099595493753e+05
4.068294880207863753e+05
4.077108143732524477e+05
4.085402977037528181e+05
4.093554282650829991e+05
4.102014117336852360e+05
4.111266045325594023e+05
4.121763200831686263e+05
4.133861128860449535e+05
4.147759021763594938e+05
4.163461913669739733e+05
4.180772030586650362e+05
4.199311018801578903e+05
4.218567963569318526e+05
4.237962889945493662e+05
4.256913346287896857e+05
4.274893273848175304e+05
4.291477864326413837e+05
4.306373467192433309e+05
4.319435361596652074e+05
4.330676675195273128e+05
4.340269046323485090e+05
4.348531873517314671e+05
4.355905215241169208e+05
4.362903829956504633e+05
4.370056359930785839e+05
4.377841397138527245e+05
4.386636742474428611e+05
4.396696031942122499e+05
4.408157606580790598e+05
4.421077515159700415e+05
4.435467920734331710e+05
4.451319590167540009e+05
4.468594685651592445e+05
4.487190806416284759e+05
4.506892326263773721e+05
4.527333226592393476e+05
4.547992849501000019e+05
4.568233736107372679e+05
4.587375013083723024e+05
4.604782976091233431e+05
4.619957331756222993e+05
4.632596903250904870e+05
4.642638123820188339e+05
4.650267626202791580e+05
4.655913016421359498e+05
4.660213774189637043e+05
4.663970765283636865e+05
4.668072445066593937e+05
4.673400635148442816e+05
4.680727180920989485e+05
4.690620273779552663e+05
4.703380806755960220e+05
4.719022505832192837e+05
4.737296693109673215e+05
4.757748925349463243e+05
4.779786765625691041e+05
4.802739369797281106e+05
4.825899458562730579e+05
4.848551269302278524e+05
4.869997278053695918e+05
4.889596973886239575e+05
4.906822595183731755e+05
4.921324129060810665e+05
4.932985922981724725e+05
4.941955409935839125e+05
4.948631876574572525e+05
4.953616336322699208e+05
4.957636121581873740e+05
4.961464081009710790e+05
4.965849918783573667e+05
4.971472153668151586e+05
4.978908316851523705e+05
4.988613680675390060e+05
5.000898218687683693e+05
5.015897370004848926e+05
5.033541131788287894e+05
5.053533293751332094e+05
5.075354449269563775e+05
5.098297643998127896e+05
5.121536161353014177e+05
5.144213096060607932e+05
5.165536216969371890e+05
5.184861433805734268e+05
5.201753309790183557e+05
5.216018454232126242e+05
5.227713585472170962e+05
5.237132249560203054e+05
5.244772853568635182e+05
5.251288314543124288e+05
5.257417336587769678e+05
5.263900797645851271e+05
5.271393003019364551e+05
5.280383370958490996e+05
5.291145600517158164e+05
5.303726323597275186e+05
5.317974582647038624e+05
5.333601138002385851e+05
5.350247816598492209e+05
5.367545878974039806e+05
5.385149487294569844e+05
5.402742830787652638e+05
5.420031824385426007e+05
5.436737998246612260e+05
5.452610153944269987e+05
5.467459382088176208e+05
5.481209507955410518e+05
5.493944025412996998e+05
5.505927173223273130e+05
5.517582853335838299e+05
5.529428411506168777e+05
5.541975679174731486e+05
5.555623159683411941e+05
5.570566684225227218e+05
5.586750518666041316e+05
5.603869404280727031e+05
5.621418875745021505e+05
5.638780705612652237e+05
5.655324905190763529e+05
5.670509471741279121e+05
5.683962471461226232e+05
5.695536110598067753e+05
5.705327726252805442e+05
5.713667479987411061e+05
5.721076781261657597e+05
5.728204886730756843e+05
5.735753258285276825e+05
5.744397664877013303e+05
5.754716686706470791e+05
5.767132924027009867e+05
5.781870944050529506e+05
5.798934666952101979e+05
5.818106434280819958e+05
5.838969378021274460e+05
5.860952587941244710e+05
5.883394449630765012e+05
5.905614476721688407e+05
5.926980442107528215e+05
5.946958177928711521e+05
5.965137045517592924e+05
5.981233155222584028e+05
5.995081089153173380e+05
6.006628802452927921e+05
6.015946978999266867e+05
6.023254180416911840e+05
6.028946803302997723e+05
6.033613989344914444e+05
6.038017107013298664e+05
6.043022768300948665e+05
6.049494670200292021e+05
6.058166451933580684e+05
6.069527925416578073e+05
6.083755538792535663e+05
6.100704689835476456e+05
6.119961647817085031e+05
6.140934576693584677e+05
6.162953990422075149e+05
6.185356139098997228e+05
6.207535747061037691e+05
6.228970254130753456e+05
6.249228586362515343e+05
6.267979029430851806e+05
6.285003747737226076e+05
6.300217005344972713e+05
6.313676577148145298e+05
6.325577313426373294e+05
6.336222238390072016e+05
6.345976079144437099e+05
6.355213551921218168e+05
6.364276393451655749e+05
6.373448578917918494e+05
6.382951120690399548e+05
6.392950475076592993e+05
6.403571318517175969e+05
6.414906295855036005e+05
6.427020554550965317e+05
6.439954053888231283e+05
6.453726595263297204e+05
6.468348052217725199e+05
6.483830861598581541e+05
6.500196883635559352e+05
6.517469753516373457e+05
6.535648426215545041e+05
6.554666371334686410e+05
6.574349893722701818e+05
6.594393711953407619e+05
6.614369152836655267e+05
6.633770248558101011e+05
6.652089214676243719e+05
6.668900905953272013e+05
6.683931287061260082e+05
6.697090363179278793e+05
6.708463769287434407e+05
6.718273673093894031e+05
6.726831329925429309e+05
6.734504641785582062e+05
6.741713219658714952e+05
6.748945382953425869e+05
6.756775021150074899e+05
6.765850076884905575e+05
6.776832877557994798e+05
6.790292902385088382e+05
6.806575996765247546e+05
6.825689734321918804e+05
6.847245022630882449e+05
