5.405474690964295296e+05
5.404657006865744479e+05
5.405709120713385055e+05
5.407298749039233662e+05
5.408157791948848171e+05
5.407216344884359278e+05
5.403701071668050718e+05
5.397186118651527213e+05
5.387592737762557808e+05
5.375143146208146354e+05
5.360282471058103256e+05
5.343587319288954604e+05
5.325679030645011226e+05
5.307154415220636874e+05
5.288539092574722599e+05
5.270261644558066037e+05
5.252643134406522149e+05
5.235896627133191796e+05
5.220133637423408800e+05
5.205376523804519093e+05
5.191576093139270670e+05
5.178632214354987373e+05
5.166413726843246259e+05
5.154774208106337464e+05
5.143562777652434306e+05
5.132632730581109645e+05
5.121852968128282810e+05
5.111125950125916861e+05
5.100411133439877885e+05
5.089746669795763446e+05
5.079257839663421619e+05
5.069141168955934700e+05
5.059619323023623438e+05
5.050872045596218086e+05
5.042958941658322001e+05
5.035756532089311513e+05
5.028931587333308998e+05
5.021964581953529269e+05
5.014223407683392870e+05
5.005072682868923876e+05
4.993993180468017235e+05
4.980682826396919554e+05
4.965116339853553218e+05
4.947552663508476107e+05
4.928493418471454643e+05
4.908606920159164583e+05
4.888637552564723883e+05
4.869318890018393286e+05
4.851302743196160300e+05
4.835108523561852635e+05
4.821091081997621222e+05
4.809422323063699878e+05
4.800082569399242057e+05
4.792860597663425142e+05
4.787364557283878094e+05
4.783047787272880087e+05
4.779252739395122626e+05
4.775272716944768326e+05
4.770425969941110816e+05
4.764131717025169055e+05
4.755974994733330677e+05
4.745748346147740376e+05
4.733463324648131384e+05
4.719332007324229926e+05
4.703725483688397799e+05
4.687120042237446178e+05
4.670041390357411583e+05
4.653013608742314973e+05
4.636515054935791413e+05
4.620940612061662250e+05
4.606569771955853212e+05
4.593542414788195165e+05
4.581846799949175911e+05
4.571325074174287729e+05
4.561699428553397884e+05
4.552617339349358808e+05
4.543708805373208597e+05
4.534644305073419819e+05
4.525181098642088473e+05
4.515188217456763959e+05
4.504646397516729194e+05
4.493626448312461143e+05
4.482255501696848078e+05
4.470682890618155361e+05
4.459055035934183979e+05
4.447502676872510347e+05
4.436136887467757915e+05
4.425045986246358952e+05
4.414285962519949535e+05
4.403862314751185477e+05
4.393708650455205934e+05
4.383673178366557695e+05
4.373525070869391784e+05
4.362987506414402160e+05
4.351794658857934410e+05
4.339759667316015111e+05
4.326833911897802027e+05
4.313137810231653275e+05
4.298950545190047706e+05
4.284658595885362010e+05
4.270676461787021253e+05
4.257362573505850160e+05
4.244955191704191384e+05
4.233545964856625069e+05
4.223095082481051795e+05
4.213476793239445542e+05
4.204533517613207805e+05
4.196115294003222953e+05
4.188089616232594126e+05
4.180321411449011066e+05
4.172637640725655947e+05
4.164799246869261260e+05
4.156501111958955298e+05
4.147409046403587563e+05
4.137226663916818798e+05
4.125771424639400211e+05
4.113034044647428673e+05
4.099200806300699478e+05
4.084631267620917060e+05
4.069798540040901280e+05
4.055209692521658726e+05
4.041326698871584376e+05
4.028504243644540547e+05
4.016952980306458776e+05
4.006729332759062527e+05
3.997747990853634547e+05
3.989811086698573781e+05
3.982647506594035076e+05
3.975955705804963945e+05
3.969443379854614032e+05
3.962857820528588491e+05
3.956002321241574828e+05
3.948736747142371605e+05
3.940963942186644999e+05
3.932607263998462004e+05
3.923587381651328760e+05
3.913807683499194682e+05
3.903156381879228866e+05
3.891529143910547718e+05
3.878869203816978261e+05
3.865214195680542034e+05
3.850733345505407779e+05
3.835738168559481273e+05
3.820655795579731930e+05
3.805965063241099706e+05
3.792107530811450561e+05
3.779393762332673650e+05
3.767926245772522525e+05
3.757554195160113741e+05
3.747865457054713042e+05
3.738211574955769465e+05
3.727757483779600589e+05
3.715548159744424629e+05
3.700588606782844872e+05
3.681936966751763830e+05
3.658810051053313655e+05
3.630695342414276092e+05
3.597455498974362854e+05
3.559404507998046465e+05
3.517332887303687166e+05
3.472465028404688346e+05
3.426344475374387694e+05
3.380659482189885457e+05
3.337036760570480255e+05
3.296841048594949534e+05
3.261018725914219976e+05
3.230014611495056306e+05
3.203774667515910114e+05
3.181828146576549043e+05
3.163426044125602930e+05
3.147702902517616167e+05
3.133828131320080138e+05
3.121120316985968966e+05
3.109110380186545663e+05
3.097552688732704846e+05
3.086393628775627003e+05
3.075712694792414550e+05
3.065652002569509787e+05
3.056347875620569685e+05
3.047874738350551925e+05
3.040208187839110615e+05
3.033210996451079263e+05
3.026642537556833704e+05
3.020188561457034666e+05
3.013504893573441077e+05
3.006266474088502000e+05
2.998212997133145691e+05
2.989184224964249879e+05
2.979140979386148974e+05
2.968170650837682770e+05
2.956477991221669363e+05
2.944362901510940865e+05
2.932187417426839820e+05
2.920334745645904331e+05
2.909164231196497567e+05
2.898967255317719537e+05
2.889929708153267275e+05
2.882106386310300441e+05
2.875411319302496850e+05
2.869625891460017301e+05
2.864424160907393671e+05
2.859412433639604715e+05
2.854178219849041780e+05
2.848342305707299383e+05
2.841606879426427186e+05
2.833792596048749401e+05
2.824858428300145897e+05
2.814900431839982048e+05
2.804129196337098256e+05
2.792830242803537403e+05
2.781315794422815670e+05
2.769878671625445131e+05
2.758758323379842914e+05
2.748125004677913967e+05
2.738082016022880562e+05
2.728679972783199628e+05
2.719933661172097782e+05
2.711832594751804718e+05
2.704340649154036073e+05
2.697386224140364211e+05
2.690849577600231278e+05
2.684556064891526476e+05
2.678282227054856485e+05
2.671776969390113372e+05
2.664794601101274602e+05
2.657132502679442987e+05
2.648664948321339325e+05
2.639366048040675232e+05
2.629317733156188042e+05
2.618701796776409610e+05
2.607777385782055499e+05
2.596847028447592747e+05
2.586215746363883663e+05
2.576149290203386627e+05
2.566838615566506342e+05
2.558377401929233747e+05
2.550756923618531728e+05
2.543878098889486282e+05
2.537575525961740932e+05
2.531644943483138049e+05
2.525865608041593223e+05
2.520012863872906310e+05
2.513862135400327388e+05
2.507190906363950344e+05
2.499787257747435942e+05
2.491470982363517978e+05
2.482127089226789831e+05
2.471744348198522930e+05
2.460446625688861532e+05
2.448504371307543479e+05
2.436318001596491667e+05
2.424372360903864901e+05
2.413169116913555481e+05
2.403149329024034960e+05
2.394620272548760404e+05
2.387699207266787998e+05
2.382283398428057262e+05
2.378051607230541704e+05
2.374498096251818351e+05
2.370995914888705011e+05
2.366881706924690516e+05
2.361549920380135300e+05
2.354541242064867693e+05
2.345609762058457709e+05
2.334756682602943911e+05
2.322224959314913722e+05
2.308457405925618950e+05
2.294028102748147212e+05
2.279561307934553770e+05
2.265652497619866626e+05
2.252803096216106787e+05
2.241375418967680598e+05
2.231569200231896539e+05
2.223417297365980339e+05
2.216796382644820551e+05
2.211448433307293744e+05
2.207009794733888994e+05
2.203045593348127732e+05
2.199087676905351691e+05
2.194673935309600201e+05
2.189386143463534536e+05
2.182882908476875164e+05
2.174924323552639398e+05
2.165385662218376237e+05
2.154258760121233063e+05
2.141641403134938155e+05
2.127716869837604463e+05
2.112727541395073931e+05
2.096947803412341163e+05
2.080661731878960854e+05
2.064149726033728221e+05
2.047685251960142923e+05
2.031538938129339949e+05
2.015983887963876186e+05
2.001294832204893755e+05
1.987735510731795512e+05
1.975533053214079700e+05
1.964843529860453855e+05
1.955717181201561471e+05
1.948073459348943434e+05
1.941694374146214977e+05
1.936240390689343039e+05
1.931287717804025451e+05
1.926380881595231185e+05
1.921091269951505819e+05
1.915071518075604108e+05
1.908097154008045327e+05
1.900090195649067173e+05
1.891123311508693732e+05
1.881406530493957107e+05
1.871260415277509892e+05
1.861079874292487220e+05
1.851291929296881717e+05
1.842309817391710531e+05
1.834485744009493501e+05
1.828065738263559469e+05
1.823151871521343710e+05
1.819678473240044259e+05
1.817408787844422332e+05
1.815956189216398925e+05
1.814829871453795931e+05
1.813499880603861529e+05
1.811471835916296404e+05
1.808359021436207113e+05
1.803939537595009315e+05
1.798188986290239554e+05
1.791284044724499108e+05
1.783577996729840816e+05
1.775554379475316091e+05
1.767768215902696247e+05
1.760785363240587758e+05
1.755129566472676233e+05
1.751244522352416243e+05
1.749475205315567146e+05
1.750069025074598612e+05
1.753192891009007872e+05
1.758956976748765737e+05
1.767430811753034941e+05
1.778634342970047146e+05
1.792488566507059149e+05
1.808719414058508701e+05
1.826724811334795959e+05
1.845434903370436223e+05
1.863212819210223097e+05
1.877849960633404553e+05
1.886699140828469535e+05
1.886959413254847459e+05
1.876083679550184170e+05
1.852236384413634951e+05
1.814699167948404211e+05
1.764120059482334764e+05
1.702531262158156605e+05
1.633115244723402429e+05
1.559762511033150367e+05
1.486516872974963626e+05
1.417028771634943841e+05
1.354127504027202958e+05
1.299584411435698275e+05
1.254085651844132226e+05
1.217382658929019090e+05
1.188554819672201847e+05
1.166308538924263994e+05
1.149247556344686745e+05
1.136073149973111285e+05
1.125699906384755013e+05
1.117295059340925509e+05
1.110262725914847688e+05
1.104198238105575147e+05
1.098834359464955924e+05
1.093993789703498187e+05
1.089554189987371064e+05
1.085425404069181241e+05
1.081534935519064020e+05
1.077817292883718910e+05
1.074204752244791307e+05
1.070619918914875598e+05
1.066972530679988413e+05
1.063163073184382956e+05
1.059093858027914684e+05
1.054685251734197082e+05
1.049892352398536168e+05
1.044716926444508572e+05
1.039211132684025652e+05
1.033472550057634508e+05
1.027632703316734260e+05
1.021842359397857072e+05
1.016256115137394663e+05
1.011017115510479198e+05
1.006241519885340385e+05
1.002002523841174261e+05
9.983152664988121251e+04
9.951257975906270440e+04
9.923081807665275119e+04
9.896730233242735267e+04
9.869883919437341683e+04
9.840110455790557899e+04
9.805232137300360773e+04
9.763685045818286017e+04
9.714802358992172231e+04
9.658965199590750854e+04
9.597586325012550515e+04
9.532922557344871166e+04
9.467745712836171151e+04
9.404930840416342835e+04
9.347036137585558754e+04
9.295945764593333297e+04
9.252626656000218645e+04
9.217022005122882547e+04
9.188078750095464056e+04
9.163892007284304418e+04
9.141946131274534855e+04
9.119432934628345538e+04
9.093623620375324390e+04
9.062257797201775247e+04
9.023894521658305894e+04
8.978157465442804096e+04
8.925810820844775299e+04
8.868630190771115304e+04
8.809078998570053955e+04
8.749852057819229958e+04
8.693386114248353988e+04
8.641448190461030754e+04
8.594891701429722889e+04
8.553624219182609522e+04
8.516774645645513374e+04
8.482999039331421955e+04
8.450836949053622084e+04
8.419029004016720864e+04
8.386728098656573275e+04
8.353571376531333954e+04
8.319617491137473553e+04
8.285184541121886286e+04
8.250643465553672286e+04
8.216227538940444356e+04
8.181911020604382793e+04
8.147390632107979036e+04
8.112175833311877795e+04
8.075763572470450890e+04
8.037847829284213367e+04
7.998501361040239863e+04
7.958271411657890712e+04
7.918152590322351898e+04
7.879432924137098598e+04
7.843443488366014208e+04
7.811267557833880710e+04
7.783474462311643583e+04
7.759934511740843300e+04
7.739748902831760643e+04
7.721301055452419678e+04
7.702412521393861971e+04
7.680573351092117082e+04
7.653214042953644821e+04
7.617989542080428510e+04
7.573049108520858863e+04
7.517265451456404116e+04
7.450393388434915687e+04
7.373127824893291108e+04
7.287039306157099782e+04
7.194385435014267568e+04
7.097824391862771881e+04
7.000083324587377138e+04
6.903648542088111572e+04
6.810538943479559384e+04
6.722199136153532891e+04
6.639512431889341678e+04
6.562899457012540370e+04
6.492448179515439551e+04
6.428022872256749542e+04
6.369321508731057838e+04
6.315883915416811215e+04
6.267082951110052090e+04
6.222145403998828260e+04
6.180241578586200194e+04
6.140654672594487056e+04
6.103002914697537199e+04
6.067453358753174689e+04
6.034850046784475853e+04
6.006689691406198108e+04
5.984915606350731105e+04
5.971556762360801076e+04
5.968297519614594057e+04
5.976105246706587786e+04
5.995050354633677489e+04
6.024417182609919837e+04
6.063128222735381860e+04
6.110405335506879783e+04
6.166496721390512539e+04
6.233237116765848623e+04
6.314205074208084989e+04
6.414306626559808501e+04
6.538743370938581938e+04
6.691491260737065750e+04
6.873585030954511603e+04
7.081624398110009497e+04
7.306946578055433929e+04
7.535816936906732735e+04
7.750779047247485141e+04
7.933019917728650034e+04
8.065322565203934209e+04
8.134985806694877101e+04
8.136060060354562302e+04
8.070398687015326868e+04
7.947315567931947589e+04
7.781980368299066322e+04
7.592967230826680316e+04
7.399519877425426967e+04
7.219079465485671244e+04
7.065471824402653147e+04
6.947936091727924941e+04
6.870971047132214881e+04
6.834830477991585212e+04
6.836432646910579933e+04
6.870450058897613781e+04
6.930388128287701693e+04
7.009518892496413901e+04
7.101591192638874054e+04
7.201284494000553968e+04
7.304409476120241743e+04
7.407886986625351710e+04
7.509559495858651644e+04
7.607905134639903554e+04
7.701731021623553534e+04
7.789916730214169365e+04
7.871259248883022519e+04
7.944440616690920433e+04
8.008106040723508340e+04
8.061013557953426789e+04
8.102204364171328780e+04
8.131148446069619968e+04
8.147838778693506902e+04
8.152829689641227014e+04
8.147230993005007622e+04
8.132673089035194425e+04
8.111249926016207610e+04
8.085433135027583921e+04
8.057941272761396249e+04
8.031550876807329769e+04
8.008853418727930693e+04
7.991989445819443790e+04
7.982417420045282051e+04
7.980787221956955909e+04
7.986977732877826202e+04
8.000323143301870732e+04
8.020001930922269821e+04
8.045510968664431130e+04
8.077111541324631253e+04
8.116126308603404323e+04
8.164990384420650662e+04
8.227010871740638686e+04
8.305855845369954477e+04
8.404860784336789220e+04
8.526292148944672954e+04
8.670730663668377383e+04
8.836722353924791969e+04
9.020792875626339810e+04
9.217839666998044413e+04
9.421826191213776474e+04
9.626627830986621848e+04
9.826842609910466126e+04
1.001839416821481282e+05
1.019881568313674652e+05
1.036719248866514245e+05
1.052382987518290902e+05
1.066977415787034988e+05
1.080633365983249969e+05
1.093472130972480809e+05
1.105588536751103675e+05
1.117052973111272004e+05
1.127926991489757202e+05
1.138283821430373500e+05
1.148224648885401257e+05
1.157883498547949130e+05
1.167417356613053125e+05
1.176982778722306539e+05
1.186704527946071903e+05
1.196644655146415025e+05
1.206780981179178634e+05
1.217001834724758810e+05
1.227119614306268340e+05
1.236900546093154844e+05
1.246103593244473741e+05
1.254519324284498725e+05
1.262000328141241771e+05
1.268478014521582372e+05
1.273964991035032435e+05
1.278546002714996866e+05
1.282362427856180293e+05
1.285595213295736612e+05
1.288449455540622293e+05
1.291141617904016603e+05
1.293888579704285949e+05
1.296896877514256921e+05
1.300350680672482122e+05
1.304397999515090924e+05
1.309135996237395739e+05
1.314597656076278072e+05
1.320743033108676609e+05
1.327458359672731021e+05
1.334565227444396587e+05
1.341839944360710506e+05
1.349040663186237507e+05
1.355937857362876821e+05
1.362342925481160055e+05
1.368130334451290837e+05
1.373250346134750580e+05
1.377731278761936992e+05
1.381671842551929876e+05
1.385225207524729485e+05
1.388577326282991271e+05
1.391922865544788656e+05
1.395442774040611403e+05
1.399287534993670124e+05
1.403569006930871401e+05
1.408361425039235328e+05
1.413709349606219330e+05
1.419638355032065010e+05
1.426164134850591363e+05
1.433297652551808569e+05
1.441047027435216587e+05
1.449419288870000746e+05
1.458425418706537748e+05
1.468089796684756584e+05
1.478461314305475680e+05
1.489620109471124306e+05
1.501673155471149948e+05
1.514734739737002819e+05
1.528893412298419862e+05
1.544173058567392582e+05
1.560499689926804276e+05
1.577685443655854615e+05
1.595436870698606363e+05
1.613387367702515330e+05
1.631146213181860221e+05
1.648351760065197304e+05
1.664715550377677719e+05
1.680047491544744698e+05
1.694258344215865654e+05
1.707342416221229068e+05
1.719348427557171381e+05
1.730348671347256168e+05
1.740415558335857349e+05
1.749611050341412192e+05
1.757989626260620425e+05
1.765610781727814756e+05
1.772554022496877005e+05
1.778928814209445845e+05
1.784874211773650022e+05
1.790547223981832503e+05
1.796103864823777694e+05
1.801680391333707666e+05
1.807382813940104679e+05
1.813289799172660860e+05
1.819468415371646406e+05
1.825995922928769141e+05
1.832976615223922417e+05
1.840542637107318733e+05
1.848832305770852836e+05
1.857947450557076081e+05
1.867899960696748458e+05
1.878563938944839465e+05
1.889651181663914467e+05
1.900723291510050767e+05
1.911244575026512903e+05
1.920668512658261752e+05
1.928540328722518752e+05
1.934592189215006074e+05
1.938807870903476141e+05
1.941440613082449709e+05
1.942979455170694273e+05
1.944072215331910411e+05
1.945423392907728557e+05
1.947689639345333562e+05
1.951393135686448950e+05
1.956865792147750326e+05
1.964227871835688711e+05
1.973396815778608143e+05
1.984117781801563979e+05
1.996006820299984538e+05
2.008599286386852327e+05
2.021398232517671422e+05
2.033919035086189979e+05
2.045727366180891695e+05
2.056468479282711050e+05
2.065887146773709974e+05
2.073839276869598252e+05
2.080297435952716914e+05
2.085352408052916580e+05
2.089211440893102845e+05
2.092191801154095156e+05
2.094707048170592170e+05
2.097244079612013593e+05
2.100331535920789756e+05
2.104503468796533125e+05
2.110264590101074136e+05
2.118063534815141466e+05
2.128278050646135525e+05
2.141211751629421778e+05
2.157097737212652864e+05
2.176101728227246786e+05
2.198317506727094587e+05
2.223750467166193994e+05
2.252290136956822826e+05
2.283678110880212625e+05
2.317482238926555146e+05
2.353089550050300313e+05
2.389728275132740091e+05
2.426523362085724948e+05
2.462581154575775436e+05
2.497089705547531194e+05
2.529414483855133585e+05
2.559167721641791577e+05
2.586234662981813308e+05
2.610750600711003935e+05
2.633035660975177307e+05
2.653505388146322803e+05
2.672580347033017897e+05
2.690615448184075649e+05
2.707860827307134750e+05
2.724454715011030203e+05
2.740439458910636604e+05
2.755788026956690010e+05
2.770430489024277776e+05
2.784275900076731923e+05
2.797230978259020485e+05
2.809219769440550590e+05
2.820206967927115038e+05
2.830223036589548574e+05
2.839384625980869168e+05
2.847901870584178250e+05
2.856066271449282067e+05
2.864218305610180250e+05
2.872700315216107992e+05
2.881804967462923960e+05
2.891730890102570993e+05
2.902554779562207405e+05
2.914224547902531922e+05
2.926572785559497424e+05
2.939345661191967665e+05
2.952240318749836879e+05
2.964943949568640674e+05
2.977169397211795440e+05
2.988684405398819363e+05
2.999333451952853939e+05
3.009051885998134967e+05
3.017871789701380185e+05
3.025918286221184535e+05
3.033394970084173256e+05
3.040558602418356459e+05
3.047686212155464455e+05
3.055041168935400201e+05
3.062846752591597033e+05
3.071274497567208018e+05
3.080449656883820426e+05
3.090468939016347867e+05
3.101419268927077646e+05
3.113384096585414954e+05
3.126427707031922764e+05
3.140557346232098062e+05
3.155674234301092802e+05
3.171532726647569798e+05
3.187727887935024337e+05
3.203724374304228695e+05
3.218926275977760088e+05
3.232773618512603571e+05
3.244842041929812985e+05
3.254921107555477647e+05
3.263053548880031449e+05
3.269529280298586236e+05
3.274839467850380461e+05
3.279603670580002363e+05
3.284485524754996295e+05
3.290110645490123425e+05
3.296996688751796028e+05
3.305501996027347632e+05
3.315796807766139973e+05
3.327859167720614350e+05
3.341495240032426664e+05
3.356380233066786313e+05
3.372112094372566789e+05
3.388267272307380335e+05
3.404447850856904406e+05
3.420312844728821656e+05
3.435592230850359774e+05
3.450087893278948613e+05
3.463668538151209941e+05
3.476264670480836648e+05
3.487865898483447381e+05
3.498518690217990079e+05
3.508320847928163130e+05
3.517410452076704241e+05
3.525950733382169856e+05
3.534115644119083299e+05
3.542081375157004804e+05
3.550026010278483154e+05
3.558134499950975878e+05
3.566602128095765947e+05
3.575629210054732976e+05
3.585403519572315854e+05
3.596073136725049117e+05
3.607717851809634594e+05
3.620329112598821521e+05
3.633805819706039038e+05
3.647967462536293897e+05
3.662580051912905183e+05
3.677386838449951028e+05
3.692136154755210155e+05
3.706602097940052627e+05
3.720597994679969270e+05
3.733985384966895217e+05
3.746681431387435296e+05
3.758665568119267118e+05
3.769983369640079327e+05
3.780743822158008115e+05
3.791106567492060713e+05
3.801258305515332613e+05
3.811381398974809563e+05
3.821621264015610213e+05
3.832060842649714323e+05
3.842709449207746075e+05
3.853509644955118420e+05
3.864360618154150434e+05
3.875151605638585170e+05
3.885796003435411258e+05
3.896257101666494273e+05
3.906559748541945009e+05
3.916787345631174394e+05
3.927068306551197893e+05
3.937558529090203810e+05
3.948425620701711741e+05
3.959837146294714184e+05
3.971950876322477707e+05
3.984902200152788428e+05
3.998784206378927920e+05
4.013619609653085354e+05
4.029329236084787408e+05
4.045706606744967867e+05
4.062409818843346438e+05
4.078979237754891510e+05
4.094883188698431477e+05
4.109586160875917412e+05
4.122627794600808411e+05
4.133698115732558654e+05
4.142695527966354275e+05
4.149757881406875094e+05
4.155261751189065981e+05
4.159789511499457294e+05
4.164067484865727602e+05
4.168881780849077622e+05
4.174981830315716215e+05
4.182984756789251696e+05
4.193295409212001250e+05
4.206055664663103526e+05
4.221131829048646032e+05
4.238141460804002127e+05
4.256512941691965098e+05
4.275565233823363087e+05
4.294593207695230958e+05
4.312945722651429242e+05
4.330087794141505146e+05
4.345642676471694140e+05
4.359413113789984491e+05
4.371383085645366227e+05
4.381702627285638591e+05
4.390659288820124930e+05
4.398640510067762807e+05
4.406091183251073235e+05
4.413469707544171251e+05
4.421204426109062042e+05
4.429651655711305793e+05
4.439057579898701515e+05
4.449528938368448289e+05
4.461020084995970246e+05
4.473344226035255706e+05
4.486212805905397399e+05
4.499299383495783550e+05
4.512315483329822309e+05
4.525079574719440425e+05
4.537559711718912004e+05
4.549876470608931268e+05
4.562263926593860378e+05
4.574998755694508436e+05
4.588316889216129202e+05
4.602340425754195312e+05
4.617033907067399705e+05
4.632200144274868653e+05
4.647514697838681750e+05
4.662588368659101543e+05
4.677041258185001789e+05
4.690571085499627516e+05
4.703001850893120281e+05
4.714304915513693704e+05
4.724591241913667182e+05
4.734079472002028488e+05
4.743048883529420709e+05
4.751788639831262990e+05
4.760554830898446962e+05
4.769544400289213518e+05
4.778890350481348578e+05
4.788676527813560097e+05
4.798964461647655698e+05
4.809821101267120684e+05
4.821336258614175022e+05
4.833622280113471788e+05
4.846794653555700206e+05
4.860938676689181593e+05
4.876071750320771825e+05
4.892112027704512584e+05
4.908862148694939096e+05
4.926012829094132758e+05
4.943166742449974408e+05
4.959879559490560205e+05
4.975712505134120584e+05
4.990289049262253102e+05
5.003347069639330730e+05
5.014777275529159233e+05
5.024639713065407122e+05
5.033153652598860790e+05
5.040662092908968916e+05
5.047579104306101799e+05
5.054333692849806976e+05
5.061325114211016335e+05
5.068900225337987067e+05
5.077354485243968666e+05
5.086947847279829439e+05
5.097919379408533568e+05
5.110483615992160630e+05
5.124798561899089254e+05
5.140907945761602023e+05
5.158674155449906830e+05
5.177727729494840605e+05
5.197459914773161290e+05
5.217075160384366172e+05
5.235702792343533365e+05
5.252547082891111495e+05
5.267039608612848679e+05
5.278953277578960406e+05
5.288446261184427422e+05
5.296023918456028914e+05
5.302430848582817707e+05
5.308504725332116941e+05
5.315031498033381067e+05
5.322635578562811716e+05
5.331722226242095931e+05
5.342470050401823828e+05
5.354857449375067372e+05
5.368702761215693317e+05
5.383703573894284200e+05
5.399471154611334205e+05
5.415564764253724134e+05
5.431532980288446415e+05
5.446964386570748175e+05
5.461541505445847288e+05
5.475085035873698071e+05
5.487574714314019075e+05
5.499139507667507278e+05
5.510020590540517587e+05
5.520520421634283848e+05
5.530955190321794944e+05
5.541623718655792763e+05
5.552795410185294459e+05
5.564708251194133190e+05
5.577561361162819667e+05
5.591489178229521494e+05
5.606515647150473669e+05
5.622501700706135016e+05
5.639110344042165671e+05
5.655814354499412002e+05
5.671960081576469820e+05
5.686880981110840803e+05
5.700034562433040701e+05
5.711125161496150540e+05
5.720177586161842337e+05
5.727542301383566810e+05
5.733834770598720061e+05
5.739830565065674018e+05
5.746346393776524346e+05
5.754133090345293749e+05
5.763793795107785845e+05
5.775726983095834730e+05
5.790087115671882639e+05
5.806758534229339566e+05
5.825347596891092835e+05
5.845206461513126269e+05
5.865501883203852922e+05
5.885331102150053484e+05
5.903868249748673989e+05
5.920507621355741285e+05
5.934963973212355049e+05
5.947299407903952524e+05
5.957868853180583101e+05
5.967202841821265174e+05
5.975866406717087375e+05
5.984338443106391933e+05
5.992945162729879376e+05
6.001859229926951230e+05
6.011151929376003100e+05
6.020868507285576779e+05
6.031092357911065919e+05
6.041972295153927989e+05
6.053704116976034129e+05
6.066475820899079554e+05
