6.802412621147511527e+05
6.781796695420825854e+05
6.762028819804359227e+05
6.743552474763306091e+05
6.726689041392517975e+05
6.711615967511611525e+05
6.698353003596819472e+05
6.686756580464018043e+05
6.676525787343262928e+05
6.667223961683982052e+05
6.658317065427374328e+05
6.649225532128477935e+05
6.639382808327461826e+05
6.628293142745054793e+05
6.615583024536002195e+05
6.601043074285519542e+05
6.584658004655934637e+05
6.566620787015646929e+05
6.547324773373526987e+05
6.527326956625491148e+05
6.507279155821440509e+05
6.487831988932817476e+05
6.469526665014887694e+05
6.452697657673493959e+05
6.437411055412323913e+05
6.423456833500177599e+05
6.410399832186107524e+05
6.397678248397150310e+05
6.384725569391309982e+05
6.371086538585128728e+05
6.356501353268920211e+05
6.340942800883451710e+05
6.324604104501944967e+05
6.307846334481022786e+05
6.291120538903198903e+05
6.274880962299279636e+05
6.259503536825046176e+05
6.245220478688658914e+05
6.232078766970277065e+05
6.219927682950937888e+05
6.208437727461034665e+05
6.197149428332080133e+05
6.185545877462173812e+05
6.173138234729038086e+05
6.159550217345280107e+05
6.144586791650212836e+05
6.128274255955524277e+05
6.110863338168311166e+05
6.092793102421863005e+05
6.074620420341092395e+05
6.056926386574646458e+05
6.040216027192544425e+05
6.024829648207491264e+05
6.010882354654273950e+05
5.998242788442049641e+05
5.986554319880787516e+05
5.975293895586227300e+05
5.963857513037545141e+05
5.951657940803429810e+05
5.938219693535321858e+05
5.923257491962221684e+05
5.906726655643989798e+05
5.888836944772439310e+05
5.870025756132223178e+05
5.850892670557465171e+05
5.832104654148229165e+05
5.814288109178548912e+05
5.797928205069610849e+05
5.783295614099645754e+05
5.770415316084636142e+05
5.759082532441972289e+05
5.748919483622177504e+05
5.739456628008044790e+05
5.730216329337838106e+05
5.720777563473180635e+05
5.710807622659835033e+05
5.700058865768540418e+05
5.688341400157564785e+05
5.675491304125236347e+05
5.661354853461153107e+05
5.645801449140583863e+05
5.628764530997800175e+05
5.610296324211194878e+05
5.590614538616443751e+05
5.570120279632904567e+05
5.549375592827610672e+05
5.529042036452307366e+05
5.509793103966785129e+05
5.492219266375838779e+05
5.476743883515831549e+05
5.463563073541802587e+05
5.452616034188083140e+05
5.443587052170187235e+05
5.435937642345244531e+05
5.428966219586033840e+05
5.421891637916187756e+05
5.413954178807445569e+05
5.404522720286585391e+05
5.393191235599952051e+05
5.379844279146109475e+05
5.364672828768809559e+05
5.348130514043276198e+05
5.330834853581105126e+05
5.313434537228692789e+05
5.296476000599357067e+05
5.280305058349256869e+05
5.265029877450165804e+05
5.250552473235018551e+05
5.236653758472228656e+05
5.223100165252365405e+05
5.209734394903096836e+05
5.196520821889780927e+05
5.183534115842292667e+05
5.170900653254491044e+05
5.158718442638696870e+05
5.146987110938512487e+05
5.135573739856222528e+05
5.124226018720260472e+05
5.112627061887196614e+05
5.100472503364228178e+05
5.087544510795588722e+05
5.073760374410699005e+05
5.059183238614706788e+05
5.043995022137693595e+05
5.028441889581868891e+05
5.012767602569013834e+05
4.997149236902515404e+05
4.981645275946705369e+05
4.966161383479256183e+05
4.950436855902089737e+05
4.934055191125761485e+05
4.916483267051961157e+05
4.897142086243929807e+05
4.875505807839429472e+05
4.851215603263853700e+05
4.824184570986580220e+05
4.794664847826070036e+05
4.763252287848294363e+05
4.730818195667943801e+05
4.698377777582131093e+05
4.666924306817586767e+05
4.637269311437094002e+05
4.609927956856992096e+05
4.585075380179113708e+05
4.562578708760417067e+05
4.542088103844375000e+05
4.523155390554993064e+05
4.505344841771277133e+05
4.488307594924354926e+05
4.471805489886738942e+05
4.455686447346886853e+05
4.439826824518000940e+05
4.424063444885930512e+05
4.408138616529702558e+05
4.391676640517869964e+05
4.374201940970569267e+05
4.355198769467725069e+05
4.334202025234490284e+05
4.310899911134701688e+05
4.285224150881625246e+05
4.257404378140456392e+05
4.227970751560712233e+05
4.197701204677572241e+05
4.167523210855842335e+05
4.138390090476492187e+05
4.111155698966245400e+05
4.086468611258656601e+05
4.064700077312666108e+05
4.045912455835100845e+05
4.029868917648717761e+05
4.016081266868117382e+05
4.003889510234757327e+05
3.992563030649141874e+05
3.981408966173742665e+05
3.969870335242473520e+05
3.957596796670123003e+05
3.944475856191775529e+05
3.930620942073323531e+05
3.916322371598496102e+05
3.901974619169059442e+05
3.887996316396604525e+05
3.874757814348773099e+05
3.862526385929300450e+05
3.851433462981248740e+05
3.841463582594829495e+05
3.832461901363251964e+05
3.824156193995240610e+05
3.816189544389636139e+05
3.808160625593042350e+05
3.799668794410262490e+05
3.790360712050959119e+05
3.779973827365017496e+05
3.768370443087113672e+05
3.755555415680159349e+05
3.741672084891835693e+05
3.726975328270859900e+05
3.711786808869509841e+05
3.696443238201183267e+05
3.681251050369724981e+05
3.666458558942694217e+05
3.652249962745772791e+05
3.638757259118494694e+05
3.626079923879575217e+05
3.614300786351065617e+05
3.603490046445567277e+05
3.593695588425754686e+05
3.584923411536929198e+05
3.577114844345019665e+05
3.570127030852960888e+05
3.563721482539449353e+05
3.557564065482131555e+05
3.551239276765247341e+05
3.544281187616070383e+05
3.536221488234673161e+05
3.526650942255743430e+05
3.515285197927835397e+05
3.502021632794978796e+05
3.486973146631167619e+05
3.470468652958230232e+05
3.453017530274122837e+05
3.435243957572944928e+05
3.417803944460760686e+05
3.401300910020234878e+05
3.386214395721194451e+05
3.372851974269335624e+05
3.361328543043516111e+05
3.351571829360284028e+05
3.343349222477715230e+05
3.336309176000837469e+05
3.330029900242863223e+05
3.324068248880386236e+05
3.318002313045819756e+05
3.311462490384957055e+05
3.304148128141305642e+05
3.295830326057515340e+05
3.286345414367976482e+05
3.275586549683263293e+05
3.263501253784816363e+05
3.250099813827167964e+05
3.235473945961592253e+05
3.219819013576112920e+05
3.203448918745328556e+05
3.186792460941202589e+05
3.170363911151163047e+05
3.154707580610327423e+05
3.140323994098896510e+05
3.127591463752838899e+05
3.116699595133074326e+05
3.107609803283790243e+05
3.100052640297473990e+05
3.093563920709064114e+05
3.087553178351823590e+05
3.081391028097243397e+05
3.074498381327488460e+05
3.066421150594825158e+05
3.056878753816537792e+05
3.045781763191714999e+05
3.033221053604370682e+05
3.019435591101442114e+05
3.004767468314613216e+05
2.989611368550882908e+05
2.974362963923639618e+05
2.959368777168723173e+05
2.944879995149539318e+05
2.931014495904457872e+05
2.917733546707403730e+05
2.904840317992425989e+05
2.892005102632489870e+05
2.878816819970253273e+05
2.864853455864936113e+05
2.849758028098226059e+05
2.833303968824883923e+05
2.815435869724285440e+05
2.796277914665106218e+05
2.776110862726483028e+05
2.755326100514609134e+05
2.734369430709295557e+05
2.713686809811450657e+05
2.693680046108516399e+05
2.674674843549708021e+05
2.656899201052506105e+05
2.640468848712077597e+05
2.625378287653001607e+05
2.611499638909971691e+05
2.598594537529486406e+05
2.586344563998440572e+05
2.574402221040528093e+05
2.562457998894516786e+05
2.550311932652520190e+05
2.537933250275808969e+05
2.525491723816942831e+05
2.513349986544948770e+05
2.502015961246568186e+05
2.492065387429827533e+05
2.484052306118235283e+05
2.478427279659499472e+05
2.475478372725104855e+05
2.475300444870365318e+05
2.477787978583725926e+05
2.482639717178554274e+05
2.489362655580390128e+05
2.497268698563332437e+05
2.505467162510889466e+05
2.512866046972306503e+05
2.518200230563190125e+05
2.520102498705399630e+05
2.517223275017017149e+05
2.508389731042264611e+05
2.492779437533795135e+05
2.470073387368358381e+05
2.440552248768148420e+05
2.405109324258347915e+05
2.365171508718397527e+05
2.322540268317309965e+05
2.279182005205285968e+05
2.237006175243848993e+05
2.197668355778525583e+05
2.162425838602670119e+05
2.132059452102051582e+05
2.106861892142201832e+05
2.086683158573504770e+05
2.071018723619980155e+05
2.059124779397268721e+05
2.050145499355751090e+05
2.043238321360813861e+05
2.037684510531421984e+05
2.032974255422179995e+05
2.028858999420257751e+05
2.025368705356019782e+05
2.022797419748400571e+05
2.021665165537983121e+05
2.022665954765939678e+05
2.026609274864191248e+05
2.034355876271218294e+05
2.046740166809456714e+05
2.064465021964595944e+05
2.087955279610288271e+05
2.117167382895007322e+05
2.151374654208695865e+05
2.188975090659913549e+05
2.227390691423853277e+05
2.263131442282269418e+05
2.292073956818013103e+05
2.309954329765975126e+05
2.313008909566116345e+05
2.298637028883204912e+05
2.265929952293760725e+05
2.215926207318876404e+05
2.151515003860889992e+05
2.076999036763709446e+05
1.997416515585588641e+05
1.917780518812659429e+05
1.842403861925453530e+05
1.774439627658719837e+05
1.715697993402009306e+05
1.666724393651022692e+05
1.627066037969838362e+05
1.595627076260805479e+05
1.571018082986887603e+05
1.551833503170224722e+05
1.536827225159164518e+05
1.524988917065346905e+05
1.515544749899786839e+05
1.507914068834056088e+05
1.501651174387286592e+05
1.496393137949384691e+05
1.491824713364584313e+05
1.487662781820231467e+05
1.483656774105375807e+05
1.479598446397118969e+05
1.475333872558524308e+05
1.470771828989140631e+05
1.465885010392170225e+05
1.460702905874659482e+05
1.455297128572960210e+05
1.449761351836889517e+05
1.444188886121456453e+05
1.438651509410739527e+05
1.433183406477833632e+05
1.427773668138645880e+05
1.422369380506880698e+05
1.416888848382871365e+05
1.411241501714409969e+05
1.405348622285407328e+05
1.399158374059092603e+05
1.392650349502832687e+05
1.385828580783317157e+05
1.378706359821633378e+05
1.371289483389220259e+05
1.363565283051888691e+05
1.355502648339763400e+05
1.347064052502624108e+05
1.338226006629511830e+05
1.329001124575104332e+05
1.319454145889171341e+05
1.309705904550440464e+05
1.299922558423234295e+05
1.290291237135837728e+05
1.280986583437605877e+05
1.272134837412419147e+05
1.263782949904691050e+05
1.255879753689555509e+05
1.248274562902935868e+05
1.240735813011023274e+05
1.232988701096165023e+05
1.224766697567473602e+05
1.215868044524126744e+05
1.206205903595344862e+05
1.195840574620909174e+05
1.184984689669155487e+05
1.173977341937392048e+05
1.163229814747878554e+05
1.153152378667065204e+05
1.144076716075099248e+05
1.136190383555863809e+05
1.129497612070886680e+05
1.123815073098444263e+05
1.118803467028824089e+05
1.114027988476114697e+05
1.109034889270752028e+05
1.103428786892764765e+05
1.096936319579061528e+05
1.089445550435831683e+05
1.081015935011603287e+05
1.071859361692093516e+05
1.062297673626031756e+05
1.052705493507559440e+05
1.043448776298169396e+05
1.034829284344959306e+05
1.027043327500731684e+05
1.020160052451849187e+05
1.014120871519763750e+05
1.008757945007083763e+05
1.003826609699313703e+05
9.990447945560730295e+04
9.941320790649586706e+04
9.888421330644881527e+04
9.829845114580533118e+04
9.764345751730316260e+04
9.691329527021839749e+04
9.610777962812960322e+04
9.523137362721221871e+04
9.429208802096961881e+04
9.330057823475492478e+04
9.226946082810621010e+04
9.121273734949890058e+04
9.014516283930509235e+04
8.908144514381809859e+04
8.803528379100633902e+04
8.701839278893356095e+04
8.603972910414304351e+04
8.510512054885918042e+04
8.421735815300641116e+04
8.337664864215678244e+04
8.258119871459220303e+04
8.182769032374373637e+04
8.111151255522081919e+04
8.042678485422857921e+04
7.976635073131247191e+04
7.912197067331355356e+04
7.848488087968010223e+04
7.784674817924130184e+04
7.720090382052180939e+04
7.654363073143723886e+04
7.587522955835712492e+04
7.520059215716751351e+04
7.452905702286688029e+04
7.387341093089556671e+04
7.324804461110857665e+04
7.266646619137526432e+04
7.213859277965954971e+04
7.166841398926505644e+04
7.125267562784382608e+04
7.088111308264720719e+04
7.053846983173328044e+04
7.020812795817237929e+04
6.987676570466511475e+04
6.953916971243373700e+04
6.920226793820841704e+04
6.888764984654462023e+04
6.863225417765925522e+04
6.848740133866135147e+04
6.851674794851210027e+04
6.879386944773085997e+04
6.939992348735935229e+04
7.042122782771404309e+04
7.194578007189321215e+04
7.405708726698817918e+04
7.682357913795887725e+04
8.028270278933647205e+04
8.442063139259186573e+04
8.915102626008544757e+04
9.429866665991203627e+04
9.959492201753606787e+04
1.046910323662326264e+05
1.091916520056864538e+05
1.127057311303698662e+05
1.149061284849623917e+05
1.155853811419987323e+05
1.146944783989774733e+05
1.123548711478069454e+05
1.088404292992446572e+05
1.045335954054867761e+05
9.986613761826623522e+04
9.525780149071260530e+04
9.106516172954333888e+04
8.754882189345183724e+04
8.486149283047005883e+04
8.305430130837534671e+04
8.209535069886343263e+04
8.189360890302117332e+04
8.232230124189786147e+04
8.323825269640264742e+04
8.449604487280460307e+04
8.595765068184620759e+04
8.749902389494331146e+04
8.901501244243280962e+04
9.042328691096353577e+04
9.166718739412371360e+04
9.271687759033810289e+04
9.356814800353790633e+04
9.423859891426406102e+04
9.476155383943200286e+04
9.517863444942444039e+04
9.553224681336560752e+04
9.585919306455552578e+04
9.618628193967510015e+04
9.652831402464165876e+04
9.688833310133483610e+04
9.725968758740686462e+04
9.762927909837297921e+04
9.798135838028973376e+04
9.830129390378511744e+04
9.857882224105866044e+04
9.881036598389214487e+04
9.900009314124003868e+04
9.915953606985011720e+04
9.930582054114893253e+04
9.945885965296518407e+04
9.963816210522974143e+04
9.986006857278558891e+04
1.001361587573771831e+05
1.004732402359478001e+05
1.008748257498119492e+05
1.013435045151393570e+05
1.018833078214775305e+05
1.025011803717775183e+05
1.032069899064133206e+05
1.040120099519473006e+05
1.049263049119333446e+05
1.059557671451208298e+05
1.070996217186717113e+05
1.083490460336298711e+05
1.096872376994837105e+05
1.110909123162822652e+05
1.125329081009859074e+05
1.139853655675162445e+05
1.154228607426567032e+05
1.168249111103541654e+05
1.181774456440225622e+05
1.194731094528303947e+05
1.207105933698232693e+05
1.218934351035866275e+05
1.230288253803427942e+05
1.241268177310523170e+05
1.252000291968969686e+05
1.262635704954182729e+05
1.273347328417845274e+05
1.284320052079792658e+05
1.295732956808721210e+05
1.307736457415423210e+05
1.320430499334297492e+05
1.333850543831243995e+05
1.347965583620133984e+05
1.362687843372672505e+05
1.377889149294752278e+05
1.393416286904703011e+05
1.409098263316462107e+05
1.424742172404261073e+05
1.440119965888837178e+05
1.454953729295080411e+05
1.468909913903341221e+05
1.481612008976139186e+05
1.492676266447046364e+05
1.501767634251938725e+05
1.508665381003067887e+05
1.513322659553856356e+05
1.515903501333040767e+05
1.516785150466451305e+05
1.516522281668383803e+05
1.515780127620394924e+05
1.515252762602367438e+05
1.515587815712536685e+05
1.517337835649471381e+05
1.520951172756105079e+05
1.526803187207461742e+05
1.535254959607263445e+05
1.546715382826145797e+05
1.561677255082067568e+05
1.580701239031743025e+05
1.604333691881999839e+05
1.632963297993102169e+05
1.666642686674307042e+05
1.704918807458462252e+05
1.746723726448712987e+05
1.790371486799470149e+05
1.833686115272856259e+05
1.874254672377965762e+05
1.909765439320349833e+05
1.938364912217566743e+05
1.958956986897991155e+05
1.971377801746987097e+05
1.976407969043857011e+05
1.975622187347018917e+05
1.971113128811756615e+05
1.965151581501103065e+05
1.959852183302432823e+05
1.956903989013085375e+05
1.957403138275943638e+05
1.961799097144900879e+05
1.969943598080009688e+05
1.981216707013368141e+05
1.994698043765717302e+05
2.009351233547826996e+05
2.024193615446433250e+05
2.038429223001276259e+05
2.051530376242896309e+05
2.063261828042663110e+05
2.073650978076739993e+05
2.082917007927934756e+05
2.091378900774890208e+05
2.099365143689732940e+05
2.107145371149599960e+05
2.114896797713947890e+05
2.122708061995683820e+05
2.130612951375711418e+05
2.138639103001993499e+05
2.146853879126748943e+05
2.155391555172737862e+05
2.164451921983743669e+05
2.174268797730965307e+05
2.185055777593105158e+05
2.196943698408821947e+05
2.209927797323745326e+05
2.223841057254438638e+05
2.238363647975406784e+05
2.253068253867813037e+05
2.267490520060573181e+05
2.281206522334367910e+05
2.293897841115641640e+05
2.305390019680992409e+05
2.315659766619738366e+05
2.324816259114426794e+05
2.333068324263853719e+05
2.340689940021480434e+05
2.347991971896935720e+05
2.355301216503875330e+05
2.362942288245606178e+05
2.371216256157200842e+05
2.380372650009319477e+05
2.390576815049227152e+05
2.401879804926228826e+05
2.414200541238647420e+05
2.427328632101630210e+05
2.440951451465497958e+05
2.454702495858253387e+05
2.468221819672829297e+05
2.481215449986384774e+05
2.493500319506072265e+05
2.505024660008804640e+05
2.515860126918174792e+05
2.526169402732615126e+05
2.536159366982157226e+05
2.546033045421571878e+05
2.555952411516316351e+05
2.566019229834860598e+05
2.576274495490767004e+05
2.586711278206162096e+05
2.597293017265853705e+05
2.607970125627051457e+05
2.618691066037989804e+05
2.629407817996694939e+05
2.640078030185841490e+05
2.650666453184735146e+05
2.661147070426836144e+05
2.671505953167623375e+05
2.681744241806295468e+05
2.691880902726444183e+05
2.701955350003677886e+05
2.712029878322061850e+05
2.722190972048086696e+05
2.732547617194987251e+05
2.743224797659080359e+05
2.754351988349492312e+05
2.766049182698996156e+05
2.778415358424560982e+05
2.791524669796408270e+05
2.805433281916080741e+05
2.820195299309375114e+05
2.835881572949249530e+05
2.852592481326998677e+05
2.870456480177982012e+05
2.889610296227918006e+05
2.910162766532844980e+05
2.932150468954262324e+05
2.955497503413599334e+05
2.979992742126963567e+05
3.005295087775796419e+05
3.030971156773982220e+05
3.056561595518169925e+05
3.081663949838412227e+05
3.106014041626296239e+05
3.129546248062914237e+05
3.152416849789869157e+05
3.174982912061854731e+05
3.197739594709840603e+05
3.221228250273044687e+05
3.245933576906190137e+05
3.272189304493787349e+05
3.300108900224990794e+05
3.329552132229709532e+05
3.360131736195762642e+05
3.391258095395551063e+05
3.422214347912755329e+05
3.452249957443994936e+05
3.480677920548265683e+05
3.506960069882136304e+05
3.530766973782841233e+05
3.552003800065140822e+05
3.570800366800668417e+05
3.587470735427776817e+05
3.602453078344936366e+05
3.616242662553826813e+05
3.629329362851423793e+05
3.642147283516474999e+05
3.655039781954144128e+05
3.668240174244843074e+05
3.681867221574646537e+05
3.695934353992735851e+05
3.710371058251429931e+05
3.725053071337324800e+05
3.739835488682511495e+05
3.754581301948968321e+05
3.769178920974473003e+05
3.783546251074206084e+05
3.797624323330265470e+05
3.811367574958888581e+05
3.824738379310546443e+05
3.837709998366349610e+05
3.850276686932352604e+05
3.862465272780747619e+05
3.874341549169519567e+05
3.886007561943843612e+05
3.897590515243801055e+05
3.909227777479990036e+05
3.921053325651880004e+05
3.933188793597589247e+05
3.945738749505600426e+05
3.958787201974092168e+05
3.972392097982096602e+05
3.986576613654900575e+05
4.001318909677363117e+05
4.016544000365238753e+05
4.032121515501178801e+05
4.047871655396298738e+05
4.063579587634908385e+05
4.079016919839910115e+05
4.093968059573220671e+05
4.108258886930363369e+05
4.121784637059438974e+05
4.134533003038780298e+05
4.146597640972457011e+05
4.158177317917426117e+05
4.169557597653112025e+05
4.181075294853738160e+05
4.193070216866884730e+05
4.205832615036392817e+05
4.219556828359474312e+05
4.234310835831001750e+05
4.250027788801012211e+05
4.266520100858401856e+05
4.283511156094179605e+05
4.300676099725943059e+05
4.317682722319455934e+05
4.334226039883366320e+05
4.350054354781358852e+05
4.364988206301176106e+05
4.378934909969354630e+05
4.391899899968610844e+05
4.403993018271980691e+05
4.415425451138778008e+05
4.426493178854254074e+05
4.437546083953704801e+05
4.448946819570111693e+05
4.461027487682811334e+05
4.474052755381199531e+05
4.488194758897635038e+05
4.503519904081066488e+05
4.519983725752953324e+05
4.537429883544801269e+05
4.555593199961517821e+05
4.574111612728927284e+05
4.592554015644881874e+05
4.610467601285887067e+05
4.627440275061654393e+05
4.643165058164360235e+05
4.657489238410163671e+05
4.670434372025469784e+05
4.682183006692429190e+05
4.693039464749441831e+05
4.703379499535894720e+05
4.713603708523719106e+05
4.724102998327768291e+05
4.735235435952442349e+05
4.747307691182997660e+05
4.760554099665815011e+05
4.775111593695252086e+05
4.790995727745396434e+05
4.808087375019855099e+05
4.826138771636523888e+05
4.844801901039516088e+05
4.863674744626000756e+05
4.882355317963237758e+05
4.900491929992118385e+05
4.917820657727076905e+05
4.934185670272777788e+05
4.949542395870101172e+05
4.963946204012449598e+05
4.977530321870460757e+05
4.990477062526172376e+05
5.002986911735277390e+05
5.015250559054376208e+05
5.027428794436008902e+05
5.039643570821016328e+05
5.051980507357202005e+05
5.064499732791331480e+05
5.077249765800592722e+05
5.090279161366894841e+05
5.103642830500676646e+05
5.117403015158008784e+05
5.131627154328759061e+05
5.146385111309922650e+05
5.161746465106779942e+05
5.177776054095678264e+05
5.194524497987134964e+05
5.212011338875686051e+05
5.230201773550438811e+05
5.248982309071210911e+05
5.268143876730293268e+05
5.287381109082909534e+05
5.306313057772114407e+05
5.324524711906680604e+05
5.341622529732089024e+05
5.357293127788304118e+05
5.371353544715597527e+05
5.383783869061457226e+05
5.394737129740586970e+05
5.404525630795971956e+05
5.413586426224776078e+05
5.422431267563859001e+05
5.431588400591700338e+05
5.441545046874162508e+05
5.452699698548273882e+05
5.465331633323449641e+05
5.479590972274255473e+05
5.495506947657946730e+05
5.513006756466515362e+05
5.531934761993970023e+05
5.552063399275821866e+05
5.573092752735662507e+05
5.594643338275077986e+05
5.616252936745687621e+05
5.637390390111267334e+05
5.657495600849254988e+05
5.676046325201917207e+05
5.692641556466767797e+05
5.707082298763948493e+05
5.719426974138942314e+05
5.730002555930843810e+05
5.739363216038531391e+05
5.748202687786889728e+05
5.757239910753951408e+05
5.767105102596482029e+05
5.778252376387793338e+05
5.790915791162257083e+05
5.805111922042692313e+05
5.820679056314310292e+05
5.837335713848921005e+05
5.854741297305811895e+05
5.872547661948617315e+05
5.890438130185765913e+05
5.908155726363521535e+05
5.925523144595058402e+05
5.942454276636850554e+05
5.958954226229183841e+05
5.975104698307360522e+05
5.991035356099250494e+05
6.006887283738974947e+05
6.022778630701814545e+05
6.038782099085607333e+05
6.054918913765701000e+05
6.071166759521481581e+05
6.087473623860668158e+05
6.103768395158064086e+05
6.119962819790302310e+05
6.135945873022446176e+05
6.151577378240135731e+05
6.166690025551576400e+05
6.181106821596141672e+05
6.194675449041111860e+05
6.207314249433838995e+05
6.219058967632547719e+05
6.230096805263641290e+05
6.240775564258409431e+05
6.251580542489081854e+05
6.263079230177360587e+05
6.275841816128724022e+05
6.290351764978548745e+05
6.306923378661229508e+05
6.325641590041744057e+05
6.346334086135674734e+05
6.368579240240700310e+05
6.391747449812287232e+05
6.415069629818598041e+05
6.437724685289222980e+05
6.458936654545122292e+05
6.478070793595055584e+05
6.494716132278860314e+05
6.508741247811362846e+05
6.520312008167530876e+05
6.529865913264328847e+05
6.538046645975186257e+05
6.545611847188106040e+05
6.553333405041040387e+05
6.561910031427859794e+05
6.571906241971667623e+05
6.583722348464926472e+05
6.597590600715164328e+05
6.613586793867910746e+05
6.631646153799914755e+05
6.651576253641704097e+05
6.673065454673693748e+05
6.695690089203981915e+05
6.718925761673452798e+05
6.742167894613331882e+05
6.764765152508139145e+05
6.786067584167199675e+05
6.805489156269582454e+05
6.822580950444194023e+05
6.837106156832103152e+05
6.849102131307937670e+05
6.858910953335111262e+05
6.867161503599259304e+05
6.874695045277377358e+05
6.882441447308143834e+05
6.891269846454755170e+05
6.901849087128737010e+05
6.914554034241938498e+05
6.929441964508600067e+05
6.946302020454953890e+05
6.964757695089753252e+05
6.984386259235029574e+05
7.004816167893881211e+05
7.025774700275076320e+05
7.047078565365814138e+05
7.068581512545256410e+05
7.090106860401454614e+05
7.111394762251374777e+05
7.132084829852650873e+05
7.151739754977368284e+05
7.169901630300825927e+05
7.186164800425550202e+05
7.200248502037331928e+05
7.212056917543907184e+05
7.221719615834167926e+05
7.229608632960754912e+05
7.236329061247617938e+05
7.242679736415827647e+05
7.249582083212435246e+05
7.257980037212943425e+05
7.268721630595809547e+05
7.282440603484046878e+05
7.299460674865946639e+05
7.319743132464340888e+05
7.342889734593732283e+05
7.368199892587639624e+05
7.394768094401424751e+05
7.421599235259738052e+05
7.447718921137107536e+05
7.472262710470581660e+05
7.494539177817576565e+05
7.514071336883511394e+05
7.530624793626549654e+05
7.544227554940432310e+05
7.555178247202418279e+05
7.564031976784822764e+05
7.571551584015463013e+05
7.578619037743456429e+05
7.586115151387937367e+05
7.594789974577798275e+05
7.605154494510719087e+05
