6.108495075702591566e+05
6.092299176245029084e+05
6.078698617417857749e+05
6.067260233851402299e+05
6.057382011528853327e+05
6.048412673958261730e+05
6.039746419247848680e+05
6.030879062417463865e+05
6.021428765637138858e+05
6.011136090397920925e+05
5.999859923680083593e+05
5.987578515560218366e+05
5.974393407458793372e+05
5.960525145566733554e+05
5.946288395359286806e+05
5.932041272246264853e+05
5.918115755535631906e+05
5.904746761805778369e+05
5.892021223000762984e+05
5.879863141682441346e+05
5.868058301568084862e+05
5.856308557559901383e+05
5.844296415532184765e+05
5.831739657536548330e+05
5.818422935109937098e+05
5.804204846394142369e+05
5.789009645013000118e+05
5.772817781932811486e+05
5.755667056501081679e+05
5.737667756398655474e+05
5.719024954283294501e+05
5.700054065595588181e+05
5.681175438519400777e+05
5.662880675370156532e+05
5.645674656160764862e+05
5.630007644871161319e+05
5.616216280781168025e+05
5.604488205272820778e+05
5.594854195438952884e+05
5.587199266062241513e+05
5.581276763230814831e+05
5.576711380327357911e+05
5.572987990157124586e+05
5.569437956180921756e+05
5.565245274004619569e+05
5.559494898772164015e+05
5.551273170046261512e+05
5.539809699646193767e+05
5.524630102248239564e+05
5.505678466389653040e+05
5.483372480354566360e+05
5.458571426883573877e+05
5.432461190488744760e+05
5.406382144924659515e+05
5.381638204694034066e+05
5.359325691026597051e+05
5.340210891107892385e+05
5.324670129556740867e+05
5.312691139171360992e+05
5.303923368745837361e+05
5.297759249440986896e+05
5.293428079144300427e+05
5.290087596824391512e+05
5.286903541248871479e+05
5.283112639715516707e+05
5.278068228927493328e+05
5.271269653094413225e+05
5.262377232818106422e+05
5.251214969133215491e+05
5.237763977964456426e+05
5.222150756983081810e+05
5.204634671491188928e+05
5.185597296713686665e+05
5.165532286343365558e+05
5.145029758294074563e+05
5.124746547659985372e+05
5.105355561835749540e+05
5.087474381784042343e+05
5.071582876921614516e+05
5.057947613576197764e+05
5.046573035085512092e+05
5.037194020033221459e+05
5.029313307088547153e+05
5.022275003269390436e+05
5.015356979091008543e+05
5.007863273749725777e+05
4.999202130583565449e+05
4.988942639587646117e+05
4.976849233432381880e+05
4.962896133303935640e+05
4.947263552917627385e+05
4.930316211608099402e+05
4.912564717745464295e+05
4.894612361011963221e+05
4.877092627259943401e+05
4.860604360120162601e+05
4.845650803847024799e+05
4.832586416914864676e+05
4.821573346677731606e+05
4.812549646561736590e+05
4.805213862188548082e+05
4.799033569820254925e+05
4.793285829410943552e+05
4.787133196365474141e+05
4.779730242856138502e+05
4.770345431601647870e+05
4.758475902372002020e+05
4.743931642412067740e+05
4.726871400964003406e+05
4.707783454764190246e+05
4.687416095995043288e+05
4.666671873134447378e+05
4.646484309143969440e+05
4.627696299410639913e+05
4.610957136348472559e+05
4.596651487193587818e+05
4.584869077567942441e+05
4.575417961595655652e+05
4.567876984590899665e+05
4.561675438449979411e+05
4.556182273289870354e+05
4.550786054430552758e+05
4.544951300370132085e+05
4.538245718611743068e+05
4.530342878219471895e+05
4.521012069867383107e+05
4.510108773705532076e+05
4.497575034532509162e+05
4.483451370589864673e+05
4.467894158691760385e+05
4.451187917407681816e+05
4.433742050429488299e+05
4.416065854250689736e+05
4.398721882816810394e+05
4.382263645174081903e+05
4.367167300022338750e+05
4.353767939006090746e+05
4.342209791065232712e+05
4.332417353776191012e+05
4.324092005773999263e+05
4.316736364877562155e+05
4.309706174543324742e+05
4.302286282934914343e+05
4.293783191703608609e+05
4.283622336012673914e+05
4.271435006435442483e+05
4.257119032824548194e+05
4.240859859992119600e+05
4.223104353040495189e+05
4.204487606043773703e+05
4.185721759253811906e+05
4.167463872893910739e+05
4.150185875151101500e+05
4.134072136947420659e+05
4.118967997163173277e+05
4.104394684286091942e+05
4.089632917905997019e+05
4.073861366310099256e+05
4.056321369237210602e+05
4.036470943886958994e+05
4.014092798317734268e+05
3.989333306312664645e+05
3.962668542561705690e+05
3.934813014468987240e+05
3.906599858238145243e+05
3.878863838235450676e+05
3.852350737084285938e+05
3.827662965626122896e+05
3.805237671548019862e+05
3.785345494138402282e+05
3.768097440375281149e+05
3.753452561205854290e+05
3.741226268366859294e+05
3.731104180769361556e+05
3.722667003667901736e+05
3.715428320915119257e+05
3.708881527716583805e+05
3.702547366116617923e+05
3.696011922047392582e+05
3.688947284450827283e+05
3.681112497334615909e+05
3.672338896795777837e+05
3.662508950303510646e+05
3.651539334533250076e+05
3.639376491331370780e+05
3.626007183826970868e+05
3.611479842452690937e+05
3.595927360979531077e+05
3.579580370657887543e+05
3.562762271193462075e+05
3.545862297031006892e+05
3.529288736413961742e+05
3.513409401638582349e+05
3.498489688933040015e+05
3.484639910865509300e+05
3.471783078771956498e+05
3.459651806777202291e+05
3.447818303474453278e+05
3.435754848322134931e+05
3.422915051818246720e+05
3.408820705260993564e+05
3.393137160388607881e+05
3.375722773541697534e+05
3.356644138466441655e+05
3.336156498881250154e+05
3.314655605913024629e+05
3.292611950277529540e+05
3.270500473003333318e+05
3.248738898974115145e+05
3.227646011303233681e+05
3.207427377049931092e+05
3.188190155033795163e+05
3.169981332759187208e+05
3.152836855715775746e+05
3.136825118288854719e+05
3.122069211287611979e+05
3.108738553078953992e+05
3.097010326760991011e+05
3.087011185027094325e+05
3.078756410389119410e+05
3.072104806461681146e+05
3.066742870957357809e+05
3.062203228283649660e+05
3.057913104170958977e+05
3.053261943559221691e+05
3.047674906837485614e+05
3.040680760991019779e+05
3.031966733974655508e+05
3.021416684642092441e+05
3.009130616973735159e+05
2.995422981994876172e+05
2.980795961809703149e+05
2.965884421930012177e+05
2.951373173412056640e+05
2.937894429532659124e+05
2.925921555800575879e+05
2.915680857239447650e+05
2.907103099259892479e+05
2.899829549373055925e+05
2.893275031518402975e+05
2.886736449936142890e+05
2.879523893229226233e+05
2.871086295334146707e+05
2.861106051443801261e+05
2.849545744871665956e+05
2.836642074334115605e+05
2.822853396547870943e+05
2.808775056838874589e+05
2.795039695665796753e+05
2.782218694270065171e+05
2.770737698523644940e+05
2.760815580726808403e+05
2.752433200151401106e+05
2.745335697119866381e+05
2.739068945735013695e+05
2.733046546354545862e+05
2.726638587510567741e+05
2.719268549489436555e+05
2.710501831567985937e+05
2.700109822537545697e+05
2.688097609234924312e+05
2.674690582132062991e+05
2.660283688809176092e+05
2.645364843484120793e+05
2.630429122193327057e+05
2.615901582712229865e+05
2.602083511933537084e+05
2.589130365674745699e+05
2.577061346875535673e+05
2.565792766576328431e+05
2.555182268612660118e+05
2.545070081081092358e+05
2.535306751562220743e+05
2.525762988557507924e+05
2.516323996311941301e+05
2.506875696875615686e+05
2.497291913905429246e+05
2.487429710256328981e+05
2.477135723256936180e+05
2.466261455608117103e+05
2.454682031579225441e+05
2.442312186893054750e+05
2.429115329616362578e+05
2.415105307803871983e+05
2.400344215775381017e+05
2.384941335184024356e+05
2.369057128849697765e+05
2.352912438547125203e+05
2.336798380985041731e+05
2.321079255673238658e+05
2.306181002829615027e+05
2.292561836503827944e+05
2.280668206340976467e+05
2.270885419742798258e+05
2.263495177500303253e+05
2.258650326378926693e+05
2.256370845066337788e+05
2.256556985261796217e+05
2.259009014136498445e+05
2.263440952831946197e+05
2.269479044305465359e+05
2.276643165803759766e+05
2.284318146000382258e+05
2.291728644260654110e+05
2.297933427000148513e+05
2.301851723547317670e+05
2.302326856400000106e+05
2.298222841962482489e+05
2.288540961997317791e+05
2.272537822234332270e+05
2.249825447045236069e+05
2.220437382095914509e+05
2.184851182677444594e+05
2.143964962012738106e+05
2.099031933721150854e+05
2.051561082159100333e+05
2.003194370097424253e+05
1.955572156955647515e+05
1.910199623300665116e+05
1.868328063726297114e+05
1.830865044442919316e+05
1.798325330155149568e+05
1.770829394644528220e+05
1.748148721781670756e+05
1.729788756200561475e+05
1.715093662415233557e+05
1.703353980116130260e+05
1.693899620294704800e+05
1.686165849601497466e+05
1.679727347894424747e+05
1.674303059281586611e+05
1.669740488313937385e+05
1.665990961148173083e+05
1.663086644690995745e+05
1.661126260815111164e+05
1.660270858687156287e+05
1.660745666981992254e+05
1.662840716458853567e+05
1.666902488407204801e+05
1.673310994008447451e+05
1.682440232863245765e+05
1.694603605393394537e+05
1.709988832544138422e+05
1.728589287322726741e+05
1.750140698911425134e+05
1.774073922219448141e+05
1.799495132007662614e+05
1.825203245860629831e+05
1.849749827546005836e+05
1.871539522902456811e+05
1.888960883842983749e+05
1.900530615731876460e+05
1.905030927737974853e+05
1.901620703243655735e+05
1.889906120214864204e+05
1.869963555782488838e+05
1.842315204517604434e+05
1.807864288442868274e+05
1.767801178309833049e+05
1.723493933294255985e+05
1.676376830982043175e+05
1.627848728638104512e+05
1.579190048831379099e+05
1.531503454408259422e+05
1.485679591315930593e+05
1.442386248822407215e+05
1.402077222589410667e+05
1.365016008363819274e+05
1.331308932155799703e+05
1.300942217809543217e+05
1.273817812844520522e+05
1.249783719317262876e+05
1.228656216336570942e+05
1.210233506372989214e+05
1.194302407203562034e+05
1.180641059323483350e+05
1.169020772986776574e+05
1.159209139109477546e+05
1.150974898092169460e+05
1.144093548573054286e+05
1.138351905713263404e+05
1.133550032319969469e+05
1.129499995487604174e+05
1.126022294433223578e+05
1.122942030926700827e+05
1.120087510633194906e+05
1.117293714437601593e+05
1.114411929203283216e+05
1.111324978004331206e+05
1.107965362993973104e+05
1.104331813323999231e+05
1.100498833910223620e+05
1.096614351244421559e+05
1.092882596042110818e+05
1.089532651796944847e+05
1.086776895078547968e+05
1.084766825281322090e+05
1.083555476141328982e+05
1.083074989083970431e+05
1.083134912383085175e+05
1.083442055355390767e+05
1.083637620726088935e+05
1.083343456982164207e+05
1.082207866799949988e+05
1.079942847756388073e+05
1.076348210516410472e+05
1.071322187617879390e+05
1.064861245114772028e+05
1.057052800423363515e+05
1.048063487369030190e+05
1.038123552475301258e+05
1.027506377271728998e+05
1.016502084586134006e+05
1.005385874679073167e+05
9.943843878397546359e+04
9.836457570345990825e+04
9.732199859131680569e+04
9.630553334249160253e+04
9.530136549459717935e+04
9.429037862189416774e+04
9.325279395628218481e+04
9.217326347961564898e+04
9.104537655457055371e+04
8.987456641269233660e+04
8.867867319826991297e+04
8.748589879087735608e+04
8.633047143473924370e+04
8.524687517113436479e+04
8.426384044057854044e+04
8.339934128670791688e+04
8.265759223910560831e+04
8.202856363679535571e+04
8.148997464592449251e+04
8.101122466302754765e+04
8.055839730091445381e+04
8.009936698866773804e+04
7.960814328383481188e+04
7.906784219158583437e+04
7.847199572141554381e+04
7.782422314887153334e+04
7.713653419429772475e+04
7.642668854629682028e+04
7.571509694751964707e+04
7.502173285456377198e+04
7.436345368310401682e+04
7.375202821935640532e+04
7.319304687869458576e+04
7.268576273500153911e+04
7.222378008446776948e+04
7.179638454575731885e+04
7.139021460494556231e+04
7.099093751243561564e+04
7.058463791807553207e+04
7.015875937799467647e+04
6.970262341545980598e+04
6.920771849190391367e+04
6.866802148812002270e+04
6.808053782750175742e+04
6.744604171552961634e+04
6.676975685039603559e+04
6.606156850524028414e+04
6.533539981027301110e+04
6.460763125385934836e+04
6.389480177738454950e+04
6.321114492643831181e+04
6.256663559409078880e+04
6.196608543235346588e+04
6.140947769549205987e+04
6.089331887209582055e+04
6.041247696156032907e+04
5.996189797303152591e+04
5.953776509765270748e+04
5.913800284205036587e+04
5.876237669495245063e+04
5.841264235995841591e+04
5.809316767198158050e+04
5.781219926112507528e+04
5.758358743235090515e+04
5.742848124583672325e+04
5.737640971836408426e+04
5.746534248492390907e+04
5.774072616024145100e+04
5.825396171772240632e+04
5.906109789738900872e+04
6.022244959765784733e+04
6.180329123950831854e+04
6.387478815979760839e+04
6.651320721495601174e+04
6.979468503764085472e+04
7.378299479948816588e+04
7.850924945130549895e+04
8.394529631342137873e+04
8.997606662955589127e+04
9.637913477112319379e+04
1.028207606410293083e+05
1.088756259413026855e+05
1.140721916964124393e+05
1.179582775059591804e+05
1.201743865579292469e+05
1.205181115977976442e+05
1.189835561574531166e+05
1.157653557631132135e+05
1.112259536877346691e+05
1.058343123385619838e+05
1.000910936178160773e+05
9.445745146812012536e+04
8.930168034469947452e+04
8.487153233101389196e+04
8.129252070166185149e+04
7.858638342122733593e+04
7.670060115481806861e+04
7.553973000892941491e+04
7.499156333914562128e+04
7.494451274984818883e+04
7.529587247514678165e+04
7.595298691979948489e+04
7.683047028969683743e+04
7.784663284342284896e+04
7.892148332422350359e+04
7.997750010200400720e+04
8.094315469374138047e+04
8.175820508174366842e+04
8.237922496741372743e+04
8.278376399956987007e+04
8.297190281217047595e+04
8.296464356877250248e+04
8.279936948636003945e+04
8.252330843179202930e+04
8.218637308641933487e+04
8.183482388700214506e+04
8.150690605415795289e+04
8.123103702157919179e+04
8.102642550651094643e+04
8.090538119600273785e+04
8.087620110630382260e+04
8.094550506829749793e+04
8.111924393126567884e+04
8.140220986397728848e+04
8.179653879511903506e+04
8.230018177022028249e+04
8.290645492099523835e+04
8.360549238596079522e+04
8.438780072956078220e+04
8.524934122170915361e+04
8.619688914299391035e+04
8.725204445358453086e+04
8.845231005956091394e+04
8.984811718637763988e+04
9.149547723613119160e+04
9.344493408552675101e+04
9.572850147632870357e+04
9.834708671055753075e+04
1.012612935614232119e+05
1.043882582419374667e+05
1.076062066610455950e+05
1.107668353900441725e+05
1.137137592294331553e+05
1.163036555085037835e+05
1.184258941747677163e+05
1.200166934439093311e+05
1.210651492384987650e+05
1.216104557103342086e+05
1.217316490598639939e+05
1.215326717386980890e+05
1.211261114677644364e+05
1.206186069096393912e+05
1.200999188589107362e+05
1.196364765133890178e+05
1.192692123620244820e+05
1.190149066487268428e+05
1.188700709229250351e+05
1.188164582428451395e+05
1.188274064194743260e+05
1.188742758618037769e+05
1.189322226520430559e+05
1.189845329561732651e+05
1.190248517676298361e+05
1.190569417146304040e+05
1.190920901498084277e+05
1.191448319471682626e+05
1.192280999485706561e+05
1.193490922978699818e+05
1.195069702070715721e+05
1.196930015915549739e+05
1.198930862303657923e+05
1.200919382345844642e+05
1.202777534607661510e+05
1.204460732748933951e+05
1.206017900292261620e+05
1.207587468815251632e+05
1.209370258288430778e+05
1.211586321945892269e+05
1.214427249450557283e+05
1.218017052983508620e+05
1.222393173108563933e+05
1.227514625813000603e+05
1.233297883015112020e+05
1.239674275750661618e+05
1.246657199973384850e+05
1.254404489740717108e+05
1.263261536216969689e+05
1.273773734633844724e+05
1.286661673512017733e+05
1.302758041346467362e+05
1.322910724738306890e+05
1.347861671089429292e+05
1.378115665847561904e+05
1.413816884201976354e+05
1.454653071908360871e+05
1.499806302253587055e+05
1.547964530148874037e+05
1.597399694782895385e+05
1.646107321164137975e+05
1.691991860834654071e+05
1.733073940074826824e+05
1.767691958046183863e+05
1.794671464848134492e+05
1.813440666658702830e+05
1.824077967690215155e+05
1.827286486841267906e+05
1.824300068041969498e+05
1.816734517239202396e+05
1.806405388032222399e+05
1.795138056041750824e+05
1.784595783487797889e+05
1.776146689251368516e+05
1.770782105828053609e+05
1.769088933459552354e+05
1.771269766155103280e+05
1.777198567261480785e+05
1.786497145474630524e+05
1.798618211964795482e+05
1.812923458304269298e+05
1.828748950765074114e+05
1.845454433980000322e+05
1.862457179061424104e+05
1.879254021591822384e+05
1.895436468462388730e+05
1.910702869221559085e+05
1.924869078789308260e+05
1.937876000876974722e+05
1.949790415278442670e+05
1.960795606896868558e+05
1.971170494768547360e+05
1.981259044086961949e+05
1.991434069195596385e+05
2.002059901322093792e+05
2.013456812644747260e+05
2.025867828641644737e+05
2.039427421808918007e+05
2.054132763066159096e+05
2.069821452871848887e+05
2.086163180646085821e+05
2.102674109762815060e+05
2.118760154260310519e+05
2.133788666062426928e+05
2.147179381014705868e+05
2.158498038610777876e+05
2.167532984267856227e+05
2.174337793771875440e+05
2.179230758388894610e+05
2.182752239379854291e+05
2.185590030571381794e+05
2.188488300290170882e+05
2.192156519586779759e+05
2.197191948691515136e+05
2.204024681039125135e+05
2.212889698634292872e+05
2.223826650614638056e+05
2.236704903006810637e+05
2.251268289406005351e+05
2.267190912387924909e+05
2.284133142810774152e+05
2.301786874427315488e+05
2.319901846015626797e+05
2.338289983022910310e+05
2.356810631468401989e+05
2.375344282915905351e+05
2.393764551028718124e+05
2.411917536295838363e+05
2.429615051809836004e+05
2.446644534312761098e+05
2.462794611477434519e+05
2.477891642655591713e+05
2.491839459140953259e+05
2.504652669922628556e+05
2.516474172769738652e+05
2.527570507409767597e+05
2.538304040331350698e+05
2.549087155090229353e+05
2.560328469583073747e+05
2.572382804430992692e+05
2.585514647051496140e+05
2.599880190131268464e+05
2.615527659114255221e+05
2.632411550413345103e+05
2.650414640816207393e+05
2.669372048826500541e+05
2.689093237007341813e+05
2.709379534095605486e+05
2.730035936140987324e+05
2.750876734565331717e+05
2.771725450369603350e+05
2.792411032101080054e+05
2.812764116342519992e+05
2.832618493440891034e+05
2.851822604960562894e+05
2.870263137894123793e+05
2.887897817333133426e+05
2.904788842312571360e+05
2.921124423360353685e+05
2.937215813674373203e+05
2.953462089506468619e+05
2.970283797091032029e+05
2.988036703446423053e+05
3.006924714574817335e+05
3.026933622046555975e+05
3.047803589170935447e+05
3.069049307423991268e+05
3.090025377007438219e+05
3.110024089889094466e+05
3.128386149020247976e+05
3.144603217492804979e+05
3.158394261965857004e+05
3.169744022782519460e+05
3.178899756499704672e+05
3.186329937719067093e+05
3.192654592106291093e+05
3.198560565004765522e+05
3.204715959668019786e+05
3.211696289599342854e+05
3.219931129160311539e+05
3.229675205758934026e+05
3.241003202076118905e+05
3.253824167247362784e+05
3.267909988630873850e+05
3.282932691507905256e+05
3.298506559203517972e+05
3.314232085788810509e+05
3.329738812630322645e+05
3.344723184031894780e+05
3.358976553971565445e+05
3.372398633906061295e+05
3.384993846266406472e+05
3.396852028875821852e+05
3.408119303910762537e+05
3.418967638286915608e+05
3.429571099552243832e+05
3.440092944534621201e+05
3.450682128998094122e+05
3.461473316698996932e+05
3.472583358262080583e+05
3.484100165218314505e+05
3.496065427297800197e+05
3.508457818794512423e+05
3.521185484211379662e+05
3.534094574231234728e+05
3.546995424196750973e+05
3.559702038525276002e+05
3.572076270805043168e+05
3.584066663375859498e+05
3.595733018468543887e+05
3.607250276589117711e+05
3.618888271563922754e+05
3.630967361896635266e+05
3.643794318272757228e+05
3.657588299009529874e+05
3.672412137434213073e+05
3.688127124257655814e+05
3.704387475352517795e+05
3.720682685613089707e+05
3.736423531050757738e+05
3.751054533766722307e+05
3.764166992417931906e+05
3.775585574783873744e+05
3.785408386196508654e+05
3.793992717298807111e+05
3.801891984323911020e+05
3.809759669942773762e+05
3.818241174120225478e+05
3.827874392831277801e+05
3.839015928559315507e+05
3.851803667003517039e+05
3.866159116675380501e+05
3.881825175531689310e+05
3.898427941238598432e+05
3.915546511906188098e+05
3.932774225626843399e+05
3.949759226157590165e+05
3.966220425766479457e+05
3.981943801837366773e+05
3.996769879072559997e+05
4.010583864886002266e+05
4.023315445117245545e+05
4.034948395504739601e+05
4.045534564680913463e+05
4.055205010731781949e+05
4.064173274427345023e+05
4.072729779689940624e+05
4.081229167331824428e+05
4.090072126365092699e+05
4.099680506998535711e+05
4.110461839558522333e+05
4.122759988405144541e+05
4.136794030658404808e+05
4.152596050023619318e+05
4.169966183564914390e+05
4.188465092031465028e+05
4.207457214855343336e+05
4.226203856319797342e+05
4.243988419842070434e+05
4.260243869814202189e+05
4.274650198950241902e+05
4.287178553760587238e+05
4.298075047795911669e+05
4.307794359959987341e+05
4.316904396359463572e+05
4.325985418094585184e+05
4.335541587112999405e+05
4.345934653471456841e+05
4.357343492126330966e+05
4.369751553544431226e+05
4.382965237222755677e+05
4.396665528003726504e+05
4.410489561113645323e+05
4.424128416255802149e+05
4.437416993385909591e+05
4.450387878326999489e+05
4.463268216463595745e+05
4.476416009856552701e+05
4.490213439799217158e+05
4.504950531111602322e+05
4.520735479666566243e+05
4.537456934305796167e+05
4.554803762625521631e+05
4.572328419742903789e+05
4.589529093833380030e+05
4.605926534660243196e+05
4.621121172128760954e+05
4.634828349924904760e+05
4.646897884437298635e+05
4.657325671282942640e+05
4.666260902179812547e+05
4.674006585358715383e+05
4.681007537608382409e+05
4.687820794525911915e+05
4.695067709764359752e+05
4.703372364041850087e+05
4.713294681750158779e+05
4.725267540957286838e+05
4.739545524531946867e+05
4.756170273961097118e+05
4.774955223338027718e+05
4.795491521480079973e+05
4.817176729655968375e+05
4.839267119397713686e+05
4.860951826932532131e+05
4.881442455053588492e+05
4.900066150987973087e+05
4.916346159539809451e+05
4.930053934054385754e+05
4.941222363993797917e+05
4.950119476481209276e+05
4.957192717156576691e+05
4.963001272126641707e+05
4.968154616336177569e+05
4.973269156338897301e+05
4.978944305007791845e+05
4.985749399184184149e+05
4.994208056900752126e+05
5.004768917663517059e+05
5.017759918156091007e+05
5.033333451805419172e+05
5.051417425929905148e+05
5.071689238626543665e+05
5.093585469577093609e+05
5.116351456733985106e+05
5.139125068528001430e+05
5.161040948275411502e+05
5.181337263929776964e+05
5.199447049034300726e+05
5.215059879030133598e+05
5.228145556832552538e+05
5.238938248758986592e+05
5.247885927654869156e+05
5.255575201461557299e+05
5.262645055002424633e+05
5.269704268538650358e+05
5.277265961221606703e+05
5.285708761850482551e+05
5.295267996794733917e+05
5.306053219806253910e+05
5.318082239280841313e+05
5.331318462983943755e+05
5.345699104981431738e+05
5.361146450101776281e+05
5.377561355252441717e+05
5.394805017493295018e+05
5.412679416412422433e+05
5.430917441476684762e+05
5.449190657546242001e+05
5.467137207203671569e+05
5.484406254937298363e+05
5.500710261940452037e+05
5.515873379086921923e+05
5.529863982397004729e+05
5.542802022351226769e+05
5.554937111217258498e+05
5.566600220272951992e+05
5.578138922421254683e+05
5.589851264192409581e+05
5.601934671243976336e+05
5.614462763462378643e+05
5.627395105028046528e+05
5.640614967881907942e+05
5.653981505186497234e+05
5.667378600431561936e+05
5.680744871422159486e+05
5.694077206322040875e+05
5.707410739251369378e+05
5.720787095140756574e+05
5.734226469353578286e+05
5.747716337720481679e+05
5.761221783857414266e+05
5.774713045892923838e+05
5.788198738687211880e+05
5.801750841304102214e+05
5.815510372128412127e+05
5.829669180717731360e+05
5.844430907447016798e+05
5.859960395209402777e+05
5.876334031121785520e+05
5.893503164853504859e+05
5.911279451369639719e+05
5.929345915977796540e+05
5.947292150206434308e+05
5.964667525869811652e+05
5.981043421797468327e+05
5.996074445123048499e+05
6.009549327635719674e+05
6.021424161728469189e+05
6.031833404780478450e+05
6.041077188144763932e+05
6.049586627779887058e+05
6.057871876081960509e+05
6.066460373367179418e+05
6.075834725056571187e+05
6.086380150107673835e+05
6.098349809447665466e+05
6.111852338811048539e+05
6.126860393059892813e+05
6.143233793988570105e+05
6.160748127164756879e+05
6.179120702250101604e+05
6.198030256571334321e+05
6.217132402562705101e+05
6.236076567597213434e+05
6.254529859306495637e+05
6.272208840558810625e+05
6.288913824646682478e+05
6.304555403074553469e+05
6.319162352220090106e+05
6.332864693375977222e+05
6.345853919374509715e+05
6.358330920330260415e+05
6.370457327834975440e+05
6.382325515813846141e+05
6.393956312718921108e+05
6.405323936913739890e+05
6.416398546019308269e+05
6.427191680342926411e+05
6.437790538406280102e+05
6.448372539525554748e+05
6.459198916074068984e+05
6.470591540696739685e+05
6.482898719483768800e+05
6.496453798163074534e+05
6.511527872961956309e+05
6.528277795490458375e+05
6.546694375241911039e+05
6.566561673002021853e+05
6.587442717318747891e+05
6.608705853056574706e+05
6.629597478711243020e+05
6.649353030579029582e+05
6.667323833532450953e+05
6.683089054050042760e+05
6.696523858876337763e+05
6.707807310962761985e+05
6.717372178169465624e+05
6.725816288171395427e+05
6.733804104705504142e+05
6.741984225148548139e+05
6.750935498783228686e+05
6.761138284600825282e+05
6.772956367212327896e+05
6.786614738252353854e+05
6.802168446368110599e+05
6.819471848016077420e+05
6.838167242523129098e+05
6.857710809228257276e+05
