6.823705877862139605e+05
6.806164242754585575e+05
6.787837215851027286e+05
6.768909732176766265e+05
6.749620125109924702e+05
6.730255542332137702e+05
6.711146355733864475e+05
6.692655056752517121e+05
6.675153065590301994e+05
6.658980529191793175e+05
6.644390272830814356e+05
6.631485724980629748e+05
6.620169994760230184e+05
6.610125317445157561e+05
6.600836647211185191e+05
6.591661243363693357e+05
6.581931610026408453e+05
6.571067520783635555e+05
6.558668762785426807e+05
6.544565612232341664e+05
6.528817181422463618e+05
6.511663838073633378e+05
6.493452896430175751e+05
6.474562047038427554e+05
6.455341160356051987e+05
6.436082616556818830e+05
6.417018203764008358e+05
6.398332066628086613e+05
6.380177094432356535e+05
6.362685980839263648e+05
6.345974603578769602e+05
6.330140229922814760e+05
6.315257814835258760e+05
6.301374743449582020e+05
6.288500764012329746e+05
6.276589178964875173e+05
6.265509472996718250e+05
6.255019116171958158e+05
6.244749147036387585e+05
6.234219535802913597e+05
6.222893627649314003e+05
6.210267561849007616e+05
6.195975641553468304e+05
6.179882850608630106e+05
6.162135937343934784e+05
6.143155292794399429e+05
6.123567198450685246e+05
6.104093186414350057e+05
6.085424008615853963e+05
6.068106988729640143e+05
6.052468338590799831e+05
6.038580326475446345e+05
6.026271659217219567e+05
6.015171404938847991e+05
6.004773320559620624e+05
5.994507796496205265e+05
5.983811237199405441e+05
5.972186122734935489e+05
5.959248258412881987e+05
5.944760184939263854e+05
5.928650990786119364e+05
5.911022780389172258e+05
5.892143288442480844e+05
5.872423570662665879e+05
5.852380345113568474e+05
5.832584755399717251e+05
5.813602410456698854e+05
5.795932132970129605e+05
5.779951627165295649e+05
5.765876868066770257e+05
5.753739149737212574e+05
5.743380748757660622e+05
5.734468151608943008e+05
5.726521000192983774e+05
5.718954734660547692e+05
5.711134467506462242e+05
5.702436362743859645e+05
5.692310868718895363e+05
5.680340339119533310e+05
5.666282910148620140e+05
5.650095806400799192e+05
5.631934703479738673e+05
5.612130651254793629e+05
5.591150777740726480e+05
5.569551644864334958e+05
5.547933396160594421e+05
5.526898881963037420e+05
5.507016678532214137e+05
5.488783267389826942e+05
5.472580050821223995e+05
5.458625781224226812e+05
5.446932232184397290e+05
5.437276681673638523e+05
5.429205382306399988e+05
5.422076239912587916e+05
5.415138122871743981e+05
5.407632756436810596e+05
5.398897729416432558e+05
5.388448808274395997e+05
5.376026542124049738e+05
5.361603128313897178e+05
5.345356237659166800e+05
5.327623014977388084e+05
5.308848000308037736e+05
5.289534255322795361e+05
5.270200576395326061e+05
5.251342805101867998e+05
5.233396094431785168e+05
5.216697497035593260e+05
5.201452366662002751e+05
5.187711055926630506e+05
5.175362359886833001e+05
5.164147024214635603e+05
5.153690016403512564e+05
5.143546344241112238e+05
5.133253463204643922e+05
5.122383749655621359e+05
5.110591941169761703e+05
5.097653483995939605e+05
5.083489852628671797e+05
5.068176790455109440e+05
5.051932378175802878e+05
5.035084745753123425e+05
5.018023698255478521e+05
5.001144840794066549e+05
4.984796908198923920e+05
4.969241760319689056e+05
4.954632376589425839e+05
4.941009065713696182e+05
4.928310183129948564e+05
4.916392146864581155e+05
4.905054168096588110e+05
4.894064514013935113e+05
4.883185981211367180e+05
4.872198209563135169e+05
4.860914185827711481e+05
4.849188784684903221e+05
4.836918907383882906e+05
4.824037161111261812e+05
4.810502929965891526e+05
4.796295183124589967e+05
4.781410315656542662e+05
4.765866363695000182e+05
4.749712935237120837e+05
4.733044641468182672e+05
4.716014677388149430e+05
4.698844287691689678e+05
4.681823268875313806e+05
4.665296962748857914e+05
4.649637064842362306e+05
4.635197181105515338e+05
4.622258678936564829e+05
4.610976462201037793e+05
4.601336188489441411e+05
4.593133172503441456e+05
4.585979034359957441e+05
4.579336432213060325e+05
4.572576804198776372e+05
4.565052388000458595e+05
4.556172391064245021e+05
4.545473616851355764e+05
4.532677252831796068e+05
4.517725243268514751e+05
4.500791594410710968e+05
4.482266370104250964e+05
4.462713237465777784e+05
4.442804966431537177e+05
4.423244569694030215e+05
4.404681994396281079e+05
4.387636982001964934e+05
4.372437935009466601e+05
4.359184720725922380e+05
4.347740643374735373e+05
4.337755482983176480e+05
4.328717615379383788e+05
4.320029050005009049e+05
4.311093314794951584e+05
4.301403234946451848e+05
4.290614492006328655e+05
4.278591882454837323e+05
4.265418659485211829e+05
4.251365248332640622e+05
4.236821556661576033e+05
4.222205820485949516e+05
4.207870156253140885e+05
4.194025844236805569e+05
4.180707575376687455e+05
4.167785320205753669e+05
4.155017981624086970e+05
4.142129771997431526e+05
4.128883689472971018e+05
4.115129446269813343e+05
4.100814443827976356e+05
4.085960863474895013e+05
4.070623280352142756e+05
4.054844858386175474e+05
4.038625548114218982e+05
4.021906165912696160e+05
4.004563148383733351e+05
3.986404715503796469e+05
3.967161816071734647e+05
3.946474867377434857e+05
3.923885927471086616e+05
3.898851106199829374e+05
3.870786646328021889e+05
3.839153618004653254e+05
3.803572801031348645e+05
3.763947528377003619e+05
3.720563314741728827e+05
3.674133213518623961e+05
3.625768361050680396e+05
3.576871577212541015e+05
3.528972443100733217e+05
3.483538033946685609e+05
3.441799076093276381e+05
3.404625089132565772e+05
3.372466763334156130e+05
3.345365189083107398e+05
3.323012031726707937e+05
3.304836919054065947e+05
3.290099398257969879e+05
3.277970628531042603e+05
3.267600167681858875e+05
3.258171257015324663e+05
3.248950983925923938e+05
3.239339252084119944e+05
3.228914662684124778e+05
3.217469530643010512e+05
3.205023400343299145e+05
3.191806164036365808e+05
3.178207822759963456e+05
3.164700054767697002e+05
3.151742369069928536e+05
3.139690337424122263e+05
3.128723866498578573e+05
3.118809642903662170e+05
3.109704860593142221e+05
3.101000950629534782e+05
3.092198270645875600e+05
3.082797197320890264e+05
3.072388687392896391e+05
3.060728201934970566e+05
3.047780370822013356e+05
3.033727059426133055e+05
3.018937710487824515e+05
3.003907153629714740e+05
2.989171685111171682e+05
2.975218248462609481e+05
2.962403158069926430e+05
2.950895451913871220e+05
2.940655633713214193e+05
2.931453930007989402e+05
2.922924466095956159e+05
2.914644474853118300e+05
2.906222304506351356e+05
2.897375813104371191e+05
2.887984426137905102e+05
2.878103619327321067e+05
2.867938872675590683e+05
2.857785365777156549e+05
2.847947545953150257e+05
2.838657158939136425e+05
2.830008315171056893e+05
2.821923922655991628e+05
2.814160717399723362e+05
2.806352019420994911e+05
2.798079902723429259e+05
2.788962818309502909e+05
2.778741511520767817e+05
2.767345785395079874e+05
2.754927620527734398e+05
2.741852331054734532e+05
2.728647969859100995e+05
2.715922260806215927e+05
2.704263503934208420e+05
2.694145044893515296e+05
2.685851131591330050e+05
2.679436051498538582e+05
2.674720372896821937e+05
2.671320269473860390e+05
2.668700101290456369e+05
2.666235511806175928e+05
2.663274351717889658e+05
2.659185438891933300e+05
2.653389988511095289e+05
2.645376603527304251e+05
2.634706487157766824e+05
2.621019024379157054e+05
2.604047318488383025e+05
2.583648184472155408e+05
2.559842987081747269e+05
2.532857773652574397e+05
2.503147017756046553e+05
2.471387264272801403e+05
2.438434761910080852e+05
2.405251860551438294e+05
2.372816254076198384e+05
2.342031397839650745e+05
2.313654242564748856e+05
2.288249236628235376e+05
2.266168784012185642e+05
2.247553735240862879e+05
2.232345377212769818e+05
2.220302835700809665e+05
2.211024808232056967e+05
2.203979142515959975e+05
2.198545440603275492e+05
2.194073570813072147e+05
2.189955507469068107e+05
2.185701497007262078e+05
2.181006846234893601e+05
2.175794749246730353e+05
2.170224256379678554e+05
2.164659845686152694e+05
2.159607866015288455e+05
2.155632634854775388e+05
2.153268911231189850e+05
2.152946815971876495e+05
2.154940608081751852e+05
2.159345870174024603e+05
2.166082895509622176e+05
2.174919278019244375e+05
2.185502768005162361e+05
2.197396183264877764e+05
2.210108636125580815e+05
2.223120381968136062e+05
2.235901194347149285e+05
2.247923673091166711e+05
2.258673100350083841e+05
2.267654666847657063e+05
2.274397810252112395e+05
2.278456934411704715e+05
2.279408562717818713e+05
2.276846989748170890e+05
2.270382858643633954e+05
2.259650405166706478e+05
2.244328151220221189e+05
2.224174297374070738e+05
2.199072899797364371e+05
2.169082003092060331e+05
2.134472235808896075e+05
2.095745164291589172e+05
2.053624804908326187e+05
2.009021704385055928e+05
1.962974858116180985e+05
1.916580618116479891e+05
1.870918753782389103e+05
1.826984264662352798e+05
1.785630599237198476e+05
1.747527050268321764e+05
1.713131285562898556e+05
1.682677421220926335e+05
1.656180177602380281e+05
1.633455562991603510e+05
1.614157493788119755e+05
1.597827654326270567e+05
1.583953251256330987e+05
1.572025080758174881e+05
1.561587480442946253e+05
1.552272875663321756e+05
1.543816688274135522e+05
1.536052592742233828e+05
1.528892245926323812e+05
1.522296415635994636e+05
1.516245087600729603e+05
1.510712647370350314e+05
1.505651430500200368e+05
1.500984062839784310e+05
1.496603161652932176e+05
1.492376546648486110e+05
1.488156695160062518e+05
1.483793825832989824e+05
1.479151861000878271e+05
1.474125401531584212e+05
1.468654368138590362e+05
1.462732208759618807e+05
1.456404430151222623e+05
1.449756768806750188e+05
1.442895692125116184e+05
1.435926662531642069e+05
1.428936416971592116e+05
1.421983963867316779e+05
1.415101713077371242e+05
1.408304534966070496e+05
1.401602082625980256e+05
1.395009298299642978e+05
1.388551604927786102e+05
1.382263974369201460e+05
1.376185636627459899e+05
1.370353640367711778e+05
1.364798387804352678e+05
1.359542907422446588e+05
1.354605705794107344e+05
1.350005366679127910e+05
1.345764246575581783e+05
1.341908879466596409e+05
1.338465883239368268e+05
1.335453784699879179e+05
1.332872626660383539e+05
1.330693909825919254e+05
1.328853033351692429e+05
1.327245052305586578e+05
1.325722885486136074e+05
1.324096024561467930e+05
1.322128168754801445e+05
1.319534290302275622e+05
1.315980727233576472e+05
1.311094440999897197e+05
1.304487754814022774e+05
1.295801575331494969e+05
1.284763657857414655e+05
1.271250956543151406e+05
1.255339607768355345e+05
1.237325488529172144e+05
1.217703824968632107e+05
1.197106865749541175e+05
1.176210897825103457e+05
1.155633634568973066e+05
1.135846714240908186e+05
1.117124261743496172e+05
1.099538365815686993e+05
1.082999219964697113e+05
1.067325754621287197e+05
1.052325423707263981e+05
1.037861225268738635e+05
1.023889682934471348e+05
1.010463201281467773e+05
9.977007681263572886e+04
9.857393170660782198e+04
9.746820526551104558e+04
9.645590152588918863e+04
9.553099654074125283e+04
9.467922529931744793e+04
9.388090888713854656e+04
9.311486131574762112e+04
9.236224985603567620e+04
9.160945280307985377e+04
9.084936457699582388e+04
9.008108781710933545e+04
8.930837655681787874e+04
8.853745053481240757e+04
8.777484993541799486e+04
8.702586470166615618e+04
8.629381766838433396e+04
8.558019049207115313e+04
8.488533860040869331e+04
8.420940924279943283e+04
8.355308409782740637e+04
8.291790200370250386e+04
8.230612707468299777e+04
8.172033854400741984e+04
8.116305701850731566e+04
8.063673605694316211e+04
8.014432352440153772e+04
7.969035862868340337e+04
7.928227498329398804e+04
7.893130655430030311e+04
7.865223181145064882e+04
7.846122863816173049e+04
7.837141141489204892e+04
7.838619177153756027e+04
7.849137158647298929e+04
7.864766717463980603e+04
7.878592230215850577e+04
7.880732165435540082e+04
7.859027442199956567e+04
7.800429534664817038e+04
7.692941315449192189e+04
7.527785578243796772e+04
7.301357257441950787e+04
7.016503647804795764e+04
6.682791453520680079e+04
6.315639092733685538e+04
5.934459380110245547e+04
5.560194825215412129e+04
5.212766183268236637e+04
4.908956890029730130e+04
4.661127209286753350e+04
4.476936648651511496e+04
4.360016372687520197e+04
4.311337080657979823e+04
4.330902407674817368e+04
4.419373639285964600e+04
4.579282499694709986e+04
4.815584949246529868e+04
5.135420358856038365e+04
5.547048059248038044e+04
6.058032990374600922e+04
6.672851460319165199e+04
7.390196491532506479e+04
8.200379596966413374e+04
9.083331993627428892e+04
1.000776130735189508e+05
1.093196625391726411e+05
1.180660902048354765e+05
1.257938941463286174e+05
1.320111201037385617e+05
1.363220183408780722e+05
1.384844926895112440e+05
1.384477219112787570e+05
1.363611774352558132e+05
1.325522474488116568e+05
1.274767033438629005e+05
1.216522587945619307e+05
1.155887138633073191e+05
1.097278192069282813e+05
1.044024089076095988e+05
9.981889015612164803e+04
9.606161612718713877e+04
9.311353599226962251e+04
9.088563020631471591e+04
8.924797036398868659e+04
8.805710960441031784e+04
8.717695846600279037e+04
8.649248835472576320e+04
8.591703862663333712e+04
8.539459730349393794e+04
8.489839585944809369e+04
8.442684714154494577e+04
8.399756379737213138e+04
8.364008508804561279e+04
8.338801927186030662e+04
8.327147245774579642e+04
8.331073895682097645e+04
8.351215537553354807e+04
8.386672365180558700e+04
8.435162513262075663e+04
8.493419151531175885e+04
8.557742237166535051e+04
8.624588550190129899e+04
8.691088257105133380e+04
8.755408378633161192e+04
8.816930801063809486e+04
8.876257263250024698e+04
8.935080708480480826e+04
8.995965199568301614e+04
9.062060689759028901e+04
9.136758539751834178e+04
9.223284496785122610e+04
9.324237104668248503e+04
9.441109019182148040e+04
9.573863565184555773e+04
9.720661256944744673e+04
9.877826300087448908e+04
1.004010668885759078e+05
1.020122119458216184e+05
1.035461961781142309e+05
1.049432929060080205e+05
1.061573653452479048e+05
1.071616260079069907e+05
1.079513511389795749e+05
1.085431630296451622e+05
1.089711373294861114e+05
1.092805484297222720e+05
1.095204432191041560e+05
1.097363846178573440e+05
1.099646195090417750e+05
1.102286179890008643e+05
1.105384471574132476e+05
1.108928589320928877e+05
1.112833943529713288e+05
1.116993626850361179e+05
1.121323620545992744e+05
1.125791461888714548e+05
1.130421073686233576e+05
1.135273397012981150e+05
1.140409841847241623e+05
1.145851137794562819e+05
1.151546020560871548e+05
1.157361484959507798e+05
1.163099733504135656e+05
1.168538538645391818e+05
1.173484380303792423e+05
1.177824029404223111e+05
1.181561553758872760e+05
1.184833482949476311e+05
1.187902801719274867e+05
1.191139387060230947e+05
1.194997696657496708e+05
1.200000735006522009e+05
1.206733418950642663e+05
1.215841012938377098e+05
1.228022531545251695e+05
1.244007448531586560e+05
1.264507532839747873e+05
1.290142988083413802e+05
1.321350694933580817e+05
1.358289280304039421e+05
1.400758775291730708e+05
1.448151075270615984e+05
1.499442120767761371e+05
1.553229527213743131e+05
1.607812358618077997e+05
1.661304398414067691e+05
1.711769247987831186e+05
1.757364619484196010e+05
1.796483472705702879e+05
1.827880304367243662e+05
1.850771459305979079e+05
1.864898978486103588e+05
1.870548985626096837e+05
1.868518863092552347e+05
1.860032967025865219e+05
1.846613956513528246e+05
1.829924532676049857e+05
1.811600466770165367e+05
1.793098334948487172e+05
1.775579324185157311e+05
1.759844058388089179e+05
1.746324073340807809e+05
1.735125571911103907e+05
1.726112733792031067e+05
1.719012860039138759e+05
1.713524656034901273e+05
1.709413474448505731e+05
1.706581967824945168e+05
1.705109718649487186e+05
1.705259824829947611e+05
1.707453711726369802e+05
1.712217911047615344e+05
1.720108750523980998e+05
1.731623183133730199e+05
1.747106253262334212e+05
1.766667483989411267e+05
1.790119166785757116e+05
1.816948563906259660e+05
1.846332918485942646e+05
1.877200641978436615e+05
1.908334338075632986e+05
1.938502517149731575e+05
1.966599058249422233e+05
1.991765377489821694e+05
2.013472107721368957e+05
2.031545459906195174e+05
2.046136504514505796e+05
2.057645498277506267e+05
2.066623526537783036e+05
2.073676752113532275e+05
2.079393688374756603e+05
2.084305298825896461e+05
2.088875494602575200e+05
2.093510136977037182e+05
2.098568905568537593e+05
2.104366939326845750e+05
2.111160279983690707e+05
2.119117766418613610e+05
2.128288974064158101e+05
2.138580895241547842e+05
2.149754689591122733e+05
2.161448847760408244e+05
2.173228292456325435e+05
2.184652295758685214e+05
2.195349239023182599e+05
2.205084094949358841e+05
2.213805276925348444e+05
2.221660875043548876e+05
2.228979681896992261e+05
2.236219010155633150e+05
2.243888110438742151e+05
2.252461766019064526e+05
2.262301996694274130e+05
2.273605558723155991e+05
2.286390517123963218e+05
2.300527034231096040e+05
2.315807231640926329e+05
2.332038962497416360e+05
2.349141226223840786e+05
2.367216854141856893e+05
2.386581842549627763e+05
2.407739632586515509e+05
2.431300731744774093e+05
2.457860614789093379e+05
2.487859113289495872e+05
2.521450359785615583e+05
2.558412497532307752e+05
2.598120406001785013e+05
2.639593187702092691e+05
2.681612791467756033e+05
2.722893834371197154e+05
2.762271355008086539e+05
2.798866931508557172e+05
2.832197074748190353e+05
2.862201116066677496e+05
2.889185728824123507e+05
2.913704003774530138e+05
2.936402313861584407e+05
2.957873523961061728e+05
2.978549391470315750e+05
2.998650970414771000e+05
3.018198634952932480e+05
3.037068448814536096e+05
3.055072829285592306e+05
3.072041935229113442e+05
3.087886674048170098e+05
3.102632061538198614e+05
3.116418186378763639e+05
3.129473288086701068e+05
3.142068481689327164e+05
3.154466195555287413e+05
3.166874504541904316e+05
3.179417421220749384e+05
3.192127167189493193e+05
3.204959098648779327e+05
3.217824342803658219e+05
3.230630684503780794e+05
3.243320176783016068e+05
3.255893153775673709e+05
3.268412640509651392e+05
3.280989315882955561e+05
3.293753159060419421e+05
3.306821625560762477e+05
3.320274382670487976e+05
3.334141348252053140e+05
3.348405404382865527e+05
3.363015811769000720e+05
3.377905006462170859e+05
3.393001194817485521e+05
3.408231828666744987e+05
3.423517443390197004e+05
3.438759761845580651e+05
3.453830811450081528e+05
3.468570114048171090e+05
3.482794736982986797e+05
3.496322951061564381e+05
3.509007780835342128e+05
3.520773258755299612e+05
3.531644686767431558e+05
3.541764959796097828e+05
3.551391661779384012e+05
3.560873466698774137e+05
3.570608525584921008e+05
3.580991218493480119e+05
3.592356217727310141e+05
3.604929697758706170e+05
3.618796455434355303e+05
3.633888823459749692e+05
3.649999199213924585e+05
3.666813678810806596e+05
3.683960538321298664e+05
3.701064710349680390e+05
3.717798285728847841e+05
3.733917701405960834e+05
3.749280945991323097e+05
3.763842828265173594e+05
3.777632317107152776e+05
3.790721349661909044e+05
3.803196975988508784e+05
3.815146622378842440e+05
3.826659922125746962e+05
3.837842586853462853e+05
3.848832011882468360e+05
3.859803747626079712e+05
3.870962989501420525e+05
3.882523137042543967e+05
3.894679899797897669e+05
3.907590874657637323e+05
3.921366367781531881e+05
3.936070100616128184e+05
3.951722601764602587e+05
3.968298966235351982e+05
3.985716887982439366e+05
4.003818030221082154e+05
4.022351936693130992e+05
4.040973556344428216e+05
4.059262172495247796e+05
4.076762792973964242e+05
4.093043964083520696e+05
4.107761279827742255e+05
4.120714751985897310e+05
4.131890125799243688e+05
4.141477650226827827e+05
4.149865341551235178e+05
4.157606809732030961e+05
4.165366394825208699e+05
4.173847028494288679e+05
4.183708864946931717e+05
4.195488758920904947e+05
4.209531336081528571e+05
4.225941235815261025e+05
4.244563263318229001e+05
4.264993361294484348e+05
4.286619341765996651e+05
4.308686796201943071e+05
4.330382743610638427e+05
4.350927409892281285e+05
4.369663191404081299e+05
4.386129700348087354e+05
4.400115222783124773e+05
4.411678036540598259e+05
4.421135381468046107e+05
4.429022532167232130e+05
4.436028401052934933e+05
4.442916745382385561e+05
4.450443212928054272e+05
4.459278297555843601e+05
4.469944934638029663e+05
4.482776937845555949e+05
4.497900813028829871e+05
4.515239197050536168e+05
4.534530434226376819e+05
4.555357104623005725e+05
4.577177619044485618e+05
4.599358917967429152e+05
4.621212962938876590e+05
4.642042440861319192e+05
4.661199896285848808e+05
4.678159201960352366e+05
4.692590864141167840e+05
4.704426412144869100e+05
4.713895031232261681e+05
4.721518969251548406e+05
4.728062205853392952e+05
4.734436935005471460e+05
4.741581674006889807e+05
4.750331050229700049e+05
4.761299476902167080e+05
4.774798973668087274e+05
4.790805840994485770e+05
4.808982532828098629e+05
4.828750942914749612e+05
4.849402997812534450e+05
4.870226107077285415e+05
4.890617069976595230e+05
4.910160305952197523e+05
4.928655052579542971e+05
4.946089633907747339e+05
4.962575317152496427e+05
4.978263112489383202e+05
4.993270420425800257e+05
5.007639334716533194e+05
5.021336381591586396e+05
5.034288825463437825e+05
5.046440701173427515e+05
5.057806650284430943e+05
5.068504856111124973e+05
5.078759975273105083e+05
5.088878616107988637e+05
5.099208799714880879e+05
5.110097751363533316e+05
5.121858989178086049e+05
5.134752472436808166e+05
5.148974433906641789e+05
5.164649833623105660e+05
5.181821471539849881e+05
5.200434530298773898e+05
5.220320848593704286e+05
5.241190597027851618e+05
5.262638665950637078e+05
5.284169424134584842e+05
5.305238546751964604e+05
5.325306581104577053e+05
5.343897055535287363e+05
5.360651973684164695e+05
5.375378230097730411e+05
5.388078766941645881e+05
5.398962225815880811e+05
5.408425681426345836e+05
5.417008285966265248e+05
5.425319763233264675e+05
5.433955268309088424e+05
5.443414218870721525e+05
5.454042149352170527e+05
5.466009743383523310e+05
5.479332809085930930e+05
5.493924373384742066e+05
5.509659806652456755e+05
5.526431889244689373e+05
5.544176753010568209e+05
5.562862476922109490e+05
5.582446000190342311e+05
5.602815933321164921e+05
5.623744458161453949e+05
5.644868819070865866e+05
5.665713052953628357e+05
5.685747359538751189e+05
5.704470709155806107e+05
5.721495844945489662e+05
5.736616303699543932e+05
5.749841306661750423e+05
5.761393402267664205e+05
5.771672330980171682e+05
5.781194526086868718e+05
5.790520344608352752e+05
5.800181162645363947e+05
5.810616920515091624e+05
5.822132331009942573e+05
5.834877014053907478e+05
5.848851250202696538e+05
5.863934936425593914e+05
5.879933159883024637e+05
5.896628435623537516e+05
5.913828056263878243e+05
5.931395912432110636e+05
5.949261740612286376e+05
5.967406461119351443e+05
5.985828748205795418e+05
6.004503410444858018e+05
6.023344799176891102e+05
6.042187272251638351e+05
6.060789889729324495e+05
6.078865429302981356e+05
6.096126697862148285e+05
6.112338214890884701e+05
6.127360135910605313e+05
6.141174029802759178e+05
6.153885805610863026e+05
6.165707745272914181e+05
6.176926968888099073e+05
6.187869934048178839e+05
6.198871124860742129e+05
6.210249822399095865e+05
6.222293915290405275e+05
6.235246566053270362e+05
6.249291738640455296e+05
6.264537862756978720e+05
6.281003237102703424e+05
6.298609390180868795e+05
6.317187558476943523e+05
6.336498763960786164e+05
6.356261929043596610e+05
6.376180452378238551e+05
6.395958413725465070e+05
6.415303503966656281e+05
6.433922426674154121e+05
6.451521460385854589e+05
6.467825805304769892e+05
6.482624418185804971e+05
6.495834232226064196e+05
6.507564313728002599e+05
6.518153144066933310e+05
6.528155473498094361e+05
6.538269386338782497e+05
6.549214738258305006e+05
6.561593104791301303e+05
6.575768925391474040e+05
6.591807142268138705e+05
6.609485275451747002e+05
6.628373735964655643e+05
6.647956241910484387e+05
6.667750615760688670e+05
6.687393046908066608e+05
6.706664517382038757e+05
6.725460139656867832e+05
6.743722239677751204e+05
6.761369090644519310e+05
6.778250131939826533e+05
6.794146811685246648e+05
6.808820889144359389e+05
6.822095357486942085e+05
6.833942235153060174e+05
6.844548925065601943e+05
6.854340470413916046e+05
6.863946562318442157e+05
6.874116259732159087e+05
6.885596631007362157e+05
6.899000947905746289e+05
6.914695493785779690e+05
6.932730473972372711e+05
6.952830473129129969e+05
6.974445719271462876e+05
6.996850908750491217e+05
7.019267785485542845e+05
7.040984200218333863e+05
7.061446678050176706e+05
7.080313429296929389e+05
7.097466201932141557e+05
7.112988338570621563e+05
7.127120601945040980e+05
7.140206035247959662e+05
7.152632460386990570e+05
7.164778626956050284e+05
7.176968801017185906e+05
7.189440383271370083e+05
7.202328627566905925e+05
7.215670545793945203e+05
7.229426590614583110e+05
7.243514824092544150e+05
7.257849569047688274e+05
7.272376052924589021e+05
7.287094289140535984e+05
7.302068482011363376e+05
7.317421389370390680e+05
7.333315504330972908e+05
7.349924445827641757e+05
7.367398860205572564e+05
7.385831752490894869e+05
7.405228514277295908e+05
7.425486718796225032e+05
7.446389697349563939e+05
7.467615961736841127e+05
7.488764073779215105e+05
7.509390216856818879e+05
7.529054036259609275e+05
7.547367449645920424e+05
7.564040855838642456e+05
7.578921144119392848e+05
7.592016053422956029e+05
7.603500140448306920e+05
7.613699525094181299e+05
7.623056023624982918e+05
7.632075747012452921e+05
