6.116755042341139633e+05
6.106843762595355511e+05
6.097153672634363174e+05
6.086837796957155224e+05
6.075175349487711210e+05
6.061701045804541791e+05
6.046286436450878391e+05
6.029159712544104550e+05
6.010863713579170872e+05
5.992163838504035957e+05
5.973925498151172651e+05
5.956983315104146022e+05
5.942021837995179230e+05
5.929481906489883550e+05
5.919500458109739702e+05
5.911886586162640015e+05
5.906133871748708189e+05
5.901467811235623667e+05
5.896926037641525036e+05
5.891466567430560244e+05
5.884095027620776091e+05
5.873996559585516807e+05
5.860653674622738035e+05
5.843929834456451936e+05
5.824101471990582068e+05
5.801828877767842496e+05
5.778067668906400213e+05
5.753934852185874479e+05
5.730553433667974314e+05
5.708904020193760516e+05
5.689709263937813230e+05
5.673367968248818070e+05
5.659943121355795301e+05
5.649196218765892554e+05
5.640652704012410250e+05
5.633681924318595557e+05
5.627578708650417393e+05
5.621639497255638707e+05
5.615230377200921066e+05
5.607845250644005137e+05
5.599149987232430140e+05
5.589005355363696581e+05
5.577461144652569201e+05
5.564718307311576791e+05
5.551064558846942382e+05
5.536798298232302768e+05
5.522161302841482684e+05
5.507298994695533765e+05
5.492257958426075056e+05
5.477017248067946639e+05
5.461538368368671509e+05
5.445813552149337484e+05
5.429894959290483966e+05
5.413896794799832860e+05
5.397973590194440912e+05
5.382286274230307899e+05
5.366970328618697822e+05
5.352117208825654816e+05
5.337773466994266491e+05
5.323954695521475514e+05
5.310666181812324794e+05
5.297920567860718584e+05
5.285745038714259863e+05
5.274175541725874646e+05
5.263241186862300383e+05
5.252945844365366502e+05
5.243254219726921292e+05
5.234086206359476200e+05
5.225318030768638127e+05
5.216784847202716046e+05
5.208279740433681873e+05
5.199548939968838240e+05
5.190289822164311772e+05
5.180162571437960141e+05
5.168824543837913661e+05
5.155987962703873054e+05
5.141490006359631079e+05
5.125355336481860722e+05
5.107829568543625646e+05
5.089369431329888175e+05
5.070588385938437423e+05
5.052169608543699724e+05
5.034766258034838247e+05
5.018909664969649748e+05
5.004940964456129586e+05
4.992974340874799527e+05
4.982893675265962374e+05
4.974380114648470771e+05
4.966965031657922082e+05
4.960099683553755167e+05
4.953229540962334722e+05
4.945859379785641795e+05
4.937596979299137602e+05
4.928169387458177516e+05
4.917414333213018253e+05
4.905256624110123958e+05
4.891681608060706640e+05
4.876713935616789386e+05
4.860402406968850992e+05
4.842805379980794387e+05
4.823970279689690215e+05
4.803906224583684234e+05
4.782557663969186833e+05
4.759793694641574984e+05
4.735427479163919343e+05
4.709271484275636612e+05
4.681220160314211389e+05
4.651338352463372285e+05
4.619927381363550085e+05
4.587544568720292300e+05
4.554964769055416691e+05
4.523089261024432490e+05
4.492821947864760878e+05
4.464940503543525119e+05
4.439989364820793271e+05
4.418214005155879422e+05
4.399545249617819209e+05
4.383631995501336642e+05
4.369912766223198269e+05
4.357711643239496043e+05
4.346341920780795044e+05
4.335200830153779825e+05
4.323840779115765472e+05
4.312006880204844056e+05
4.299636928229033947e+05
4.286827491040978930e+05
4.273776701446691295e+05
4.260718768116318388e+05
4.247865807886827388e+05
4.235369137262320728e+05
4.223305701691695140e+05
4.211687806880652206e+05
4.200487928592975368e+05
4.189666889300951152e+05
4.179193989078233135e+05
4.169051542652458884e+05
4.159222436202735407e+05
4.149665816170926555e+05
4.140290796725669061e+05
4.130939619571176590e+05
4.121389558417696389e+05
4.111377718342189328e+05
4.100646275607701973e+05
4.088999486678215908e+05
4.076359597819744959e+05
4.062807666894081049e+05
4.048597589375166572e+05
4.034136850158793386e+05
4.019934533857588540e+05
4.006524250556161860e+05
3.994375135558262118e+05
3.983806717271076632e+05
3.974922881341541652e+05
3.967576950951082399e+05
3.961375034479786409e+05
3.955719055364803644e+05
3.949884613787682611e+05
3.943122258449561778e+05
3.934764670155294589e+05
3.924318467468530871e+05
3.911520174863390857e+05
3.896342930161651457e+05
3.878953128597465693e+05
3.859630981826049392e+05
3.838680607886047801e+05
3.816358804598942515e+05
3.792844944012624910e+05
3.768259464940053294e+05
3.742720788469282561e+05
3.716416873168753809e+05
3.689663018913614796e+05
3.662923038483292912e+05
3.636783654058382963e+05
3.611886709639498149e+05
3.588835435701247770e+05
3.568096600745029282e+05
3.549919701975962962e+05
3.534289115928424289e+05
3.520917688086670241e+05
3.509282474411131698e+05
3.498696389505126863e+05
3.488404032567504328e+05
3.477686514231925248e+05
3.465959188422261504e+05
3.452847958728128579e+05
3.438233842283263220e+05
3.422260774174473481e+05
3.405307123205313692e+05
3.387926253622497898e+05
3.370765330607470241e+05
3.354474290045177913e+05
3.339618249314118875e+05
3.326606187456858461e+05
3.315646045363830635e+05
3.306731521883000387e+05
3.299659598703329684e+05
3.294071789977491135e+05
3.289508100315460470e+05
3.285461995237739175e+05
3.281427490946974722e+05
3.276934545383158256e+05
3.271574121430924279e+05
3.265017397024722304e+05
3.257033398692478077e+05
3.247506228467783076e+05
3.236448902069307514e+05
3.224008033465950284e+05
3.210453894551789272e+05
3.196153826147414511e+05
3.181531978458511876e+05
3.167022518672652659e+05
3.153024875641833642e+05
3.139867902078609914e+05
3.127786212806812255e+05
3.116908379074007971e+05
3.107254724813351640e+05
3.098742587717710412e+05
3.091198243100356776e+05
3.084375824886606424e+05
3.077983403976324480e+05
3.071714695170128252e+05
3.065282414195445599e+05
3.058447385905398405e+05
3.051037316694321344e+05
3.042951260473096045e+05
3.034149869932694710e+05
3.024636265635031159e+05
3.014435957682948792e+05
3.003585001935081673e+05
2.992132611823326442e+05
2.980158352200727677e+05
2.967796853542259196e+05
2.955257575916908099e+05
2.942826099937923136e+05
2.930837851203855244e+05
2.919624094705441385e+05
2.909440564494851860e+05
2.900397389564926852e+05
2.892411701189864543e+05
2.885199931618119008e+05
2.878316327999611967e+05
2.871230916608152911e+05
2.863428582566875266e+05
2.854505135729334434e+05
2.844238168110515107e+05
2.832619148650752613e+05
2.819844931560631958e+05
2.806277065505563514e+05
2.792382487957840203e+05
2.778668543391731218e+05
2.765620755716263084e+05
2.753646856644122163e+05
2.743028085796996020e+05
2.733879497344478732e+05
2.726123457444616361e+05
2.719482205801880336e+05
2.713494469098665286e+05
2.707557569003930548e+05
2.700991725998055190e+05
2.693119201397106517e+05
2.683348645613389672e+05
2.671254426943214494e+05
2.656641016775781754e+05
2.639583191111182678e+05
2.620434217763266061e+05
2.599797275253363186e+05
2.578460719298749464e+05
2.557304899428709177e+05
2.537195076194145367e+05
2.518879011363481695e+05
2.502907059921371692e+05
2.489586875465256453e+05
2.478975945253407408e+05
2.470906198737571540e+05
2.465028968437559088e+05
2.460867379357661121e+05
2.457866518461718515e+05
2.455437359819645644e+05
2.452995423805906321e+05
2.449997098468079348e+05
2.445974705482468707e+05
2.440567085497213993e+05
2.433538510856405192e+05
2.424777999823201098e+05
2.414275055018214043e+05
2.402075561468294472e+05
2.388229972638720938e+05
2.372751055625262961e+05
2.355597433443740883e+05
2.336691524980122340e+05
2.315968693060478836e+05
2.293442846307132859e+05
2.269266852321565966e+05
2.243766555601259752e+05
2.217434764966253133e+05
2.190883492599572055e+05
2.164764882914112823e+05
2.139679879031539604e+05
2.116096513599875325e+05
2.094296535561258206e+05
2.074361297497560736e+05
2.056197773889819218e+05
2.039595859874249436e+05
2.024301054789714981e+05
2.010083938302795868e+05
1.996790115316171432e+05
1.984360810736598505e+05
1.972823010583161376e+05
1.962256211740923754e+05
1.952747947603748180e+05
1.944351028337730677e+05
1.937052319478237187e+05
1.930757730375792016e+05
1.925293181215703371e+05
1.920418295842627995e+05
1.915848768943550531e+05
1.911283950450614793e+05
1.906436902967201313e+05
1.901064158950583078e+05
1.894991671257764392e+05
1.888132820057328208e+05
1.880494776952755055e+05
1.872171472387146787e+05
1.863324431038571347e+05
1.854155711725767760e+05
1.844878896935943922e+05
1.835693848295163480e+05
1.826768972402201616e+05
1.818231947144885198e+05
1.810167398413553601e+05
1.802618738960238697e+05
1.795591504957458528e+05
1.789056660709470161e+05
1.782953762173661089e+05
1.777194871882744483e+05
1.771670297504412883e+05
1.766256595250441460e+05
1.760826213765803550e+05
1.755257215268689615e+05
1.749441202682456060e+05
1.743288130982060684e+05
1.736727926077260927e+05
1.729710274251663650e+05
1.722204932805167919e+05
1.714204913122777652e+05
1.705733698092555569e+05
1.696855516841478238e+05
1.687685268761917250e+05
1.678392882914749498e+05
1.669196624537471798e+05
1.660341675695551094e+05
1.652064122270242951e+05
1.644545377149607812e+05
1.637866524981918628e+05
1.631974397151254816e+05
1.626670189071239147e+05
1.621626983129960427e+05
1.616435730299300631e+05
1.610672047214563063e+05
1.603970746908571746e+05
1.596092875060854130e+05
1.586971604358284967e+05
1.576727961648789933e+05
1.565653610126864223e+05
1.554164194430143107e+05
1.542731784576910140e+05
1.531807950459446583e+05
1.521749727658613992e+05
1.512759419385263755e+05
1.504846384307609114e+05
1.497815450360557879e+05
1.491283118926269817e+05
1.484719760563622986e+05
1.477513595498560171e+05
1.469050078847636760e+05
1.458798030731791805e+05
1.446391545528635615e+05
1.431695122603687923e+05
1.414839774586188432e+05
1.396221098632985377e+05
1.376456536549151642e+05
1.356307106177042006e+05
1.336576553120027820e+05
1.318005788492803113e+05
1.301181132557423261e+05
1.286471225453762891e+05
1.274000828074133460e+05
1.263662163212732703e+05
1.255157843745861319e+05
1.248064979801531590e+05
1.241908094287542917e+05
1.236228769210854080e+05
1.230642014695598773e+05
1.224872669319388224e+05
1.218769139733244956e+05
1.212295829016466450e+05
1.205509008685295994e+05
1.198523084790069697e+05
1.191474883946146874e+05
1.184492766326529236e+05
1.177675373561491142e+05
1.171082126898857532e+05
1.164734759236435057e+05
1.158626752142610494e+05
1.152736064833408454e+05
1.147036353805214458e+05
1.141503079597540054e+05
1.136113178433599096e+05
1.130839647524683387e+05
1.125644545243860193e+05
1.120474735128539469e+05
1.115263833788154443e+05
1.109941509221761953e+05
1.104448337820297165e+05
1.098751959030230646e+05
1.092859217279608129e+05
1.086819792428969085e+05
1.080719251478348306e+05
1.074662667311727710e+05
1.068752817246404884e+05
1.063068495700558997e+05
1.057648159375071846e+05
1.052482183179142739e+05
1.047514282932478673e+05
1.042650278145835618e+05
1.037771224124417058e+05
1.032748282516800682e+05
1.027457985108608118e+05
1.021797739397949481e+05
1.015701578303302667e+05
1.009154999587280472e+05
1.002205914462626097e+05
9.949674837657685566e+04
9.876091267710732063e+04
9.803345906732433650e+04
9.733498921119641454e+04
9.668275975569948787e+04
9.608756806408042030e+04
9.555182636206592724e+04
9.506923045849082700e+04
9.462600928035270772e+04
9.420338715631949890e+04
9.378070829400050570e+04
9.333867110651460825e+04
9.286222576282123919e+04
9.234280530726035067e+04
9.177963352647774445e+04
9.117989649173479120e+04
9.055764401844692475e+04
8.993146091637523205e+04
8.932121533493374591e+04
8.874447624613328662e+04
8.821337326955122990e+04
8.773264665209762461e+04
8.729937569855044421e+04
8.690444858546528849e+04
8.653538210029267066e+04
8.617976256146546802e+04
8.582845511996890127e+04
8.547783330810423649e+04
8.513055706158373505e+04
8.479478115070372587e+04
8.448201455289304431e+04
8.420410862706119951e+04
8.396999323045938218e+04
8.378279554456523329e+04
8.363787535078922519e+04
8.352211811122894869e+04
8.341458371721538424e+04
8.328836361100587237e+04
8.311329948826182226e+04
8.285909602456385619e+04
8.249833023297952604e+04
8.200891402689421375e+04
8.137568503737905121e+04
8.059095989258550981e+04
7.965406021844479255e+04
7.856999201419639576e+04
7.734760215175838675e+04
7.599763083359620941e+04
7.453110756559729634e+04
7.295848794469625864e+04
7.128979782264928508e+04
6.953585564802060253e+04
6.771041794037196087e+04
6.583288585117735784e+04
6.393107056842784368e+04
6.204346942424382723e+04
6.022054705064242444e+04
5.852461186299061228e+04
5.702798749547961779e+04
5.580928842740414257e+04
5.494775140817819920e+04
5.451581392841091292e+04
5.457051630572760769e+04
5.514480641882839700e+04
5.624030523088222981e+04
5.782331964598022751e+04
5.982564395439755026e+04
6.215087674577388680e+04
6.468572139694854559e+04
6.731438222100793791e+04
6.993317667802935466e+04
7.246225101930508390e+04
7.485196433062544384e+04
7.708291967864688195e+04
7.916032157319207909e+04
8.110477016076561995e+04
8.294231329244382505e+04
8.469638563248065475e+04
8.638330691099999240e+04
8.801167226465759450e+04
8.958471623812279722e+04
9.110395374128317053e+04
9.257227875570426113e+04
9.399518501713476144e+04
9.537963237891829340e+04
9.673100759796801140e+04
9.804933089128501888e+04
9.932614953718654579e+04
1.005433803273167432e+05
1.016747904282841482e+05
1.026900228855066234e+05
1.035603151644222962e+05
1.042645524172206788e+05
1.047941882655868249e+05
1.051558743087726180e+05
1.053712515176567540e+05
1.054740688072476914e+05
1.055053909469684295e+05
1.055079887800448778e+05
1.055210252826685901e+05
1.055759168223311572e+05
1.056938723129537393e+05
1.058852120748044399e+05
1.061502334846377198e+05
1.064811742644601618e+05
1.068647447557690029e+05
1.072847471910618624e+05
1.077244357512807037e+05
1.081684382432516140e+05
1.086041964561956702e+05
1.090229466141665325e+05
1.094202542148947687e+05
1.097960804960471578e+05
1.101543482573489891e+05
1.105020289585635765e+05
1.108478801795827749e+05
1.112010689231741126e+05
1.115699575141408422e+05
1.119612708066356718e+05
1.123797249120789929e+05
1.128280410903213051e+05
1.133071644276126317e+05
1.138164959872272739e+05
1.143540213976308441e+05
1.149163321966074291e+05
1.154986327461355249e+05
1.160948668646703445e+05
1.166980755142167909e+05
1.173010250251820544e+05
1.178970509541419160e+05
1.184809740006981883e+05
1.190498876131848665e+05
1.196036133720137150e+05
1.201446800515541545e+05
1.206777954272785282e+05
1.212089131409669935e+05
1.217441032330502494e+05
1.222884741879339272e+05
1.228453540725416387e+05
1.234158412207922374e+05
1.239987268924123637e+05
1.245907181805452856e+05
1.251868700334187015e+05
1.257811597935679602e+05
1.263671741513111338e+05
1.269388946165272500e+05
1.274915492786514369e+05
1.280224548763848143e+05
1.285317277859626920e+05
1.290227183209905052e+05
1.295020302479546081e+05
1.299790245449679351e+05
1.304647677349756705e+05
1.309704715153682046e+05
1.315055884237745486e+05
1.320758756462084420e+05
1.326818853688702802e+05
1.333184199764883670e+05
1.339754235419823090e+05
1.346405162387766468e+05
1.353029397302012076e+05
1.359581855715964339e+05
1.366122011026878317e+05
1.372839704898040218e+05
1.380055237030979188e+05
1.388189754025289149e+05
1.397708763777972490e+05
1.409047778532655793e+05
1.422533156663258269e+05
1.438312562697838002e+05
1.456308236817555153e+05
1.476202909035449266e+05
1.497463125073725532e+05
1.519398379751266330e+05
1.541247514667977812e+05
1.562277664367669786e+05
1.581877402483896876e+05
1.599626196064401593e+05
1.615327308200880943e+05
1.628999828087711649e+05
1.640835156188621768e+05
1.651131192489675013e+05
1.660221496105557890e+05
1.668416057878244319e+05
1.675965800553781155e+05
1.683056172997424728e+05
1.689828048008934711e+05
1.696417930145881255e+05
1.703005026029785513e+05
1.709850514579496812e+05
1.717314865471420053e+05
1.725842774484622059e+05
1.735912286787283374e+05
1.747954053163995559e+05
1.762256242396046582e+05
1.778877396208371792e+05
1.797590676101832651e+05
1.817877271884998481e+05
1.838975352736982750e+05
1.859977172616879689e+05
1.879955110091469833e+05
1.898091137253158668e+05
1.913785002893565106e+05
1.926723313285854529e+05
1.936901882569380396e+05
1.944603837628170149e+05
1.950343370227840787e+05
1.954788569393556099e+05
1.958676740085569618e+05
1.962733236771436932e+05
1.967601529790370842e+05
1.973789052095378865e+05
1.981630865397675370e+05
1.991271403841970896e+05
2.002663355522494530e+05
2.015581982752838521e+05
2.029652778261096973e+05
2.044390206760519359e+05
2.059245169880171889e+05
2.073658431033621600e+05
2.087116298204827472e+05
2.099203479459362279e+05
2.109646764915685053e+05
2.118342930462365621e+05
2.125365753262895450e+05
2.130950393556495255e+05
2.135457866367608949e+05
2.139326468762031291e+05
2.143019363442998729e+05
2.146977227692982997e+05
2.151582201923406974e+05
2.157135490378491522e+05
2.163847390871555253e+05
2.171836391524425999e+05
2.181133572108432127e+05
2.191689400065372756e+05
2.203381286933381634e+05
2.216021328525223071e+05
2.229364333086943079e+05
2.243116785749260162e+05
2.256948093862784153e+05
2.270506290762803983e+05
2.283440901903840713e+05
2.295435209473005962e+05
2.306248148263877956e+05
2.315762531547147082e+05
2.324032002459459763e+05
2.331315452705214266e+05
2.338086305919906299e+05
2.345006314637560572e+05
2.352859684192557761e+05
2.362452423173233983e+05
2.374491622383829672e+05
2.389467006810001039e+05
2.407559898437433585e+05
2.428601085566243564e+05
2.452089224016919907e+05
2.477267508565731114e+05
2.503242226410694420e+05
2.529116700191959098e+05
2.554111326732200396e+05
2.577645894362505933e+05
2.599372226427592104e+05
2.619159300425160036e+05
2.637044556678315275e+05
2.653170700700941961e+05
2.667726142844888964e+05
2.680901202205883455e+05
2.692864639857050497e+05
2.703758941451437422e+05
2.713709391684347065e+05
2.722840985024310648e+05
2.731297362277545035e+05
2.739256330657883082e+05
2.746937119050974143e+05
2.754595969034865848e+05
2.762509362030710327e+05
2.770947621249709628e+05
2.780144468932054006e+05
2.790269032995376620e+05
2.801405410445770831e+05
2.813542139617520152e+05
2.826571464903663145e+05
2.840297342748335213e+05
2.854451699608486379e+05
2.868719234379908885e+05
2.882770515662272228e+05
2.896300681906402460e+05
2.909067707909517922e+05
2.920922033416213235e+05
2.931820213328475365e+05
2.941819509735720931e+05
2.951056489554787404e+05
2.959718061939225881e+05
2.968015586175800418e+05
2.976170768649760867e+05
2.984416936168546090e+05
2.993013048277321504e+05
3.002262773318816326e+05
3.012528605048109894e+05
3.024231707132747979e+05
3.037831396738911862e+05
3.053782943564273883e+05
3.072477660674792714e+05
3.094174184061069973e+05
3.118933493667676230e+05
3.146571722518911702e+05
3.176643373353997013e+05
3.208462934463918209e+05
3.241165615822048276e+05
3.273799530210401863e+05
3.305434309422965162e+05
3.335267050409563817e+05
3.362706971744828043e+05
3.387425137614706182e+05
3.409363515205881558e+05
3.428706036485509248e+05
3.445820903749321587e+05
3.461186770083007286e+05
3.475315654040444060e+05
3.488683552564233541e+05
3.501676988838319085e+05
3.514560974478527205e+05
3.527471120749616530e+05
3.540429498158626957e+05
3.553380100697872695e+05
3.566235879362613196e+05
3.578926404772893875e+05
3.591434601482565049e+05
3.603813414078984060e+05
3.616178406994589604e+05
3.628678791657382390e+05
3.641455266788004083e+05
3.654596556702418602e+05
3.668106636411298532e+05
3.681891428481405019e+05
3.695768320139442803e+05
3.709495839302655077e+05
3.722815955139202997e+05
3.735498996721928706e+05
3.747381596077380236e+05
3.758390963837429881e+05
3.768553082459698198e+05
3.777986601782902144e+05
3.786887047211617464e+05
3.795506696990513592e+05
3.804134255063481978e+05
3.813076052696356783e+05
3.822638104706357117e+05
3.833106934938909253e+05
3.844727182099340716e+05
3.857675513061345555e+05
3.872032758786997874e+05
3.887758675728141097e+05
3.904675508021564456e+05
3.922466832107622176e+05
3.940696456382506294e+05
3.958848339069843059e+05
3.976383265813300386e+05
3.992802944031408988e+05
4.007709237002363079e+05
4.020847078126303968e+05
4.032124404353812570e+05
4.041609638034745003e+05
4.049513894331816118e+05
4.056168212312847027e+05
4.062004163754434558e+05
4.067539993019963731e+05
4.073366923296638997e+05
4.080125221978640184e+05
4.088459951936182915e+05
4.098952653846357134e+05
4.112035411000423483e+05
4.127903815893298597e+05
4.146450982345056254e+05
4.167243181259546545e+05
4.189548963928566664e+05
4.212420652661187924e+05
4.234814334338209592e+05
4.255726187495612539e+05
4.274321236987196608e+05
4.290034817941635847e+05
4.302634417820285889e+05
4.312237012797577772e+05
4.319282633118776721e+05
4.324468742912888993e+05
4.328653490089451079e+05
4.332740193503544433e+05
4.337560287889222964e+05
4.343775218702272396e+05
4.351816557747162296e+05
4.361876043791634147e+05
4.373944158476310549e+05
4.387881100374249509e+05
4.403493302284643869e+05
4.420586993511826149e+05
4.438979600353528513e+05
4.458467321210501250e+05
4.478766441924716928e+05
4.499459006445617415e+05
4.519974580906684860e+05
4.539628067937617889e+05
4.557713196748312912e+05
4.573630280001685023e+05
4.587013073248337605e+05
4.597817953422238352e+05
4.606349186151059694e+05
4.613212453355934704e+05
4.619208501417181105e+05
4.625193578892243677e+05
4.631939492238432285e+05
4.640023023134307005e+05
4.649764287932624575e+05
4.661220145241264836e+05
4.674225958431139588e+05
4.688469929398510139e+05
4.703580237613581703e+05
4.719206063949454692e+05
4.735077831334664370e+05
4.751037936542815296e+05
4.767039574668107671e+05
4.783117285812308546e+05
4.799338182071780320e+05
4.815746797065850114e+05
4.832318055397020071e+05
4.848930906194834388e+05
4.865369511389303370e+05
4.881350901467158692e+05
4.896570481814245577e+05
4.910752687693611369e+05
4.923695051243255148e+05
4.935299109790014918e+05
4.945587916814025957e+05
4.954713813973611104e+05
4.962959515830493765e+05
4.970731230603457079e+05
4.978537792349339579e+05
4.986948551842297311e+05
4.996527263866213616e+05
5.007748390140150441e+05
5.020912149501675158e+05
5.036080332538699731e+05
5.053052920633898466e+05
5.071395760273603955e+05
5.090515222434265888e+05
5.109762170529484283e+05
5.128539610801535309e+05
5.146388744452652172e+05
5.163036212887517177e+05
5.178397798891205457e+05
5.192546112758705276e+05
5.205657815193621209e+05
5.217957703908999683e+05
5.229673093289645039e+05
5.241004958544929978e+05
5.252115600697211921e+05
5.263128591169763822e+05
5.274136136458002729e+05
5.285210604839425068e+05
5.296418706090736669e+05
5.307837024605694460e+05
5.319565954124081181e+05
5.331736771454769187e+05
5.344505637577455491e+05
5.358030387739868602e+05
5.372431327739530243e+05
5.387744362880493281e+05
5.403880798440217040e+05
5.420610044694674434e+05
5.437577417091593379e+05
5.454359639206002466e+05
5.470548312159855850e+05
5.485840823540677084e+05
5.500113168624284444e+05
5.513452359770407202e+05
5.526136971058066702e+05
5.538569460560408188e+05
5.551178124780298676e+05
5.564315049511736725e+05
5.578176533985435963e+05
5.592764566983877448e+05
5.607895201893898193e+05
5.623246713629259029e+05
5.638431414691867540e+05
5.653072210449840641e+05
5.666868077476150356e+05
5.679639276159796864e+05
5.691350102019325132e+05
5.702111838886181358e+05
5.712170365381510928e+05
5.721882232896274654e+05
5.731681489571662387e+05
5.742038493871612009e+05
5.753412146330762189e+05
5.766198271686919034e+05
5.780678721952964552e+05
5.796977434455871116e+05
5.815030514360889792e+05
5.834576868308035191e+05
5.855173647990640020e+05
5.876236867474543396e+05
5.897102799042008119e+05
5.917101481696543051e+05
5.935631336832216475e+05
5.952224295755720232e+05
5.966593710752440384e+05
5.978661341264849762e+05
5.988563251660489477e+05
5.996636450335055124e+05
6.003388541773727629e+05
6.009452488899568561e+05
6.015528960248718504e+05
6.022320255793146789e+05
6.030462065871279920e+05
6.040461149871052476e+05
6.052647192987251328e+05
6.067145074720988050e+05
6.083870083637855714e+05
6.102544576132654911e+05
6.122731650373144075e+05
6.143880386715194909e+05
6.165377851840838557e+05
6.186604306978331879e+05
6.206988685823749984e+05
6.226060806587686529e+05
6.243495331211116863e+05
6.259141326301685767e+05
6.273031648767632432e+05
6.285368875935833203e+05
6.296488739098854130e+05
6.306806801118024159e+05
6.316757961217308184e+05
6.326740061688018031e+05
6.337071798369518947e+05
6.347971384675016161e+05
6.359556787647849414e+05
6.371862351337897126e+05
6.384862277471588459e+05
6.398490704921153374e+05
6.412651914427205920e+05
6.427221388481608592e+05
6.442045864889402874e+05
6.456953971054062713e+05
6.471785578204167541e+05
6.486438042188469553e+05
6.500915269491981016e+05
6.515357586028523510e+05
6.530032135014303494e+05
6.545276058940282091e+05
6.561403455568014178e+05
6.578603599959990242e+05
6.596864036182296695e+05
6.615944347885682946e+05
6.635407954903261270e+05
6.654698679903129814e+05
6.673235518544459483e+05
6.690498440596637083e+05
6.706088818570815492e+05
6.719763179529958870e+05
6.731449806852996117e+05
6.741259003211780218e+05
6.749490369364646031e+05
6.756630266754388576e+05
6.763327058342737146e+05
6.770334970199230593e+05
6.778428171901574824e+05
6.788299108532011742e+05
6.800462516776963603e+05
6.815185261366512859e+05
