4.767765802156748250e+05
4.762236677130098687e+05
4.756472267901346786e+05
4.750013761848925496e+05
4.742532942953855381e+05
4.733860630806098925e+05
4.723984800997922430e+05
4.713024977814914891e+05
4.701194446546822437e+05
4.688761075031623477e+05
4.676012546110544936e+05
4.663226255069086328e+05
4.650641524901330704e+05
4.638433340343795717e+05
4.626690818666139967e+05
4.615406827807747759e+05
4.604484826950866263e+05
4.593764701054084580e+05
4.583063056652916130e+05
4.572218204985677730e+05
4.561128257624204853e+05
4.549772965534033137e+05
4.538214951847789926e+05
4.526581789130147081e+05
4.515035116566262441e+05
4.503735597952447715e+05
4.492812655656664283e+05
4.482345755897441995e+05
4.472360117086750688e+05
4.462835032075171475e+05
4.453718927786276909e+05
4.444943359165716683e+05
4.436429386331242858e+05
4.428084075481006876e+05
4.419790590226499480e+05
4.411399884494728176e+05
4.402732905991478474e+05
4.393598512374584679e+05
4.383825315649055992e+05
4.373298617514107609e+05
4.361990044535631314e+05
4.349969427432171069e+05
4.337395106593021774e+05
4.324486934773845132e+05
4.311491815007007681e+05
4.298652155035378528e+05
4.286183448225590400e+05
4.274261116889784462e+05
4.263012350770818302e+05
4.252508188306296943e+05
4.242754261726299883e+05
4.233683059269092628e+05
4.225153288566339179e+05
4.216961195415975526e+05
4.208864841897181468e+05
4.200617425911020837e+05
4.192002191791597288e+05
4.182860872051434126e+05
4.173109893478499143e+05
4.162742502865785500e+05
4.151818849861659110e+05
4.140448654180896701e+05
4.128771893247812404e+05
4.116942126294471091e+05
4.105115105971911107e+05
4.093442825846527703e+05
4.082070794628874864e+05
4.071134841871921672e+05
4.060753744614493335e+05
4.051015606326398556e+05
4.041958785303749610e+05
4.033551278671016335e+05
4.025674661872503930e+05
4.018119101841161610e+05
4.010594364912959863e+05
4.002758531308207312e+05
3.994262130184109556e+05
3.984801571126978961e+05
3.974172921569840400e+05
3.962315904766397434e+05
3.949338825646445039e+05
3.935517964689559303e+05
3.921269375924445922e+05
3.907096142110450892e+05
3.893518897723355331e+05
3.881000787067055935e+05
3.869879258835124783e+05
3.860315981286695460e+05
3.852272976253157249e+05
3.845518496369465138e+05
3.839661110880779452e+05
3.834205860968859633e+05
3.828623008173442795e+05
3.822418378335426678e+05
3.815194787580650882e+05
3.806696315252053319e+05
3.796830687624098500e+05
3.785668942889738828e+05
3.773425010168894078e+05
3.760420196997282910e+05
3.747038577797333710e+05
3.733679108289473807e+05
3.720709495308516198e+05
3.708426019243446062e+05
3.697022962534462567e+05
3.686574928454654291e+05
3.677034676607297151e+05
3.668247657654333161e+05
3.659982025770643959e+05
3.651969884393035900e+05
3.643952663024112117e+05
3.635721783998287283e+05
3.627145957956818165e+05
3.618178928730587359e+05
3.608846061397772864e+05
3.599213926017729100e+05
3.589352414335401263e+05
3.579302036340181949e+05
3.569058283527900930e+05
3.558579842158540851e+05
3.547819199769671541e+05
3.536765562851739232e+05
3.525484319392284378e+05
3.514137002162670251e+05
3.502971257707163459e+05
3.492279805484510143e+05
3.482337380747208372e+05
3.473331756180140073e+05
3.465307012970670476e+05
3.458134093727211584e+05
3.451516772084482946e+05
3.445032765215771506e+05
3.438201961332356441e+05
3.430568193557584891e+05
3.421778500919143553e+05
3.411644595738851931e+05
3.400175017882061657e+05
3.387572449290241930e+05
3.374197710048638401e+05
3.360508597678399528e+05
3.346986496217612876e+05
3.334065455717741279e+05
3.322076791862754035e+05
3.311217617025706568e+05
3.301545368974230369e+05
3.292994180301006418e+05
3.285404663082816987e+05
3.278557549816870596e+05
3.272203656914242893e+05
3.266086622662743903e+05
3.259958901747153141e+05
3.253593835427135928e+05
3.246796537779456121e+05
3.239414436916191480e+05
3.231346065873688203e+05
3.222545573121874477e+05
3.213021036368212663e+05
3.202826544469819055e+05
3.192050035750358365e+05
3.180800034517043969e+05
3.169194365090666106e+05
3.157352968590632663e+05
3.145395654952859040e+05
3.133444316040481208e+05
3.121627821937006665e+05
3.110086550217084587e+05
3.098972657363420585e+05
3.088442534969533444e+05
3.078639964240954723e+05
3.069672020720677683e+05
3.061583464658929151e+05
3.054337336913634790e+05
3.047808448389543919e+05
3.041792513701519347e+05
3.036028493815100519e+05
3.030227666845550993e+05
3.024101878008894855e+05
3.017385627013821504e+05
3.009850777163429302e+05
3.001316490847901441e+05
2.991658618802365963e+05
2.980821565617201850e+05
2.968832449816630688e+05
2.955813903070292436e+05
2.941989810209135176e+05
2.927678565154228127e+05
2.913270804713341640e+05
2.899192077591766138e+05
2.885854301972107496e+05
2.873602296487148269e+05
2.862662839034781209e+05
2.853103752720839111e+05
2.844809693342007231e+05
2.837479741933994810e+05
2.830649556598345516e+05
2.823737699612494325e+05
2.816112058484230656e+05
2.807168576630849857e+05
2.796411562285075779e+05
2.783523386418063892e+05
2.768411906242970144e+05
2.751226622296623536e+05
2.732339221212426201e+05
2.712290252572624595e+05
2.691710298110595322e+05
2.671229723209568765e+05
2.651394298293286120e+05
2.632603244994610432e+05
2.615081177528739790e+05
2.598887038505161763e+05
2.583953907689835760e+05
2.570146439815587655e+05
2.557319866222431883e+05
2.545366457761889906e+05
2.534240737984952284e+05
2.523961176626781235e+05
2.514591420940954704e+05
2.506207308362408658e+05
2.498857160535050207e+05
2.492523015492748818e+05
2.487090150453615643e+05
2.482331509897901269e+05
2.477912066055734176e+05
2.473415347153978946e+05
2.468390493940355373e+05
2.462413904444366635e+05
2.455155753851440095e+05
2.446439369782916037e+05
2.436281315293558000e+05
2.424902442493806593e+05
2.412705006800819829e+05
2.400217432719243807e+05
2.388015124799803598e+05
2.376631098230986390e+05
2.366472640186274948e+05
2.357758979292324220e+05
2.350490417374471435e+05
2.344452896147424763e+05
2.339255274389941769e+05
2.334391206912134949e+05
2.329314346575721866e+05
2.323514829822287138e+05
2.316586311208535044e+05
2.308275536591404816e+05
2.298509821067956800e+05
2.287401075473263045e+05
2.275227622082931921e+05
2.262396724223835918e+05
2.249391753258188837e+05
2.236708810172639205e+05
2.224788973217284365e+05
2.213954233084983716e+05
2.204356910527532164e+05
2.195952650484665937e+05
2.188504739041448047e+05
2.181622146613109508e+05
2.174826347494479269e+05
2.167634719307714840e+05
2.159643610057978367e+05
2.150593679571709945e+05
2.140404167699606332e+05
2.129170150959482999e+05
2.117125538988295593e+05
2.104582281322864583e+05
2.091861193670248322e+05
2.079230920672425127e+05
2.066868645838551165e+05
2.054849946455019235e+05
2.043167216730048531e+05
2.031768472200717661e+05
2.020603259939429117e+05
2.009661291243014857e+05
1.998992462558317347e+05
1.988702936668809270e+05
1.978928851007573539e+05
1.969794935746401316e+05
1.961368570671873458e+05
1.953620367055859242e+05
1.946400809699381352e+05
1.939439642229074088e+05
1.932371085438174778e+05
1.924783863270870352e+05
1.916290525560122333e+05
1.906606156832854613e+05
1.895623158703156514e+05
1.883467535265674233e+05
1.870523878683288349e+05
1.857421172174354433e+05
1.844978758096109959e+05
1.834119732752437121e+05
1.825765702021904872e+05
1.820730613780550193e+05
1.819631345554439467e+05
1.822828861710098281e+05
1.830406940716424433e+05
1.842187264264191035e+05
1.857771979707658465e+05
1.876599604006244335e+05
1.897998779343301721e+05
1.921227451963977073e+05
1.945491819650967373e+05
1.969947922341599187e+05
1.993696276661394804e+05
2.015783793780578708e+05
2.035225782735354151e+05
2.051054372346348246e+05
2.062390317565635778e+05
2.068526176353935152e+05
2.069003427079151152e+05
2.063666070269886695e+05
2.052678436603420414e+05
2.036503300022675830e+05
2.015845060874768824e+05
1.991569088501571969e+05
1.964610873347433517e+05
1.935887547701222065e+05
1.906220922705612611e+05
1.876277272662730829e+05
1.846526169495086069e+05
1.817219340155649697e+05
1.788390383150312118e+05
1.759876140392304515e+05
1.731359421327639720e+05
1.702430076345943671e+05
1.672657590849421103e+05
1.641664812841711100e+05
1.609190839085891203e+05
1.575132624440696090e+05
1.539559477612908231e+05
1.502700855646376731e+05
1.464913579503004439e+05
1.426637779595354514e+05
1.388350683121524053e+05
1.350524417899176769e+05
1.313590118633523234e+05
1.277907805992737995e+05
1.243741031958033855e+05
1.211237063857678149e+05
1.180416073703994480e+05
1.151174510202036618e+05
1.123307053307764581e+05
1.096547925935048843e+05
1.070626867674968089e+05
1.045329737408921355e+05
1.020550648214563698e+05
9.963231840640175506e+04
9.728227387063058268e+04
9.503390977024947642e+04
9.292258453645008558e+04
9.098386526327335741e+04
8.924763290154874267e+04
8.773363486665366509e+04
8.644914396837459935e+04
8.538877540481676988e+04
8.453602203964111686e+04
8.386582906678828294e+04
8.334755740210208751e+04
8.294788473141189024e+04
8.263341935921533150e+04
8.237294084645887779e+04
8.213920347285358002e+04
8.191019932528730715e+04
8.166976813262814539e+04
8.140752007290307665e+04
8.111819120156264398e+04
8.080069899554271251e+04
8.045721456721867435e+04
8.009247388009548013e+04
7.971334968230372760e+04
7.932850040679200902e+04
7.894781271576356085e+04
7.858141969552820956e+04
7.823828233381688187e+04
7.792457277849045931e+04
7.764227682764797646e+04
7.738845703453745227e+04
7.715547324892949837e+04
7.693220079229566909e+04
7.670601352320157457e+04
7.646510179819732730e+04
7.620062769692021539e+04
7.590828517501070746e+04
7.558899327364437340e+04
7.524864911799060064e+04
7.489704977174203668e+04
7.454622061317399493e+04
7.420844780566272675e+04
7.389431038528626959e+04
7.361096634388261009e+04
7.336089549916557735e+04
7.314126025791738357e+04
7.294401309587989817e+04
7.275683303425271879e+04
7.256487957323488081e+04
7.235319533205336484e+04
7.210939282170389197e+04
7.182609555351514427e+04
7.150255670869661844e+04
7.114500954571002512e+04
7.076560267991852015e+04
7.038015091816199129e+04
7.000525257826024608e+04
6.965546662335404835e+04
6.934116011817053368e+04
6.906737589530371770e+04
6.883374778997046815e+04
6.863523218858515611e+04
6.846330810542746622e+04
6.830732715454380377e+04
6.815581191776644846e+04
6.799762704563839361e+04
6.782302205183835758e+04
6.762454948560985213e+04
6.739781709791159665e+04
6.714197836564264435e+04
6.685984217205099412e+04
6.655751324198507064e+04
6.624356021646162844e+04
6.592782433407139615e+04
6.562008763078525953e+04
6.532887088415175094e+04
6.506059877506754856e+04
6.481925501026338316e+04
6.460649186313756945e+04
6.442201885712638614e+04
6.426403324267522839e+04
6.412949830015910993e+04
6.401420574004109949e+04
6.391271731517949956e+04
6.381839599808344792e+04
6.372375464900110819e+04
6.362125742917347088e+04
6.350453971065839141e+04
6.336983033060313028e+04
6.321723455280908092e+04
6.305151386917576747e+04
6.288208914121918497e+04
6.272216887376062368e+04
6.258711431911404361e+04
6.249234490834690951e+04
6.245122208474663057e+04
6.247340654845040990e+04
6.256415596775666927e+04
6.272491436485821032e+04
6.295533846807107329e+04
6.325661541066770587e+04
6.363557485011430981e+04
6.410873964383598650e+04
6.470517065222440579e+04
6.546683182211902749e+04
6.644531261749684927e+04
6.769415527428039059e+04
6.925677020022763463e+04
7.115095845624561480e+04
7.335228387851997104e+04
7.577971013908527675e+04
7.828766257246414898e+04
8.066854144636059937e+04
8.266834701737262367e+04
8.401544072717792005e+04
8.445901872748801543e+04
8.381055845371189935e+04
8.197948975005077955e+04
7.899458894877175044e+04
7.500536697003859445e+04
7.026238511758136156e+04
6.508059955973381875e+04
5.979387578708927322e+04
5.471048193337180419e+04
5.007827603333721345e+04
4.606501456840748142e+04
4.275495733743316669e+04
4.015909547942660720e+04
3.823389419179209654e+04
3.690279482212277799e+04
3.607562220665562927e+04
3.566286967527998786e+04
3.558388269773039792e+04
3.576968393036015186e+04
3.616228605146332848e+04
3.671277035640319082e+04
3.738026474348558258e+04
3.813338641408620606e+04
3.895486862306223338e+04
3.984908937508024974e+04
4.085117515938243741e+04
4.203539366102471831e+04
4.351984415249319136e+04
4.546421455011884973e+04
4.805782951320710708e+04
5.149654811000611517e+04
5.594931680953347677e+04
6.151810790965027991e+04
6.819798506355404970e+04
7.584622532695533300e+04
8.416977214201973402e+04
9.273805254042438173e+04
1.010233282766293851e+05
1.084642011656114773e+05
1.145414610903419234e+05
1.188512786463108787e+05
1.211604381457024283e+05
1.214322850228322059e+05
1.198192162157673738e+05
1.166256128896610171e+05
1.122515642733916611e+05
1.071307323428892123e+05
1.016747873877812235e+05
9.623291421332354366e+04
9.106969780660845572e+04
8.636003856229095254e+04
8.219679545797233004e+04
7.860590143629543309e+04
7.556429584807797801e+04
7.301739283292398613e+04
7.089423375793847663e+04
6.911953864180562960e+04
6.762248838864415302e+04
6.634236379742879944e+04
6.523132319606489182e+04
6.425474407501546375e+04
6.338971204519682942e+04
6.262236502371264214e+04
6.194482539865510626e+04
6.135234503189062525e+04
6.084107156485092128e+04
6.040659032354220108e+04
6.004318604736494308e+04
5.974365649045470491e+04
5.949949929774383781e+04
5.930134350882720901e+04
5.913955014321275667e+04
5.900492174677147705e+04
5.888943385469278292e+04
5.878686034045751148e+04
5.869314963727051509e+04
5.860644637070438330e+04
5.852674051354976837e+04
5.845523308720964269e+04
5.839358985130384826e+04
5.834327643731846183e+04
5.830511973359643162e+04
5.827914301974550472e+04
5.826462225043834042e+04
5.826025628444087488e+04
5.826435977166784141e+04
5.827505921489258617e+04
5.829055033058818663e+04
5.830949875972971495e+04
5.833160315978940343e+04
5.835820759093335073e+04
5.839271560477042658e+04
5.844050605044913391e+04
5.850813778113615263e+04
5.860185257912717498e+04
5.872566985302946705e+04
5.887959879110848851e+04
5.905856649795806152e+04
5.925252223333557777e+04
5.944785800767251203e+04
5.962988857372814527e+04
5.978579830318140739e+04
5.990730723944126657e+04
5.999238498331768642e+04
6.004561469873804162e+04
6.007717928106342151e+04
6.010078462608162954e+04
6.013105456774454797e+04
6.018098791045042162e+04
6.025997609652803658e+04
6.037269213703879359e+04
6.051893919341034780e+04
6.069434519019597064e+04
6.089164904970736825e+04
6.110226925984116679e+04
6.131787961204345629e+04
6.153181583489352488e+04
6.174025184980819176e+04
6.194316032225234812e+04
6.214507479662925471e+04
6.235560722776914918e+04
6.258959211872369633e+04
6.286668731079585996e+04
6.321030093703911552e+04
6.364583082596343593e+04
6.419835701912132208e+04
6.489007110449690663e+04
6.573782644280057866e+04
6.675124377506968449e+04
6.793180693566404807e+04
6.927331750541982183e+04
7.076390962597700127e+04
7.238952852180189802e+04
7.413837173691259522e+04
7.600538395631234744e+04
7.799564993943971058e+04
8.012560413793157204e+04
8.242143246917774377e+04
8.491478913666319568e+04
8.763675515406341583e+04
9.061153731871001946e+04
9.385152789867532556e+04
9.735496215286076767e+04
1.011066534546340554e+05
1.050814064825230307e+05
1.092489743415174453e+05
1.135790224046209623e+05
1.180445577812206175e+05
1.226226457788872067e+05
1.272918750767290330e+05
1.320268394234809675e+05
1.367907415346750640e+05
1.415279266268057982e+05
1.461585247895697830e+05
1.505772526677347487e+05
1.546577276077814458e+05
1.582624816694878682e+05
1.612575030055912503e+05
1.635289533096167725e+05
1.649990600148919330e+05
1.656382529290882230e+05
1.654713743238542811e+05
1.645770002960747515e+05
1.630802195212352672e+05
1.611402893299262796e+05
1.589352159075739619e+05
1.566454408735409961e+05
1.544385628575323499e+05
1.524565597676596080e+05
1.508064798386909533e+05
1.495551442714165023e+05
1.487280689498654974e+05
1.483125164083259297e+05
1.482642618921124667e+05
1.485172648773011751e+05
1.489950177021825511e+05
1.496220060744610382e+05
1.503336047850093455e+05
1.510829555692917784e+05
1.518439456029515422e+05
1.526102110512755171e+05
1.533909149963420641e+05
1.542046504996179719e+05
1.550730229704668745e+05
1.560152362190789427e+05
1.570444610006744624e+05
1.581661213810899062e+05
1.593777185798593855e+05
1.606695685591328074e+05
1.620258763157491630e+05
1.634258118972274824e+05
1.648445432106070220e+05
1.662543897427328047e+05
1.676263260957764869e+05
1.689319930528887489e+05
1.701462179244255822e+05
1.712498609122437774e+05
1.722326281585005636e+05
1.730953496091523557e+05
1.738511420806243841e+05
1.745249149689515179e+05
1.751508820019248815e+05
1.757681358578771469e+05
1.764148653487356496e+05
1.771223021993609727e+05
1.779097830466546584e+05
1.787822390839919972e+05
1.797309300683251931e+05
1.807374253952871659e+05
1.817799384456730913e+05
1.828404259754295344e+05
1.839105993112883880e+05
1.849952466616146266e+05
1.861119599322080903e+05
1.872872908970095450e+05
1.885502719872246380e+05
1.899248914199108549e+05
1.914233555898703926e+05
1.930417545118686394e+05
1.947591287990669371e+05
1.965400757160324138e+05
1.983401515269517840e+05
2.001126704419884481e+05
2.018152592722776753e+05
2.034147721762841684e+05
2.048898096892645117e+05
2.062308852148098813e+05
2.074389467610733118e+05
2.085232605560103839e+05
2.094995260235054884e+05
2.103886346966328565e+05
2.112159482790538459e+05
2.120105967246658693e+05
2.128042233317377977e+05
2.136288166304606420e+05
2.145136384879790421e+05
2.154816225263158558e+05
2.165458604890890128e+05
2.177068766009011015e+05
2.189513272574769217e+05
2.202525866935816885e+05
2.215734096248091082e+05
2.228705165022816218e+05
2.241005642406657862e+05
2.252266198880688753e+05
2.262240450388408790e+05
2.270847087307014735e+05
2.278187046760998783e+05
2.284532085167381447e+05
2.290286629465503502e+05
2.295929869909880508e+05
2.301948506273466046e+05
2.308771660485989414e+05
2.316718132824481872e+05
2.325962898049222422e+05
2.336525422164298070e+05
2.348278126552703325e+05
2.360970156792405760e+05
2.374260215602628014e+05
2.387752733042783511e+05
2.401033583986905869e+05
2.413703936061245331e+05
2.425412491602360678e+05
2.435886584496469004e+05
2.444961248064605170e+05
2.452603234632203821e+05
2.458925272579518496e+05
2.464185696202786930e+05
2.468770381676314573e+05
2.473157161934704636e+05
2.477866432520417729e+05
2.483404320049591479e+05
2.490205906786504493e+05
2.498585649005185696e+05
2.508700833548851660e+05
2.520532246422696626e+05
2.533884416921604716e+05
2.548405763167707482e+05
2.563626581342502323e+05
2.579010270746691967e+05
2.594011036429455853e+05
2.608130275693168805e+05
2.620964392249485827e+05
2.632238798315353342e+05
2.641825727321982849e+05
2.649746315407214570e+05
2.656159491033005761e+05
2.661341202601594850e+05
2.665657484062684816e+05
2.669534144393391907e+05
2.673424913308997639e+05
2.677779132859369274e+05
2.683009918977331254e+05
2.689464267626738292e+05
2.697397589896844584e+05
2.706955936902303365e+05
2.718168845125077059e+05
2.730953774894168018e+05
2.745129899267983856e+05
2.760435921498507378e+05
2.776545538375375909e+05
2.793076429674165556e+05
2.809593933215183206e+05
2.825616624218280776e+05
2.840634492430367973e+05
2.854148502495959401e+05
2.865732555514177075e+05
2.875107869017280755e+05
2.882210450274901814e+05
2.887229560007080436e+05
2.890601178969285102e+05
2.892953738775533275e+05
2.895018451221933356e+05
2.897527077245517285e+05
2.901121605184104992e+05
2.906292958381819772e+05
2.913353559012633632e+05
2.922437273527314537e+05
2.933514685667150188e+05
2.946413071698516142e+05
2.960836513778721564e+05
2.976387976072304882e+05
2.992598171893393737e+05
3.008964393403074355e+05
3.024997596117945504e+05
3.040270899989699246e+05
3.054460041880861390e+05
3.067367423374858918e+05
3.078925644146413542e+05
3.089181954601925099e+05
3.098269797771531739e+05
3.106376006543713156e+05
3.113711741204188438e+05
3.120492366899223998e+05
3.126927393399507855e+05
3.133217843247481505e+05
3.139556279845118406e+05
3.146124844743993017e+05
3.153088754574744962e+05
3.160585759525022004e+05
3.168714737632524921e+05
3.177527841877914034e+05
3.187030041363104247e+05
3.197187797254407778e+05
3.207945698809998576e+05
3.219246975555837853e+05
3.231051682723340346e+05
3.243345766564219375e+05
3.256135768804061809e+05
3.269427808029976441e+05
3.283194997723096167e+05
3.297342895560628385e+05
3.311685583551304298e+05
3.325943650455797906e+05
3.339769388978551724e+05
3.352795764027814148e+05
3.364697519900779007e+05
3.375248526930551161e+05
3.384360801505782874e+05
3.392096762954799924e+05
3.398654451778754592e+05
3.404332418569801957e+05
3.409484717947960598e+05
3.414476643366891076e+05
3.419649611313457135e+05
3.425300284105723258e+05
3.431675316586189438e+05
3.438979098708712845e+05
3.447387741882327246e+05
3.457059398696341086e+05
3.468130700026350096e+05
3.480693230332589010e+05
3.494752335850481759e+05
3.510180409238506109e+05
3.526683591256240616e+05
3.543800476849285769e+05
3.560942676351291011e+05
3.577472773575847968e+05
3.592801231225695810e+05
3.606476323832717608e+05
3.618243627386111766e+05
3.628062800249756547e+05
3.636084220882990048e+05
3.642600020165591850e+05
3.647988526182647329e+05
3.652667423150794930e+05
3.657062166341252159e+05
3.661587370516855735e+05
3.666634063881626353e+05
3.672556105645852513e+05
3.679652973108082078e+05
3.688150361063590972e+05
3.698182095493600355e+05
3.709776288807419478e+05
3.722846947760864277e+05
3.737191447546596173e+05
3.752495373454258661e+05
3.768348268468828173e+05
3.784274557630053023e+05
3.799781389915883774e+05
3.814419273353408789e+05
3.827844485798534006e+05
3.839867980480857077e+05
3.850476842484291992e+05
3.859821698957277695e+05
3.868174139018538408e+05
3.875867549795335508e+05
3.883238673777790973e+05
3.890584156148494221e+05
3.898138323294594884e+05
3.906069646830333513e+05
3.914487942159818485e+05
3.923454166912744986e+05
3.932988500043167733e+05
3.943076971387924859e+05
3.953679181164157926e+05
3.964738495300497161e+05
3.976192887654445949e+05
3.987982066692629014e+05
4.000046924060854944e+05
4.012320966377645964e+05
4.024718353290011291e+05
4.037126498474537511e+05
4.049410573824826861e+05
4.061432384683169657e+05
4.073078963437178172e+05
4.084290270756927785e+05
4.095073759053554968e+05
4.105497563268232625e+05
4.115662459972720826e+05
4.125662038974799798e+05
4.135546641486095614e+05
4.145306580759028438e+05
4.154883561352608958e+05
4.164208442344128853e+05
4.173252769351972966e+05
4.182075118542709970e+05
4.190843842105040094e+05
4.199825154532465967e+05
4.209336935174659593e+05
4.219679973715804517e+05
4.231065665743407444e+05
4.243560046415516990e+05
4.257058614873248152e+05
4.271296948743584217e+05
4.285892134192602825e+05
4.300402844282067381e+05
4.314393388656472089e+05
4.327489190777530894e+05
4.339416238953612046e+05
4.350022704865466803e+05
4.359285104654729948e+05
4.367303175080516376e+05
4.374287324247984798e+05
4.380541082332992810e+05
4.386439460505111492e+05
4.392403158664041548e+05
4.398868319283293677e+05
4.406251950441347435e+05
4.414914168125119177e+05
4.425119945943780476e+05
4.437004798869454535e+05
4.450550102853438002e+05
4.465573724876290071e+05
4.481739776354992064e+05
4.498587865781229921e+05
4.515578342601509066e+05
4.532147185350640211e+05
4.547763394401672995e+05
4.561982866449520225e+05
4.574494530818766798e+05
4.585155519581481349e+05
4.594011644987834152e+05
4.601298239412691328e+05
4.607416360090534436e+05
4.612882271741497098e+05
4.618254335715486668e+05
4.624049181096871034e+05
4.630664995077998610e+05
4.638330684614417842e+05
4.647094102505207993e+05
4.656851867865825770e+05
4.667411261652341345e+05
4.678565650669237366e+05
4.690161993951282930e+05
4.702142746103494428e+05
4.714552917933005956e+05
4.727512926346497843e+05
4.741166186124106753e+05
4.755615482564625563e+05
4.770863684824832017e+05
4.786772738250845578e+05
4.803050707487978507e+05
4.819270611310096574e+05
4.834917959951208904e+05
4.849457887378474697e+05
4.862409302750411443e+05
4.873413543148289318e+05
4.882288091883345624e+05
4.889060182351035764e+05
4.893978403083124431e+05
4.897501693451140309e+05
4.900265060322777135e+05
4.903021850106474594e+05
4.906565131815428031e+05
4.911635730621251860e+05
4.918829820463291253e+05
4.928521932447571889e+05
4.940817705577696906e+05
4.955544680858205538e+05
4.972281050196576398e+05
4.990414682546373806e+05
5.009220513646463514e+05
5.027944216690406320e+05
5.045882688693654491e+05
5.062454948342544376e+05
5.077258599752821610e+05
5.090106692420388572e+05
5.101039009595707175e+05
5.110302856329469942e+05
5.118302940561438445e+05
5.125527542645081994e+05
5.132466076736707473e+05
5.139537350705391727e+05
5.147045245966652292e+05
5.155169061936856015e+05
5.163982942106433329e+05
5.173488436656615813e+05
5.183641562832575291e+05
5.194362374654167797e+05
5.205527946059466340e+05
5.216962203664356493e+05
5.228441385940984474e+05
5.239728573113609455e+05
5.250636565169338137e+05
5.261101837661804166e+05
5.271241407262869179e+05
5.281364963230271824e+05
5.291927328555526910e+05
5.303426566292272182e+05
5.316272871298873797e+05
