6.814470443686334183e+05
6.792064514745083870e+05
6.769843211986555252e+05
6.748208957147250185e+05
6.727514518971926300e+05
6.708068537439696956e+05
6.690141453572486062e+05
6.673966547752817860e+05
6.659731338225571672e+05
6.647555421049065189e+05
6.637453527801377932e+05
6.629288068406330422e+05
6.622722770711596822e+05
6.617195272696397733e+05
6.611927894245509524e+05
6.605989706594692543e+05
6.598409728947940748e+05
6.588324319899961120e+05
6.575127562045295490e+05
6.558587512310852762e+05
6.538896795729456935e+05
6.516642137064801063e+05
6.492699020980913192e+05
6.468077583551247371e+05
6.443757530551853124e+05
6.420549904982523294e+05
6.399012673476876225e+05
6.379429799886547262e+05
6.361845836720850784e+05
6.346135470580483088e+05
6.332082742877197452e+05
6.319447606794305611e+05
6.308005574172370834e+05
6.297556157666684594e+05
6.287904871383998543e+05
6.278830095933384728e+05
6.270049465062103700e+05
6.261200358968458604e+05
6.251845557651863201e+05
6.241508507318333723e+05
6.229734240737661021e+05
6.216163987925443798e+05
6.200606495750511531e+05
6.183088859777165344e+05
6.163874330610800534e+05
6.143442278686257778e+05
6.122433494025797118e+05
6.101569925784978550e+05
6.081561008101628395e+05
6.063009557662196457e+05
6.046330046490438981e+05
6.031691316955056973e+05
6.018993806457185419e+05
6.007886901725735515e+05
5.997824842754924903e+05
5.988151166786166141e+05
5.978195050248446641e+05
5.967361034756926820e+05
5.955197558079801966e+05
5.941437700910270214e+05
5.926013837127848528e+05
5.909052705544302007e+05
5.890857193046263419e+05
5.871877186992135830e+05
5.852667643058995018e+05
5.833830952397042420e+05
5.815944219564127270e+05
5.799478834800662007e+05
5.784726365865209373e+05
5.771747688885834068e+05
5.760359377632398391e+05
5.750163148369293194e+05
5.740613339570387034e+05
5.731107746640408877e+05
5.721081851091466378e+05
5.710087048123403220e+05
5.697839193734129658e+05
5.684232317325510085e+05
5.669320805813964689e+05
5.653279533042261610e+05
5.636354346203043824e+05
5.618815245050300146e+05
5.600922196302987868e+05
5.582909375306732254e+05
5.564988096411365550e+05
5.547362500617810292e+05
5.530246807741557714e+05
5.513870913764410652e+05
5.498464230669080280e+05
5.484215963049047859e+05
5.471220877971826121e+05
5.459428505690003512e+05
5.448616224776991876e+05
5.438400968058682047e+05
5.428292180657300632e+05
5.417774981498344569e+05
5.406402692224690691e+05
5.393875542688254500e+05
5.380087598496349528e+05
5.365133896410932066e+05
5.349280230502311606e+05
5.332905588332448388e+05
5.316430543494212907e+05
5.300244699426478473e+05
5.284644319216008298e+05
5.269789032251425087e+05
5.255684295344904531e+05
5.242193349133464508e+05
5.229077811947945156e+05
5.216059767147563980e+05
5.202891701038583997e+05
5.189416545141827664e+05
5.175600886194946361e+05
5.161531095833848231e+05
5.147373232539395103e+05
5.133309437647494487e+05
5.119471738404131611e+05
5.105895323390963604e+05
5.092506719792018412e+05
5.079150182635080419e+05
5.065642496767470730e+05
5.051837162169824587e+05
5.037676843720621546e+05
5.023218372855045018e+05
5.008624892493825173e+05
4.994130610253325431e+05
4.979990946073009982e+05
4.966432458940098877e+05
4.953613338177140104e+05
4.941599094918668852e+05
4.930352633668540511e+05
4.919735327875518124e+05
4.909516329366398277e+05
4.899389634893023176e+05
4.889000263755671331e+05
4.877980678042214713e+05
4.865996026087970240e+05
4.852792949676172575e+05
4.838243327414122759e+05
4.822373111969390302e+05
4.805368283739508479e+05
4.787554680613914970e+05
4.769354714385934640e+05
4.751229627194293425e+05
4.733618865222198074e+05
4.716887203805984464e+05
4.701285951106466819e+05
4.686928988713681465e+05
4.673780330944230082e+05
4.661649259464842617e+05
4.650191942833870417e+05
4.638922775806684513e+05
4.627241512142069405e+05
4.614481368208348285e+05
4.599978372192481766e+05
4.583155175558299525e+05
4.563606291428026743e+05
4.541168846333721303e+05
4.515964474478008924e+05
4.488403261699971044e+05
4.459147863272670656e+05
4.429043093718892778e+05
4.399021924390149070e+05
4.370002112865426461e+05
4.342788357910251361e+05
4.317993031430536648e+05
4.295984638650261331e+05
4.276868040042871726e+05
4.260495276078782044e+05
4.246501712081562728e+05
4.234359905550761614e+05
4.223443169320329907e+05
4.213091740301925456e+05
4.202675999236559146e+05
4.191652709917400498e+05
4.179611483883003821e+05
4.166309583899108693e+05
4.151693700781846419e+05
4.135907318961775745e+05
4.119281684304322116e+05
4.102307627785527147e+05
4.085585597615363076e+05
4.069753416689633159e+05
4.055396059700272745e+05
4.042948244014543598e+05
4.032606448318881448e+05
4.024269122881390504e+05
4.017520313225457794e+05
4.011662943133086083e+05
4.005796344585192273e+05
3.998922393793914234e+05
3.990059382306216285e+05
3.978343926340345643e+05
3.963107581318501616e+05
3.943923392620636150e+05
3.920625143301637727e+05
3.893306378242847859e+05
3.862306774443277973e+05
3.828190784694750328e+05
3.791719191499681910e+05
3.753810127353132702e+05
3.715484158073714934e+05
3.677789664810135146e+05
3.641710297427495243e+05
3.608064214074815391e+05
3.577412030318967882e+05
3.549993310567310546e+05
3.525707877535348525e+05
3.504148780272916774e+05
3.484681715789008886e+05
3.466555395796601661e+05
3.449022047514946316e+05
3.431447688257906120e+05
3.413396415317378123e+05
3.394679172702762298e+05
3.375363414563282277e+05
3.355745222617578693e+05
3.336290009334502392e+05
3.317552005073831533e+05
3.300085575427864096e+05
3.284361950417627813e+05
3.270702664671675302e+05
3.259236682799845003e+05
3.249883619576774072e+05
3.242362377264774404e+05
3.236223365775757702e+05
3.230902104677041061e+05
3.225790551459057024e+05
3.220318866766389692e+05
3.214035345624461188e+05
3.206668547222089255e+05
3.198156241204894031e+05
3.188632094779282925e+05
3.178371745435406920e+05
3.167711335259734187e+05
3.156959366881644819e+05
3.146323991799316136e+05
3.135872429526295746e+05
3.125529555584019399e+05
3.115112325771227479e+05
3.104388619735140237e+05
3.093144786145465332e+05
3.081245727414999274e+05
3.068674119519258966e+05
3.055540547450346057e+05
3.042063136749640107e+05
3.028522522609613370e+05
3.015204049671899411e+05
3.002342106041500228e+05
2.990080282330070040e+05
2.978455830588205718e+05
2.967409429863640689e+05
2.956814154241381912e+05
2.946513121462003910e+05
2.936354677728707902e+05
2.926216723273115931e+05
2.916016392437070608e+05
2.905705988321111072e+05
2.895259486319104326e+05
2.884655448289659107e+05
2.873861871219718596e+05
2.862826802320586867e+05
2.851476205007988028e+05
2.839718391723235836e+05
2.827453104466358782e+05
2.814583386068634572e+05
2.801029441024080152e+05
2.786744784971912741e+05
2.771734993990174844e+05
2.756077697663961444e+05
2.739939605693192570e+05
2.723583829215041478e+05
2.707360352623102372e+05
2.691675287297713221e+05
2.676940104175400920e+05
2.663508594515599543e+05
2.651614399166254443e+05
2.641323549901054939e+05
2.632513804501848645e+05
2.624886351054935367e+05
2.618007598332107300e+05
2.611371648520923336e+05
2.604469803586650232e+05
2.596853325542334060e+05
2.588179569718496350e+05
2.578238056337896560e+05
2.566959555596071878e+05
2.554415228952741600e+05
2.540812686028524768e+05
2.526491742801344080e+05
2.511916927042534226e+05
2.497659647135390842e+05
2.484363133663505432e+05
2.472688397009754553e+05
2.463247467480123742e+05
2.456537211023776035e+05
2.452889246272933669e+05
2.452447251303413359e+05
2.455173703623635520e+05
2.460877838070548605e+05
2.469249912978391512e+05
2.479886660182242049e+05
2.492298955124046770e+05
2.505902362550058460e+05
2.520000117221490655e+05
2.533772848659351876e+05
2.546288628863152699e+05
2.556541677577130613e+05
2.563520661582372559e+05
2.566300422776903724e+05
2.564145727327782661e+05
2.556612671490634675e+05
2.543632396081388288e+05
2.525562337977596035e+05
2.503192320051298884e+05
2.477696673517602612e+05
2.450529673307961784e+05
2.423269790118490055e+05
2.397427764593737957e+05
2.374242577056595474e+05
2.354495780841381929e+05
2.338376255526558380e+05
2.325422917010948004e+05
2.314562361913148197e+05
2.304243378309119144e+05
2.292653410113304562e+05
2.277986578856580309e+05
2.258721705378333863e+05
2.233864233489652979e+05
2.203109426671356487e+05
2.166895956018775178e+05
2.126337844835936849e+05
2.083045719263539067e+05
2.038870729281355743e+05
1.995620742866267683e+05
1.954803648249908874e+05
1.917444728444209031e+05
1.884005990324941522e+05
1.854410638305089669e+05
1.828152956495977705e+05
1.804459055356919707e+05
1.782460228040954389e+05
1.761346875651037553e+05
1.740482855604155338e+05
1.719472619970589294e+05
1.698182958159110858e+05
1.676726337654507079e+05
1.655414701163613063e+05
1.634692968484704616e+05
1.615061798742000537e+05
1.596999664919263741e+05
1.580894316952814406e+05
1.566992391711376258e+05
1.555372901988662779e+05
1.545946040131982299e+05
1.538474218054093071e+05
1.532608728984472400e+05
1.527933726664198912e+05
1.524009650408078451e+05
1.520410430684409803e+05
1.516751959320801834e+05
1.512712333460872178e+05
1.508046282357298769e+05
1.502596355161882238e+05
1.496301939807182353e+05
1.489204775843927346e+05
1.481447575054327608e+05
1.473261884195284219e+05
1.464942986649010854e+05
1.456813027362174180e+05
1.449177371910650691e+05
1.442281889970152406e+05
1.436279242192970996e+05
1.431210173573566426e+05
1.427002118558014336e+05
1.423483529073963000e+05
1.420409587933206931e+05
1.417494059923872410e+05
1.414442788063084008e+05
1.410985905788051896e+05
1.406907131875416962e+05
1.402068786799415539e+05
1.396430363896886993e+05
1.390057316786490846e+05
1.383116333234037156e+05
1.375854726780587807e+05
1.368564865012736118e+05
1.361538860355829820e+05
1.355022372940308123e+05
1.349177602361843165e+05
1.344063550174947886e+05
1.339636978574104724e+05
1.335771905368233274e+05
1.332291032828884781e+05
1.329000638436163426e+05
1.325721364522089425e+05
1.322310108996770578e+05
1.318671427186543297e+05
1.314759345593904145e+05
1.310571790306525072e+05
1.306140130958843365e+05
1.301516130901952274e+05
1.296758306208595313e+05
1.291919504213037144e+05
1.287037353427979106e+05
1.282128939473532955e+05
1.277190471180585155e+05
1.272201759332251822e+05
1.267134129534232634e+05
1.261959206244339439e+05
1.256655274061755626e+05
1.251208113410850929e+05
1.245604590402724425e+05
1.239819695980965480e+05
1.233800511355139897e+05
1.227452723663619981e+05
1.220635875354460732e+05
1.213172023991393653e+05
1.204869161179754446e+05
1.195556507659539930e+05
1.185124932016346575e+05
1.173563408037090849e+05
1.160982349114358512e+05
1.147616922708401544e+05
1.133807530506933981e+05
1.119959577718969958e+05
1.106489290216563095e+05
1.093765587397162599e+05
1.082059120443579159e+05
1.071508276037992327e+05
1.062108509489195858e+05
1.053726558468399453e+05
1.046135933664503536e+05
1.039065695587642113e+05
1.032251897185135458e+05
1.025480883658377570e+05
1.018616079448843375e+05
1.011604480766630732e+05
1.004464642026706570e+05
9.972628636945692415e+04
9.900869616426076391e+04
9.830264842292762478e+04
9.761647104078120901e+04
9.695825089104950894e+04
9.633691210733052867e+04
9.576319769247867225e+04
9.524977288664472871e+04
9.480995404500950826e+04
9.445500390918663470e+04
9.419035988545429427e+04
9.401145142657120596e+04
9.389987848564167507e+04
9.382071257616196817e+04
9.372162398011230107e+04
9.353447054245619802e+04
9.317985623282799497e+04
9.257486529341861024e+04
9.164360290253463609e+04
9.032935402725050517e+04
8.860632051835158200e+04
8.648836272708739853e+04
8.403229546286366531e+04
8.133421251473088341e+04
7.851886773277202155e+04
7.572386273381559295e+04
7.308170519021223299e+04
7.070325927624637552e+04
6.866558367311283655e+04
6.700588067672915349e+04
6.572174617827989277e+04
6.477662579656291200e+04
6.410867989289395337e+04
6.364119326096503210e+04
6.329304460290044517e+04
6.298827820495023479e+04
6.266424244577123318e+04
6.227796946955528256e+04
6.181051700062103191e+04
6.126901737326605507e+04
6.068631367795115511e+04
6.011835475925585342e+04
5.963990122741358209e+04
5.933941049004589149e+04
5.931405099545794656e+04
5.966553697036857920e+04
6.049688704501564644e+04
6.190944464429964137e+04
6.399881970390798961e+04
6.684812957972279401e+04
7.051728578370223113e+04
7.502818158249117550e+04
8.034732404400780797e+04
8.636929491702977975e+04
9.290579684365667345e+04
9.968530504734159331e+04
1.063670767289897340e+05
1.125704834669634583e+05
1.179168794363769412e+05
1.220775105020655319e+05
1.248184879209606152e+05
1.260335394458480296e+05
1.257574344028829364e+05
1.241571760615744570e+05
1.215030897206063819e+05
1.181263338288355881e+05
1.143718726143498498e+05
1.105559805020187341e+05
1.069351391910820239e+05
1.036896494621236052e+05
1.009216031817066541e+05
9.866407058413191407e+04
9.689699590416776482e+04
9.556534292626964452e+04
9.459605621190887177e+04
9.391181154965280439e+04
9.344081669614858401e+04
9.312281416980813083e+04
9.291189157525928749e+04
9.277683523517513822e+04
9.269972759397998743e+04
9.267340878411656013e+04
9.269835204586299369e+04
9.277944190764693485e+04
9.292307120113275596e+04
9.313486989965195244e+04
9.341824260541195690e+04
9.377373465343180578e+04
9.419909261570569652e+04
9.468976403107019723e+04
9.523952621233132959e+04
9.584096974551878520e+04
9.648569014337722911e+04
9.716422612824423413e+04
9.786595585783041315e+04
9.857924319391185418e+04
9.929206397288455628e+04
9.999314969313744223e+04
1.006734440547253034e+05
1.013274910278250609e+05
1.019543499499654426e+05
1.025577748434405803e+05
1.031456276135049411e+05
1.037287013530403929e+05
1.043192205101977306e+05
1.049292474792463763e+05
1.055691279714142729e+05
1.062460470345174108e+05
1.069628012210610032e+05
1.077169969899691059e+05
1.085009697514505679e+05
1.093026807757040660e+05
1.101076462883422209e+05
1.109016329045482853e+05
1.116735408075857122e+05
1.124177330541626143e+05
1.131351466846114927e+05
1.138328328880817571e+05
1.145220168524863839e+05
1.152151877069215116e+05
1.159229819241230434e+05
1.166516352904680680e+05
1.174015671786923340e+05
1.181673201127221982e+05
1.189387311490499706e+05
1.197029621843096538e+05
1.204469124727251183e+05
1.211595671052872785e+05
1.218339467475859856e+05
1.224684504819904250e+05
1.230674744783291389e+05
1.236412288125226623e+05
1.242046883343845257e+05
1.247756548667592724e+05
1.253720290413658076e+05
1.260086023135636788e+05
1.266939295356734510e+05
1.274280206937626208e+05
1.282015804592333297e+05
1.289972673307955411e+05
1.297929835109856795e+05
1.305666803353334835e+05
1.313017466344235290e+05
1.319918718043872796e+05
1.326443782956574287e+05
1.332813366346467228e+05
1.339381908104397880e+05
1.346600192427797301e+05
1.354958736797552265e+05
1.364918721285550855e+05
1.376839039099423389e+05
1.390909604880864499e+05
1.407102199589550437e+05
1.425150216081733524e+05
1.444566779373723839e+05
1.464706119553455501e+05
1.484865746271128883e+05
1.504417912239300204e+05
1.522950026508968731e+05
1.540387535646755132e+05
1.557071509187303600e+05
1.573767912379345798e+05
1.591596044576174463e+05
1.611878144629306043e+05
1.635927956982290198e+05
1.664809937514611520e+05
1.699109795142458461e+05
1.738758995097382576e+05
1.782949626112872502e+05
1.830162056748890609e+05
1.878308125603517110e+05
1.924970834535845497e+05
1.967702270487608621e+05
2.004329377156761184e+05
2.033215490593705326e+05
2.053434994914898707e+05
2.064836832188319240e+05
2.067995272284698731e+05
2.064067652381463267e+05
2.054593798467400193e+05
2.041277742064191261e+05
2.025789037956125103e+05
2.009610684189948952e+05
1.993946857796719705e+05
1.979690054125217721e+05
1.967436614478564879e+05
1.957533642264882801e+05
1.950139206217231404e+05
1.945280656781433790e+05
1.942901250249669829e+05
1.942891241147572873e+05
1.945104570626547502e+05
1.949365305479278031e+05
1.955468949636985199e+05
1.963183208199520595e+05
1.972251545898002805e+05
1.982401571312726301e+05
1.993359083316297038e+05
2.004867372347153432e+05
2.016709886295059114e+05
2.028732760663339868e+05
2.040862472430994094e+05
2.053113657598828722e+05
2.065583338580526470e+05
2.078430297692584863e+05
2.091841424119696312e+05
2.105989647058477858e+05
2.120989848042949452e+05
2.136859704923100362e+05
2.153491982854790404e+05
2.170643707947945804e+05
2.187946078782138356e+05
2.204936708631362126e+05
2.221112570245108800e+05
2.235997895062264870e+05
2.249216987525283766e+05
2.260558799490842503e+05
2.270019642182511161e+05
2.277813472357174614e+05
2.284345497983677778e+05
2.290152895559181925e+05
2.295823955130405666e+05
2.301911790603319241e+05
2.308859570783343224e+05
2.316951034071364556e+05
2.326294024020752695e+05
2.336837745705970738e+05
2.348418160859388008e+05
2.360821569118405459e+05
2.373854303632252268e+05
2.387406302345395961e+05
2.401497573824838910e+05
2.416298898205671867e+05
2.432121450423999922e+05
2.449374517134379130e+05
2.468495987792624219e+05
2.489866159344236657e+05
2.513720312388144084e+05
2.540077913015348022e+05
2.568704886331227899e+05
2.599119809749529813e+05
2.630645932088645059e+05
2.662500625328326132e+05
2.693904849464966101e+05
2.724189983534665662e+05
2.752879608859319123e+05
2.779729767364616273e+05
2.804721500974898809e+05
2.828011412429234479e+05
2.849856230387079413e+05
2.870532905271986383e+05
2.890274951199555653e+05
2.909238964126719511e+05
2.927504910276994342e+05
2.945103540917214123e+05
2.962057606949917390e+05
2.978422255213666940e+05
2.994313570206859731e+05
3.009920211770863389e+05
3.025498455115910037e+05
3.041353687349010725e+05
3.057811572358299163e+05
3.075181360403133440e+05
3.093714193737898022e+05
3.113561508454430150e+05
3.134741589267519303e+05
3.157123582117782789e+05
3.180435807920072111e+05
3.204299033547561266e+05
3.228277796775978641e+05
3.251937503196910839e+05
3.274894494651409914e+05
3.296850761519445223e+05
3.317611850636245217e+05
3.337092020339930896e+05
3.355312100604677689e+05
3.372392787913158536e+05
3.388541782467270968e+05
3.404030682593645179e+05
3.419158995887662168e+05
3.434207513826845679e+05
3.449388923085571732e+05
3.464806723320419551e+05
3.480432567550381063e+05
3.496107646483269054e+05
3.511568023394539487e+05
3.526489336381959147e+05
3.540544130898981821e+05
3.553464641702109948e+05
3.565103567578569637e+05
3.575484217218550621e+05
3.584829775582570001e+05
3.593561167048910866e+05
3.602256150594320497e+05
3.611569711752971634e+05
3.622126179361807881e+05
3.634403486507794587e+05
3.648635641138804494e+05
3.664757898954341072e+05
3.682409948893309920e+05
3.700998073972121929e+05
3.719802181060881121e+05
3.738102590630388004e+05
3.755297896004978684e+05
3.770989776461275760e+05
3.785021349268812337e+05
3.797468580047574360e+05
3.808595227204498951e+05
3.818787779656860512e+05
3.828487001783677842e+05
3.838128311273300787e+05
3.848096892786753597e+05
3.858697913291880977e+05
3.870139217704128241e+05
3.882523733698880533e+05
3.895850466388660716e+05
3.910024730577397277e+05
3.924878674313680385e+05
3.940201607235970441e+05
3.955776696033830522e+05
3.971417585176131688e+05
3.986996955112892902e+05
4.002459896008372889e+05
4.017818240992146311e+05
4.033126757774758153e+05
4.048446967912410037e+05
4.063808028769814991e+05
4.079175631963072810e+05
4.094438757163797272e+05
4.109420330104511813e+05
4.123911856406177976e+05
4.137725126879688469e+05
4.150748020861111581e+05
4.162988482205684995e+05
4.174592559760634904e+05
4.185829134031548747e+05
4.197043771637136815e+05
4.208593722802755656e+05
4.220781852092978661e+05
4.233807059931327240e+05
4.247742675381627632e+05
4.262544858715966693e+05
4.278083912200540653e+05
4.294185783240170567e+05
4.310670422121929005e+05
4.327377352748376434e+05
4.344174658607737510e+05
4.360953143272888847e+05
4.377611108730763663e+05
4.394036696516814409e+05
4.410094652420241619e+05
4.425623404881271417e+05
4.440446659188290942e+05
4.454400924886507564e+05
4.467376183441157918e+05
4.479361751762853237e+05
4.490484914452210651e+05
4.501028314664193895e+05
4.511415111493180157e+05
4.522158547542707529e+05
4.533782740311169182e+05
4.546730715991542093e+05
4.561280534331775852e+05
4.577489026444979827e+05
4.595175776120931259e+05
4.613950072324237553e+05
4.633273889024425298e+05
4.652547066313512623e+05
4.671197886490218225e+05
4.688762930970822927e+05
4.704943555209754268e+05
4.719631562466535834e+05
4.732902861711336882e+05
4.744984142886780901e+05
4.756202659416677197e+05
4.766931687059794203e+05
4.777543210729843704e+05
4.788375113058318966e+05
4.799714195962527301e+05
4.811791133334855549e+05
4.824780941496915766e+05
4.838803370276774513e+05
4.853920677693880862e+05
4.870133478932922008e+05
4.887376960625401116e+05
4.905519269151131739e+05
4.924362366927218391e+05
4.943644819365000003e+05
4.963046908495199168e+05
4.982200723576828605e+05
5.000709642613765900e+05
5.018180881380023202e+05
5.034270800475077704e+05
5.048736721029600012e+05
5.061483953488723491e+05
5.072595440427313442e+05
5.082335010087696137e+05
5.091122418421858456e+05
5.099485993657445069e+05
5.108003553508846671e+05
5.117242734540866222e+05
5.127708697672862327e+05
5.139802764017538866e+05
5.153792381811162340e+05
5.169792028760197572e+05
5.187755476101330714e+05
5.207480489188564825e+05
5.228626106729953899e+05
5.250740202933164546e+05
5.273292663487530081e+05
5.295709153659304138e+05
5.317402968487540493e+05
5.337806693699781317e+05
5.356408672284784261e+05
5.372798858349209186e+05
5.386723616027749376e+05
5.398141137847325299e+05
5.407262244718879228e+05
5.414559435549327172e+05
5.420732300590767991e+05
5.426628727445540717e+05
5.433134724206983810e+05
5.441055946277136682e+05
5.451016980464551598e+05
5.463398813190995716e+05
5.478322808335527079e+05
5.495675587972438661e+05
5.515158691937723197e+05
5.536343506568892626e+05
5.558716416677980451e+05
5.581708943625808461e+05
5.604718164795968914e+05
5.627129201085293898e+05
5.648351127300532535e+05
5.667870535014510388e+05
5.685316400945725618e+05
5.700520738632235443e+05
5.713556074251382379e+05
5.724734980165084125e+05
5.734567297200977337e+05
5.743683152330326848e+05
5.752739459443038795e+05
5.762330706632998772e+05
5.772920880478052422e+05
5.784804829996888293e+05
5.798098389442826156e+05
5.812750849976358004e+05
5.828572344155266182e+05
5.845271125577051425e+05
5.862498653716491535e+05
5.879901101268763887e+05
5.897173501133862883e+05
5.914108675949595636e+05
5.930630194791313261e+05
5.946799430007028859e+05
5.962792069448005641e+05
5.978847597145996988e+05
5.995203186238043709e+05
6.012028074236459797e+05
6.029374191404556623e+05
6.047153998163869837e+05
6.065149138968806947e+05
6.083046116013297578e+05
6.100489689738093875e+05
6.117142105660572415e+05
6.132736620170341339e+05
6.147116662410114659e+05
6.160256437864651671e+05
6.172263585558726918e+05
6.183368117529820884e+05
6.193902979668241460e+05
6.204279808190049371e+05
6.214959919246460777e+05
6.226417602595016360e+05
6.239092844083077507e+05
6.253334710338562727e+05
6.269343418633025140e+05
6.287125110910309013e+05
6.306474646943456028e+05
6.326996224837070331e+05
6.348160573172741570e+05
6.369385274244211614e+05
6.390117107418692904e+05
6.409896070956771728e+05
6.428389883854726795e+05
6.445400929793724790e+05
6.460858177683093818e+05
6.474809184656891739e+05
6.487420649156620493e+05
6.498983983844366157e+05
6.509912017487495905e+05
6.520710621139941504e+05
6.531917071148109389e+05
6.544012084683906287e+05
6.557327496073817601e+05
6.571978928528194083e+05
6.587848388035689713e+05
6.604626650301974732e+05
6.621905489302511560e+05
6.639292958966153674e+05
6.656517341565851821e+05
6.673489376838915050e+05
6.690305945306255016e+05
6.707196358004473150e+05
6.724428816611270886e+05
6.742204762343104230e+05
6.760570590285018552e+05
6.779370117824341869e+05
6.798249775622285670e+05
6.816715126570194261e+05
6.834225283956892090e+05
6.850303598048897693e+05
6.864640051474950742e+05
6.877163459331378108e+05
6.888069019022588618e+05
6.897797199587986106e+05
6.906970843965259846e+05
6.916305880517275073e+05
6.926514940166706219e+05
6.938221558549380861e+05
6.951896473624368664e+05
6.967819419811643893e+05
6.986063032651464455e+05
7.006492500206665136e+05
7.028775964759826893e+05
7.052404714973994996e+05
7.076725916277219076e+05
7.100991319760661572e+05
7.124422197747072205e+05
7.146285134493480437e+05
7.165968227443810320e+05
7.183045530502226902e+05
7.197320229769486468e+05
7.208842772735435283e+05
7.217906087310001021e+05
7.225023313077156199e+05
7.230892941391293425e+05
7.236352966987552354e+05
7.242322208821226377e+05
7.249726084085120820e+05
7.259407189819191117e+05
7.272027373164553428e+05
7.287975094909283798e+05
7.307296627900112653e+05
7.329669365031213965e+05
7.354429236940635601e+05
7.380653060069315834e+05
7.407283569112099940e+05
7.433273993969818112e+05
7.457724041394727537e+05
7.479981944848793792e+05
7.499697001135386527e+05
7.516820247793567833e+05
7.531562923482216429e+05
7.544329170503760688e+05
7.555639703583171358e+05
7.566058510904182913e+05
7.576128614733512513e+05
7.586318910281653516e+05
7.596983579565228429e+05
7.608337468452287139e+05
7.620452435816702200e+05
