6.099077510913958540e+05
6.090511782638172153e+05
6.084635979983637808e+05
6.080454643366300734e+05
6.076881338763664244e+05
6.072895347252605716e+05
6.067659164484237554e+05
6.060579655442830408e+05
6.051316158763964195e+05
6.039754576214327244e+05
6.025971119020566111e+05
6.010202228599751834e+05
5.992823461826595012e+05
5.974327971824888373e+05
5.955291248622010462e+05
5.936314709424020257e+05
5.917952755602771649e+05
5.900639155043498613e+05
5.884632912699101726e+05
5.869998866406914312e+05
5.856626522615174763e+05
5.844277709445771761e+05
5.832645255636168877e+05
5.821404369406681508e+05
5.810245197850214317e+05
5.798885541492173215e+05
5.787071984531107591e+05
5.774581864101570100e+05
5.761236154880574904e+05
5.746925956353301881e+05
5.731646305831407662e+05
5.715524431290091015e+05
5.698828161294935271e+05
5.681944815181653248e+05
5.665330019730572822e+05
5.649436305044345791e+05
5.634639105099651497e+05
5.621179676280848216e+05
5.609139173700709362e+05
5.598447205418408848e+05
5.588915749884671532e+05
5.580280696170791052e+05
5.572232633834452135e+05
5.564426686077988707e+05
5.556474695502306568e+05
5.547935471780524822e+05
5.538323631413076073e+05
5.527151669083841844e+05
5.514005331307669403e+05
5.498635552493340801e+05
5.481038951008435106e+05
5.461498551766084274e+05
5.440567453128683846e+05
5.418996034820044879e+05
5.397620717511801049e+05
5.377242550835922593e+05
5.358523741346554598e+05
5.341920813635559753e+05
5.327659151674231980e+05
5.315741182064934401e+05
5.305974095411519520e+05
5.298004236267311499e+05
5.291352016860927688e+05
5.285448899284744402e+05
5.279681974535378395e+05
5.273449503383797128e+05
5.266223585103381192e+05
5.257608065532075707e+05
5.247375959623643430e+05
5.235474215064688469e+05
5.221993941312235547e+05
5.207116918946385849e+05
5.191058347310673562e+05
5.174026879175482900e+05
5.156215241699261824e+05
5.137821433521135477e+05
5.119087301828582422e+05
5.100333633573152474e+05
5.081971535957729211e+05
5.064478139954376966e+05
5.048337065701723332e+05
5.033956094800076098e+05
5.021582267438082490e+05
5.011236188901457936e+05
5.002682840158902691e+05
4.995447451464296319e+05
4.988874666436858242e+05
4.982219954647825216e+05
4.974756062771594734e+05
4.965875301948866691e+05
4.955170666735585546e+05
4.942484223219249980e+05
4.927918242422967451e+05
4.911811258099799161e+05
4.894685945057941135e+05
4.877177665555623244e+05
4.859952158913464518e+05
4.843619640076005016e+05
4.828652268515912001e+05
4.815313444149130955e+05
4.803609935653210850e+05
4.793279177715070546e+05
4.783821553107578075e+05
4.774579781936491490e+05
4.764855888860836276e+05
4.754044302963747177e+05
4.741752163027629140e+05
4.727878374101475929e+05
4.712631997185619548e+05
4.696485487876677071e+05
4.680074364797468297e+05
4.664067235364106018e+05
4.649035607323875884e+05
4.635350939802596695e+05
4.623128424007631256e+05
4.612225604476910667e+05
4.602291853416077793e+05
4.592854239315898158e+05
4.583418412856743089e+05
4.573561208684298908e+05
4.562995331287548179e+05
4.551594996341097285e+05
4.539382405448696809e+05
4.526485080510773114e+05
4.513080229444295401e+05
4.499342889283991535e+05
4.485410259708986850e+05
4.471367801142593380e+05
4.457256099752365844e+05
4.443092965421401896e+05
4.428902959586083889e+05
4.414745793947901111e+05
4.400735153465352487e+05
4.387040665472923429e+05
4.373868747152682627e+05
4.361423299184234929e+05
4.349853725421332638e+05
4.339203251123476657e+05
4.329372426077040145e+05
4.320109732737353770e+05
4.311034244078234769e+05
4.301686965828655520e+05
4.291600887553761713e+05
4.280376676134199370e+05
4.267751283263998921e+05
4.253649051944700186e+05
4.238207660191212199e+05
4.221773869169183308e+05
4.204867070927058230e+05
4.188112870640085312e+05
4.172154453203175799e+05
4.157555095838908455e+05
4.144708882386132027e+05
4.133776625250790967e+05
4.124659568316139048e+05
4.117015582436730037e+05
4.110313477667071274e+05
4.103913349045534851e+05
4.097156631891173311e+05
4.089449685217855149e+05
4.080328775065096561e+05
4.069500638871949050e+05
4.056859105478313868e+05
4.042482427773691597e+05
4.026616947502223193e+05
4.009650836760614766e+05
3.992078707768035820e+05
3.974456157402364188e+05
3.957344420132361702e+05
3.941249126856040093e+05
3.926561745514215436e+05
3.913514791015521041e+05
3.902160293187528150e+05
3.892375359098366462e+05
3.883891259308776935e+05
3.876336635576449335e+05
3.869283666254946147e+05
3.862288635891553131e+05
3.854923421436512726e+05
3.846799076723193284e+05
3.837584885116940713e+05
3.827025670930948108e+05
3.814958107915920555e+05
3.801324950698458124e+05
3.786185461012946907e+05
3.769720494118100032e+05
3.752230754832454259e+05
3.734125965258275974e+05
3.715901492721015238e+05
3.698098689328437904e+05
3.681247201412182185e+05
3.665792277816798305e+05
3.652016585668022744e+05
3.639971897647135775e+05
3.629438555907213595e+05
3.619927958200206631e+05
3.610735256754473085e+05
3.601037770640518283e+05
3.590022549530257238e+05
3.577017832034474704e+05
3.561600777385544498e+05
3.543658923937758664e+05
3.523394100495727616e+05
3.501271703532132087e+05
3.477931087777239736e+05
3.454080501700429013e+05
3.430400514705906971e+05
3.407473652824225719e+05
3.385747609615777037e+05
3.365528719493743265e+05
3.346994911890085787e+05
3.330215153715665219e+05
3.315165378766619833e+05
3.301737151335218805e+05
3.289741880920859985e+05
3.278917556392261758e+05
3.268945166735178209e+05
3.259478359283620957e+05
3.250184076123137493e+05
3.240786306660416303e+05
3.231101970796797541e+05
3.221058654759499477e+05
3.210688453706559958e+05
3.200099164807425113e+05
3.189431200596278068e+05
3.178813292735983850e+05
3.168330392994870781e+05
3.158012631626064540e+05
3.147846089922229294e+05
3.137797434466612758e+05
3.127838747293344932e+05
3.117958936363763059e+05
3.108154458220856031e+05
3.098402443031866569e+05
3.088629267927985638e+05
3.078692474028596771e+05
3.068390873924739426e+05
3.057507354158623493e+05
3.045875198074140353e+05
3.033447406121838721e+05
3.020344366274412023e+05
3.006860302310856641e+05
2.993421457869413425e+05
2.980504332879281137e+05
2.968534954155545565e+05
2.957795888802279369e+05
2.948364977872004383e+05
2.940100045858162339e+05
2.932670751313117798e+05
2.925626607307899976e+05
2.918482542535034008e+05
2.910801863942839555e+05
2.902260595783864264e+05
2.892684625660486054e+05
2.882058868306318182e+05
2.870513227060974459e+05
2.858292360382981133e+05
2.845715664252740098e+05
2.833132108798898407e+05
2.820873394441696000e+05
2.809209253498891485e+05
2.798310261606927379e+05
2.788224866401464096e+05
2.778876913366758381e+05
2.770086881319955573e+05
2.761614705501477001e+05
2.753216002688225126e+05
2.744698814909734065e+05
2.735966486460993765e+05
2.727034871447842452e+05
2.718018369514640654e+05
2.709087764818119467e+05
2.700411168942357181e+05
2.692095013969757129e+05
2.684142984529786627e+05
2.676446201534692664e+05
2.668808749922486022e+05
2.661001338513788069e+05
2.652826081998912850e+05
2.644170529057983658e+05
2.635031090860934346e+05
2.625494624663401628e+05
2.615679529787226929e+05
2.605650431165253103e+05
2.595329533310831757e+05
2.584430496380911209e+05
2.572436617016606324e+05
2.558635439159491798e+05
2.542209184805396944e+05
2.522367593179277901e+05
2.498499714041425323e+05
2.470316029498589050e+05
2.437953013038011559e+05
2.402018640179138456e+05
2.363567995508637396e+05
2.324010673076460371e+05
2.284963574905080604e+05
2.248071775149950117e+05
2.214824927336094552e+05
2.186396734796398378e+05
2.163530509589278372e+05
2.146485595948712726e+05
2.135048704957572336e+05
2.128602802583581069e+05
2.126236374286618666e+05
2.126869958135879424e+05
2.129376384634176502e+05
2.132676293312763446e+05
2.135799541286785097e+05
2.137913115068010811e+05
2.138324003627432976e+05
2.136469196917570371e+05
2.131904327286371263e+05
2.124298788348657545e+05
2.113440354254363046e+05
2.099247890137597860e+05
2.081787363013192371e+05
2.061284131028081174e+05
2.038123531993250363e+05
2.012832601232721936e+05
1.986038931639930524e+05
1.958408282935951429e+05
1.930569437177428917e+05
1.903040756131709786e+05
1.876175375003825466e+05
1.850139277987203677e+05
1.824928762255757756e+05
1.800423129822904593e+05
1.776458296056060062e+05
1.752900872849122679e+05
1.729702417939186271e+05
1.706920070908781781e+05
1.684700650013371778e+05
1.663236878429579083e+05
1.642712870981474116e+05
1.623258523789257160e+05
1.604928245363485476e+05
1.587710132206205744e+05
1.571560606961915037e+05
1.556450662558191107e+05
1.542406281519414624e+05
1.529528421312197752e+05
1.517985909793311439e+05
1.507984582247571379e+05
1.499724282526107272e+05
1.493358979683503858e+05
1.488973083722720039e+05
1.486580128401432594e+05
1.486141092336067813e+05
1.487592152396527817e+05
1.490868356035817997e+05
1.495911662989261677e+05
1.502658147672756168e+05
1.511007398328909185e+05
1.520784231810249912e+05
1.531706257388252125e+05
1.543369494918689597e+05
1.555258834220469580e+05
1.566782649643778568e+05
1.577323969274941483e+05
1.586296471068320097e+05
1.593193310375073925e+05
1.597619977320244652e+05
1.599307443246566399e+05
1.598106753041883640e+05
1.593969419647071045e+05
1.586919084907793149e+05
1.577019678495402331e+05
1.564344958473171864e+05
1.548954587246142910e+05
1.530882392972088128e+05
1.510141842416137515e+05
1.486750670690103725e+05
1.460770939891149465e+05
1.432354200247035187e+05
1.401776873062376690e+05
1.369451269733253284e+05
1.335903804859666561e+05
1.301722299192943028e+05
1.267484994846063928e+05
1.233690721518551873e+05
1.200709724861058494e+05
1.168767896754340618e+05
1.137966150638374093e+05
1.108325594169356336e+05
1.079841869104000361e+05
1.052530766058012232e+05
1.026451876253737573e+05
1.001705513610671769e+05
9.784073013205033203e+04
9.566516682908590883e+04
9.364781017777908710e+04
9.178519408753694734e+04
9.006658477788597520e+04
8.847609597394237062e+04
8.699605025206468417e+04
8.561052614670328330e+04
8.430806225403145072e+04
8.308284916640064330e+04
8.193427882928519102e+04
8.086524112904841604e+04
7.987988490337965777e+04
7.898160422726711840e+04
7.817178964768323931e+04
7.744951142825200805e+04
7.681193632471559977e+04
7.625506036209331069e+04
7.577433361747993331e+04
7.536492919130153314e+04
7.502166035108195501e+04
7.473874648606230039e+04
7.450967926212155726e+04
7.432733750196364417e+04
7.418431787579145748e+04
7.407330211586966470e+04
7.398725804800423793e+04
7.391938440340298985e+04
7.386289028259963379e+04
7.381084012397447077e+04
7.375630639156117104e+04
7.369293903740297537e+04
7.361584877776551002e+04
7.352252176540187793e+04
7.341343233686861640e+04
7.329212615720662870e+04
7.316475311081661494e+04
7.303922968121516169e+04
7.292430226621641486e+04
7.282872477939742384e+04
7.276059728351014201e+04
7.272673802825425810e+04
7.273188528372545261e+04
7.277760345546381723e+04
7.286097620151104638e+04
7.297341481703949103e+04
7.310007430945921806e+04
7.322036099784757243e+04
7.330980935641701217e+04
7.334325431827320426e+04
7.329883779551085900e+04
7.316209225030949165e+04
7.292924174700620642e+04
7.260899453254342370e+04
7.222243869719230861e+04
7.180109429542344878e+04
7.138358259887664462e+04
7.101161069199384656e+04
7.072595292544261611e+04
7.056284311713885108e+04
7.055077623684458376e+04
7.070733669795558671e+04
7.103552397336662398e+04
7.151927872695156839e+04
7.211853433299364406e+04
7.276496470417534874e+04
7.336034803504130105e+04
7.377972859144039103e+04
7.388102619186557422e+04
7.352134555661358172e+04
7.257824632794565696e+04
7.097224027541289979e+04
6.868552394733208348e+04
6.577203890768578276e+04
6.235557151272836199e+04
5.861539864919557294e+04
5.476212243653769110e+04
5.100880915972696675e+04
4.754356392424258229e+04
4.450896062177774729e+04
4.199163827393003157e+04
4.002263924750813021e+04
3.858658522597989941e+04
3.763623125069370872e+04
3.710856460106860322e+04
3.693926580910308985e+04
3.707359668014731869e+04
3.747313553702480567e+04
3.811886394528176606e+04
3.901173634525426314e+04
4.017203180325077847e+04
4.163860348323683138e+04
4.346873527543578530e+04
4.573877010139594495e+04
4.854501461128942901e+04
5.200365861672496249e+04
5.624765438829885534e+04
6.141791615710506449e+04
6.764623015478147136e+04
7.502837681512953714e+04
8.358844138044129068e+04
9.323892494086289662e+04
1.037451830183660350e+05
1.147054366122511856e+05
1.255575013504024100e+05
1.356194202309210377e+05
1.441635889711386408e+05
1.505145097037731321e+05
1.541519501648733276e+05
1.547971281236968643e+05
1.524615750925909961e+05
1.474464833670085063e+05
1.402923180570441473e+05
1.316905661648338428e+05
1.223779535027125676e+05
1.130359068918203120e+05
1.042142459999233542e+05
9.628987161537200154e+04
8.946155649539537262e+04
8.377379705576875131e+04
7.915799425954253820e+04
7.547850042310153367e+04
7.257351706564515189e+04
7.028496445294721343e+04
6.847571173074707622e+04
6.703582709909236291e+04
6.588127472467655025e+04
6.494880968372218194e+04
6.419012255338132672e+04
6.356709983645970351e+04
6.304887052430369658e+04
6.261041686754154216e+04
6.223207016946628573e+04
6.189916724087345938e+04
6.160138540926994756e+04
6.133163559577020351e+04
6.108471560060008051e+04
6.085610086197165947e+04
6.064123979868408787e+04
6.043555670756872132e+04
6.023512555546673684e+04
6.003775520586502535e+04
5.984409418251035095e+04
5.965835468322024099e+04
5.948836087051327922e+04
5.934480231913414900e+04
5.923976408874296612e+04
5.918476245940075023e+04
5.918861383311357349e+04
5.925550129323492001e+04
5.938359100254152145e+04
5.956450115854849719e+04
5.978384090445881884e+04
6.002290649720011425e+04
6.026144101231795503e+04
6.048114595848800673e+04
6.066942178371324553e+04
6.082267387637675711e+04
6.094851242944099067e+04
6.106632761953824956e+04
6.120601608473069064e+04
6.140500542576233420e+04
6.170408143107558135e+04
6.214278271490023326e+04
6.275522882905458391e+04
6.356716400011110090e+04
6.459473864455959847e+04
6.584516043416860339e+04
6.731890810032791342e+04
6.901282482593409077e+04
7.092320759729303245e+04
7.304805984361319861e+04
7.538797326240423718e+04
7.794555175227230939e+04
8.072371972527756589e+04
8.372350478448250215e+04
8.694186836856554146e+04
9.036992214110470377e+04
9.399156464281388617e+04
9.778237976856523892e+04
1.017086584363038710e+05
1.057266039410672383e+05
1.097820108682914433e+05
1.138107959080956789e+05
1.177406241959081817e+05
1.214935808404793643e+05
1.249895576258446963e+05
1.281499318004103261e+05
1.309012630911606102e+05
1.331790211428752227e+05
1.349315697555846418e+05
1.361245914056132315e+05
1.367457923702618864e+05
1.368092220537114772e+05
1.363581215855543269e+05
1.354651240014950745e+05
1.342289645591115986e+05
1.327675462279799685e+05
1.312080245967187511e+05
1.296752742015951662e+05
1.282804861880105018e+05
1.271116560194653575e+05
1.262273902259887691e+05
1.256548944645987940e+05
1.253923149130138918e+05
1.254148951169629581e+05
1.256837808803149383e+05
1.261558628634453489e+05
1.267928927313845197e+05
1.275683073038534058e+05
1.284707282260675856e+05
1.295038537668339850e+05
1.306832293521329266e+05
1.320309654777144315e+05
1.335697189017542114e+05
1.353171351588494144e+05
1.372815614105996210e+05
1.394593537962291157e+05
1.418337045354409202e+05
1.443747156355800107e+05
1.470404565517726005e+05
1.497788774062988523e+05
1.525305840999681095e+05
1.552325220834193751e+05
1.578225368359217537e+05
1.602446221593767696e+05
1.624544981640608748e+05
1.644250240815177094e+05
1.661508514464614564e+05
1.676516447971919843e+05
1.689731439181461756e+05
1.701853657197011344e+05
1.713774332504834747e+05
1.726489465159939718e+05
1.740984669701678795e+05
1.758104498268616735e+05
1.778426034306709189e+05
1.802159398087001464e+05
1.829095432664733089e+05
1.858613223814273369e+05
1.889748978788014501e+05
1.921316036270869372e+05
1.952056388624406827e+05
1.980799110979663092e+05
2.006601080189557979e+05
2.028849583135548164e+05
2.047313435980339127e+05
2.062137648217409442e+05
2.073785387437409663e+05
2.082939165894276812e+05
2.090379796591331833e+05
2.096865506859090528e+05
2.103033401320597914e+05
2.109340578538340924e+05
2.116053145578366821e+05
2.123280014161600848e+05
2.131037529839366907e+05
2.139323628114891471e+05
2.148178452261392667e+05
2.157712825550296111e+05
2.168095550749379909e+05
2.179502690848594066e+05
2.192043485972448252e+05
2.205685206217527448e+05
2.220200820674713177e+05
2.235158292049201846e+05
2.249959861435029015e+05
2.263926715743995155e+05
2.276412538030428695e+05
2.286921895936981018e+05
2.295208137838873954e+05
2.301330445236169035e+05
2.305659155363128812e+05
2.308829588781076018e+05
2.311654523717862612e+05
2.315012118762667524e+05
2.319728711024220102e+05
2.326474840844116989e+05
2.335689053466913756e+05
2.347538611382041126e+05
2.361920159776842920e+05
2.378497364872467588e+05
2.396767246060697071e+05
2.416142988472194120e+05
2.436039027789671673e+05
2.455944518039198592e+05
2.475473977155926987e+05
2.494388622472459392e+05
2.512587926950301626e+05
2.530077128885891289e+05
2.546921416732455837e+05
2.563199914248673886e+05
2.578971555718439049e+05
2.594260615605918865e+05
2.609063339604725479e+05
2.623370857779798098e+05
2.637199302622757968e+05
2.650616856695605675e+05
2.663759130865994957e+05
2.676827735405500862e+05
2.690070888786779833e+05
2.703748590136502753e+05
2.718087994658853859e+05
2.733237100978254457e+05
2.749226338364732801e+05
2.765947403423596988e+05
2.783156040262141032e+05
2.800500382951235515e+05
2.817570114461485646e+05
2.833956106648001587e+05
2.849307546550616389e+05
2.863374997753218049e+05
2.876032886834965320e+05
2.887281485096011893e+05
2.897233897318548406e+05
2.906095852311472408e+05
2.914144786814082763e+05
2.921711082650755416e+05
2.929160522998202359e+05
2.936874969884961611e+05
2.945228639701771317e+05
2.954559530514057842e+05
2.965138148915466154e+05
2.977137461417271988e+05
2.990608495344356634e+05
3.005465552970218705e+05
3.021484168948282604e+05
3.038314026635546470e+05
3.055507848508430179e+05
3.072565377447701758e+05
3.088988867227649316e+05
3.104343526913686073e+05
3.118314118299520342e+05
3.130748347301499452e+05
3.141679205797134782e+05
3.151321648273120518e+05
3.160043084566299804e+05
3.168311283051938517e+05
3.176626863487989176e+05
3.185450341761372401e+05
3.195135379256533924e+05
3.205879960313079064e+05
3.217705030731536099e+05
3.230465387676347746e+05
3.243890890082262922e+05
3.257648959531310829e+05
3.271414074968225905e+05
3.284928467671354301e+05
3.298041234496368561e+05
3.310719684428920154e+05
3.323034620405754540e+05
3.335127711165177170e+05
3.347172119185374468e+05
3.359336613125747535e+05
3.371759557298508007e+05
3.384534407043420943e+05
3.397704582509156899e+05
3.411263963607486221e+05
3.425159770297621144e+05
3.439296433722397778e+05
3.453541062080130796e+05
3.467732276368207531e+05
3.481694037755812751e+05
3.495254676193436026e+05
3.508269204273470677e+05
3.520641010684550274e+05
3.532338080684922170e+05
3.543399636350973742e+05
3.553931590241923113e+05
3.564092736738806125e+05
3.574076751245568157e+05
3.584096224420179497e+05
3.594373118900448899e+05
3.605135517501909053e+05
3.616615198056236841e+05
3.629037237499334733e+05
3.642593978583389544e+05
3.657401938009089790e+05
3.673449643797128811e+05
3.690552894005480921e+05
3.708337087436753791e+05
3.726261516675954917e+05
3.743688691332808812e+05
3.759987103983276756e+05
3.774644168107198784e+05
3.787362037066693883e+05
3.798114037422110559e+05
3.807151050870021572e+05
3.814960418448392302e+05
3.822189920614750008e+05
3.829553512385598151e+05
3.837734303833541344e+05
3.847296529610889847e+05
3.858614933325362508e+05
3.871828499635179178e+05
3.886824995269248029e+05
3.903261187332218396e+05
3.920619117143793264e+05
3.938291471922947094e+05
3.955681120774809388e+05
3.972294628967609024e+05
3.987809812320768251e+05
4.002103817992628901e+05
4.015238923719890299e+05
4.027414560428537079e+05
4.038902136831796961e+05
4.049981647974210791e+05
4.060895586393269477e+05
4.071828157032709569e+05
4.082909054847824154e+05
4.094233793926289654e+05
4.105888572200553608e+05
4.117967590980124660e+05
4.130574325344177196e+05
4.143804389179958962e+05
4.157714647431086050e+05
4.172288966549492907e+05
4.187413432850239333e+05
4.202871886953474022e+05
4.218366706443538424e+05
4.233562058093283558e+05
4.248140279245789279e+05
4.261858975514910999e+05
4.274597415027758689e+05
4.286384505534369382e+05
4.297404758362262510e+05
4.307981434371435316e+05
4.318537411961234175e+05
4.329535605922306422e+05
4.341403690544259734e+05
4.354452924048400018e+05
4.368806505808589282e+05
4.384356069410134805e+05
4.400762618441807572e+05
4.417509303651305381e+05
4.433999683318238240e+05
4.449680844498599763e+05
4.464161279126033187e+05
4.477292723321063677e+05
4.489194226875318564e+05
4.500212843685346888e+05
4.510833187973305467e+05
4.521561773648992530e+05
4.532817324306439841e+05
4.544854046141537256e+05
4.557733381663550972e+05
4.571345265235137776e+05
4.585466939069355722e+05
4.599839290886822273e+05
4.614238808906928170e+05
4.628527115736690466e+05
4.642667869816460880e+05
4.656710270151140285e+05
4.670747128250873648e+05
4.684861566523743095e+05
4.699078686564729433e+05
4.713336760756786098e+05
4.727487265272664372e+05
4.741325672650344786e+05
4.754646941891126917e+05
4.767312684189444408e+05
4.779312515272870660e+05
4.790801382138674380e+05
4.802098481508747791e+05
4.813641712443130091e+05
4.825903054979114095e+05
4.839282053247675067e+05
4.854003061150911381e+05
4.870043783559895819e+05
4.887116376325121382e+05
4.904709119907631539e+05
4.922180256440491648e+05
4.938881218355220626e+05
4.954278945926595479e+05
4.968048741655248450e+05
4.980119279709774419e+05
4.990666107599139796e+05
5.000063878514340613e+05
5.008815905712281237e+05
5.017480213635422988e+05
5.026605178123392398e+05
5.036678905995975947e+05
5.048089384242119268e+05
5.061090458207049523e+05
5.075772253084026161e+05
5.092041001113083912e+05
5.109617964198237169e+05
5.128066521139498800e+05
5.146849602939440520e+05
5.165409124247648288e+05
5.183249853928250377e+05
5.200007086351497564e+05
5.215482514096575323e+05
5.229643847748916596e+05
5.242595885419358965e+05
5.254538367014735704e+05
5.265725978563487297e+05
5.276439222080046311e+05
5.286965786267631920e+05
5.297585661516439868e+05
5.308552714869456831e+05
5.320070419008320896e+05
5.332266459266031161e+05
5.345175571755310521e+05
5.358739261512592202e+05
5.372825163403125480e+05
5.387260812542646891e+05
5.401870755742415786e+05
5.416505397444814444e+05
5.431055018449279014e+05
5.445450272447176976e+05
5.459656811019225279e+05
5.473672980353101157e+05
5.487535085590237286e+05
5.501327179125384428e+05
5.515186242031777510e+05
5.529292813192926114e+05
5.543842397129184101e+05
5.559001645184654044e+05
5.574860735185823869e+05
5.591395784047961934e+05
5.608451715751633747e+05
5.625749172394360648e+05
5.642912618523899000e+05
5.659513496408404317e+05
5.675122300792546012e+05
5.689364716590711614e+05
5.701977131073388737e+05
5.712855110884050373e+05
5.722086236198085826e+05
5.729958541873599170e+05
5.736939440916219028e+05
5.743626859771672171e+05
5.750681661160135409e+05
5.758754843277578475e+05
5.768422379423547536e+05
5.780135389773726929e+05
5.794186485467968741e+05
5.810688261392201530e+05
5.829559460528505733e+05
5.850518103701825021e+05
5.873086156936216867e+05
5.896613343673262279e+05
5.920325841016236227e+05
5.943398858369424706e+05
5.965043374640534166e+05
5.984590943928889465e+05
6.001559956964494195e+05
6.015692746769244550e+05
6.026962796214056434e+05
6.035560309903449379e+05
6.041868189677800983e+05
6.046437358829530422e+05
6.049962459786210675e+05
6.053250930838368367e+05
6.057175252164475387e+05
6.062602135719334474e+05
6.070302127119163051e+05
6.080853835198695306e+05
6.094563438534946181e+05
6.111418979159559822e+05
6.131090704839578830e+05
6.152977085430908483e+05
6.176285913087051595e+05
6.200134451175574213e+05
6.223652396145788953e+05
6.246074465552102774e+05
6.266813035888427403e+05
6.285503914251514943e+05
6.302020448199399980e+05
6.316454322633065749e+05
6.329066642643138766e+05
6.340219549846476875e+05
6.350304140749601647e+05
6.359681833710601786e+05
6.368651940634640632e+05
6.377449059558619047e+05
6.386263498059057165e+05
6.395270627690769034e+05
6.404653941774074920e+05
6.414611873021011706e+05
6.425347342410960700e+05
6.437047130193231860e+05
6.449861624483258929e+05
6.463892960961132776e+05
6.479192843942558393e+05
6.495764457978504943e+05
6.513559907594935503e+05
6.532467462531451602e+05
6.552290202235730831e+05
6.572725550843091914e+05
6.593359284417775925e+05
6.613685320290365489e+05
6.633154554577494273e+05
6.651245576975095319e+05
6.667541695232379716e+05
6.681795736605130369e+05
6.693967520180469146e+05
6.704227098261810606e+05
6.712926588676251704e+05
6.720551155640010256e+05
6.727662943765873788e+05
6.734849803827484138e+05
6.742684700913543347e+05
6.751694523274434032e+05
6.762331906224577688e+05
6.774943138618175872e+05
6.789729710771291284e+05
6.806708614485745784e+05
6.825683374867306557e+05
6.846240143325118115e+05
6.867778984640720300e+05
