6.805046655523269437e+05
6.787571450937682530e+05
6.770121985790051986e+05
6.752809616959437262e+05
6.735771364548441488e+05
6.719164642224181443e+05
6.703149737911855336e+05
6.687866591547713615e+05
6.673413332501809346e+05
6.659830883039205801e+05
6.647093136023083935e+05
6.635099193019825034e+05
6.623665281653483398e+05
6.612519005914493464e+05
6.601304454747235868e+05
6.589609022345609264e+05
6.577018386266524903e+05
6.563195122745530680e+05
6.547963025545319542e+05
6.531369828511932865e+05
6.513701506052832119e+05
6.495433608035667567e+05
6.477125777331022546e+05
6.459286916087639984e+05
6.442251472512860782e+05
6.426105965831887443e+05
6.410688926834596787e+05
6.395662832712082891e+05
6.380632920669583837e+05
6.365273963152487995e+05
6.349426716091006529e+05
6.333139212839019019e+05
6.316647860896392958e+05
6.300311335814129561e+05
6.284520596394756576e+05
6.269609287547764834e+05
6.255782766635735752e+05
6.243075420619529905e+05
6.231338710414940724e+05
6.220258138648213353e+05
6.209395442140747327e+05
6.198251007595593110e+05
6.186339440772637026e+05
6.173268322468055412e+05
6.158807610057162819e+05
6.142936467108495999e+05
6.125856619392168941e+05
6.107966723148900783e+05
6.089799737931089476e+05
6.071933263758788817e+05
6.054889299315426033e+05
6.039043118158730213e+05
6.024559730762122199e+05
6.011370518328847829e+05
5.999193284619059414e+05
5.987588710297807120e+05
5.976038231472049374e+05
5.964025397044129204e+05
5.951105671300545800e+05
5.936956848970062565e+05
5.921410192071917700e+05
5.904467222917365143e+05
5.886306676746761659e+05
5.867281296600155765e+05
5.847898503774137935e+05
5.828776864203698933e+05
5.810574354622178944e+05
5.793893960438446375e+05
5.779183060282734223e+05
5.766649966485402547e+05
5.756219888411930297e+05
5.747542953681440558e+05
5.740052118892400758e+05
5.733054562320593977e+05
5.725832010782095604e+05
5.717726327263995772e+05
5.708195697285931092e+05
5.696839745724911336e+05
5.683403350133333588e+05
5.667774242163724266e+05
5.649986988353792112e+05
5.630237290838662302e+05
5.608899942881480092e+05
5.586536072625976522e+05
5.563874017315099481e+05
5.541754084542584606e+05
5.521038449467140017e+05
5.502499393290843582e+05
5.486707561650783755e+05
5.473943841660028556e+05
5.464153251237116056e+05
5.456948954664384946e+05
5.451662930548522854e+05
5.447430835000078660e+05
5.443294699105422478e+05
5.438308399824325461e+05
5.431635288482987089e+05
5.422631884387942264e+05
5.410913689193082973e+05
5.396398376885049511e+05
5.379319437874957221e+05
5.360202635513527784e+05
5.339800847415258177e+05
5.318990612769826548e+05
5.298644066966116661e+05
5.279499071000536205e+05
5.262054087090414250e+05
5.246510177585624624e+05
5.232770823971965001e+05
5.220494562315660296e+05
5.209181070859110914e+05
5.198263492616973235e+05
5.187181318464270444e+05
5.175418474489797954e+05
5.162506399886177969e+05
5.148006115888412460e+05
5.131491267563786823e+05
5.112553035758241313e+05
5.090838286429917207e+05
5.066118030916135176e+05
5.038369458378874697e+05
5.007846346074074972e+05
4.975112431984649156e+05
4.941020412378751207e+05
4.906633006404212210e+05
4.873097714146432700e+05
4.841498913292657235e+05
4.812716395751592936e+05
4.787317140909723821e+05
4.765498322972254246e+05
4.747087393595214817e+05
4.731593344222294982e+05
4.718294974152113427e+05
4.706348519142554724e+05
4.694897831341286656e+05
4.683173718100491096e+05
4.670573113208848517e+05
4.656712217322201468e+05
4.641450379577803542e+05
4.624883835130881052e+05
4.607311129977883538e+05
4.589175354076548247e+05
4.570991653117147507e+05
4.553270876065751072e+05
4.536450621537200641e+05
4.520842903996448731e+05
4.506603564647632884e+05
4.493723579726263415e+05
4.482038098407568759e+05
4.471246652347540949e+05
4.460938059016930056e+05
4.450615733655251097e+05
4.439722397794813733e+05
4.427666276937056100e+05
4.413852782082548365e+05
4.397725758171932539e+05
4.378820450266653788e+05
4.356826518480202649e+05
4.331654275425481610e+05
4.303492000220133923e+05
4.272838570126444101e+05
4.240495902880038484e+05
4.207511310310442350e+05
4.175070534657859243e+05
4.144355347791918903e+05
4.116390789110253681e+05
4.091912052324000979e+05
4.071277418231054326e+05
4.054442483339771861e+05
4.040996202558340738e+05
4.030246003697226988e+05
4.021331320438077091e+05
4.013343553479700349e+05
4.005434314080916229e+05
3.996900108789880760e+05
3.987237916964725591e+05
3.976171082986142719e+05
3.963648366837276844e+05
3.949821080457520438e+05
3.935004116105529829e+05
3.919626419386678026e+05
3.904175443467952427e+05
3.889139176184873213e+05
3.874949379742558813e+05
3.861930998105520266e+05
3.850264411216601729e+05
3.839967648248654441e+05
3.830903321490252274e+05
3.822809783618568908e+05
3.815349526583641418e+05
3.808162919715574826e+05
3.800914428038337501e+05
3.793322084936277242e+05
3.785167665043835877e+05
3.776291810096625704e+05
3.766582567459923448e+05
3.755966128882410703e+05
3.744405539576553274e+05
3.731908518083178787e+05
3.718541182226476958e+05
3.704441698346780031e+05
3.689827139049356920e+05
3.674988064318193938e+05
3.660268155517540872e+05
3.646030020481728716e+05
3.632612134284507483e+05
3.620284636315309908e+05
3.609212356387217878e+05
3.599431618947466486e+05
3.590843648086126195e+05
3.583223127984557068e+05
3.576237238370402483e+05
3.569469387634427985e+05
3.562443104612739407e+05
3.554644396217913018e+05
3.545544027620616253e+05
3.534623268004657584e+05
3.521406723807851668e+05
3.505503750552318525e+05
3.486656211351543898e+05
3.464786276625224273e+05
3.440034975755352061e+05
3.412781449466823251e+05
3.383634760391782038e+05
3.353394377120943973e+05
3.322981152533247368e+05
3.293346587443415774e+05
3.265373167262582574e+05
3.239781407211772166e+05
3.217058972609054181e+05
3.197423404538114555e+05
3.180823066869617905e+05
3.166972598975612200e+05
3.155411936788533931e+05
3.145574324406681117e+05
3.136849922322925413e+05
3.128636884465409676e+05
3.120378601018264890e+05
3.111591065204857150e+05
3.101885864049626980e+05
3.090991990944502177e+05
3.078775383527581580e+05
3.065251504051582888e+05
3.050585433139523375e+05
3.035076189007639769e+05
3.019125992919798591e+05
3.003198920008103596e+05
2.987775205271712621e+05
2.973307031613846775e+05
2.960179692866546102e+05
2.948679888354644645e+05
2.938971576966701541e+05
2.931079587754444219e+05
2.924881678790801088e+05
2.920110313162666280e+05
2.916365571829692344e+05
2.913140158000957454e+05
2.909856428940390470e+05
2.905913958563702763e+05
2.900744407740625902e+05
2.893868620680802851e+05
2.884949223852725117e+05
2.873831166989355115e+05
2.860563268238001037e+05
2.845396259450938669e+05
2.828756773503554869e+05
2.811201159514429746e+05
2.793356574231121922e+05
2.775858353566343430e+05
2.759291893367670127e+05
2.744144778146772878e+05
2.730771881885156035e+05
2.719373751969743753e+05
2.709987309606529307e+05
2.702487587564043351e+05
2.696599318651404465e+05
2.691917209685361013e+05
2.687933586215527612e+05
2.684071986628121813e+05
2.679725427303996985e+05
2.674298356309714727e+05
2.667251333173186285e+05
2.658146736533506773e+05
2.646692179565203842e+05
2.632776273960489780e+05
2.616489911036974227e+05
2.598126418041472789e+05
2.578156463943682320e+05
2.557178243112372293e+05
2.535849115254590288e+05
2.514809743103315413e+05
2.494614072426324710e+05
2.475677231910871924e+05
2.458248866332515609e+05
2.442413100593381678e+05
2.428110463504510990e+05
2.415173552265160251e+05
2.403367700895221788e+05
2.392429752266461728e+05
2.382100703168775071e+05
2.372150107861802098e+05
2.362391227538945677e+05
2.352686560039464384e+05
2.342944498420461605e+05
2.333109810881560261e+05
2.323152709266550082e+05
2.313062055152481189e+05
2.302846587909458613e+05
2.292544046924640716e+05
2.282233306699298264e+05
2.272041536465837853e+05
2.262138794232381624e+05
2.252716598134307133e+05
2.243953265398658405e+05
2.235974485431449139e+05
2.228820264210540336e+05
2.222427973112321342e+05
2.216636421518989373e+05
2.211209599506985396e+05
2.205873318511389371e+05
2.200355181090015685e+05
2.194418805463191238e+05
2.187886500817727065e+05
2.180649227840699023e+05
2.172666911934287054e+05
2.163964470423686143e+05
2.154628503434665035e+05
2.144806763323183986e+05
2.134708502690325840e+05
2.124600353970330616e+05
2.114791105210231617e+05
2.105600436447607353e+05
2.097311124978469161e+05
2.090110173599133268e+05
2.084029919479934324e+05
2.078903551689301967e+05
2.074349213749731425e+05
2.069792531859687879e+05
2.064529671598716814e+05
2.057823650736738928e+05
2.049018081043211278e+05
2.037647245911746577e+05
2.023521119955229806e+05
2.006768859916331712e+05
1.987833121423851408e+05
1.967417804783334141e+05
1.946400731275900034e+05
1.925728164606206119e+05
1.906309137402245833e+05
1.888924665459775133e+05
1.874161508925643866e+05
1.862373874501652317e+05
1.853670864252538304e+05
1.847923621267011331e+05
1.844784533409143332e+05
1.843711577899716212e+05
1.843993520940832386e+05
1.844775436799653689e+05
1.845087808458279760e+05
1.843885153764241841e+05
1.840100665005113988e+05
1.832721110348992806e+05
1.820881176312816970e+05
1.803969289830217895e+05
1.781729423235689756e+05
1.754337894998205884e+05
1.722433335528729076e+05
1.687083539210500021e+05
1.649684700124512601e+05
1.611803929198285914e+05
1.574990478173077863e+05
1.540589928682404570e+05
1.509595573024192126e+05
1.482562216178324015e+05
1.459592727818758576e+05
1.440391772956899076e+05
1.424368926618597179e+05
1.410767493763420207e+05
1.398795786169088387e+05
1.387742265246783791e+05
1.377062108554948645e+05
1.366428387987982715e+05
1.355745520534128009e+05
1.345126437501028413e+05
1.334838753439927241e+05
1.325229282825913397e+05
1.316639848803693894e+05
1.309329181469151954e+05
1.303414691126083053e+05
1.298843752544781310e+05
1.295397722113217606e+05
1.292724988536929013e+05
1.290393890982035664e+05
1.287953720334418613e+05
1.284992572736223665e+05
1.281183782713234541e+05
1.276316610923671979e+05
1.270310398622038047e+05
1.263213695002063469e+05
1.255190845163814811e+05
1.246498685681737406e+05
1.237455954390887346e+05
1.228408157443964155e+05
1.219690949901274289e+05
1.211595335796756553e+05
1.204337948680230475e+05
1.198039276986701589e+05
1.192712047383924655e+05
1.188261178264127520e+05
1.184495756809414306e+05
1.181152280332999217e+05
1.177926908820380049e+05
1.174512901669253333e+05
1.170638199425440980e+05
1.166097764240941178e+05
1.160776098162452254e+05
1.154657185218968079e+05
1.147821412623325596e+05
1.140431105202729814e+05
1.132707603501949488e+05
1.124903191159738926e+05
1.117270933386792458e+05
1.110035152318168839e+05
1.103365242663204262e+05
1.097355828667861933e+05
1.092016445299519546e+05
1.087273358742197597e+05
1.082984405500884022e+05
1.078964977946414874e+05
1.075020312984584598e+05
1.070977199392668554e+05
1.066708079493449768e+05
1.062142570531110541e+05
1.057265071325542522e+05
1.052101081531403324e+05
1.046697744851993630e+05
1.041104999874805653e+05
1.035362478134890844e+05
1.029494627879724139e+05
1.023513596021014091e+05
1.017427223156268010e+05
1.011248665734995448e+05
1.005004602607458946e+05
9.987401846775574086e+04
9.925201671125962457e+04
9.864265143549238564e+04
9.805530389808106702e+04
9.749975312930041400e+04
9.698517469768376031e+04
9.651898727704210614e+04
9.610567457469110377e+04
9.574578928262508998e+04
9.543539084418653511e+04
9.516613711787520151e+04
9.492612901787665032e+04
9.470142646385823900e+04
9.447797457915173436e+04
9.424356583294281154e+04
9.398945512511166453e+04
9.371133699089681613e+04
9.340954781502037076e+04
9.308851861438258493e+04
9.275563329307934328e+04
9.241972276755931671e+04
9.208944494626900996e+04
9.177177073860124801e+04
9.147072665829892503e+04
9.118645109683465853e+04
9.091453223228639399e+04
9.064554938316578045e+04
9.036476953650855285e+04
9.005206088073352294e+04
8.968223443320232036e+04
8.922613310583318525e+04
8.865276703670894494e+04
8.793259467928555387e+04
8.704169575227008318e+04
8.596618209667065821e+04
8.470590488258893311e+04
8.327649077861497062e+04
8.170904647375163040e+04
8.004745707018829125e+04
7.834389372499781894e+04
7.665369670278149715e+04
7.503099271369309281e+04
7.352613541546603665e+04
7.218538563109462848e+04
7.105238572144147474e+04
7.017022340306881233e+04
6.958249603527114959e+04
6.933193783906826866e+04
6.945585970507292950e+04
6.997871288954309421e+04
7.090324031747422123e+04
7.220258052521265927e+04
7.381601982640885399e+04
7.565064202596343239e+04
7.758989748863100249e+04
7.950835385239613242e+04
8.129007654003507923e+04
8.284679747700774169e+04
8.413174308765394380e+04
8.514588369635515846e+04
8.593520887337172462e+04
8.657985978025164513e+04
8.717786436410961323e+04
8.782726686194396461e+04
8.861039854981093958e+04
8.958306051625158580e+04
9.076990381447953405e+04
9.216578454865481763e+04
9.374171390772849554e+04
9.545338985413643240e+04
9.725018335613414820e+04
9.908275290370965376e+04
1.009080466242782713e+05
1.026911988303680700e+05
1.044046133524398901e+05
1.060252071219768841e+05
1.075312100694232504e+05
1.088999570813781902e+05
1.101077273141987680e+05
1.111319745515180111e+05
1.119554562136263703e+05
1.125710711703750858e+05
1.129858850702081108e+05
1.132229643497717043e+05
1.133202059155229217e+05
1.133261521748009400e+05
1.132935702118292684e+05
1.132721242412375577e+05
1.133016514795259136e+05
1.134073539543199586e+05
1.135977368417058024e+05
1.138655099759999866e+05
1.141910816231622011e+05
1.145478356114927738e+05
1.149081594030318811e+05
1.152491849808068218e+05
1.155573718549784098e+05
1.158313340801973100e+05
1.160826255809958820e+05
1.163345038715534029e+05
1.166189645266001316e+05
1.169725587947947497e+05
1.174316525270521088e+05
1.180278305471321073e+05
1.187840804557454685e+05
1.197122130276616372e+05
1.208117338370611396e+05
1.220701335064194573e+05
1.234643691783368413e+05
1.249631990296589647e+05
1.265300036556434206e+05
1.281257585313593736e+05
1.297118808256246557e+05
1.312527408946237992e+05
1.327176957880212285e+05
1.340825684580823290e+05
1.353305612726860854e+05
1.364526503721514018e+05
1.374475480248670210e+05
1.383213313182652055e+05
1.390868088024019962e+05
1.397626347540742427e+05
1.403721045574844757e+05
1.409415143629647209e+05
1.414979905071430840e+05
1.420668177523948834e+05
1.426685044489462161e+05
1.433160479843858629e+05
1.440130032410987478e+05
1.447529210679113748e+05
1.455204852215473366e+05
1.462942911676184158e+05
1.470508000478224712e+05
1.477687004087726527e+05
1.484328089488838450e+05
1.490367538674784591e+05
1.495839575164055859e+05
1.500867859142908128e+05
1.505640860454594367e+05
1.510376357348856691e+05
1.515282466397009266e+05
1.520523467069816543e+05
1.526197800691200828e+05
1.532332796413720062e+05
1.538896304590165091e+05
1.545820640919221623e+05
1.553030656251292967e+05
1.560466735557734501e+05
1.568095594944581972e+05
1.575906192367556796e+05
1.583893276530911098e+05
1.592035230914624699e+05
1.600274619111698412e+05
1.608508848134772852e+05
1.616595186857423396e+05
1.624370093750929227e+05
1.631678633648302348e+05
1.638406762605954718e+05
1.644508210586613568e+05
1.650018953785386111e+05
1.655055608023140812e+05
1.659798549940200173e+05
1.664464688113562588e+05
1.669277033416563645e+05
1.674437718146505358e+05
1.680108263990034466e+05
1.686397237511054554e+05
1.693352929587338876e+05
1.700958690003996016e+05
1.709130936987866880e+05
1.717723058192353637e+05
1.726540170334946597e+05
1.735368339731132437e+05
1.744017300563392637e+05
1.752369623723188124e+05
1.760424386380207434e+05
1.768322105567319377e+05
1.776341042441248428e+05
1.784862085624056053e+05
1.794307921392595745e+05
1.805069252909289207e+05
1.817434230174213590e+05
1.831536162822262559e+05
1.847329680198903370e+05
1.864598521146255080e+05
1.882991170090645610e+05
1.902075347984909895e+05
1.921399881378262071e+05
1.940552811753629940e+05
1.959207186072350887e+05
1.977149814472152793e+05
1.994292316783829010e+05
2.010667052344248805e+05
2.026412370244931662e+05
2.041751771906732174e+05
2.056970267301045242e+05
2.072389109126854164e+05
2.088338179791876173e+05
2.105124554205178865e+05
2.122996760946055001e+05
2.142106912666524877e+05
2.162476260298478592e+05
2.183972333471916791e+05
2.206306101284300676e+05
2.229054637610291538e+05
2.251708973589388770e+05
2.273739887135252065e+05
2.294668825494416524e+05
2.314129230393485923e+05
2.331906157632071699e+05
2.347948333887259359e+05
2.362354268525004736e+05
2.375339940457738703e+05
2.387197996333584306e+05
2.398257098722331866e+05
2.408846443609283597e+05
2.419266691401972203e+05
2.429766428165008256e+05
2.440523405183740542e+05
2.451631470389513706e+05
2.463095778726871649e+05
2.474839102516134444e+05
2.486720256444583938e+05
2.498562357277375413e+05
2.510185293326804822e+05
2.521435011304609943e+05
2.532203061832170060e+05
2.542433170519461564e+05
2.552116169898440421e+05
2.561278578243298689e+05
2.569971797052847687e+05
2.578267613772801997e+05
2.586261968258783163e+05
2.594084278158159868e+05
2.601905868108572904e+05
2.609939694964389782e+05
2.618425240510478907e+05
2.627596786447006743e+05
2.637639062807197333e+05
2.648639707244338933e+05
2.660551249915496446e+05
2.673175070972577669e+05
2.686175573342912830e+05
2.699125572031546035e+05
2.711575684583363472e+05
2.723133899323495571e+05
2.733538643561308854e+05
2.742710420353475492e+05
2.750772653996448498e+05
2.758039771064175875e+05
2.764977401958727860e+05
2.772144178752969601e+05
2.780126303652033675e+05
2.789475255979065550e+05
2.800656570594285149e+05
2.814014384067228530e+05
2.829752965854817303e+05
2.847933166807085508e+05
2.868479197856878163e+05
2.891190137520576245e+05
2.915751632762746885e+05
2.941746298023307463e+05
2.968665248867630726e+05
2.995926224145276938e+05
3.022904123517356347e+05
3.048976809407447581e+05
3.073583548505080398e+05
3.096287662408543983e+05
3.116831319582166034e+05
3.135170565024163807e+05
3.151482639102462563e+05
3.166143797676410759e+05
3.179681916143285343e+05
3.192712287861029035e+05
3.205866587569169351e+05
3.219724561175241834e+05
3.234756727558689308e+05
3.251284934197918628e+05
3.269465825247708708e+05
3.289299422644210863e+05
3.310660646188893588e+05
3.333346338707939140e+05
3.357125998541094013e+05
3.381783085976209259e+05
3.407136699608196504e+05
3.433040034933739807e+05
3.459359976145142573e+05
3.485948316867753165e+05
3.512617082229307853e+05
3.539127731999925454e+05
3.565198198634929722e+05
3.590525469849114888e+05
3.614817269477167283e+05
3.637825448446241207e+05
3.659375347712941584e+05
3.679387853573872126e+05
3.697892371095533017e+05
3.715028860929842340e+05
3.731036300573099288e+05
3.746225235979112913e+05
3.760934894318697043e+05
3.775480445875119185e+05
3.790101329386777361e+05
3.804924021821228089e+05
3.819950011338950717e+05
3.835072239615956787e+05
3.850113899383980315e+05
3.864876569776569377e+05
3.879183573539459030e+05
3.892909411668740213e+05
3.905994079544955748e+05
3.918447310972307459e+05
3.930348904098866042e+05
3.941847237686965964e+05
3.953152318433247274e+05
3.964516889578585397e+05
3.976202104662276106e+05
3.988431986519804341e+05
4.001348870988147100e+05
4.014985055787829915e+05
4.029261287908075028e+05
4.044012290289124358e+05
4.059028589922740357e+05
4.074098322939105565e+05
4.089035395156235900e+05
4.103689643612219952e+05
4.117945088182499167e+05
4.131718063123424072e+05
4.144964918333041715e+05
4.157700559130510665e+05
4.170019407903714455e+05
4.182105095246203127e+05
4.194217423015565728e+05
4.206653809834530111e+05
4.219693075466385926e+05
4.233536814455610584e+05
4.248264566334596020e+05
4.263813808903634199e+05
4.279987652103175060e+05
4.296485930337124155e+05
4.312951668182950234e+05
4.329024629597113235e+05
4.344394976727541070e+05
4.358850881661943276e+05
4.372313543320090976e+05
4.384852579138491419e+05
4.396676223256959929e+05
4.408095479094606708e+05
4.419468628856471623e+05
4.431139485783841810e+05
4.443385895512233838e+05
4.456391893721529632e+05
4.470248066071914509e+05
4.484973488190470380e+05
4.500544151160770562e+05
4.516911130943830940e+05
4.533998032276824815e+05
4.551678745328194345e+05
4.569747977078917902e+05
4.587902920915382565e+05
4.605751901843512314e+05
4.622855942306587822e+05
4.638796425365420291e+05
4.653252057235683897e+05
4.666065198336546891e+05
4.677281892711773398e+05
4.687158665586882271e+05
4.696137866212823428e+05
4.704798494874637690e+05
4.713790350947796251e+05
4.723758011037219549e+05
4.735260611542208935e+05
4.748695351639474393e+05
4.764236080307136872e+05
4.781800233948238310e+05
4.801054725933491718e+05
4.821463412938436959e+05
4.842367901231204742e+05
4.863084196358086774e+05
4.882994149668946629e+05
4.901614276562754530e+05
4.918633397318675998e+05
4.933920543837843579e+05
4.947511573042570963e+05
4.959584822762840777e+05
4.970433506708458299e+05
4.980437834247556748e+05
4.990035862589627504e+05
4.999690618792392197e+05
5.009852257847013534e+05
5.020916869444402982e+05
5.033186441740898881e+05
5.046836148092855001e+05
5.061894966041151783e+05
5.078243829901498975e+05
5.095632701606217306e+05
5.113714875845237402e+05
5.132094093295950443e+05
5.150377919152207905e+05
5.168229486035943264e+05
5.185409282906404696e+05
5.201799548883448588e+05
5.217406394971298287e+05
5.232339078330752673e+05
5.246771209207917564e+05
5.260893584856134839e+05
5.274870953347623581e+05
5.288813924660161138e+05
5.302772379086508881e+05
5.316749584642893169e+05
5.330729438423580723e+05
5.344705387795944698e+05
5.358700058251675218e+05
5.372768979175457498e+05
5.386988067673050100e+05
5.401430178721254924e+05
5.416139179292881163e+05
5.431110126068486134e+05
5.446281929232723778e+05
5.461545569263626821e+05
5.476767385099917883e+05
5.491823443860007683e+05
5.506637579689102713e+05
5.521212863967366284e+05
5.535645353283535223e+05
5.550111570308196824e+05
5.564828030572197167e+05
5.579990934797973605e+05
5.595713417010818375e+05
5.611982050796555122e+05
5.628650514123112662e+05
5.645476503202866297e+05
5.662192099235904170e+05
5.678584195273930673e+05
5.694556289870254695e+05
5.710148748701098375e+05
5.725509657551589189e+05
5.740826783961731708e+05
5.756245591938589932e+05
5.771803048927169293e+05
5.787400498138536932e+05
5.802824104600265855e+05
5.817804450573680224e+05
5.832094358401247300e+05
5.845540276996287284e+05
5.858127989007092547e+05
5.869994617510777898e+05
5.881410583017366007e+05
5.892742492978867376e+05
5.904408825317624724e+05
5.916835965048366925e+05
5.930416318455578294e+05
5.945466751550079789e+05
5.962186483059386956e+05
5.980617949601261644e+05
6.000618988942648284e+05
6.021856543450185563e+05
6.043829167433923576e+05
6.065918699269817444e+05
6.087463375225928612e+05
6.107838774996788707e+05
6.126531510586680379e+05
6.143193682367965812e+05
6.157672187724038959e+05
6.170013483386080479e+05
6.180449130161601352e+05
6.189369155075694434e+05
6.197288983129072003e+05
6.204812564581399783e+05
6.212591169865941629e+05
6.221275952896169620e+05
6.231463802511338145e+05
6.243639801565591479e+05
6.258123945905973669e+05
6.275032149858103367e+05
6.294260187534050783e+05
6.315494148505482590e+05
6.338244320662110113e+05
6.361894257375096204e+05
6.385755520012716297e+05
6.409121464593441924e+05
6.431318399886885891e+05
6.451756264061391121e+05
6.469981105849528685e+05
6.485727698323203949e+05
6.498964548456707271e+05
6.509918806052844739e+05
6.519068274611152010e+05
6.527093233080431819e+05
6.534790899855586467e+05
6.542966720271307277e+05
6.552324916754951701e+05
6.563382376287692459e+05
6.576423752588612260e+05
6.591503445271634264e+05
6.608486207380903652e+05
6.627107696699616499e+05
6.647033180997787276e+05
6.667897687087407103e+05
6.689321635339631466e+05
6.710907729104511673e+05
6.732232849920187145e+05
6.752850228765963111e+05
6.772312414124970092e+05
6.790217075150507735e+05
6.806268809023996582e+05
6.820343513545938767e+05
6.832538823333707405e+05
6.843194818954622606e+05
6.852873573002601042e+05
6.862293899552845396e+05
6.872228203081216197e+05
6.883379557424811646e+05
6.896265575799547369e+05
6.911137322636633180e+05
6.927954152180883102e+05
6.946420113693785388e+05
6.966069416224684101e+05
6.986374330798528390e+05
7.006844465113896877e+05
7.027093044024545234e+05
7.046860179538133088e+05
7.065998523518183501e+05
7.084436910639381967e+05
7.102139727813629434e+05
7.119075164853653405e+05
7.135198309088639216e+05
7.150449276215052232e+05
7.164763991430101451e+05
7.178095002489252947e+05
7.190439725453092251e+05
7.201872317013464635e+05
7.212573082898857538e+05
7.222847384215840138e+05
7.233125893365803640e+05
7.243940388953346992e+05
7.255873642849843018e+05
7.269487401031662012e+05
7.285238027272827458e+05
7.303394084493523696e+05
7.323972685742161702e+05
7.346710299616962438e+05
7.371077787940552225e+05
7.396339394228516612e+05
7.421644063981880900e+05
7.446129219792332733e+05
7.469015681752646342e+05
7.489678675960702822e+05
7.507690850899658399e+05
7.522843401917883893e+05
7.535155636909648310e+05
7.544879760172248352e+05
7.552498932433275040e+05
7.558708488322076155e+05
7.564368165454395348e+05
7.570419677189356880e+05
7.577776672144385520e+05
7.587207264264461119e+05
