6.803263946194805903e+05
6.789036846215239493e+05
6.775666434454382397e+05
6.762881689857987221e+05
6.750312363068867708e+05
6.737551869454123080e+05
6.724230982382366201e+05
6.710088010537835071e+05
6.695019097392151598e+05
6.679094791755855549e+05
6.662536855135551887e+05
6.645660670779893408e+05
6.628799634239150910e+05
6.612233944427093957e+05
6.596144310943303863e+05
6.580601560018558521e+05
6.565589639269608306e+05
6.551047551043261774e+05
6.536910059729702771e+05
6.523129617347652093e+05
6.509671331440249924e+05
6.496484836877940688e+05
6.483466805178113282e+05
6.470431994338929653e+05
6.457108156018172158e+05
6.443162254027023446e+05
6.428255408596885391e+05
6.412115152062689885e+05
6.394608453976350138e+05
6.375798490105378442e+05
6.355971684721424244e+05
6.335627529258502182e+05
6.315430239932291443e+05
6.296127145788331982e+05
6.278443346296036616e+05
6.262965876412364887e+05
6.250033676719163777e+05
6.239651812292799586e+05
6.231448496032630792e+05
6.224689994397298433e+05
6.218360393208587775e+05
6.211300968172067078e+05
6.202389967056065798e+05
6.190731803698723670e+05
6.175818899623447796e+05
6.157632139903914649e+05
6.136657113488829928e+05
6.113810429795322707e+05
6.090289211459391518e+05
6.067372770114564337e+05
6.046214780637450749e+05
6.027664998355796561e+05
6.012151786414879607e+05
5.999642495343479095e+05
5.989681679945441429e+05
5.981491605486635817e+05
5.974109397462048801e+05
5.966532712029551622e+05
5.957850547773963772e+05
5.947344904687192757e+05
5.934558297652283218e+05
5.919328180790106999e+05
5.901790950918376911e+05
5.882356895605998579e+05
5.861656372264552629e+05
5.840459370917630149e+05
5.819575934332634788e+05
5.799751510419662809e+05
5.781575498698104639e+05
5.765419948370660422e+05
5.751417981977455784e+05
5.739480490956777940e+05
5.729339345231658081e+05
5.720599971032588510e+05
5.712787691285441397e+05
5.705379615526668495e+05
5.697823534272166435e+05
5.689552860369965201e+05
5.680009021417351905e+05
5.668679213977641193e+05
5.655150023454928305e+05
5.639169469662059564e+05
5.620704697739265393e+05
5.599981378073629458e+05
5.577493583814440062e+05
5.553977917576527689e+05
5.530351281764926389e+05
5.507616966896780068e+05
5.486748499003642937e+05
5.468564991921467008e+05
5.453615192540703574e+05
5.442088923812137218e+05
5.433772934622461908e+05
5.428062546803693986e+05
5.424031447414420545e+05
5.420551292409485904e+05
5.416443005808410235e+05
5.410635230232473696e+05
5.402303907019927865e+05
5.390970753265090752e+05
5.376546494915963849e+05
5.359315208810592303e+05
5.339866719526642701e+05
5.318992545526782051e+05
5.297565853763021296e+05
5.276426565438151592e+05
5.256289324978649383e+05
5.237685405715794186e+05
5.220941248128003208e+05
5.206188054521026788e+05
5.193390673034645151e+05
5.182381605061222799e+05
5.172888250851848279e+05
5.164547967337463633e+05
5.156914019667410175e+05
5.149462721764153102e+05
5.141614597769952379e+05
5.132778409718140028e+05
5.122417322682742379e+05
5.110125128396206419e+05
5.095692580442642211e+05
5.079143715777473408e+05
5.060730355391817866e+05
5.040886391469529481e+05
5.020155818875798723e+05
4.999113983825806063e+05
4.978298010927856667e+05
4.958152575497780344e+05
4.938987362509685336e+05
4.920938901378533919e+05
4.903934440857371083e+05
4.887666156311598606e+05
4.871593288376898854e+05
4.854990666502100648e+05
4.837051343860461493e+05
4.817031789360629045e+05
4.794408348158463486e+05
4.769002857444965048e+05
4.741039435191430966e+05
4.711113239211381879e+05
4.680078744865531335e+05
4.648889691302537685e+05
4.618436125002216431e+05
4.589421478812196292e+05
4.562306178351324634e+05
4.537320753647624515e+05
4.514529684050921351e+05
4.493914443686854211e+05
4.475443585117422044e+05
4.459107681368040503e+05
4.444912597761642537e+05
4.432839793626543833e+05
4.422792222065016394e+05
4.414546631957099307e+05
4.407728417534375330e+05
4.401816593123817001e+05
4.396177764446279616e+05
4.390122091289157397e+05
4.382972250765308272e+05
4.374137291178002488e+05
4.363184735765056103e+05
4.349904285184079781e+05
4.334354468331238022e+05
4.316881121174048167e+05
4.298096417181247380e+05
4.278811724336211337e+05
4.259927169834692613e+05
4.242293074623065186e+05
4.226569036421769415e+05
4.213110975122970412e+05
4.201912452425822266e+05
4.192614700743104913e+05
4.184583570572158205e+05
4.177035968401137507e+05
4.169187775989571237e+05
4.160392240773420199e+05
4.150242423641993664e+05
4.138621358921192004e+05
4.125695827190520940e+05
4.111860764269348583e+05
4.097649010821970296e+05
4.083624545157353859e+05
4.070277175405683229e+05
4.057934317341221613e+05
4.046702220571845537e+05
4.036445246607820736e+05
4.026807092320111697e+05
4.017271577989193611e+05
4.007253004129792680e+05
3.996198741097913007e+05
3.983682272463112604e+05
3.969465775873042876e+05
3.953518312955964357e+05
3.935987329265654553e+05
3.917134023363500601e+05
3.897253142384514213e+05
3.876601632333938614e+05
3.855356969627232174e+05
3.833615896159616532e+05
3.811430670038466342e+05
3.788867045068592415e+05
3.766060268991590710e+05
3.743245397156003164e+05
3.720746608146969811e+05
3.698924444858261268e+05
3.678095110898704152e+05
3.658446656242096215e+05
3.639979199155227980e+05
3.622489533247236977e+05
3.605607207307750941e+05
3.588874207052837592e+05
3.571848582115211757e+05
3.554206953416245524e+05
3.535822538666952751e+05
3.516802670759909088e+05
3.497479995419155457e+05
3.478361631990838796e+05
3.460048178748621140e+05
3.443138257958334289e+05
3.428134309851875296e+05
3.415362626066635130e+05
3.404916787422240595e+05
3.396630191545928828e+05
3.390080869613158866e+05
3.384629922655509436e+05
3.379492597988659400e+05
3.373837268937343033e+05
3.366902177714995341e+05
3.358113758061165572e+05
3.347185716353178141e+05
3.334177210639931145e+05
3.319493179026968428e+05
3.303820304708186304e+05
3.288006354651956935e+05
3.272904952397856396e+05
3.259217765291341348e+05
3.247368027186892577e+05
3.237432135069106589e+05
3.229141709978186991e+05
3.221951440614170278e+05
3.215153448572565685e+05
3.208010802810391178e+05
3.199882534469027887e+05
3.190318691550511285e+05
3.179113542396674166e+05
3.166314705445708823e+05
3.152193484296225361e+05
3.137186212143361918e+05
3.121818306709495373e+05
3.106622864401183906e+05
3.092064772984568262e+05
3.078479930522727664e+05
3.066037274828762747e+05
3.054728738608999993e+05
3.044388670633700676e+05
3.034739620152264833e+05
3.025456081434295629e+05
3.016232931828775909e+05
3.006842527069030330e+05
2.997165417809268110e+05
2.987185277588015888e+05
2.976948172384751961e+05
2.966497286817872082e+05
2.955803065317235887e+05
2.944712043729963480e+05
2.932933704232549644e+05
2.920074283375271480e+05
2.905712776263217675e+05
2.889501796706678579e+05
2.871268415281487978e+05
2.851089697334001539e+05
2.829324073312820983e+05
2.806590545070617809e+05
2.783699746591134463e+05
2.761550915393637842e+05
2.741014781751518603e+05
2.722823434255428729e+05
2.707484728752056835e+05
2.695231996690497617e+05
2.686011467583079357e+05
2.679502017714354442e+05
2.675156573638527188e+05
2.672253111891558510e+05
2.669945927344762604e+05
2.667313447425217601e+05
2.663404878128898563e+05
2.657291571073486120e+05
2.648128300876201829e+05
2.635224668101591524e+05
2.618119720144867315e+05
2.596646927633049490e+05
2.570974779562460317e+05
2.541611526228551229e+05
2.509369732444481342e+05
2.475294465916581685e+05
2.440565276751306956e+05
2.406385131301629299e+05
2.373869454828757443e+05
2.343946844959229929e+05
2.317281180937211029e+05
2.294223131072883843e+05
2.274796836277887633e+05
2.258724016261186625e+05
2.245482823484093533e+05
2.234393435321500583e+05
2.224718201680195343e+05
2.215762427074366424e+05
2.206962849610323901e+05
2.197953853927267774e+05
2.188605237520519877e+05
2.179029003647831560e+05
2.169555845539511065e+05
2.160684842182426364e+05
2.153012575619369454e+05
2.147150298180682876e+05
2.143639534056682896e+05
2.142877140412933368e+05
2.145060087648298068e+05
2.150157972675013589e+05
2.157917626880308671e+05
2.167899322402650723e+05
2.179538484956921893e+05
2.192221429503083637e+05
2.205359872336582630e+05
2.218448369711358682e+05
2.231092314085989201e+05
2.243001326644295768e+05
2.253951982535069983e+05
2.263732004722011625e+05
2.272082700666702876e+05
2.278656069919290312e+05
2.282998075077783142e+05
2.284562012453889183e+05
2.282748371242169815e+05
2.276962225245528098e+05
2.266677069982584508e+05
2.251494808214046352e+05
2.231194146001971967e+05
2.205762665069928626e+05
2.175410370871493360e+05
2.140564326921389438e+05
2.101845373761806113e+05
2.060029386229455995e+05
2.015997307622005465e+05
1.970680069093726634e+05
1.925005722328565607e+05
1.879855803914961289e+05
1.836035621726598183e+05
1.794259150033187470e+05
1.755144777634483762e+05
1.719214970880482288e+05
1.686892395000614342e+05
1.658487588147359493e+05
1.634178039370611077e+05
1.613983672153739026e+05
1.597747276158350287e+05
1.585128994119288691e+05
1.575621344591677771e+05
1.568586394028095237e+05
1.563311245776472788e+05
1.559073689290565089e+05
1.555207785404019814e+05
1.551159619523012370e+05
1.546525904037329019e+05
1.541071586143681780e+05
1.534726154396059574e+05
1.527561291720682639e+05
1.519754635250656866e+05
1.511545657476107008e+05
1.503190102958278148e+05
1.494918968149600842e+05
1.486906681206441717e+05
1.479251084144246124e+05
1.471965480549843924e+05
1.464981029552142427e+05
1.458156732672454091e+05
1.451294420483686845e+05
1.444157233168695238e+05
1.436491397709786543e+05
1.428051798184065847e+05
1.418631349010125850e+05
1.408092521803712298e+05
1.396397171035064966e+05
1.383629046234050184e+05
1.370002994302778388e+05
1.355856285820282064e+05
1.341620509334952512e+05
1.327776270422962552e+05
1.314796487875654420e+05
1.303086533190919436e+05
1.292930340283983969e+05
1.284450871265488677e+05
1.277591215286688093e+05
1.272119529619913083e+05
1.267657480628286285e+05
1.263728324247161217e+05
1.259817820608315378e+05
1.255439298611751146e+05
1.250193704772420315e+05
1.243816452780157269e+05
1.236205112859039655e+05
1.227425003226719418e+05
1.217693037639337417e+05
1.207343227636576339e+05
1.196779593836033746e+05
1.186423567456345627e+05
1.176663070730945765e+05
1.167809392248301447e+05
1.160066047000508261e+05
1.153511593737400835e+05
1.148096478843372606e+05
1.143652769736051850e+05
1.139915115287912777e+05
1.136551046218104748e+05
1.133198315005669137e+05
1.129506099709063274e+05
1.125175704620247707e+05
1.119995401417306566e+05
1.113863899433590850e+05
1.106798039919757139e+05
1.098922688287408964e+05
1.090444022169403179e+05
1.081610746060729143e+05
1.072670368254113564e+05
1.063828829593728733e+05
1.055221064185312280e+05
1.046897554136503750e+05
1.038828193157921633e+05
1.030920792988650937e+05
1.023048468376050441e+05
1.015078763615490025e+05
1.006897988947776612e+05
9.984264069969706179e+04
9.896227880783102592e+04
9.804795200697744440e+04
9.710112912761975895e+04
9.612411833881842904e+04
9.511879797372616304e+04
9.408578838075892418e+04
9.302428366712178104e+04
9.193262695843228721e+04
9.080954612567721051e+04
8.965578667788299208e+04
8.847572502661350882e+04
8.727847258452285314e+04
8.607803378055807843e+04
8.489226886885128624e+04
8.374069713488890557e+04
8.264147964255262923e+04
8.160815278293068695e+04
8.064677688587717421e+04
7.975409752212333842e+04
7.891712052850048349e+04
7.811423685554544500e+04
7.731776587356231175e+04
7.649756381525330653e+04
7.562519118413745309e+04
7.467805573471092794e+04
7.364294725843319611e+04
7.251845878252685361e+04
7.131594450899677759e+04
7.005888344680516457e+04
6.878076498301500396e+04
6.752183817142341286e+04
6.632521868136031844e+04
6.523289350160266622e+04
6.428210481666725536e+04
6.350246660514572432e+04
6.291402473807224305e+04
6.252636085010390525e+04
6.233877891372618615e+04
6.234157970057042257e+04
6.251837452129580925e+04
6.284927054119572858e+04
6.331456439459836110e+04
6.389835118546902231e+04
6.459128456991973508e+04
6.539172374476891127e+04
6.630476293439310393e+04
6.733917327974559157e+04
6.850300540525732504e+04
6.979930644921703788e+04
7.122383281735470518e+04
7.276653084146670881e+04
7.441775656169471040e+04
7.617875213940664253e+04
7.807407596593096969e+04
8.016201158405182650e+04
8.253809648861525056e+04
8.532739413553365739e+04
8.866327102597849444e+04
9.265403485730994726e+04
9.734305723857067642e+04
1.026716815565773722e+05
1.084558828584976582e+05
1.143862233890160569e+05
1.200559131783679040e+05
1.250146809492893954e+05
1.288386803429090360e+05
1.312012590072554885e+05
1.319281256628499832e+05
1.310239921178108198e+05
1.286651745721121551e+05
1.251615295899812627e+05
1.208985766228060820e+05
1.162744308267232991e+05
1.116454020466715738e+05
1.072896291556896758e+05
1.033918984294202237e+05
1.000470848721609509e+05
9.727608504742951482e+04
9.504721451900331886e+04
9.329731640286548645e+04
9.194917281289996754e+04
9.092411110011981509e+04
9.015023756205993413e+04
8.956733967141843459e+04
8.912941866931783443e+04
8.880545634326437721e+04
8.857872059901841567e+04
8.844482033955748193e+04
8.840879555257875472e+04
8.848164648621663218e+04
8.867675046152785944e+04
8.900654319104524620e+04
8.947968882427384960e+04
9.009880773437791504e+04
9.085874694841961900e+04
9.174539781965634029e+04
9.273516744762653252e+04
9.379532794857640692e+04
9.488551590315654175e+04
9.596056489047509967e+04
9.697460921186332416e+04
9.788604827896979987e+04
9.866262117764439608e+04
9.928564438438526122e+04
9.975251305580393819e+04
1.000768753476116253e+05
1.002863796703052794e+05
1.004184181921847921e+05
1.005146900594282779e+05
1.006155818900542945e+05
1.007552936365323549e+05
1.009583839828235650e+05
1.012380684460369230e+05
1.015962678676134237e+05
1.020251360883974412e+05
1.025096194443751010e+05
1.030305203369386727e+05
1.035675460109597479e+05
1.041019116916630010e+05
1.046182183705942298e+05
1.051055129745526356e+05
1.055576235591844306e+05
1.059729992360643228e+05
1.063543337009882089e+05
1.067081925441428903e+05
1.070447118207577732e+05
1.073772423726177076e+05
1.077216659656299307e+05
1.080950932857435691e+05
1.085138186133882700e+05
1.089907218758506206e+05
1.095326584807055478e+05
1.101385931349926686e+05
1.107991745303919452e+05
1.114980803993544687e+05
1.122149014709929761e+05
1.129288049976721377e+05
1.136219616809124127e+05
1.142818646442879253e+05
1.149021668388733233e+05
1.154823014563458419e+05
1.160266499619425158e+05
1.165441686651413474e+05
1.170491198459203879e+05
1.175629948258251679e+05
1.181170943576137652e+05
1.187547865642554243e+05
1.195323520433849772e+05
1.205175786654496333e+05
1.217857925829027081e+05
1.234136370013181877e+05
1.254714462324902415e+05
1.280153544494362432e+05
1.310802515257017512e+05
1.346743850216330611e+05
1.387759453591878409e+05
1.433315593688494409e+05
1.482564355757762387e+05
1.534360256546733144e+05
1.587294052156131365e+05
1.639749122214037925e+05
1.689986518382123322e+05
1.736261114615569240e+05
1.776963480248957349e+05
1.810772378119103087e+05
1.836794732969546749e+05
1.854666997397208761e+05
1.864596043870422291e+05
1.867328652362945431e+05
1.864053600589401613e+05
1.856255027902912698e+05
1.845545725111221545e+05
1.833511234642020718e+05
1.821589495064474177e+05
1.810998329084024881e+05
1.802708530085436942e+05
1.797448465506711800e+05
1.795720725133375090e+05
1.797813721542476851e+05
1.803799785929266945e+05
1.813522516625379503e+05
1.826585543009211542e+05
1.842358996248045296e+05
1.860017430652286857e+05
1.878614676845131908e+05
1.897189908113101264e+05
1.914888611871149042e+05
1.931075390509795980e+05
1.945414613215243444e+05
1.957900354645239713e+05
1.968827610539609741e+05
1.978709944832734473e+05
1.988161164129646495e+05
1.997766987788766564e+05
2.007974560228181945e+05
2.019022364496809023e+05
2.030922114054240810e+05
2.043490806718656386e+05
2.056419351863322954e+05
2.069357363720940775e+05
2.081993276855137665e+05
2.094113992955114227e+05
2.105636191405906284e+05
2.116609163177451119e+05
2.127194356561573804e+05
2.137629117282357765e+05
2.148182121848641546e+05
2.159107087582984823e+05
2.170600534417231102e+05
2.182768918429696059e+05
2.195609906323837349e+05
2.209011258324930968e+05
2.222768383811927633e+05
2.236618332517343224e+05
2.250284471963069809e+05
2.263523297587533016e+05
2.276163603488519730e+05
2.288129226724520850e+05
2.299439933606341365e+05
2.310190276901494362e+05
2.320512230617899622e+05
2.330532355122532172e+05
2.340336357977743610e+05
2.349952081585211563e+05
2.359356379113124567e+05
2.368503713498721481e+05
2.377367236488121271e+05
2.385979073627959297e+05
2.394456903798569401e+05
2.403008347267470090e+05
2.411911394087322697e+05
2.421475745312446379e+05
2.431994513426292688e+05
2.443697274250824994e+05
2.456714143445882364e+05
2.471057298028552614e+05
2.486622357035521127e+05
2.503208284089400258e+05
2.520551608649216359e+05
2.538369013275315519e+05
2.556401625371788396e+05
2.574454455131802824e+05
2.592425132787743350e+05
2.610317367618688440e+05
2.628236473976618727e+05
2.646366947926010471e+05
2.664935207004901604e+05
2.684163583737069275e+05
2.704223590521463193e+05
2.725196610818702029e+05
2.747048388356769574e+05
2.769620621327045956e+05
2.792639750518055516e+05
2.815740683821489802e+05
2.838502098045590683e+05
2.860489679638277739e+05
2.881303361923656194e+05
2.900623685576781281e+05
2.918251026600087062e+05
2.934130579339512042e+05
2.948356880018019583e+05
2.961154967470599222e+05
2.972840499896233086e+05
2.983766650700977189e+05
2.994269327764349291e+05
3.004622678617152269e+05
3.015013716122859041e+05
3.025539355420923675e+05
3.036223145749204559e+05
3.047044429797360208e+05
3.057970746902708197e+05
3.068985180371649913e+05
3.080103349034961429e+05
3.091378711220632540e+05
3.102898559018654050e+05
3.114775503158859210e+05
3.127139741798745818e+05
3.140135859411622514e+05
3.153924818233978003e+05
3.168688242621934041e+05
3.184629405895688105e+05
3.201964714064696454e+05
3.220901525053696823e+05
3.241602484333315515e+05
3.264141880375506589e+05
3.288463924134260160e+05
3.314354533865425037e+05
3.341436223378671566e+05
3.369190482071139850e+05
3.397005340902600437e+05
3.424239985712470952e+05
3.450295194375524879e+05
3.474678597796054091e+05
3.497056378500045976e+05
3.517286307902769768e+05
3.535429568088822998e+05
3.551740296681087930e+05
3.566633014711667201e+05
3.580630116188367247e+05
3.594294775977865793e+05
3.608158160293198889e+05
3.622652122948900796e+05
3.638058271842064569e+05
3.654481105777869816e+05
3.671847833190521924e+05
3.689932181308190338e+05
3.708395514373034239e+05
3.726836669214249123e+05
3.744842057173887733e+05
3.762029316380753298e+05
3.778080593632936361e+05
3.792764823264115839e+05
3.805951367269721231e+05
3.817619034861093969e+05
3.827863861563096871e+05
3.836905945597833488e+05
3.845091278363267775e+05
3.852881154623824987e+05
3.860821771023601759e+05
3.869491053681772901e+05
3.879427411551148980e+05
3.891052889775881195e+05
3.904607546808675397e+05
3.920110640115173301e+05
3.937357724670581520e+05
3.955953638215966639e+05
3.975372972152695293e+05
3.995034548863798263e+05
4.014375405215884093e+05
4.032912031529006781e+05
4.050280773926028633e+05
4.066254301966489875e+05
4.080736242623374565e+05
4.093740832663107431e+05
4.105367617829145165e+05
4.115781416388542857e+05
4.125204144276585430e+05
4.133918395694490173e+05
4.142275382722152281e+05
4.150695315045238822e+05
4.159649093340685940e+05
4.169616559682553634e+05
4.181026093039626721e+05
4.194188996513679740e+05
4.209246067815083079e+05
4.226141178575964877e+05
4.244628650762905017e+05
4.264311047739882488e+05
4.284695768281064811e+05
4.305255542732650065e+05
4.325480273613022291e+05
4.344913895958731300e+05
4.363176855527763837e+05
4.379979339686808526e+05
4.395131015353559051e+05
4.408550322796096443e+05
4.420272533952703234e+05
4.430453274103214499e+05
4.439364368758940254e+05
4.447381236402075738e+05
4.454963698338328395e+05
4.462632949291880941e+05
4.470945685283087660e+05
4.480463095037882449e+05
4.491710096283795428e+05
4.505121323041732539e+05
4.520975772100014146e+05
4.539330025000048336e+05
4.559966933296397910e+05
4.582378696581190452e+05
4.605798264973859186e+05
4.629281866931230179e+05
4.651831854372487869e+05
4.672537738782163942e+05
4.690708035844324040e+05
4.705967643307094695e+05
4.718303611364105600e+05
4.728053372331004357e+05
4.735840656571667059e+05
4.742473201998095028e+05
4.748821873678523116e+05
4.755702639852865250e+05
4.763781023127806257e+05
4.773513381543920259e+05
4.785131321059265756e+05
4.798666065730980481e+05
4.814000796292769955e+05
4.830933148293046979e+05
4.849229054249657784e+05
4.868653471877650009e+05
4.888972180605817703e+05
4.909929236116036191e+05
4.931213626867238199e+05
4.952433267794124549e+05
4.973113057723045931e+05
4.992726538498685113e+05
5.010759810051472741e+05
5.026795140253229765e+05
5.040593784704710706e+05
5.052155622184291133e+05
5.061738192955087870e+05
5.069828233719498967e+05
5.077071580713110161e+05
5.084178279609411838e+05
5.091825416867639287e+05
5.100578943296886282e+05
5.110848371461722418e+05
5.122877487463463913e+05
5.136763805776059162e+05
5.152492623008447117e+05
5.169969915025649825e+05
5.189041870479569188e+05
5.209495960529978038e+05
5.231046703060494037e+05
5.253316213660812937e+05
5.275823267287370982e+05
5.297993816315947333e+05
5.319200711235317867e+05
5.338831923528537154e+05
5.356377105421995511e+05
5.371514661924019456e+05
5.384178282993338071e+05
5.394584594420515932e+05
5.403211941553032957e+05
5.410732144296169281e+05
5.417908934214017354e+05
5.425485175136977341e+05
5.434083403381739045e+05
5.444140023962554988e+05
5.455883892438109033e+05
5.469357709586606361e+05
5.484469137500569923e+05
5.501051223029342946e+05
5.518911027162071550e+05
5.537851875497082947e+05
5.557666462417395087e+05
5.578110961575263645e+05
5.598879114218032919e+05
5.619595946973480750e+05
5.639842550347915385e+05
5.659209550508413231e+05
5.677363689043384511e+05
5.694105369737560395e+05
5.709398049466439988e+05
5.723361188124457840e+05
5.736231742223476758e+05
5.748308849196019582e+05
5.759898871549700852e+05
5.771273806817191653e+05
5.782648732430883683e+05
5.794177484547153581e+05
5.805962365830768831e+05
5.818072959325190168e+05
5.830569251193103846e+05
5.843523829704814125e+05
5.857037145764837041e+05
5.871240164339195471e+05
5.886281448002440156e+05
5.902300449789533159e+05
5.919393525753193535e+05
5.937581480787692126e+05
5.956786218028691364e+05
5.976820309724723920e+05
5.997389547472283011e+05
6.018106973400660791e+05
6.038517894008080475e+05
6.058137171831842279e+05
6.076500050014200388e+05
6.093224313926559407e+05
6.108075498780286871e+05
6.121021048023349140e+05
6.132257375779045979e+05
6.142197877221786184e+05
6.151419545617004624e+05
6.160577782652991591e+05
6.170308656746908091e+05
6.181141345543334028e+05
6.193439296524241799e+05
6.207378450613992754e+05
6.222958943360997364e+05
6.240037952149199555e+05
6.258369092102361610e+05
6.277638014155831188e+05
6.297491385665615089e+05
6.317562491609521676e+05
6.337497751199100167e+05
6.356984323949419195e+05
6.375773068452059524e+05
6.393688339836996747e+05
6.410619734076174209e+05
6.426500075053854380e+05
6.441283699989580782e+05
6.454942886434707325e+05
6.467493920202420559e+05
6.479049040962499566e+05
6.489873061258015223e+05
6.500413068377980962e+05
6.511273236714554951e+05
6.523125058869058266e+05
6.536569582612934755e+05
6.551991198418147396e+05
6.569451371451560408e+05
6.588660412225155160e+05
6.609039305151826702e+05
6.629852288272595033e+05
6.650367285488690250e+05
6.669994954673112370e+05
6.688369769794801250e+05
6.705361565788758453e+05
6.721031745160120772e+05
6.735564010187227977e+05
6.749199968051715987e+05
6.762197842986020260e+05
6.774815932201438118e+05
6.787310223633068381e+05
6.799932693418657873e+05
6.812922221792095806e+05
6.826488412982162554e+05
6.840793968489506515e+05
6.855940928306177957e+05
6.871961825304649537e+05
6.888813079284648411e+05
6.906368517432587687e+05
6.924415895351921208e+05
6.942664993279245682e+05
6.960777157854473917e+05
6.978420125310724834e+05
6.995340228868142003e+05
7.011432375325221801e+05
7.026783141264915466e+05
7.041667703539058566e+05
7.056495545056350529e+05
7.071716885166389402e+05
7.087714229600024410e+05
7.104706582270201761e+05
7.122687783617295790e+05
7.141409378570131958e+05
7.160407886950969696e+05
7.179069896861609304e+05
7.196725992953781970e+05
7.212763410033019027e+05
7.226744563549492741e+05
7.238513696981989779e+05
7.248269363254068885e+05
7.256580550591009669e+05
7.264332126544096973e+05
7.272600660233687377e+05
7.282480428632588591e+05
7.294895024218846811e+05
7.310436438179328106e+05
7.329267836891480256e+05
7.351109811640992993e+05
7.375307796780425124e+05
7.400957730799036799e+05
7.427054533058803063e+05
7.452627485861676978e+05
7.476837777487412095e+05
7.499031486454594415e+05
7.518758524407503428e+05
7.535777058932837099e+05
7.550059931377747562e+05
7.561806647825944237e+05
7.571449041140822228e+05
7.579629901530414354e+05
7.587137941188252298e+05
7.594798888555166777e+05
7.603343857669770950e+05
7.613291607933919877e+05
