6.114541640766018536e+05
6.096828660301078344e+05
6.081493758310488192e+05
6.068344976236313814e+05
6.056949582492553163e+05
6.046743018861310557e+05
6.037142432801714167e+05
6.027641017710909946e+05
6.017868341111610644e+05
6.007612362048483919e+05
5.996807486007865518e+05
5.985498115019875113e+05
5.973788966106006410e+05
5.961793216263260692e+05
5.949588398359955754e+05
5.937188206232950324e+05
5.924535582771172049e+05
5.911518316021162318e+05
5.898003227450128179e+05
5.883880141787482426e+05
5.869103811197613832e+05
5.853722069599269889e+05
5.837881938142435392e+05
5.821811245866981335e+05
5.805779824723741040e+05
5.790049592290582368e+05
5.774825438826211030e+05
5.760218240062424447e+05
5.746227896836776054e+05
5.732749155465437798e+05
5.719597569310154067e+05
5.706548784639327787e+05
5.693382413941096747e+05
5.679922383596514119e+05
5.666068195573320845e+05
5.651814686282742769e+05
5.637260083270741161e+05
5.622602514855354093e+05
5.608123872485285392e+05
5.594158558913255110e+05
5.581045221473484999e+05
5.569063427169773495e+05
5.558363920873829629e+05
5.548908031685985625e+05
5.540435177917865803e+05
5.532474191389631014e+05
5.524403869127242360e+05
5.515553701037788996e+05
5.505322490049245534e+05
5.493285988419607747e+05
5.479267549719221424e+05
5.463356988343906123e+05
5.445877828008104116e+05
5.427316280663379002e+05
5.408232496696717571e+05
5.389174764313457999e+05
5.370612144647468813e+05
5.352893582375340629e+05
5.336234539144537412e+05
5.320727071982662892e+05
5.306366232445405331e+05
5.293084369579127524e+05
5.280785075711162062e+05
5.269369927927193930e+05
5.258753556112450315e+05
5.248865375317338621e+05
5.239638941621251288e+05
5.230991959789278335e+05
5.222801525232385029e+05
5.214880455249797669e+05
5.206961553567626979e+05
5.198696845257585519e+05
5.189677369894385338e+05
5.179475440523361904e+05
5.167705663468127605e+05
5.154094868607037934e+05
5.138546501877963892e+05
5.121183869407775928e+05
5.102359726433246979e+05
5.082626447422510246e+05
5.062669559820212307e+05
5.043215448404893395e+05
5.024929539767384995e+05
5.008323123508952558e+05
4.993685026914775954e+05
4.981049321273550740e+05
4.970203307351242984e+05
4.960732653972664266e+05
4.952094206347680883e+05
4.943702862581871450e+05
4.935017744714909932e+05
4.925614628005831619e+05
4.915235434411939350e+05
4.903810247080610134e+05
4.891451488447330194e+05
4.878422896680899430e+05
4.865087801292152726e+05
4.851842617053490249e+05
4.839043183708025608e+05
4.826933751591260661e+05
4.815590341190579347e+05
4.804890521517062443e+05
4.794519053790957551e+05
4.784012941765531432e+05
4.772841223493528087e+05
4.760506512366054812e+05
4.746649334224539343e+05
4.731134453809891129e+05
4.714101009160002577e+05
4.695964511189409532e+05
4.677367211487754830e+05
4.659082710170827922e+05
4.641889900695363176e+05
4.626439110461401287e+05
4.613137587584441062e+05
4.602079946022992372e+05
4.593040394345266977e+05
4.585528608782449737e+05
4.578894118538320763e+05
4.572451067932528094e+05
4.565591385683249100e+05
4.557861317520884331e+05
4.548990885614910512e+05
4.538881782286170637e+05
4.527570054426611168e+05
4.515182296044220566e+05
4.501898884202280315e+05
4.487929227407228318e+05
4.473496763998810202e+05
4.458828346089576371e+05
4.444143603055920103e+05
4.429642806939713191e+05
4.415494299622488907e+05
4.401823467787770205e+05
4.388704790059498628e+05
4.376157610232438892e+05
4.364145797219514498e+05
4.352581442468839814e+05
4.341332829404619988e+05
4.330236716163259116e+05
4.319114483609449817e+05
4.307791153148412704e+05
4.296115824838848785e+05
4.283981592789386632e+05
4.271342221053661779e+05
4.258221870111456956e+05
4.244713560032860260e+05
4.230962774812491261e+05
4.217135284058488905e+05
4.203372599293314270e+05
4.189743165096219163e+05
4.176200558795784018e+05
4.162560154210089240e+05
4.148502519856462022e+05
4.133606162169795134e+05
4.117405784756564535e+05
4.099466750348008936e+05
4.079463062002412626e+05
4.057245315335378982e+05
4.032886531948975753e+05
4.006697134260782041e+05
3.979205074333658558e+05
3.951102711952624959e+05
3.923167673676294507e+05
3.896169619404711993e+05
3.870777587127519073e+05
3.847482709939119522e+05
3.826548554147845716e+05
3.807996699802133953e+05
3.791629414982665912e+05
3.777085276596952463e+05
3.763918052707588649e+05
3.751684667665594025e+05
3.740025379824192496e+05
3.728719437592368340e+05
3.717703368671568460e+05
3.707046797660485609e+05
3.696890939377095201e+05
3.687364957907234202e+05
3.678502013102800120e+05
3.670177704868723522e+05
3.662088348367729923e+05
3.653776688977316953e+05
3.644701158592894208e+05
3.634334519294818747e+05
3.622270875409086584e+05
3.608317672958092880e+05
3.592551735524695250e+05
3.575325258990927832e+05
3.557217935749202152e+05
3.538943039532902185e+05
3.521225667084057350e+05
3.504677645339149167e+05
3.489694081784947193e+05
3.476391108207257930e+05
3.464594774614844355e+05
3.453880080284025171e+05
3.443649555109170033e+05
3.433234518820383819e+05
3.421999848386156373e+05
3.409434482037299895e+05
3.395214116771347472e+05
3.379228545976240421e+05
3.361572768809128902e+05
3.342507398357681814e+05
3.322399112668088055e+05
3.301655130095724016e+05
3.280666249746998074e+05
3.259770407705582911e+05
3.239243005922039738e+05
3.219312401046550367e+05
3.200190869821275701e+05
3.182105767644450534e+05
3.165314892254031729e+05
3.150095227713099448e+05
3.136703976654178696e+05
3.125321680714535178e+05
3.115995018483615131e+05
3.108598300312242936e+05
3.102827042244030745e+05
3.098226554546977859e+05
3.094247476761214784e+05
3.090312976326473290e+05
3.085881425091400160e+05
3.080493456698759692e+05
3.073800530656068004e+05
3.065579514855909511e+05
3.055741091357721016e+05
3.044337849326293217e+05
3.031572124774905969e+05
3.017797155551208416e+05
3.003501476644601207e+05
2.989268017875864170e+05
2.975706170272891759e+05
2.963364878921943600e+05
2.952643798015926150e+05
2.943723879652919713e+05
2.936536173271216685e+05
2.930778363908887259e+05
2.925975564412751119e+05
2.921569600722106406e+05
2.917013890880402178e+05
2.911851545444261283e+05
2.905762072565785493e+05
2.898573765855906531e+05
2.890249710332452087e+05
2.880861182523237076e+05
2.870561326273006271e+05
2.859565807035655598e+05
2.848139458113203291e+05
2.836582829524217523e+05
2.825212359086262295e+05
2.814332099428700167e+05
2.804200735694650793e+05
2.795001614158509183e+05
2.786823573563882383e+05
2.779656716714720824e+05
2.773401983843026683e+05
2.767889171074901824e+05
2.762896702460484230e+05
2.758168246184645686e+05
2.753424992674570531e+05
2.748376281490020920e+05
2.742733651145999902e+05
2.736233325965910917e+05
2.728669476662629750e+05
2.719935904725518776e+05
2.710068436748881359e+05
2.699276151074970840e+05
2.687948549044006504e+05
2.676629194550274406e+05
2.665954002398032462e+05
2.656562341117231990e+05
2.648998241406613379e+05
2.643623946419593995e+05
2.640566665884322138e+05
2.639711626572032692e+05
2.640742396751521737e+05
2.643216451448806329e+05
2.646653743675360456e+05
2.650611527623985312e+05
2.654721194642442279e+05
2.658672071522808401e+05
2.662141136437208625e+05
2.664683513062835555e+05
2.665612925944582676e+05
2.663910482208372559e+05
2.658201078682111693e+05
2.646827428597219987e+05
2.628032126766778529e+05
2.600231076761018485e+05
2.562332843317949737e+05
2.514036260832892149e+05
2.456031298351505538e+05
2.390041168663797143e+05
2.318676505165059061e+05
2.245117594142951712e+05
2.172685210629648354e+05
2.104390476519909571e+05
2.042559379670681083e+05
1.988606320266355469e+05
1.942990395396576205e+05
1.905341395063473028e+05
1.874704048696878890e+05
1.849829225957566523e+05
1.829442658363711962e+05
1.812441184536817891e+05
1.797994777770294168e+05
1.785560043089959363e+05
1.774830163514435699e+05
1.765654142404805461e+05
1.757955336090617930e+05
1.751669197987914376e+05
1.746707522051937121e+05
1.742945605824374361e+05
1.740222572270590172e+05
1.738344550734588120e+05
1.737084496431758162e+05
1.736178650468449341e+05
1.735325044243847951e+05
1.734191679646134726e+05
1.732440162573503039e+05
1.729765412376677268e+05
1.725945655670203560e+05
1.720891680640877748e+05
1.714682218821694260e+05
1.707574186819641036e+05
1.699981973282119725e+05
1.692427580180260411e+05
1.685471179942513991e+05
1.679637343575230334e+05
1.675354023200576194e+05
1.672918447053684504e+05
1.672496850284851098e+05
1.674155268861737859e+05
1.677909278485758114e+05
1.683774452370729414e+05
1.691798395488657407e+05
1.702059837583618064e+05
1.714629138083529251e+05
1.729495291761467524e+05
1.746474467936865403e+05
1.765121998272559722e+05
1.784671986909891421e+05
1.804025583450047125e+05
1.821800552026593359e+05
1.836442300341935770e+05
1.846382454831367359e+05
1.850218824473428540e+05
1.846883763090342400e+05
1.835768968606504786e+05
1.816783867089382547e+05
1.790339576295550214e+05
1.757266831561108993e+05
1.718689612195754889e+05
1.675883147647748410e+05
1.630144308008276857e+05
1.582695154574144981e+05
1.534629294081350963e+05
1.486898888738382084e+05
1.440330663455649628e+05
1.395654063855555141e+05
1.353524694079475594e+05
1.314530849695552897e+05
1.279178727549565083e+05
1.247860314474769257e+05
1.220814471049205895e+05
1.198094440780250152e+05
1.179553336293407920e+05
1.164853971301832062e+05
1.153502705607203825e+05
1.144901036750944040e+05
1.138405238774641912e+05
1.133384037905560835e+05
1.129266578257434448e+05
1.125576449485160119e+05
1.121950875983700680e+05
1.118146322220722213e+05
1.114032547588473099e+05
1.109577054325129866e+05
1.104821747993367608e+05
1.099854123026938614e+05
1.094776473987596546e+05
1.089677945629923779e+05
1.084614741048201540e+05
1.079602736573136062e+05
1.074623979323835083e+05
1.069644770808760368e+05
1.064639556998501212e+05
1.059612968001287663e+05
1.054612825819862774e+05
1.049729618369308737e+05
1.045081876850457193e+05
1.040790792630268988e+05
1.036950150126560475e+05
1.033598655309487513e+05
1.030701027311261569e+05
1.028142233972638205e+05
1.025736591233442159e+05
1.023250679169864889e+05
1.020436609682623675e+05
1.017070441982410848e+05
1.012989679571237211e+05
1.008123846745732590e+05
1.002513042489358922e+05
9.963109238041499339e+04
9.897705866249125393e+04
9.832141346360607713e+04
9.769892065271039610e+04
9.714181386233973899e+04
9.667473782956656942e+04
9.631057005535678763e+04
9.604792019158336916e+04
9.587087009280730854e+04
9.575112843371919007e+04
9.565230490578070749e+04
9.553557185565528926e+04
9.536569111229453119e+04
9.511632103541752440e+04
9.477369985600555083e+04
9.433817105593500310e+04
9.382346668637357652e+04
9.325407238139840774e+04
9.266126982754780329e+04
9.207855504223889147e+04
9.153709390738712682e+04
9.106176738339326403e+04
9.066824027800877229e+04
9.036138207754725590e+04
9.013525216135451046e+04
8.997469046538736438e+04
8.985830768651554536e+04
8.976238200557511300e+04
8.966493183787746239e+04
8.954915100912202615e+04
8.940552806809257891e+04
8.923230854861222906e+04
8.903439921523095109e+04
8.882121446948457742e+04
8.860419947650685208e+04
8.839476805014882120e+04
8.820318420988693833e+04
8.803857975692983018e+04
8.790994932666643581e+04
8.782769672417768743e+04
8.780517314223093854e+04
8.785964589129254455e+04
8.801222343443424325e+04
8.828638895987888100e+04
8.870493530746572651e+04
8.928526586145412875e+04
9.003327876875683432e+04
9.093643034861973138e+04
9.195706568184123898e+04
9.302760056712944061e+04
9.404943251569263521e+04
9.489730347565190459e+04
9.543005766302044503e+04
9.550734902670219890e+04
9.501013258158677490e+04
9.386123186488544161e+04
9.204149827691019163e+04
8.959749740601706435e+04
8.663832976815568691e+04
8.332171588202567364e+04
7.983209324459405616e+04
7.635535399649442115e+04
7.305541533816407900e+04
7.005695465295846225e+04
6.743674795047852967e+04
6.522381928787790821e+04
6.340674205246048950e+04
6.194537580706237350e+04
6.078415085824365087e+04
5.986449591731661349e+04
5.913478020935613313e+04
5.855690200820945029e+04
5.810925355509392830e+04
5.778624001743474219e+04
5.759491869456217682e+04
5.754972308833341231e+04
5.766662517218752328e+04
5.795835334881529707e+04
5.843225916590299312e+04
5.909197307104399806e+04
5.994306581851060037e+04
6.100164503885184240e+04
6.230344206158971792e+04
6.390989889784718252e+04
6.590751838940670132e+04
6.839766399834040203e+04
7.147618073280886165e+04
7.520531295826267160e+04
7.958361187969824823e+04
8.452174907194559637e+04
8.983233640080719488e+04
9.523946064096011105e+04
1.004089946037973568e+05
1.049950747497968841e+05
1.086932330820085044e+05
1.112882545546877955e+05
1.126858462817538530e+05
1.129214060998860368e+05
1.121451898671193921e+05
1.105890273648416769e+05
1.085236267241140740e+05
1.062164675361490226e+05
1.038984399934747053e+05
1.017437655494137289e+05
9.986373746498224500e+04
9.831166395501063380e+04
9.709473890871801996e+04
9.618842855778634839e+04
9.554991454041903489e+04
9.512857111869867367e+04
9.487284927811217494e+04
9.473397030038703815e+04
9.466738765466315090e+04
9.463310272101822193e+04
9.459573655777043314e+04
9.452490475824289024e+04
9.439604243702351232e+04
9.419148578098561848e+04
9.390141037585557206e+04
9.352419279878446832e+04
9.306589500316641352e+04
9.253882066958470386e+04
9.195937518273574824e+04
9.134568097710491566e+04
9.071547944444767199e+04
9.008475468336718041e+04
8.946726752427671454e+04
8.887487190635009028e+04
8.831821529952289711e+04
8.780730992747380515e+04
8.735156040889205178e+04
8.695912196191657858e+04
8.663583527498465264e+04
8.638428940817309194e+04
8.620367121050966671e+04
8.609091331954303314e+04
8.604329544621225796e+04
8.606220089088636450e+04
8.615731470805498248e+04
8.635026935273993877e+04
8.667664288663576008e+04
8.718530622366663010e+04
8.793441220059400075e+04
8.898384269716325798e+04
9.038467843471391825e+04
9.216714320136017341e+04
9.432929106484705699e+04
9.682914889761724044e+04
9.958280933219166764e+04
1.024699662146220944e+05
1.053467455274114764e+05
1.080638373027582275e+05
1.104864550568139384e+05
1.125120484504972701e+05
1.140822059249525337e+05
1.151866608213046420e+05
1.158592821395750070e+05
1.161677691994529014e+05
1.161999444230627996e+05
1.160497858800319955e+05
1.158057297106066399e+05
1.155426373813288374e+05
1.153176119867296220e+05
1.151689502528285229e+05
1.151171369032130897e+05
1.151669051401080651e+05
1.153098023591790843e+05
1.155271421371914621e+05
1.157934660950886318e+05
1.160805880639540119e+05
1.163620076763436955e+05
1.166171308201251813e+05
1.168345145585169812e+05
1.170133955869286146e+05
1.171630808374889166e+05
1.173002794950351963e+05
1.174449730500514270e+05
1.176157886093989218e+05
1.178259515872809279e+05
1.180807240766909381e+05
1.183768440806801518e+05
1.187039823040118645e+05
1.190477577836549608e+05
1.193935134776445921e+05
1.197299187741328933e+05
1.200515569012440683e+05
1.203599396916053229e+05
1.206627959056508116e+05
1.209719009060845856e+05
1.213000485518112255e+05
1.216579273752358713e+05
1.220516185132978135e+05
1.224812115489074058e+05
1.229407191056205484e+05
1.234191658449707320e+05
1.239025160052585125e+05
1.243760180726828985e+05
1.248265633966661553e+05
1.252447259050362336e+05
1.256262283959497872e+05
1.259726561783695652e+05
1.262913322081236402e+05
1.265944070075046038e+05
1.268974036632162024e+05
1.272176526406050543e+05
1.275731804629282851e+05
1.279826086464220571e+05
1.284664402639621258e+05
1.290497836152319942e+05
1.297661563511415152e+05
1.306616173033077503e+05
1.317981610081366089e+05
1.332551287929165992e+05
1.351273767201247101e+05
1.375191483544993680e+05
1.405331091623906977e+05
1.442548776254497934e+05
1.487346089592079807e+05
1.539685421044716495e+05
1.598844980327563826e+05
1.663356013861306710e+05
1.731055793325924024e+05
1.799268122343641589e+05
1.865093033465202025e+05
1.925757588458441896e+05
1.978960244680004253e+05
2.023139504425745399e+05
2.057615037936165172e+05
2.082580891540143930e+05
2.098965699422460748e+05
2.108203151605565508e+05
2.111969772441819950e+05
2.111944448363172414e+05
2.109628709648803342e+05
2.106245311961628613e+05
2.102712144893070799e+05
2.099673731149786618e+05
2.097565391220212623e+05
2.096684890490225225e+05
2.097251145497109974e+05
2.099437231871737458e+05
2.103373713728066068e+05
2.109126723404877412e+05
2.116661920268971007e+05
2.125809230715617305e+05
2.136243285920997732e+05
2.147490658646927332e+05
2.158968258776048606e+05
2.170049303311643307e+05
2.180146176923178718e+05
2.188794990373039618e+05
2.195725697441475641e+05
2.200904272551239992e+05
2.204538884368617146e+05
2.207048894197916961e+05
2.209002333931302128e+05
2.211032881700073776e+05
2.213750291265359556e+05
2.217658425175214652e+05
2.223092852061853919e+05
2.230186233579965192e+05
2.238865389039217844e+05
2.248879666199937346e+05
2.259856325242245221e+05
2.271375037968521356e+05
2.283050354380012141e+05
2.294608512221306737e+05
2.305944126048484759e+05
2.317144108246391115e+05
2.328471254934169119e+05
2.340307909106540901e+05
2.353069399476735562e+05
2.367105020131551428e+05
2.382608523809186008e+05
2.399558745031825965e+05
2.417704074687783723e+05
2.436593966156928218e+05
2.455649577072332031e+05
2.474257225197289954e+05
2.491864686603338050e+05
2.508061926274751895e+05
2.522633456646640552e+05
2.535577041762833833e+05
2.547090668518151215e+05
2.557534936374370009e+05
2.567380528136515059e+05
2.577150356779384019e+05
2.587364101918055385e+05
2.598490194239885313e+05
2.610907855303072720e+05
2.624880204900120734e+05
2.640538874348585377e+05
2.657880672392509296e+05
2.676776946159997606e+05
2.696995626155778300e+05
2.718234162598534022e+05
2.740158948859956581e+05
2.762444398142587161e+05
2.784803948552527581e+05
2.807006933033512323e+05
2.828879447253177059e+05
2.850292763202190399e+05
2.871147262500977959e+05
2.891361194272667635e+05
2.910870883669934701e+05
2.929643204292173032e+05
2.947694575359554146e+05
2.965106321507894900e+05
2.982025982793308212e+05
2.998648394278172636e+05
3.015177540959580219e+05
3.031777656029308564e+05
3.048527026216515223e+05
3.065388681416489999e+05
3.082208229197136243e+05
3.098741677936291089e+05
3.114707381426407374e+05
3.129848882377942791e+05
3.143991797855219338e+05
3.157079343143865699e+05
3.169177454331662157e+05
3.180449874976191204e+05
3.191112911953898147e+05
3.201385540330845397e+05
3.211450951404182706e+05
3.221440372688908246e+05
3.231441127298900974e+05
3.241521876948449062e+05
3.251762140953574562e+05
3.262272393050029641e+05
3.273195150596336462e+05
3.284684612687828485e+05
3.296869948912498076e+05
3.309812945666960441e+05
3.323472972100960324e+05
3.337690804726451170e+05
3.352198324611721910e+05
3.366654689285424538e+05
3.380702884108045255e+05
3.394035261600016383e+05
3.406454145418450353e+05
3.417914416914476315e+05
3.428538842343270662e+05
3.438602546134058503e+05
3.448489000133112422e+05
3.458624975037284312e+05
3.469405464860728243e+05
3.481121476368078729e+05
3.493903682105034241e+05
3.507693023667288944e+05
3.522245185547809233e+05
3.537169683063069242e+05
3.551997224450429203e+05
3.566262861768128350e+05
3.579589121187357814e+05
3.591753803564856644e+05
3.602731046908817952e+05
3.612699923595043365e+05
3.622020401824330329e+05
3.631180761650032364e+05
3.640723537714091945e+05
3.651159552222701022e+05
3.662882177037411602e+05
3.676096151526735630e+05
3.690775544649038347e+05
3.706662087722618016e+05
3.723307559679395054e+05
3.740153592356501613e+05
3.756632318963078433e+05
3.772265299799495842e+05
3.786738520366845769e+05
3.799938060664993827e+05
3.811942034550411045e+05
3.822975981256961240e+05
3.833347495579980314e+05
3.843379199959921534e+05
3.853356716608020361e+05
3.863501374771185219e+05
3.873968483624845976e+05
3.884864027624338632e+05
3.896268049534965539e+05
3.908252987581240013e+05
3.920889365733502782e+05
3.934237525066577946e+05
3.948329842519115773e+05
3.963150879769489984e+05
3.978622357158694649e+05
3.994596720949732116e+05
4.010859491637140745e+05
4.027138638972918270e+05
4.043119810452818056e+05
4.058468495422704145e+05
4.072861991198100732e+05
4.086033128590435954e+05
4.097823215696208645e+05
4.108234834042030270e+05
4.117469127257786458e+05
4.125930734619041323e+05
4.134188834869772545e+05
4.142894321033104789e+05
4.152667304107738892e+05
4.163980572646143264e+05
4.177068501323243836e+05
4.191885156929460936e+05
4.208121740407987381e+05
4.225276883334236336e+05
4.242759575091726147e+05
4.259998082630786812e+05
4.276530433399111498e+05
4.292060788330644718e+05
4.306477165450213361e+05
4.319835280453715241e+05
4.332318321688174619e+05
4.344183350740033784e+05
4.355703679137719446e+05
4.367115329820375773e+05
4.378575649523059838e+05
4.390142482029771782e+05
4.401780902943477267e+05
4.413399468404813088e+05
4.424909279832355678e+05
4.436289580095819547e+05
4.447637510737190023e+05
4.459181119792145328e+05
4.471244971851909067e+05
4.484173971523140208e+05
4.498237132774450583e+05
4.513542124601149699e+05
4.529989108538261498e+05
4.547279035589759587e+05
4.564972421568778809e+05
4.582577513776127016e+05
4.599638626369023696e+05
4.615799153473434271e+05
4.630827016743742279e+05
4.644606700412990176e+05
4.657114232887898688e+05
4.668394553284076974e+05
4.678554235696328105e+05
4.687770550458863145e+05
4.696306620419613319e+05
4.704517441149714286e+05
4.712834821956520318e+05
4.721728694046362070e+05
4.731652637019969407e+05
4.742987631139619625e+05
4.755997256841746857e+05
4.770801035821202677e+05
4.787364611252375180e+05
4.805500789456339553e+05
4.824876560125778778e+05
4.845026684380999068e+05
4.865379884371672524e+05
4.885304431829069508e+05
4.904174193525536102e+05
4.921446415505536716e+05
4.936734264957008418e+05
4.949855745720420964e+05
4.960847791952058906e+05
4.969946860453415429e+05
4.977548579278340912e+05
4.984162842911771731e+05
4.990375257479748689e+05
4.996814660824692692e+05
5.004116765463873162e+05
5.012872349491792265e+05
5.023556779036870576e+05
5.036451903238010127e+05
5.051583510291422717e+05
5.068700044907232514e+05
5.087308360441432451e+05
5.106763520520034363e+05
5.126390312846657471e+05
5.145602847572923056e+05
5.163990150358146639e+05
5.181348780675672460e+05
5.197661980124434340e+05
5.213040862548176083e+05
5.227651071314756409e+05
5.241646928030467825e+05
5.255127291565847117e+05
5.268117937656271970e+05
5.280578220515839057e+05
5.292426504240323557e+05
5.303578248794509564e+05
5.313990504772260319e+05
5.323705397913586348e+05
5.332883188134316588e+05
5.341814427531047259e+05
5.350902709216350922e+05
5.360615463820882142e+05
5.371409197475592373e+05
5.383644626062475145e+05
5.397512804540091893e+05
5.412992879165031482e+05
5.429854881192037137e+05
5.447708877822710201e+05
5.466088523568476085e+05
5.484546909635994816e+05
5.502738954103873111e+05
5.520468680010462413e+05
5.537690332132120384e+05
5.554466021484518424e+05
5.570895124791973503e+05
5.587038168310974725e+05
5.602858342931681545e+05
5.618197495132684708e+05
5.632792906576489331e+05
5.646329958778370637e+05
5.658517107249378460e+05
5.669165319208040601e+05
5.678254428685336607e+05
5.685972643550386420e+05
5.692721160346732941e+05
5.699082189370517153e+05
5.705754802073767642e+05
5.713468294467928354e+05
5.722886607421053341e+05
5.734519067891240120e+05
5.748651784634956857e+05
5.765310444856416434e+05
5.784259718397532124e+05
5.805038207543679746e+05
5.827022171726280358e+05
5.849507034009132767e+05
5.871793374300968135e+05
5.893263854577529710e+05
5.913439362652174896e+05
5.932006625791073311e+05
5.948815349975021090e+05
5.963849655957489740e+05
5.977184589826242300e+05
5.988941914382029790e+05
5.999258888977351598e+05
6.008279165193805238e+05
6.016167490286759567e+05
6.023141818906106055e+05
6.029510084942288231e+05
6.035696114499642281e+05
6.042240765824862756e+05
6.049770007030289853e+05
6.058929935443944996e+05
6.070297680983870523e+05
6.084284473907070933e+05
6.101050956395566463e+05
6.120453969401288778e+05
6.142038617483943235e+05
6.165080657515901839e+05
6.188674252443477744e+05
6.211851185820838436e+05
6.233711658914707368e+05
6.253544868208300322e+05
6.270919775167586049e+05
6.285732050450268434e+05
6.298200774361786898e+05
6.308816647680263268e+05
6.318250986074290704e+05
6.327240797356372932e+05
6.336469205073821358e+05
6.346461817481522448e+05
6.357517644998738542e+05
6.369687272045916179e+05
6.382801425026106881e+05
6.396541548763655592e+05
6.410533707276133355e+05
6.424441765908498783e+05
6.438037854024987901e+05
6.451237188194944756e+05
6.464096919226836180e+05
6.476789430526274955e+05
6.489564940590356709e+05
6.502715046364244772e+05
6.516540703915810445e+05
6.531320405310119968e+05
6.547271958316045348e+05
6.564506066802936839e+05
6.582979228205339750e+05
6.602461635325767566e+05
6.622537199226211524e+05
6.642645247834192123e+05
6.662159535826497013e+05
6.680486307908369927e+05
6.697156112145276275e+05
6.711887406770875677e+05
6.724611966723934747e+05
6.735466446420490975e+05
6.744763908710743999e+05
6.752959405323063256e+05
6.760615901422390016e+05
6.768366763450542931e+05
6.776865684239460388e+05
6.786718335034404881e+05
6.798400799052133225e+05
6.812181832618884509e+05
6.828071893700478831e+05
6.845817381173550384e+05
