6.815141788796418114e+05
6.793173524800239829e+05
6.771807854592845542e+05
6.751476402478528908e+05
6.732474877649609698e+05
6.714959228195085889e+05
6.698972026971254963e+05
6.684481696956284577e+05
6.671412956296150805e+05
6.659653149556467542e+05
6.649033111223677406e+05
6.639296147983347764e+05
6.630077296265451005e+05
6.620912881410440896e+05
6.611288318018703721e+05
6.600715455697326688e+05
6.588817087415453279e+05
6.575391631938002538e+05
6.560437501939161448e+05
6.544131342465613270e+05
6.526770669264551252e+05
6.508702397858834593e+05
6.490260009360754630e+05
6.471724055803795345e+05
6.453308168533317512e+05
6.435162303952859947e+05
6.417381516639793990e+05
6.400012683351265732e+05
6.383059516927459044e+05
6.366492138486671029e+05
6.350267199694187148e+05
6.334357930920607178e+05
6.318784561832734616e+05
6.303630118517319206e+05
6.289028818463926436e+05
6.275124247812902322e+05
6.262008019590580370e+05
6.249660286256329855e+05
6.237915917428106768e+05
6.226472610599029576e+05
6.214942464084830135e+05
6.202932668475069804e+05
6.190130557331084274e+05
6.176367458469612757e+05
6.161644501173270401e+05
6.146117554066997254e+05
6.130051560389001388e+05
6.113761452989116078e+05
6.097555743804277154e+05
6.081692006373717450e+05
6.066345556736761937e+05
6.051588203961555846e+05
6.037374792682892876e+05
6.023539695614543743e+05
6.009809490700504975e+05
5.995838086354574189e+05
5.981265320788933896e+05
5.965791484039337374e+05
5.949252227986278012e+05
5.931674742985481862e+05
5.913298709988157498e+05
5.894553598144042771e+05
5.875994658916462213e+05
5.858210164218530990e+05
5.841719317441604799e+05
5.826882260696280282e+05
5.813840399458713364e+05
5.802497751641704235e+05
5.792544164153591264e+05
5.783511735783900367e+05
5.774849364481534576e+05
5.765998732822445454e+05
5.756458224637539824e+05
5.745827419054771308e+05
5.733831226846413920e+05
5.720327117884043837e+05
5.705300337349871406e+05
5.688851167444684543e+05
5.671176679233857431e+05
5.652548436135908123e+05
5.633287811427478446e+05
5.613741525677934987e+05
5.594260633082344430e+05
5.575185449990187772e+05
5.556836455179228215e+05
5.539507700753926765e+05
5.523456463992421050e+05
5.508882795182097470e+05
5.495896527223692974e+05
5.484476569576697657e+05
5.474435076605806826e+05
5.465403308871024055e+05
5.456853454509067815e+05
5.448160948128286982e+05
5.438698123445130186e+05
5.427937982807346852e+05
5.415541815804863581e+05
5.401408717467791867e+05
5.385676913329487434e+05
5.368681151218428276e+05
5.350881590073000407e+05
5.332783970225817757e+05
5.314868155164192431e+05
5.297535069126625312e+05
5.281074419053044403e+05
5.265650376712756697e+05
5.251300697662997991e+05
5.237945806985787931e+05
5.225406425279609393e+05
5.213429609029499115e+05
5.201722667289650999e+05
5.189992358174489345e+05
5.177984038813263178e+05
5.165513509655747330e+05
5.152484520837860764e+05
5.138887906022429815e+05
5.124783483438612893e+05
5.110271428884195630e+05
5.095463426652445924e+05
5.080463681343338103e+05
5.065365479670187924e+05
5.050261994148578378e+05
5.035263359005397651e+05
5.020508721873082104e+05
5.006163595494610490e+05
4.992398807282194030e+05
4.979355123558606720e+05
4.967103908001836389e+05
4.955616419142768718e+05
4.944751851028859965e+05
4.934268257174117025e+05
4.923853618527296348e+05
4.913169152641881374e+05
4.901895145936122281e+05
4.889771193221712601e+05
4.876626373383360333e+05
4.862398477229715209e+05
4.847143145670910599e+05
4.831033121673456626e+05
4.814345796778574586e+05
4.797435943156169378e+05
4.780691919875753229e+05
4.764478220206640544e+05
4.749073406582349562e+05
4.734617204191713245e+05
4.721080850863123778e+05
4.708269625984699815e+05
4.695857355081167771e+05
4.683443185424833209e+05
4.670614905326878652e+05
4.657002792340432643e+05
4.642313114342249464e+05
4.626338476147079491e+05
4.608949889920895221e+05
4.590080133956974023e+05
4.569708619367113570e+05
4.547855156526992796e+05
4.524585208511959063e+05
4.500024157776553184e+05
4.474374229187523597e+05
4.447925949668739922e+05
4.421056771392270457e+05
4.394212527249801205e+05
4.367871890286161797e+05
4.342498668453160790e+05
4.318490192216396681e+05
4.296131276774444268e+05
4.275562088591524516e+05
4.256765346222919761e+05
4.239574694430719246e+05
4.223702757565996726e+05
4.208784777618637891e+05
4.194431879283885355e+05
4.180286731619095663e+05
4.166073740615000133e+05
4.151636235123341903e+05
4.136954747810733970e+05
4.122143419975876459e+05
4.107425187780363485e+05
4.093089797973231180e+05
4.079441059434201452e+05
4.066740835448461003e+05
4.055157459677254083e+05
4.044725971356172231e+05
4.035326834522260469e+05
4.026688064802612062e+05
4.018412248384082923e+05
4.010024822574919090e+05
4.001034472658914747e+05
3.990992825235927594e+05
3.979540843272224301e+05
3.966433981741289026e+05
3.951545604403351317e+05
3.934855202453662641e+05
3.916431481295585399e+05
3.896419033921767259e+05
3.875032194583191304e+05
3.852553622173457989e+05
3.829331199889695272e+05
3.805766568819219247e+05
3.782291676406131592e+05
3.759334315956991632e+05
3.737277663589536678e+05
3.716420886030279216e+05
3.696947677872491186e+05
3.678907645438985783e+05
3.662212754513724940e+05
3.646648566156080924e+05
3.631898374897791073e+05
3.617577826593639329e+05
3.603277739938936429e+05
3.588612857522893464e+05
3.573273292927714065e+05
3.557073323403999093e+05
3.539989699667594978e+05
3.522180372461669613e+05
3.503975983014948433e+05
3.485841110496149631e+05
3.468309058977888199e+05
3.451900670101824217e+05
3.437041910916745546e+05
3.423995443352222210e+05
3.412818185116564273e+05
3.403351393454843783e+05
3.395243794287329656e+05
3.388003061116825556e+05
3.381067082683655317e+05
3.373883956573713804e+05
3.365988422811342170e+05
3.357062647028814536e+05
3.346971220789081417e+05
3.335764203638136387e+05
3.323647742649979773e+05
3.310928343076601741e+05
3.297942722521929536e+05
3.284988681899618823e+05
3.272272296233950765e+05
3.259882642609964823e+05
3.247798136553880177e+05
3.235920289796815487e+05
3.224123728919097339e+05
3.212307644033515244e+05
3.200434403123589582e+05
3.188545447187017417e+05
3.176751254118643701e+05
3.165199140787640936e+05
3.154028190318634734e+05
3.143323517647402477e+05
3.133082034158401075e+05
3.123199063949070987e+05
3.113480261404950288e+05
3.103677281283098855e+05
3.093539821427634452e+05
3.082872357543925755e+05
3.071582267362372368e+05
3.059707649603571044e+05
3.047417675055222353e+05
3.034984621781022288e+05
3.022733200829083798e+05
3.010977737498675706e+05
2.999960091837319778e+05
2.989800516611339408e+05
2.980470407858200488e+05
2.971791154222233454e+05
2.963458331931639113e+05
2.955086446651300066e+05
2.946266907496552449e+05
2.936630915545290918e+05
2.925908974697263911e+05
2.913979228368183249e+05
2.900897570335447090e+05
2.886903751568405423e+05
2.872400060282470658e+05
2.857902911655355711e+05
2.843972481411138433e+05
2.831130229619345046e+05
2.819777316472904058e+05
2.810127364117508987e+05
2.802164475761776557e+05
2.795632539286702522e+05
2.790055882361320546e+05
2.784785702468393720e+05
2.779062557260069298e+05
2.772083449589695083e+05
2.763063198131112731e+05
2.751283795169976074e+05
2.736131343857331667e+05
2.717125903661189950e+05
2.693952532800804474e+05
2.666499945190638537e+05
2.634906356078710523e+05
2.599602727561925713e+05
2.561336123693903210e+05
2.521154604900057893e+05
2.480342051201120194e+05
2.440304799125349673e+05
2.402427047162413364e+05
2.367922615849176946e+05
2.337712595806343306e+05
2.312351142139123695e+05
2.292008410444079200e+05
2.276505643196620804e+05
2.265387484925872996e+05
2.258013067625380936e+05
2.253649638247581315e+05
2.251557828152801667e+05
2.251063015300811385e+05
2.251610552767955523e+05
2.252803514841378201e+05
2.254420994848030095e+05
2.256414414217332378e+05
2.258880070666847168e+05
2.262008783439788676e+05
2.266017555501345778e+05
2.271072463708410796e+05
2.277214969100632879e+05
2.284304226976306527e+05
2.291985311501486576e+05
2.299688216311922588e+05
2.306656654388054449e+05
2.312000933603740705e+05
2.314766816950304201e+05
2.314012397240265855e+05
2.308886590522429615e+05
2.298704366182855447e+05
2.283014193421208765e+05
2.261652330153799558e+05
2.234777446213790390e+05
2.202878994761928625e+05
2.166754696019451367e+05
2.127456579037406482e+05
2.086210433699034038e+05
2.044318866197656898e+05
2.003061908977007552e+05
1.963610078296361607e+05
1.926962287200827268e+05
1.893915384004579100e+05
1.865064583884004387e+05
1.840826807202777709e+05
1.821474260717958095e+05
1.807165128053367953e+05
1.797962095454950468e+05
1.793836006598322419e+05
1.794658448523438419e+05
1.800190837025232904e+05
1.810077270274113980e+05
1.823844727664802922e+05
1.840909409221450333e+05
1.860584861669949023e+05
1.882087745086423529e+05
1.904540508593651466e+05
1.926974956740280322e+05
1.948344056639453338e+05
1.967549345495071902e+05
1.983487556297652191e+05
1.995113963528491731e+05
2.001513906927596545e+05
2.001970359915283625e+05
1.996015584448014270e+05
1.983458661057565478e+05
1.964386512712257972e+05
1.939141853648932301e+05
1.908285397723148344e+05
1.872550625586090027e+05
1.832797567527138744e+05
1.789968583861674415e+05
1.745045750674459850e+05
1.699007777904050017e+05
1.652785178545127565e+05
1.607215269920919091e+05
1.563002065728513408e+05
1.520688323483316635e+05
1.480646490161558904e+05
1.443091729278768762e+05
1.408114667605550203e+05
1.375725982507099980e+05
1.345901593680987135e+05
1.318617376880059019e+05
1.293865992646365776e+05
1.271654300653755781e+05
1.251985810259014106e+05
1.234836656751007977e+05
1.220134474842800701e+05
1.207747284231178492e+05
1.197485260258466442e+05
1.189113790031204262e+05
1.182373131143194332e+05
1.176999159970883484e+05
1.172740968105175416e+05
1.169373466947807174e+05
1.166705427323332406e+05
1.164584552552057576e+05
1.162900987839661830e+05
1.161589539209943614e+05
1.160629634471969475e+05
1.160041465104058734e+05
1.159877135112920223e+05
1.160206808709198958e+05
1.161101206612305541e+05
1.162612690836763068e+05
1.164757185146887496e+05
1.167498333913860697e+05
1.170734094808837690e+05
1.174285153108858358e+05
1.177884838186237757e+05
1.181171871004315763e+05
1.183689804989934346e+05
1.184899240217097540e+05
1.184209230629125377e+05
1.181031534824521805e+05
1.174855338214056828e+05
1.165332179261593119e+05
1.152353747159100749e+05
1.136102094343827775e+05
1.117054830982904532e+05
1.095937197796438413e+05
1.073626265841574932e+05
1.051025796785614948e+05
1.028939073405962117e+05
1.007968168347442697e+05
9.884610808173182886e+04
9.705151124495580734e+04
9.540298997701531334e+04
9.387912674839149986e+04
9.245610226411528129e+04
9.111493130570280482e+04
8.984541148819446971e+04
8.864637853227840969e+04
8.752296321708979667e+04
8.648228335943780257e+04
8.552920242903465987e+04
8.466346072096472199e+04
8.387881603268606705e+04
8.316408300731008057e+04
8.250538257831608644e+04
8.188865909836298670e+04
8.130161786943671177e+04
8.073459194261117955e+04
8.018031133538240101e+04
7.963295841032908356e+04
7.908712421810350497e+04
7.853726936163552455e+04
7.797805101835240202e+04
7.740548867727736069e+04
7.681854132038436364e+04
7.622040890760341426e+04
7.561886322329731775e+04
7.502518215919529030e+04
7.445172493229125394e+04
7.390867913071386283e+04
7.340085138959066535e+04
7.292543598629358166e+04
7.247145960265697795e+04
7.202115309117214929e+04
7.155299339758107089e+04
7.104574304533403483e+04
7.048259286745660938e+04
6.985451747592262109e+04
6.916215306027703627e+04
6.841583888869300426e+04
6.763385115085224970e+04
6.683922624615106906e+04
6.605585294584558869e+04
6.530465293206310889e+04
6.460063161660007609e+04
6.395136498080062302e+04
6.335713780365198909e+04
6.281255150095808494e+04
6.230908600025043415e+04
6.183792734681463480e+04
6.139240963084507530e+04
6.096964425155380741e+04
6.057123489848169265e+04
6.020328563561861665e+04
5.987610153413814987e+04
5.960401166106299206e+04
5.940563626827549888e+04
5.930474563729057263e+04
5.933169724423030129e+04
5.952533850683052151e+04
5.993521853591759282e+04
6.062390983125499042e+04
6.166912390862792381e+04
6.316505290965803579e+04
6.522197484043023724e+04
6.796270202974702988e+04
7.151411742007971043e+04
7.599211809245058976e+04
8.147909182219080685e+04
8.799480784590236726e+04
9.546422767266025767e+04
1.036886944883705000e+05
1.123292252077322046e+05
1.209109598751183657e+05
1.288552311951772717e+05
1.355400556021441007e+05
1.403821936418002006e+05
1.429264898853059276e+05
1.429236540739674529e+05
1.403780776415385772e+05
1.355532241113132332e+05
1.289321356450124003e+05
1.211416328311953403e+05
1.128573617078119860e+05
1.047103525364325178e+05
9.721343329501143307e+04
9.071893267187276797e+04
8.541022147988092911e+04
8.132164361495616322e+04
7.837635886522597866e+04
7.643029751875394140e+04
7.531226075434863742e+04
7.485386257440460031e+04
7.490703772002176265e+04
7.535013778911370900e+04
7.608567385785732768e+04
7.703351318768314377e+04
7.812308005687998957e+04
7.928722617726679891e+04
8.045927373097502277e+04
8.157356637432564457e+04
8.256888970036279352e+04
8.339347869686082413e+04
8.401008562401709787e+04
8.439972976857566391e+04
8.456320359324991296e+04
8.452002213990586461e+04
8.430511004926859459e+04
8.396398423800055753e+04
8.354742535766742367e+04
8.310661440748674795e+04
8.268947166869466309e+04
8.233854206725645054e+04
8.209032132532706601e+04
8.197552614504071244e+04
8.201959374260852928e+04
8.224273316329100635e+04
8.265915478533299756e+04
8.327559360634504992e+04
8.408975127728356165e+04
8.508961270302273624e+04
8.625458675601762661e+04
8.755902517866159906e+04
8.897797181298299984e+04
9.049418076820408169e+04
9.210476245343651681e+04
9.382549397990791476e+04
9.569100889872100379e+04
9.774979142371620401e+04
1.000540469653341861e+05
1.026458828033864702e+05
1.055424825114743144e+05
1.087237177215566626e+05
1.121255866589974321e+05
1.156418605817048228e+05
1.191345057469127787e+05
1.224512797176960157e+05
1.254470108739330899e+05
1.280040587978334515e+05
1.300476546870289749e+05
1.315531666200997424e+05
1.325443807306106610e+05
1.330839965426311537e+05
1.332591117238858715e+05
1.331651722193940659e+05
1.328916578750000917e+05
1.325118851869200589e+05
1.320780791374778491e+05
1.316216215215065749e+05
1.311573610363356711e+05
1.306902103023505479e+05
1.302220237339137675e+05
1.297569607960316062e+05
1.293041446762908454e+05
1.288772997521128418e+05
1.284919812314539158e+05
1.281617384412024257e+05
1.278948519014664489e+05
1.276930479411254346e+05
1.275528975201628054e+05
1.274696904703639448e+05
1.274427653108474769e+05
1.274808420307751367e+05
1.276059643902222015e+05
1.278551240856592631e+05
1.282792808187387855e+05
1.289400508935762336e+05
1.299046447169252060e+05
1.312396756845710333e+05
1.330043554347156896e+05
1.352434949708220956e+05
1.379807584235573304e+05
1.412127695734820154e+05
1.449048535214498697e+05
1.489892670556319354e+05
1.533666218074359931e+05
1.579108087842302630e+05
1.624771643502738734e+05
1.669130227319572587e+05
1.710693473154462699e+05
1.748119538813342224e+05
1.780309801701928372e+05
1.806476613485435955e+05
1.826180015332574549e+05
1.839334224987173802e+05
1.846187979012438445e+05
1.847284088207437890e+05
1.843403392072104907e+05
1.835497719774444704e+05
1.824616386441489449e+05
1.811831469664656906e+05
1.798168215554379276e+05
1.784547601427845075e+05
1.771747572535002837e+05
1.760387438542985474e+05
1.750936576780316245e+05
1.743744585081952391e+05
1.739086170252252778e+05
1.737211085868669034e+05
1.738387872486776905e+05
1.742930328336018720e+05
1.751197756320186891e+05
1.763564212100199948e+05
1.780358093354274170e+05
1.801780768249192333e+05
1.827820008604413015e+05
1.858178524446420779e+05
1.892237657460543560e+05
1.929070187709040765e+05
1.967505227573869925e+05
2.006235461087721924e+05
2.043946762851574458e+05
2.079445997919664369e+05
2.111765707023847208e+05
2.140232687972339918e+05
2.164497492650699278e+05
2.184529746810700453e+05
2.200587790338413324e+05
2.213170655317998026e+05
2.222957913653145079e+05
2.230740907674114569e+05
2.237348787012996327e+05
2.243574428365621425e+05
2.250107264805851737e+05
2.257480627839336812e+05
2.266039536360886996e+05
2.275931323140531604e+05
2.287117396716157091e+05
2.299401315064220980e+05
2.312467148847709759e+05
2.325922834856373374e+05
2.339345028471628029e+05
2.352323670965539350e+05
2.364505133080831729e+05
2.375632065629846475e+05
2.385576429991117329e+05
2.394360613222597458e+05
2.402161206868680893e+05
2.409291716633073811e+05
2.416164151764244889e+05
2.423234194658617780e+05
2.430938931658522924e+05
2.439638385363271809e+05
2.449571440071706311e+05
2.460833372870545136e+05
2.473377248712789151e+05
2.487036507342095720e+05
2.501562512005903700e+05
2.516669255595178693e+05
2.532077640963675804e+05
2.547553106941938750e+05
2.562932188970245479e+05
2.578135520879876567e+05
2.593166766589082254e+05
2.608099075424919138e+05
2.623052744631568203e+05
2.638169384371235501e+05
2.653588368487900589e+05
2.669430246382767218e+05
2.685789157669496490e+05
2.702732890147923608e+05
2.720306292572701350e+05
2.738532520276788273e+05
2.757407706956358161e+05
2.776887865327227046e+05
2.796871006564667914e+05
2.817181058223036234e+05
2.837561698887994280e+05
2.857686914885083679e+05
2.877191084602359333e+05
2.895715842696533655e+05
2.912965653410548694e+05
2.928760778103963239e+05
2.943076370033288840e+05
2.956059794721722719e+05
2.968023686493198620e+05
2.979417637353076134e+05
2.990784841062097112e+05
3.002710632263788139e+05
3.015768297557636397e+05
3.030465480733891600e+05
3.047193663500763359e+05
3.066184238117347704e+05
3.087476780697052600e+05
3.110906448960853741e+05
3.136116220998364734e+05
3.162595412210286595e+05
3.189739672228871495e+05
3.216921823916350259e+05
3.243559941814478370e+05
3.269170368382279412e+05
3.293398518737519043e+05
3.316027245943843736e+05
3.336968412821714301e+05
3.356245890704724006e+05
3.373976837286361842e+05
3.390354034464593860e+05
3.405627761716776295e+05
3.420083565983857843e+05
3.434013502345505403e+05
3.447682251725883107e+05
3.461293842897525174e+05
3.474967131234591361e+05
3.488727322899721912e+05
3.502516925247468171e+05
3.516224175206404761e+05
3.529722318165837787e+05
3.542910591508020880e+05
3.555747832418291946e+05
3.568271750765781617e+05
3.580600160818367731e+05
3.592914055404884857e+05
3.605425839936315897e+05
3.618338960125727463e+05
3.631807090854074340e+05
3.645901431319316034e+05
3.660593090891507454e+05
3.675754239835356711e+05
3.691177524458010448e+05
3.706609475927352905e+05
3.721791321651728940e+05
3.736500055207510595e+05
3.750583380513467127e+05
3.763983447135020397e+05
3.776745666235821554e+05
3.789010474396838108e+05
3.800988175794038689e+05
3.812920149779125932e+05
3.825033215371593251e+05
3.837496575010416564e+05
3.850391247843725723e+05
3.863699674779822235e+05
3.877318692624034011e+05
3.891093555805752985e+05
3.904865515504291398e+05
3.918521736780181527e+05
3.932034791295385221e+05
3.945480187560276827e+05
3.959024780888648820e+05
3.972886186432145769e+05
3.987272023584409617e+05
4.002315188328443328e+05
4.018024238396261353e+05
4.034264462114970083e+05
4.050775952069708728e+05
4.067223388344725827e+05
4.083262866705166525e+05
4.098607539685982629e+05
4.113076788780762581e+05
4.126620831304281601e+05
4.139320337788368925e+05
4.151365783682838082e+05
4.163023071148937452e+05
4.174591701298374683e+05
4.186361363974692067e+05
4.198573161942831939e+05
4.211392080594438594e+05
4.224896129518329399e+05
4.239083809272607905e+05
4.253895956033411203e+05
4.269243027297955705e+05
4.285027275049466407e+05
4.301152327719952445e+05
4.317519322399536031e+05
4.334015701682888903e+05
4.350506545746344491e+05
4.366836863501000917e+05
4.382847337125156773e+05
4.398398679051824729e+05
4.413394836452600430e+05
4.427795330419380916e+05
4.441612053358938429e+05
4.454893354757107445e+05
4.467704491206147359e+05
4.480115411694973591e+05
4.492203408296849229e+05
4.504070884258467704e+05
4.515870558609353611e+05
4.527825214023942826e+05
4.540228753765171859e+05
4.553420067595286528e+05
4.567729428402996273e+05
4.583406252954065567e+05
4.600544386021887185e+05
4.619024555917627295e+05
4.638492218548898818e+05
4.658382634201301844e+05
4.677994747839406482e+05
4.696603343402631581e+05
4.713587935661003576e+05
4.728550192360391375e+05
4.741391984876547940e+05
4.752334380488445167e+05
4.761872444291731808e+05
4.770677591028680908e+05
4.779473077513370663e+05
4.788914331017798977e+05
4.799501999888755381e+05
4.811543304345993092e+05
4.825161004737851326e+05
4.840334975508662174e+05
4.856953849562742398e+05
4.874855497455120203e+05
4.893843827422096510e+05
4.913681573542110855e+05
4.934069624514415045e+05
4.954629311931179254e+05
4.974903382958787843e+05
4.994384931828949484e+05
5.012573861089740531e+05
5.029050683073062100e+05
5.043550597886051983e+05
5.056018814309714944e+05
5.066631705784417572e+05
5.075776796165313572e+05
5.083995485925338580e+05
5.091902594634601264e+05
5.100102837071880349e+05
5.109123973716359469e+05
5.119379417711450369e+05
5.131161884078961448e+05
5.144658435258668615e+05
5.159970487716740463e+05
5.177122836147337803e+05
5.196053355560660129e+05
5.216586488726909738e+05
5.238403904125604895e+05
5.261030301400994649e+05
5.283849282625652850e+05
5.306154913981244899e+05
5.327233046915056184e+05
5.346457170219427207e+05
5.363379500925412867e+05
5.377799564973677043e+05
5.389797863964989083e+05
5.399728861352548702e+05
5.408173731788744917e+05
5.415858778846239438e+05
5.423550663964161649e+05
5.431944786456292495e+05
5.441567233131323010e+05
5.452711407201753464e+05
5.465425444537971634e+05
5.479555154138291255e+05
5.494831647742619971e+05
5.510977987219499191e+05
5.527801125929974951e+05
5.545238609029039508e+05
5.563344275086832931e+05
5.582218879107593093e+05
5.601911894933052827e+05
5.622331462236448424e+05
5.643196079204485286e+05
5.664045847389543196e+05
5.684309809792344458e+05
5.703408018427141942e+05
5.720858861260381527e+05
5.736365172109632986e+05
5.749863078542480944e+05
5.761529495529714040e+05
5.771752900786891114e+05
5.781076053172490792e+05
5.790120204289254034e+05
5.799500719985148171e+05
5.809745318685090169e+05
5.821227643145862967e+05
5.834128478362087626e+05
5.848432801126923878e+05
5.863963048657551408e+05
5.880439783340683207e+05
5.897553750653536990e+05
5.915031059618886793e+05
5.932676717535018688e+05
5.950389454178629676e+05
5.968149502576702507e+05
5.985987552637344925e+05
6.003945677181200590e+05
6.022039910698371241e+05
6.040231150052113226e+05
6.058408228528214386e+05
6.076385476860201452e+05
6.093916404219275573e+05
6.110723921722286614e+05
6.126544670062740333e+05
6.141180729788483586e+05
6.154548032517055981e+05
6.166709480239977129e+05
6.177883539921208285e+05
6.188425355407220777e+05
6.198784755156293977e+05
6.209450846347529441e+05
6.220894163787051803e+05
6.233514764263586840e+05
6.247600408703390276e+05
6.263295859225187451e+05
6.280583991721660132e+05
6.299281331127786543e+05
6.319052322992571862e+05
6.339445460107253166e+05
6.359949279772297014e+05
6.380059001890437212e+05
6.399339095045558643e+05
6.417467183329078835e+05
6.434251655927737011e+05
6.449626373372619273e+05
6.463635280020637438e+05
6.476421927009220235e+05
6.488231835665563121e+05
6.499422538208280457e+05
6.510464292483534664e+05
6.521911345893257530e+05
6.534332580688807648e+05
6.548208395822680322e+05
6.563819553731224732e+05
6.581164072263778653e+05
6.599934282629927620e+05
6.619568600950911641e+05
6.639368200248258654e+05
6.658647312189225340e+05
6.676875505505992332e+05
6.693774281348143704e+05
6.709346208546569105e+05
6.723835947621841915e+05
6.737641206716251327e+05
6.751202327038635267e+05
6.764900025108250557e+05
6.778983744953492424e+05
6.793542089838533429e+05
6.808515838073197519e+05
6.823745439154671039e+05
6.839039142413533991e+05
6.854244617543024942e+05
6.869305985566946911e+05
6.884290370675643208e+05
6.899374475225158967e+05
6.914792250081611564e+05
6.930757252206364647e+05
6.947383472173110349e+05
6.964631626049936749e+05
6.982301541520114988e+05
7.000076561680154409e+05
7.017607892107801745e+05
7.034612410805968102e+05
7.050952349908375181e+05
7.066671434955708683e+05
7.081976995708042523e+05
7.097175390071982983e+05
7.112582210601997795e+05
7.128434513529184042e+05
7.144828662974666804e+05
7.161696889383193338e+05
7.178823079384739976e+05
7.195888393290217500e+05
7.212532826807631645e+05
7.228419726163791493e+05
7.243294146490459098e+05
7.257029722579448717e+05
7.269660403632845264e+05
7.281393092670764308e+05
7.292596800925093703e+05
7.303765601166478591e+05
7.315457383320165100e+05
7.328217003496510442e+05
7.342498047505727736e+05
7.358599139146741945e+05
7.376627100389993284e+05
7.396491371471330058e+05
7.417925087257823907e+05
7.440521884981693001e+05
7.463776484748752555e+05
7.487121418061699951e+05
7.509959433486114722e+05
7.531697108693418559e+05
7.551786627719120588e+05
7.569778483735405607e+05
7.585380009725707350e+05
7.598507217989745550e+05
7.609314588162003784e+05
7.618191184334787540e+05
7.625720555860104505e+05
7.632612383699255297e+05
