4.101938865271821851e+05
4.090169632607788080e+05
4.078237481804277049e+05
4.066345484899835428e+05
4.054708357983081369e+05
4.043551263006136869e+05
4.033084358082195395e+05
4.023460474317863118e+05
4.014732955182559090e+05
4.006832212883006432e+05
3.999572402285020216e+05
3.992687287930655293e+05
3.985882675210008747e+05
3.978887023916380131e+05
3.971484458903740742e+05
3.963523756859070272e+05
3.954908324083745247e+05
3.945580213808533736e+05
3.935512252571397694e+05
3.924716239333604462e+05
3.913265189469959587e+05
3.901318579163861577e+05
3.889135630535543896e+05
3.877064475575741380e+05
3.865503191648005159e+05
3.854838768022877630e+05
3.845378114872116130e+05
3.837288408013683511e+05
3.830561517953926232e+05
3.825010239874141989e+05
3.820295228871582076e+05
3.815974056602679193e+05
3.811560003472235403e+05
3.806578876471336698e+05
3.800616305978052551e+05
3.793353350835396559e+05
3.784592292486199294e+05
3.774275542171191191e+05
3.762498515657990356e+05
3.749513633507893537e+05
3.735719646528084413e+05
3.721630390728267957e+05
3.707820699763859157e+05
3.694853657419078518e+05
3.683200326872515725e+05
3.673167727160241921e+05
3.664851023144496139e+05
3.658121146710692556e+05
3.652650714357271208e+05
3.647971821894677123e+05
3.643552059770741616e+05
3.638872090329690836e+05
3.633490009513910045e+05
3.627083440992645337e+05
3.619467615016336786e+05
3.610593949725040584e+05
3.600536876797736040e+05
3.589476166616968112e+05
3.577678671899912879e+05
3.565479197692140006e+05
3.553257318367373664e+05
3.541406829449115321e+05
3.530297169114839635e+05
3.520230230589925195e+05
3.511399511883215164e+05
3.503859856933004921e+05
3.497514581460888148e+05
3.492123229571462725e+05
3.487328974031590624e+05
3.482701094222633983e+05
3.477785770286550396e+05
3.472157693650154397e+05
3.465465477616206626e+05
3.457465370753724710e+05
3.448040235177580034e+05
3.437203867438169545e+05
3.425093755632590037e+05
3.411957143375701853e+05
3.398134846948914346e+05
3.384044581269416376e+05
3.370161777291038306e+05
3.356993067069297540e+05
3.345037667218642891e+05
3.334735443843402318e+05
3.326406357777465018e+05
3.320191789741147659e+05
3.316011277167085791e+05
3.313546904866465484e+05
3.312262232939013047e+05
3.311455082104332978e+05
3.310336288477846538e+05
3.308121822492918582e+05
3.304124379201295669e+05
3.297832296188995824e+05
3.288967161233233055e+05
3.277515290243171621e+05
3.263731404849951505e+05
3.248115070987964864e+05
3.231362125060799299e+05
3.214294957007780322e+05
3.197777461182945408e+05
3.182622594131304650e+05
3.169502312096444657e+05
3.158870591988782398e+05
3.150909774120472721e+05
3.145508355591474683e+05
3.142274645446629729e+05
3.140585719397272915e+05
3.139665613423484028e+05
3.138681771282595000e+05
3.136845658606585930e+05
3.133503120346548385e+05
3.128202647574921139e+05
3.120734416582902777e+05
3.111138275536031579e+05
3.099683292928929441e+05
3.086824226369647658e+05
3.073141414286201471e+05
3.059270857897923561e+05
3.045831401319912984e+05
3.033356229635979398e+05
3.022236105123732705e+05
3.012681236066997517e+05
3.004706874988088384e+05
2.998144528729684534e+05
2.992676449239201611e+05
2.987886818902262021e+05
2.983320023116773809e+05
2.978535766051637474e+05
2.973152984948816011e+05
2.966878877119731042e+05
2.959524136962326593e+05
2.951008638039262150e+05
2.941361978293763823e+05
2.930720809479642776e+05
2.919321499403879279e+05
2.907484735962019186e+05
2.895589565268988372e+05
2.884037635860411101e+05
2.873212115260252031e+05
2.863437613955885172e+05
2.854946481817741296e+05
2.847853915643693763e+05
2.842141594191815238e+05
2.837648978070288431e+05
2.834073323536486132e+05
2.830982302892061416e+05
2.827844398409065325e+05
2.824080114390030503e+05
2.819131609521428472e+05
2.812541643014605506e+05
2.804027686964450404e+05
2.793535937175660511e+05
2.781263246581365238e+05
2.767641406609042897e+05
2.753285512188725988e+05
2.738914426017939113e+05
2.725255623272680095e+05
2.712948844701246708e+05
2.702463202828421490e+05
2.694040638206362491e+05
2.687674651529954281e+05
2.683127068061430473e+05
2.679978109665404190e+05
2.677698116195352632e+05
2.675725115055280039e+05
2.673532674522896414e+05
2.670677133894776343e+05
2.666820683373135980e+05
2.661734111864841543e+05
2.655287754081694293e+05
2.647439924569490831e+05
2.638229311646510614e+05
2.627773115359115764e+05
2.616268229434045788e+05
2.603990052017410053e+05
2.591283184970838483e+05
2.578540129780981515e+05
2.566167418055885937e+05
2.554542542582202295e+05
2.543968587478887057e+05
2.534635526441255352e+05
2.526596848420265014e+05
2.519767147702346847e+05
2.513941223263454740e+05
2.508829668935048394e+05
2.504101876791040413e+05
2.499426281765007298e+05
2.494499794485559105e+05
2.489062660114674363e+05
2.482899689974588109e+05
2.475832337983221805e+05
2.467707621891149902e+05
2.458389500349233858e+05
2.447756634541719104e+05
2.435708189851340430e+05
2.422176992348599888e+05
2.407147314280906576e+05
2.390673161223197530e+05
2.372892490737089829e+05
2.354033443063940504e+05
2.334410179374499712e+05
2.314407737560055684e+05
2.294456827479172207e+05
2.275000442027237732e+05
2.256454814039933553e+05
2.239168136361588840e+05
2.223381880792333104e+05
2.209201127104806365e+05
2.196581006599944085e+05
2.185335007170973695e+05
2.175166971074457106e+05
2.165722851787011314e+05
2.156652532568641182e+05
2.147668489276863984e+05
2.138588381109106413e+05
2.129352887267924380e+05
2.120016817375949468e+05
2.110718331003971980e+05
2.101635762706430978e+05
2.092942868427518115e+05
2.084771492504446360e+05
2.077186999097034859e+05
2.070177977177871508e+05
2.063658982921995921e+05
2.057483863875547540e+05
2.051467122141807631e+05
2.045410964727204409e+05
2.039135374607095728e+05
2.032507461809327942e+05
2.025464986542318948e+05
2.018028296105554327e+05
2.010296027319427521e+05
2.002423231154044042e+05
1.994585449797743058e+05
1.986937071580311749e+05
1.979574965243687329e+05
1.972517495818468742e+05
1.965704509571171948e+05
1.959017308375851426e+05
1.952311544910868979e+05
1.945452688511709857e+05
1.938344286039045255e+05
1.930943033379957196e+05
1.923259803982278681e+05
1.915350132212788740e+05
1.907299814055922034e+05
1.899210998776135384e+05
1.891192081654919893e+05
1.883351954398271919e+05
1.875796727225389623e+05
1.868625609314720205e+05
1.861922635511372646e+05
1.855742490762826637e+05
1.850091550617682806e+05
1.844908626122112037e+05
1.840052483992058260e+05
1.835303632267982466e+05
1.830385312759970839e+05
1.825003452121740556e+05
1.818899050844975864e+05
1.811901410472177959e+05
1.803968785628297774e+05
1.795205457354253449e+05
1.785850238072099746e+05
1.776239034367986023e+05
1.766750702329296037e+05
1.757748846317594871e+05
1.749531535865783517e+05
1.742296855187531037e+05
1.736126701561492810e+05
1.730986579787899391e+05
1.726736849331454432e+05
1.723151154874817003e+05
1.719939515561554872e+05
1.716775138645101106e+05
1.713324277488283115e+05
1.709277258130470000e+05
1.704377047536570462e+05
1.698440687302568404e+05
1.691369409229351731e+05
1.683145278770781006e+05
1.673815051546511240e+05
1.663464622962545545e+05
1.652189308983197261e+05
1.640065972845147771e+05
1.627132773669459566e+05
1.613381179079057183e+05
1.598762900975577359e+05
1.583211641584104509e+05
1.566676255601880839e+05
1.549158772366360063e+05
1.530748570704917656e+05
1.511643716974287818e+05
1.492152517745443329e+05
1.472672483739229501e+05
1.453649227108965279e+05
1.435522927229984780e+05
1.418673464398365177e+05
1.403376114592284139e+05
1.389777536378149816e+05
1.377897187534671684e+05
1.367653436929182499e+05
1.358907924744349439e+05
1.351517522998605564e+05
1.345381528260833584e+05
1.340472888555871614e+05
1.336846105217622826e+05
1.334620134071883222e+05
1.333940847123592393e+05
1.334932898433170631e+05
1.337653790051074466e+05
1.342062677771021554e+05
1.348012890536166669e+05
1.355271031205742038e+05
1.363558386104725359e+05
1.372604090069707891e+05
1.382195860640022729e+05
1.392214287553308823e+05
1.402640760910342215e+05
1.413536084191427217e+05
1.424994644161788747e+05
1.437085349114458368e+05
1.449793493702764972e+05
1.462976493573079933e+05
1.476341721979324939e+05
1.489448316591601470e+05
1.501729092062442505e+05
1.512525408585632395e+05
1.521127671440052800e+05
1.526816419336423278e+05
1.528902145525043888e+05
1.526764392346495297e+05
1.519891181817861216e+05
1.507918410425143666e+05
1.490666286380511883e+05
1.468167531833573303e+05
1.440681113040089840e+05
1.408686340390593105e+05
1.372855187943363562e+05
1.334004836398861662e+05
1.293036567062107351e+05
1.250870032016242913e+05
1.208382755121972441e+05
1.166363249130246404e+05
1.125482807447431842e+05
1.086286791512848868e+05
1.049202210311612725e+05
1.014555526870438916e+05
9.825934664376874571e+04
9.535002126715026679e+04
9.274064479030258371e+04
9.043886594905794482e+04
8.844603028975245252e+04
8.675590522181265987e+04
8.535358257704209245e+04
8.421511309527719277e+04
8.330825180048726907e+04
8.259440421728079673e+04
8.203154725501454959e+04
8.157765256679622689e+04
8.119403607561848185e+04
8.084811413560765504e+04
8.051522582057039835e+04
8.017940614258342248e+04
7.983318821827400825e+04
7.947662467076344183e+04
7.911574495477059099e+04
7.876063744297224912e+04
7.842330901417878340e+04
7.811546659080201061e+04
7.784639512705171364e+04
7.762115781606917153e+04
7.743938145973991777e+04
7.729487547032031580e+04
7.717624340674793348e+04
7.706848361383633164e+04
7.695537158292853564e+04
7.682222380767180584e+04
7.665851936027315969e+04
7.645984504991020367e+04
7.622874632310333254e+04
7.597428610615612706e+04
7.571038481625390705e+04
7.545327048724993074e+04
7.521854805112359463e+04
7.501846272437466541e+04
7.485987507880064368e+04
7.474330415450745204e+04
7.466317034103347396e+04
7.460913211980307824e+04
7.456820866130676586e+04
7.452725016740757565e+04
7.447527789759186271e+04
7.440526504002689035e+04
7.431505183638267044e+04
7.420725812643340032e+04
7.408824316478338733e+04
7.396633260375904501e+04
7.384965211146710499e+04
7.374394939856253040e+04
7.365074334609457583e+04
7.356603055190047598e+04
7.347965204367962724e+04
7.337532965180491738e+04
7.323135500813038379e+04
7.302194350531713280e+04
7.271929725254279037e+04
7.229638651728682453e+04
7.173031705707154470e+04
7.100592022415927204e+04
7.011896622585790465e+04
6.907827212573200813e+04
6.790604755041857425e+04
6.663611733706928499e+04
6.531012065803567384e+04
6.397228256723342929e+04
6.266373636793420155e+04
6.141752293685845507e+04
6.025525361120761954e+04
5.918602786469135754e+04
5.820765196415101673e+04
5.730966111420715606e+04
5.647725754570807476e+04
5.569514756412685529e+04
5.495041780575803568e+04
5.423396971067027334e+04
5.354049780287896283e+04
5.286739906208412140e+04
5.221322244443868840e+04
5.157627081029561668e+04
5.095379363788822229e+04
5.034194927771871153e+04
4.973646518758300954e+04
4.913374526358187723e+04
4.853208228645363124e+04
4.793261837965786253e+04
4.733974099276131892e+04
4.676070219457303028e+04
4.620440856263940805e+04
4.567953859360040224e+04
4.519236374579500989e+04
4.474480667070545314e+04
4.433329017407909851e+04
4.394877285935651162e+04
4.357805834683924331e+04
4.320609751391070313e+04
4.281870400711862749e+04
4.240498013314505079e+04
4.195884677304079378e+04
4.147935023729103705e+04
4.096978182018693769e+04
4.043597237800756557e+04
3.988431820948674431e+04
3.932011195688998851e+04
3.874660778502403264e+04
3.816500319621327799e+04
3.757525051504080329e+04
3.697739460378088552e+04
3.637302092426716263e+04
3.576640676033844647e+04
3.516508137612597056e+04
3.457967581938474177e+04
3.402312637996270496e+04
3.350943816083847923e+04
3.305228525254027045e+04
3.266371514239642420e+04
3.235315531386445946e+04
3.212682363006711603e+04
3.198755737166438121e+04
3.193502300923824077e+04
3.196625353363298564e+04
3.207646632691394552e+04
3.226011679310589534e+04
3.251212178908474380e+04
3.282914077389005979e+04
3.321075101768048626e+04
3.366032924061603262e+04
3.418548802549316315e+04
3.479802777867874102e+04
3.551354354701915872e+04
3.635102845044631977e+04
3.733296946119364293e+04
3.848644396718875942e+04
3.984550559562654962e+04
4.145464171611795609e+04
4.337232520782893698e+04
4.567283119590544084e+04
4.844384949076753401e+04
5.177739342299116834e+04
5.575245165110434755e+04
6.040989714924669534e+04
6.572309442061185837e+04
7.157067364913066558e+04
7.771992943306521920e+04
8.382908755986130564e+04
8.947359458799954155e+04
9.419591414622758748e+04
9.757147664090046601e+04
9.927763331800606102e+04
9.914992803308082512e+04
9.721200729658491036e+04
9.367174270926819008e+04
8.888474239667470101e+04
8.329457489427806286e+04
7.736411364182183752e+04
7.151303497111002798e+04
6.607293557262790273e+04
6.126544524082855787e+04
5.720236165205291763e+04
5.390216110734859831e+04
5.131521416345964826e+04
4.935053443961412268e+04
4.789901256770346663e+04
4.685069021270304802e+04
4.610579620631506259e+04
4.558055706551227922e+04
4.520922644431627850e+04
4.494364752547242097e+04
4.475131815258594725e+04
4.461261715330957668e+04
4.451766489451538655e+04
4.446320660301442695e+04
4.444985148077713529e+04
4.447991600126291451e+04
4.455598919609743461e+04
4.468018302485845925e+04
4.485389439208617841e+04
4.507782970008653501e+04
4.535205414445039787e+04
4.567592351156390214e+04
4.604789937748496595e+04
4.646537689805009722e+04
4.692470352444138553e+04
4.742150351440428494e+04
4.795126872946923686e+04
4.851000580963456741e+04
4.909463796922338952e+04
4.970290999678859953e+04
5.033273094613011199e+04
5.098113084193774557e+04
5.164319172657781746e+04
5.231135173261169984e+04
5.297535841746583174e+04
5.362292763825294242e+04
5.424095052140420739e+04
5.481696958514989092e+04
5.534064079696856061e+04
5.580497152686716436e+04
5.620720525738236029e+04
5.654926168593507464e+04
5.683763505261064711e+04
5.708264987390759779e+04
5.729702872074057814e+04
5.749386714117641532e+04
5.768430754697705561e+04
5.787538184217954404e+04
5.806856512830284191e+04
5.825949351355760155e+04
5.843904992386464437e+04
5.859567635478955344e+04
5.871843240039148804e+04
5.880009487541561975e+04
5.883955561721803679e+04
5.884294002033368452e+04
5.882319000896209764e+04
5.879823609071609826e+04
5.878821083897974313e+04
5.881233837267304625e+04
5.888613127285260271e+04
5.901936335548062198e+04
5.921504222419488360e+04
5.946937668689344719e+04
5.977259474973448232e+04
6.011043807847112475e+04
6.046620118962806009e+04
6.082322846331615438e+04
6.116776772731666279e+04
6.149198651166132186e+04
6.179682007632246678e+04
6.209420885641782661e+04
6.240826844317971700e+04
6.277505630939376715e+04
6.324084249611617270e+04
6.385909109375403932e+04
6.468661839493326261e+04
6.577951636846613837e+04
6.718936119842401240e+04
6.895998271287954412e+04
7.112474873344176740e+04
7.370406833266367903e+04
7.670277913492632797e+04
8.010731152689373994e+04
8.388294185236148769e+04
8.797186622507966240e+04
9.229301989459172182e+04
9.674438563216068724e+04
1.012079962140927964e+05
1.055571353817378404e+05
1.096646676901720202e+05
1.134112245557631977e+05
1.166922153619451565e+05
1.194231793636340590e+05
1.215435617685298494e+05
1.230193030952791742e+05
1.238445438602299255e+05
1.240423589724933554e+05
1.236640144420525612e+05
1.227860796215420851e+05
1.215049951830903592e+05
1.199293298686606722e+05
1.181707007631033339e+05
1.163348592233906675e+05
1.145145271267871867e+05
1.127851698149391741e+05
1.112041684538691916e+05
1.098130585562781052e+05
1.086418623075266805e+05
1.077141854345564498e+05
1.070516907156310044e+05
1.066767570614130818e+05
1.066125388871204923e+05
1.068802201867944677e+05
1.074939563706604531e+05
1.084546959271069063e+05
1.097445831319313584e+05
1.113237543113838037e+05
1.131309252073108801e+05
1.150882655101237760e+05
1.171099000968129549e+05
1.191123233178832161e+05
1.210244177369525278e+05
1.227948450131696300e+05
1.243953098131404258e+05
1.258193493013748521e+05
1.270774958440726332e+05
1.281905218930793781e+05
1.291827538759992458e+05
1.300770933030785818e+05
1.308925762720026687e+05
1.316443476639698492e+05
1.323451612985897518e+05
1.330071862960082071e+05
1.336430704172474507e+05
1.342657589075458236e+05
1.348872343255230226e+05
1.355168462421175209e+05
1.361600482314699620e+05
1.368181283029693586e+05
1.374890499592052947e+05
1.381690491405259527e+05
1.388543697029602772e+05
1.395425571054050233e+05
1.402330015903495660e+05
1.409267570771105820e+05
1.416258858995335177e+05
1.423326120596913097e+05
1.430484551133569039e+05
1.437733937953324639e+05
1.445050906106961193e+05
1.452383181231405470e+05
1.459648756591424753e+05
1.466743318781397538e+05
1.473557802428979776e+05
1.480004725461354246e+05
1.486048347579685505e+05
1.491731426345706277e+05
1.497191544534942950e+05
1.502662544274386892e+05
1.508460297262532404e+05
1.514955257400573464e+05
1.522535907167827245e+05
1.531567301024569897e+05
1.542348304016548791e+05
1.555070899613447546e+05
1.569785605842905643e+05
1.586378167708895053e+05
1.604563185817881895e+05
1.623899124392077210e+05
1.643825887747093802e+05
1.663721574336843041e+05
1.682970580737988348e+05
1.701032474150615453e+05
1.717500884959375544e+05
1.732143994265639340e+05
1.744922034474728862e+05
1.755981244172319712e+05
1.765626820246953284e+05
1.774279151219403720e+05
1.782418287736560742e+05
1.790521943745249300e+05
1.799003006316574756e+05
1.808153724185703613e+05
1.818104880245575914e+05
1.828808232903287862e+05
1.840048248333240335e+05
1.851484237798351387e+05
1.862717212024796172e+05
1.873368949859422282e+05
1.883156367844143824e+05
1.891944248241051100e+05
1.899764337910148897e+05
1.906797556004030048e+05
1.913325835249074153e+05
1.919667762998821272e+05
1.926115239544500073e+05
1.932886100995452434e+05
1.940101256419755518e+05
1.947786884710199083e+05
1.955895386232318415e+05
1.964335041627802711e+05
1.972998284053979733e+05
1.981781438062087691e+05
1.990593246313398995e+05
1.999353893304562371e+05
2.007989292717080389e+05
2.016426459187239816e+05
2.024594771224837168e+05
2.032435313271705236e+05
2.039917104666176892e+05
2.047055887437095516e+05
2.053929162809515838e+05
2.060680925010450301e+05
2.067511190845788224e+05
2.074648690743212064e+05
2.082309351673366036e+05
2.090647576336431084e+05
2.099710732433465018e+05
2.109408617205067130e+05
2.119508146318721119e+05
2.129658979275984457e+05
2.139448984498845239e+05
2.148480945702364843e+05
2.156455704095004476e+05
2.163243803647554887e+05
2.168928706923801219e+05
2.173809807554820436e+05
2.178361794018493383e+05
2.183156605975936400e+05
2.188762970600036788e+05
2.195644020213246986e+05
2.204074131300818699e+05
2.214091530008229311e+05
2.225494620013292297e+05
2.237879948503136402e+05
2.250711176363573468e+05
2.263403562465404393e+05
2.275407986436982173e+05
2.286281545302690356e+05
2.295736531511701760e+05
2.303664472611340461e+05
2.310135917322963942e+05
2.315379540875312523e+05
2.319746000886618858e+05
2.323662849080834421e+05
2.327586642637695186e+05
2.331957288698964403e+05
2.337158035589752835e+05
2.343483094352614135e+05
2.351114192988752038e+05
2.360107435339999793e+05
2.370392027802283119e+05
2.381781882052047586e+05
2.393999329808055481e+05
2.406707576525403711e+05
2.419546238299615216e+05
2.432163686830248334e+05
2.444241654865319142e+05
2.455511107708105701e+05
2.465762132361672993e+05
2.474852561293925392e+05
2.482719004016264516e+05
2.489390229917241959e+05
2.494998322441141063e+05
2.499780281149642542e+05
2.504063653881467762e+05
2.508234378664972028e+05
2.512691347276679589e+05
2.517797271962976083e+05
2.523836806401697104e+05
2.530989994299256941e+05
2.539323607027748658e+05
2.548797597193287220e+05
2.559281130346411956e+05
2.570573132965066179e+05
2.582424744429972488e+05
2.594563241519358999e+05
2.606717207542452088e+05
2.618640876934119151e+05
2.630133296707111876e+05
2.641047406039643683e+05
2.651286648735642084e+05
2.660791702300974866e+05
2.669524940854991437e+05
2.677462382896172930e+05
2.684600259124912554e+05
2.690976459126866539e+05
2.696698849881050410e+05
2.701966800486366265e+05
2.707072335576285841e+05
2.712373750914523844e+05
2.718244775003712275e+05
2.725011972882103291e+05
2.732897755242293351e+05
2.741984101789890556e+05
2.752204279445119319e+05
2.763360347512768349e+05
2.775157458230908378e+05
2.787244400059367763e+05
2.799252986065527657e+05
2.810833821491859853e+05
2.821689271329172770e+05
2.831604271316915983e+05
2.840472716130298795e+05
2.848314093395654927e+05
2.855274418678313959e+05
2.861608303219445515e+05
2.867643919740174315e+05
2.873737243274638895e+05
2.880224142841532594e+05
2.887378187055005110e+05
2.895379516417536070e+05
2.904297509714607149e+05
2.914088224206492305e+05
2.924606478839716292e+05
2.935631017540225293e+05
2.946898862918192754e+05
2.958142354547043215e+05
2.969121057322356501e+05
2.979642210352603579e+05
2.989567778476646636e+05
2.998811717609651969e+05
3.007334905016177800e+05
3.015144961862960481e+05
3.022303608080167323e+05
3.028937450306172250e+05
3.035242918346361257e+05
3.041475638249156764e+05
3.047919709462844767e+05
3.054841012928588316e+05
3.062436731245723786e+05
3.070796775833572028e+05
3.079890021918023122e+05
3.089580364014898660e+05
3.099668036607792019e+05
3.109944177958244691e+05
3.120243610774783301e+05
3.130482437509379233e+05
3.140671766246953630e+05
3.150904702539737336e+05
3.161319298995059216e+05
3.172044991823006421e+05
3.183144084791767527e+05
3.194562572700195014e+05
3.206104842916033813e+05
3.217443224780407618e+05
3.228165588072722312e+05
3.237853665543254465e+05
3.246174719166968134e+05
3.252963444270772161e+05
3.258272327746443916e+05
3.262377162875104696e+05
3.265737270944613847e+05
3.268922538725496852e+05
3.272527137928270386e+05
3.277090313437026925e+05
3.283038523682384402e+05
3.290653707005538163e+05
3.300063764085484436e+05
3.311246792632103316e+05
3.324041203020379180e+05
3.338158130391246523e+05
3.353197604407555191e+05
3.368672889504993800e+05
3.384046825676181470e+05
3.398780334464368643e+05
3.412388369645823841e+05
3.424494703063895577e+05
3.434875587883974658e+05
3.443483893104168819e+05
3.450449046916918014e+05
3.456052821048716432e+05
3.460685433781108004e+05
3.464789816996267182e+05
3.468803737526508630e+05
3.473109565559181501e+05
3.477999742428370519e+05
3.483662523849527934e+05
3.490187902501401259e+05
3.497588851570995757e+05
3.505829648925809888e+05
3.514852297102294397e+05
3.524594294009082951e+05
3.534995300421715947e+05
3.545994683973003994e+05
3.557524541789302602e+05
3.569502690940215252e+05
3.581827919827374863e+05
3.594377348568507005e+05
3.607004892064722371e+05
3.619541146965887165e+05
3.631797375621114625e+05
3.643577399047350045e+05
3.654699332619570778e+05
3.665024259761558496e+05
3.674483426366663771e+05
3.683092784275344457e+05
3.690946276280426537e+05
3.698187045415912871e+05
3.704965623400585609e+05
3.711401287573003210e+05
3.717563174542517518e+05
3.723480472884741030e+05
3.729178929841092904e+05
3.734729324727136991e+05
3.740287682631663629e+05
3.746109365918225958e+05
3.752528552738580620e+05
3.759906789234320750e+05
3.768564304533245158e+05
3.778712177980741835e+05
3.790401655786128249e+05
3.803500897713190061e+05
3.817702257636309369e+05
3.832557330676020356e+05
3.847533320710844127e+05
3.862082247329023667e+05
3.875713125091609545e+05
3.888056148106906912e+05
3.898907809039785643e+05
3.908248062307263026e+05
3.916225870299000526e+05
3.923117011195020750e+05
3.929265495876165223e+05
3.935024246110246750e+05
3.940709608463824261e+05
3.946577842977257678e+05
3.952822507828187081e+05
3.959583735609588330e+05
3.966957387542614015e+05
3.974995303294020705e+05
3.983695607983837835e+05
3.992990295514545869e+05
4.002741758008716861e+05
4.012758073481812025e+05
4.022829276702919160e+05
4.032776941987326718e+05
4.042501850389689789e+05
4.052012973441293580e+05
4.061426448440575041e+05
4.070933454194379156e+05
4.080746608853112557e+05
4.091041295149885700e+05
4.101908696050345898e+05
4.113331788380590151e+05
4.125187104255046579e+05
4.137267580728018656e+05
4.149317980831119930e+05
4.161074533780054771e+05
4.172302820187009056e+05
4.182830039144062321e+05
4.192568206832539872e+05
4.201524087246734416e+05
4.209791746954792179e+05
4.217526428679427481e+05
4.224904066220515524e+05
4.232077046849784674e+05
4.239140344116131309e+05
4.246120242732820334e+05
4.252990456101919408e+05
4.259710325698506203e+05
4.266271421243334771e+05
4.272735959777988028e+05
4.279254117238055915e+05
4.286055503140594810e+05
4.293418916892817360e+05
4.301630351287904778e+05
4.310940381709790090e+05
4.321529319413734484e+05
4.333484052905811113e+05
4.346786591106858687e+05
4.361312110220698523e+05
4.376833740177087602e+05
4.393031775919715874e+05
4.409505958497781539e+05
4.425790767483283416e+05
4.441375142521918169e+05
4.455729190469161258e+05
4.468340409731890541e+05
4.478760180784774711e+05
4.486657962108732318e+05
4.491876944617348490e+05
4.494482343829727033e+05
4.494793000515658641e+05
4.493388426714941161e+05
4.491086002706841100e+05
4.488885879232716979e+05
4.487884221272281138e+05
4.489159458104993682e+05
4.493641809752241243e+05
4.501983001851345180e+05
