6.816740226264004596e+05
6.795983927255190210e+05
6.775082069773997646e+05
6.754386397382598370e+05
6.734261406525565544e+05
6.715072530150437960e+05
6.697163148338354658e+05
6.680821677104757400e+05
6.666243546589366160e+05
6.653494766129885102e+05
6.642484034929734189e+05
6.632949606148152379e+05
6.624465873311539181e+05
6.616472895637411857e+05
6.608329305805106414e+05
6.599384830004011746e+05
6.589063355132623110e+05
6.576942550375374267e+05
6.562813642632430419e+05
6.546706927273444599e+05
6.528875450267130509e+05
6.509739522976540029e+05
6.489805160090009449e+05
6.469576515211759834e+05
6.449483320021077525e+05
6.429838788100322708e+05
6.410833399237691192e+05
6.392559004722514655e+05
6.375049517901254585e+05
6.358321546407949645e+05
6.342401080808525439e+05
6.327329171116044745e+05
6.313147604616666213e+05
6.299872125505538424e+05
6.287463860044809990e+05
6.275808928842475871e+05
6.264712648674509255e+05
6.253909894935435150e+05
6.243088806002096971e+05
6.231922282958137803e+05
6.220101176103571197e+05
6.207364426013840130e+05
6.193523900571253616e+05
6.178484012319913600e+05
6.162257184271637816e+05
6.144975172057138989e+05
6.126893513679690659e+05
6.108383502485818462e+05
6.089905215438439045e+05
6.071957906779347686e+05
6.055010454650954343e+05
6.039422410515052034e+05
6.025372149165866431e+05
6.012809663015624974e+05
6.001446774274115451e+05
5.990788703678430757e+05
5.980201536424463848e+05
5.969003511794102378e+05
5.956565692821857519e+05
5.942408527366166236e+05
5.926282805295479484e+05
5.908224698954272317e+05
5.888574922128875041e+05
5.867953399426678661e+05
5.847185549387462670e+05
5.827185279356139945e+05
5.808811331795786973e+05
5.792723604031716241e+05
5.779269831289423164e+05
5.768427800906234188e+05
5.759814868046769407e+05
5.752759364295477280e+05
5.746413669404514367e+05
5.739881362703603227e+05
5.732332770910649560e+05
5.723092226164063904e+05
5.711691684607918141e+05
5.697894203457742697e+05
5.681694538222806295e+05
5.663303292186630424e+05
5.643118270834416617e+05
5.621684775051155593e+05
5.599646752397955861e+05
5.577692253382874187e+05
5.556497723193858983e+05
5.536675072214534739e+05
5.518723558356426656e+05
5.502986941928936867e+05
5.489616804053944070e+05
5.478545628141928464e+05
5.469476652572075836e+05
5.461898997284750221e+05
5.455134080750627909e+05
5.448412704613020178e+05
5.440973413390369387e+05
5.432165168423344148e+05
5.421534122682564193e+05
5.408876876746034250e+05
5.394250385790995788e+05
5.377939164542058716e+05
5.360390238152679522e+05
5.342132440686617047e+05
5.323697633883538656e+05
5.305557585532576777e+05
5.288083623093767092e+05
5.271529465128709562e+05
5.256033001926975558e+05
5.241630999572158908e+05
5.228280986850457266e+05
5.215885459877004614e+05
5.204313909310395829e+05
5.193418115700618364e+05
5.183036807463649311e+05
5.172988378679544549e+05
5.163055089255775092e+05
5.152967503486213391e+05
5.142401135219731950e+05
5.130995817334748572e+05
5.118401450876453891e+05
5.104343425417452818e+05
5.088691214920103084e+05
5.071508916011409019e+05
5.053069442564676283e+05
5.033824009030431625e+05
5.014331505886634695e+05
4.995163134627187392e+05
4.976802289842119790e+05
4.959557505395565531e+05
4.943500054291866254e+05
4.928431735444398364e+05
4.913885487999179168e+05
4.899161643073670566e+05
4.883402871471714461e+05
4.865707532887582784e+05
4.845272564424240263e+05
4.821545299350324203e+05
4.794353726403921028e+05
4.763982226921530673e+05
4.731167855808907188e+05
4.697009656457417295e+05
4.662805292749132495e+05
4.629848518159067607e+05
4.599231531895391527e+05
4.571694861590059591e+05
4.547554646199780982e+05
4.526717043599995086e+05
4.508767897642739699e+05
4.493108805590282427e+05
4.479102668267723639e+05
4.466194123604753986e+05
4.453981260109460563e+05
4.442230637144685606e+05
4.430843045903013553e+05
4.419788596576568671e+05
4.409034506569853984e+05
4.398487415479905903e+05
4.387965737179585267e+05
4.377208683625367703e+05
4.365919250722993165e+05
4.353830298303709715e+05
4.340777130704283481e+05
4.326757641862502205e+05
4.311962741175501724e+05
4.296765463913384010e+05
4.281666095012149890e+05
4.267201085557857295e+05
4.253833140060035512e+05
4.241846105277703609e+05
4.231269271311069024e+05
4.221850653569324058e+05
4.213088534461787785e+05
4.204317266964677256e+05
4.194830366019065841e+05
4.184014728788257344e+05
4.171467110661712359e+05
4.157068686627160059e+05
4.141004371239953907e+05
4.123727282620567130e+05
4.105881055936997291e+05
4.088199917992753908e+05
4.071406815267936327e+05
4.056124469066948514e+05
4.042806307021505199e+05
4.031687776370226056e+05
4.022756282826209790e+05
4.015739974753441638e+05
4.010119252000207198e+05
4.005166553003049339e+05
4.000017053762615542e+05
3.993765492915882496e+05
3.985575369491411839e+05
3.974780582539224997e+05
3.960959625828175922e+05
3.943969383640657179e+05
3.923936883063970599e+05
3.901218556709874538e+05
3.876343323011141620e+05
3.849955844608457992e+05
3.822770327081254800e+05
3.795536197817919892e+05
3.769008921032848302e+05
3.743915341103954706e+05
3.720904758869230864e+05
3.700483704846019973e+05
3.682941561699425220e+05
3.668282428153288784e+05
3.656182813787712366e+05
3.645993107068655081e+05
3.636793315072561963e+05
3.627502156154388213e+05
3.617026154129559873e+05
3.604425107399198459e+05
3.589064740078934701e+05
3.570727888360138168e+05
3.549662287970979814e+05
3.526554624624122516e+05
3.502434544627787545e+05
3.478525610154104652e+05
3.456069544403127511e+05
3.436153359223647858e+05
3.419565729429409257e+05
3.406700931496366393e+05
3.397518784453253029e+05
3.391560295984741533e+05
3.388012800669680000e+05
3.385815110503670876e+05
3.383791097283855779e+05
3.380797662782121915e+05
3.375869876909755985e+05
3.368343438026473159e+05
3.357934765369960223e+05
3.344763822282034089e+05
3.329314367562960833e+05
3.312338747852623928e+05
3.294726018469822011e+05
3.277359421849748469e+05
3.260989795576781617e+05
3.246145420254789642e+05
3.233088486944626202e+05
3.221817274707252509e+05
3.212104511040620273e+05
3.203558053255680134e+05
3.195690011085285223e+05
3.187983416135481093e+05
3.179949711120257853e+05
3.171174123829805758e+05
3.161348518299235730e+05
3.150292386902604485e+05
3.137962590449133422e+05
3.124451892573444638e+05
3.109975967832576716e+05
3.094848931374413078e+05
3.079448709438608494e+05
3.064175430256848922e+05
3.049407767624481348e+05
3.035463037255158415e+05
3.022566336655096384e+05
3.010832161051521543e+05
3.000259256338156993e+05
2.990736795649700216e+05
2.982058072059057304e+05
2.973937317432239070e+05
2.966026171409965609e+05
2.957928549982205150e+05
2.949215621411486645e+05
2.939445305840908550e+05
2.928191917110694339e+05
2.915090122212364222e+05
2.899892893853081623e+05
2.882536430909980554e+05
2.863198311117526027e+05
2.842331297253463417e+05
2.820656600688480539e+05
2.799107652015004423e+05
2.778726917599747539e+05
2.760530636089036707e+05
2.745365651504865382e+05
2.733785896667526104e+05
2.725972572012105957e+05
2.721712735352256568e+05
2.720438355044423952e+05
2.721314946821937338e+05
2.723358659275450627e+05
2.725555471882660640e+05
2.726957473619684461e+05
2.726739108434095979e+05
2.724209181804175023e+05
2.718788920553923235e+05
2.709977935729472665e+05
2.697334271303005517e+05
2.680489496484703850e+05
2.659205933459780645e+05
2.633464946076986962e+05
2.603559250860569300e+05
2.570154749601938820e+05
2.534291960855107172e+05
2.497312884839730104e+05
2.460720905957154464e+05
2.426001550470716320e+05
2.394443560980660259e+05
2.366999103901113849e+05
2.344209879139911500e+05
2.326207306744986563e+05
2.312776428925572545e+05
2.303460344275759417e+05
2.297677627923432156e+05
2.294828641138582607e+05
2.294374842549763853e+05
2.295884458428057551e+05
2.299045337471064704e+05
2.303650351067214215e+05
2.309562612940616964e+05
2.316668088743667467e+05
2.324822769124108599e+05
2.333800945496150525e+05
2.343250330275105953e+05
2.352658811660766078e+05
2.361336697587759991e+05
2.368417660862584889e+05
2.372881344054015353e+05
2.373600355098400323e+05
2.369413351770207519e+05
2.359223151526564325e+05
2.342113922733012296e+05
2.317475199147629028e+05
2.285114559739650867e+05
2.245337791399633861e+05
2.198977244829240371e+05
2.147356478106981667e+05
2.092190751266125008e+05
2.035435451722076104e+05
1.979104538469456893e+05
1.925085883459324541e+05
1.874979080865946016e+05
1.829975002696174779e+05
1.790787549184516538e+05
1.757639348053031717e+05
1.730296488452693739e+05
1.708143350170874910e+05
1.690286699844149698e+05
1.675677447502791765e+05
1.663237943060616963e+05
1.651982229691355606e+05
1.641116706460162823e+05
1.630109947047762107e+05
1.618723547128417413e+05
1.607000821445294423e+05
1.595216250840338180e+05
1.583794615520518564e+05
1.573213465451625525e+05
1.563904963639876514e+05
1.556172696907498466e+05
1.550135875177580165e+05
1.545708068666003819e+05
1.542611308038097050e+05
1.540420257609201653e+05
1.538626487478284107e+05
1.536710505112616520e+05
1.534209466621912434e+05
1.530770999873573310e+05
1.526187408427881019e+05
1.520408532244101516e+05
1.513534744812449790e+05
1.505793494588992617e+05
1.497503571439011139e+05
1.489031433625858626e+05
1.480744068925161264e+05
1.472963291342409793e+05
1.465926918779703847e+05
1.459762364047295123e+05
1.454477145565805840e+05
1.449968346153388557e+05
1.446049389051719045e+05
1.442488569943718321e+05
1.439050857797577628e+05
1.435533709120568237e+05
1.431789549742994423e+05
1.427731740400477138e+05
1.423325935424627969e+05
1.418572987826908357e+05
1.413491399396133202e+05
1.408106106080250465e+05
1.402446698433398269e+05
1.396553606969518005e+05
1.390487282075364492e+05
1.384334382927826082e+05
1.378206693071772752e+05
1.372231881120800390e+05
1.366538604261153378e+05
1.361240286078473437e+05
1.356421607853884925e+05
1.352129896808576887e+05
1.348371453698526893e+05
1.345111646917008911e+05
1.342277781685164373e+05
1.339764863804472552e+05
1.337445365035794093e+05
1.335183990271098155e+05
1.332856951243824151e+05
1.330372956104660698e+05
1.327691218300381734e+05
1.324831444580782554e+05
1.321872491720336257e+05
1.318939683998494584e+05
1.316184284505358955e+05
1.313760668321376725e+05
1.311806258447646978e+05
1.310426357633456064e+05
1.309682062344364531e+05
1.309576669594339619e+05
1.310036297859731276e+05
1.310884404369160184e+05
1.311816159641704580e+05
1.312384350725782278e+05
1.312010383201209479e+05
1.310029992384940124e+05
1.305773796005671611e+05
1.298670743660922017e+05
1.288352346515551035e+05
1.274731571834872884e+05
1.258034635061161243e+05
1.238775649722929811e+05
1.217679362333343743e+05
1.195570791254217911e+05
1.173257994454485306e+05
1.151433346931706474e+05
1.130610656610488077e+05
1.111103678264334885e+05
1.093040433622862474e+05
1.076400622335667285e+05
1.061061649560202641e+05
1.046841556454808597e+05
1.033532205079534760e+05
1.020921057080885075e+05
1.008803220453156246e+05
9.969867172706025303e+04
9.852936769441558863e+04
9.735592938123572094e+04
9.616296796393139812e+04
9.493595616720966063e+04
9.366110757117568573e+04
9.232553396934916964e+04
9.091786047468279139e+04
8.942941636123100761e+04
8.785596856469202612e+04
8.619974660173739539e+04
8.447128639907202160e+04
8.269048523457565170e+04
8.088629030162400159e+04
7.909467122777205077e+04
7.735491448744748777e+04
7.570472506702301325e+04
7.417499950356759655e+04
7.278533082858601119e+04
7.154125454081133648e+04
7.043394224517037219e+04
6.944255232897243695e+04
6.853885973648542131e+04
6.769324649435922038e+04
6.688078500385965162e+04
6.608609996803088870e+04
6.530598987821953051e+04
6.454935847328561795e+04
6.383468656600706890e+04
6.318585567703803827e+04
6.262744072360402060e+04
6.218054590433021076e+04
6.185992072680293495e+04
6.167261488152552192e+04
6.161799285133718513e+04
6.168866767637216981e+04
6.187187386978330323e+04
6.215093711771399830e+04
6.250671315963318921e+04
6.291905478636790940e+04
6.336845393501623766e+04
6.383797849210813001e+04
6.431551244412053347e+04
6.479617381149363791e+04
6.528469017076067394e+04
6.579749710977122595e+04
6.636439113833331794e+04
6.702966927352742641e+04
6.785274045569948794e+04
6.890811153157753870e+04
7.028438749384960101e+04
7.208152817565991427e+04
7.440523441061712219e+04
7.735725036723761878e+04
8.102082641399749264e+04
8.544172710699689924e+04
9.060688229914521798e+04
9.642464924710724154e+04
1.027120166811224335e+05
1.091942235229799262e+05
1.155207045289266389e+05
1.212980385421201063e+05
1.261363266957471205e+05
1.297013616160014353e+05
1.317624265999435447e+05
1.322256121608872199e+05
1.311454010480440338e+05
1.287122384930391127e+05
1.252194035339070106e+05
1.210170299173852254e+05
1.164632889592271094e+05
1.118820994281938620e+05
1.075337897201517480e+05
1.036011025355493766e+05
1.001891628335093701e+05
9.733554325666469231e+04
9.502573815082652436e+04
9.320994616368490097e+04
9.181842189417513146e+04
9.077409468223109434e+04
9.000218901086600090e+04
8.943706644463297562e+04
8.902657176390086534e+04
8.873406240138820431e+04
8.853825642003772373e+04
8.843114847745680891e+04
8.841447597294703883e+04
8.849544829145265976e+04
8.868255907025333727e+04
8.898222265131899621e+04
8.939672836159236613e+04
8.992366680847191310e+04
9.055664821549129556e+04
9.128688377486876561e+04
9.210507786837859021e+04
9.300308202016183350e+04
9.397486364737806434e+04
9.501650900906398601e+04
9.612518211799114943e+04
9.729718293189020187e+04
9.852547511952332570e+04
9.979725965807396278e+04
1.010923040587103460e+05
1.023827261118390452e+05
1.036347110727891413e+05
1.048121996622562874e+05
1.058819993922936119e+05
1.068192162494934746e+05
1.076115962798550172e+05
1.082614812062596029e+05
1.087846553567126830e+05
1.092062465587747574e+05
1.095547478506398475e+05
1.098558196123070666e+05
1.101275837710495252e+05
1.103786056990664947e+05
1.106088650613118079e+05
1.108130732694597245e+05
1.109850362709047768e+05
1.111215954061246885e+05
1.112250168747909338e+05
1.113033674133078312e+05
1.113691335137097922e+05
1.114368503435915482e+05
1.115206528654871072e+05
1.116324519733024790e+05
1.117810172539599880e+05
1.119718245001157047e+05
1.122072807975327305e+05
1.124869503808921436e+05
1.128076208050699061e+05
1.131633284408501495e+05
1.135456431333840592e+05
1.139444921434253483e+05
1.143495873769614846e+05
1.147522114517375594e+05
1.151468686676767247e+05
1.155322433516757592e+05
1.159110762241796037e+05
1.162889166779614025e+05
1.166721092412607686e+05
1.170656800188517082e+05
1.174718937554284785e+05
1.178901179462055588e+05
1.183183010209319182e+05
1.187559493533753266e+05
1.192080941129789717e+05
1.196894732502182596e+05
1.202280655111784581e+05
1.208671950801839121e+05
1.216656290339724364e+05
1.226953543500116793e+05
1.240369993137295533e+05
1.257731329543931497e+05
1.279799300008251012e+05
1.307179221362208336e+05
1.340227503245251137e+05
1.378969566688891791e+05
1.423038767659453733e+05
1.471645968420439167e+05
1.523587220362036314e+05
1.577293707043100731e+05
1.630923769884208741e+05
1.682491735837051529e+05
1.730022891137479455e+05
1.771719183280990401e+05
1.806117242748231220e+05
1.832220156175335287e+05
1.849587563994161319e+05
1.858374632022866863e+05
1.859317871283884160e+05
1.853672769157769508e+05
1.843113038858411019e+05
1.829603102457558562e+05
1.815254463542113663e+05
1.802174210237424122e+05
1.792311823045568599e+05
1.787310262316593144e+05
1.788369503179046442e+05
1.796134482207258698e+05
1.810622932386893081e+05
1.831209516614421445e+05
1.856679221673576685e+05
1.885354589608515671e+05
1.915289083788313437e+05
1.944505197384409839e+05
1.971244158736198442e+05
1.994187640002685366e+05
2.012613212945797713e+05
2.026455211019831186e+05
2.036259766737716564e+05
2.043043574595041864e+05
2.048085426317993551e+05
2.052692710976281378e+05
2.057988291318851116e+05
2.064755668223515095e+05
2.073364525156691670e+05
2.083779420240094187e+05
2.095637086423164292e+05
2.108366782755714958e+05
2.121325086967017269e+05
2.133920324832274055e+05
2.145709560808224778e+05
2.156459484620707517e+05
2.166169373154130590e+05
2.175058866188963293e+05
2.183526058987693395e+05
2.192083288260180852e+05
2.201279538936171157e+05
2.211619547291366325e+05
2.223489891653151717e+05
2.237101166574540548e+05
2.252452760682611843e+05
2.269323463771356910e+05
2.287288093148958287e+05
2.305758258504755795e+05
2.324044213484463398e+05
2.341433608335020544e+05
2.357280789090844919e+05
2.371096734391467471e+05
2.382625827228729904e+05
2.391893704909047810e+05
2.399212802027510479e+05
2.405139833777511667e+05
2.410390810067116108e+05
2.415730455002057715e+05
2.421859759297818528e+05
2.429324997401263681e+05
2.438464107828139677e+05
2.449395020319781033e+05
2.462039806120207650e+05
2.476172042813769949e+05
2.491473703909833566e+05
2.507590836964971968e+05
2.524181587237684580e+05
2.540953433929975436e+05
2.557688025171253539e+05
2.574252454453749524e+05
2.590596562072270317e+05
2.606737696660122601e+05
2.622737024384301039e+05
2.638673702719079447e+05
2.654623719787861337e+05
2.670648359386916854e+05
2.686793611705501098e+05
2.703097778896967648e+05
2.719601573327010847e+05
2.736354241824255441e+05
2.753410890422488446e+05
2.770819612968885922e+05
2.788601069968499942e+05
2.806726481554168276e+05
2.825101470009469776e+05
2.843562234458834282e+05
2.861887336385326926e+05
2.879823863789478200e+05
2.897122400345235365e+05
2.913572576880672132e+05
2.929031005760979024e+05
2.943436080864062533e+05
2.956808391479999991e+05
2.969239623437405680e+05
2.980875192228892120e+05
2.991895729579753825e+05
3.002500414751177887e+05
3.012892448417564738e+05
3.023265314570826013e+05
3.033788741080256877e+05
3.044595129816053086e+05
3.055769389619308058e+05
3.067346095928170835e+05
3.079316931960943621e+05
3.091648757723680465e+05
3.104309576474344940e+05
3.117297418254864751e+05
3.130666436928798794e+05
3.144545162088169018e+05
3.159143145674222033e+05
3.174743534283573972e+05
3.191680249655524967e+05
3.210299888802168425e+05
3.230910696507584071e+05
3.253724092946961755e+05
3.278797558211653959e+05
3.305989887897588778e+05
3.334939654633795726e+05
3.365074561542936717e+05
3.395653774030541535e+05
3.425838744254014455e+05
3.454782348276745761e+05
3.481722838296940317e+05
3.506068814081339515e+05
3.527463828070199816e+05
3.545823358431998058e+05
3.561341456033563009e+05
3.574468283533576760e+05
3.585862345813626889e+05
3.596322397883470985e+05
3.606704368990354706e+05
3.617829117574138800e+05
3.630388284981665201e+05
3.644858066772926832e+05
3.661433357018305105e+05
3.679995516349721584e+05
3.700124056890964275e+05
3.721155184621870867e+05
3.742279857010535197e+05
3.762664134563180851e+05
3.781568934299864341e+05
3.798447208564133034e+05
3.813003703455245122e+05
3.825212777521940880e+05
3.835299159115812508e+05
3.843691886858455837e+05
3.850962381782240118e+05
3.857755418082216056e+05
3.864719404606230091e+05
3.872441638059795368e+05
3.881394833993122447e+05
3.891901502290645731e+05
3.904120765995699912e+05
3.918057642020839266e+05
3.933589170013370458e+05
3.950497727279376122e+05
3.968501498860478750e+05
3.987275648976114462e+05
4.006463541791046155e+05
4.025682677132760873e+05
4.044532605423948262e+05
4.062611225254139863e+05
4.079542371882284060e+05
4.095013134718846413e+05
4.108815455173550290e+05
4.120884158652058686e+05
4.131322936750120134e+05
4.140410893898565555e+05
4.148585033015325316e+05
4.156398272026415798e+05
4.164457633931234595e+05
4.173351949296499370e+05
4.183581265885892790e+05
4.195500028748508776e+05
4.209282814727183431e+05
4.224916026820336119e+05
4.242213333162361523e+05
4.260848596830773167e+05
4.280398561262065778e+05
4.300388415450592292e+05
4.320335446067781886e+05
4.339787980979591957e+05
4.358357936262599542e+05
4.375745507889895816e+05
4.391754537577336887e+05
4.406297583183805109e+05
4.419391094575229799e+05
4.431143054659616901e+05
4.441737191883899504e+05
4.451418471716393251e+05
4.460483423306891345e+05
4.469276009140870301e+05
4.478186007789518917e+05
4.487643616933772573e+05
4.498102679345249780e+05
4.510006630943731288e+05
4.523736064521283261e+05
4.539543607410491095e+05
4.557488540853208397e+05
4.577387792156965588e+05
4.598799680884131230e+05
4.621051488917939132e+05
4.643312601213995367e+05
4.664704049568363698e+05
4.684425783017158974e+05
4.701877511822298402e+05
4.716749053436691174e+05
4.729061859988147626e+05
4.739153593056215905e+05
4.747609954007682973e+05
4.755159587215838837e+05
4.762555816555917263e+05
4.770470997619399568e+05
4.779424550296061789e+05
4.789755400852924213e+05
4.801636584193828166e+05
4.815118132514454192e+05
4.830177764439978637e+05
4.846759256038104650e+05
4.864785263700417709e+05
4.884142131712558330e+05
4.904645108048525872e+05
4.925999976951828576e+05
4.947779363838158315e+05
4.969428613311726949e+05
4.990308380764431786e+05
5.009770963790184469e+05
5.027257333800260676e+05
5.042394272844765219e+05
5.055068220848456840e+05
5.065455898997753393e+05
5.074001499776961864e+05
5.081344129078112310e+05
5.088213190483761718e+05
5.095318649231773452e+05
5.103263830597506021e+05
5.112499728507343098e+05
5.123324535212729825e+05
5.135915919057100546e+05
5.150372801296812249e+05
5.166742335396631970e+05
5.185016857451622491e+05
5.205100929133794270e+05
5.226763779252310633e+05
5.249601150723568862e+05
5.273029316585203633e+05
5.296323644736827118e+05
5.318699079578823876e+05
5.339416285860855132e+05
5.357889752784376033e+05
5.373774553576993058e+05
5.387015072377778124e+05
5.397848365773553960e+05
5.406763657448544400e+05
5.414426179924410535e+05
5.421578329273235286e+05
5.428934637942870613e+05
5.437089344831204507e+05
5.446454938834285131e+05
5.457245011481866241e+05
5.469504302846592618e+05
5.483174878428399097e+05
5.498174626489810180e+05
5.514458442766300868e+05
5.532037460783944698e+05
5.550947064543158049e+05
5.571174884575747419e+05
5.592577299095977796e+05
5.614819653913637158e+05
5.637368312582218787e+05
5.659544504932519048e+05
5.680628175601236289e+05
5.699983268107981421e+05
5.717170083435463021e+05
5.732016511935355375e+05
5.744634264397294028e+05
5.755382489622035064e+05
5.764793700664930511e+05
5.773482775760703953e+05
5.782059093259585788e+05
5.791056774148866534e+05
5.800891148270145059e+05
5.811842845892115729e+05
5.824065339790188009e+05
5.837607823711027158e+05
5.852443477082933532e+05
5.868493889782301849e+05
5.885643725884689484e+05
5.903744715634447057e+05
5.922613008322236128e+05
5.942026780037286226e+05
5.961730522582638077e+05
5.981448926538152155e+05
6.000908505485724891e+05
6.019861503413362661e+05
6.038105917196832597e+05
6.055497745292740874e+05
6.071955272133543622e+05
6.087458042293984909e+05
6.102043589040446095e+05
6.115803049600350205e+05
6.128874220414049923e+05
6.141429569457075559e+05
6.153658424255846767e+05
6.165746273789440747e+05
6.177857512154746801e+05
6.190128428920438746e+05
6.202673685393451015e+05
6.215603161026083399e+05
6.229040080861290917e+05
6.243129152820945019e+05
6.258026737539853202e+05
6.273872696044394979e+05
6.290751969551438233e+05
6.308659009939426323e+05
6.327477393612976884e+05
6.346980831179949455e+05
6.366853629664164037e+05
6.386722756393289892e+05
6.406192858887318289e+05
6.424879698836767348e+05
6.442443242700026603e+05
6.458624750113588525e+05
6.473289747827148531e+05
6.486471339616503101e+05
6.498399923000074923e+05
6.509501563835211564e+05
6.520351932947480818e+05
6.531585721214488149e+05
6.543778238417200046e+05
6.557329309889527503e+05
6.572383215144565329e+05
6.588809729635567637e+05
6.606252989914057544e+05
6.624233655878240243e+05
6.642273599611998070e+05
6.660006827898409683e+05
6.677246881442826707e+05
6.693996350348301930e+05
6.710402413746883394e+05
6.726677302818713943e+05
6.743010234947861172e+05
6.759496662230547518e+05
6.776103244470831705e+05
6.792675800803323509e+05
6.808985731293879217e+05
6.824800544541603886e+05
6.839957996348330053e+05
6.854422201593520585e+05
6.868304562385004247e+05
6.881842020918637281e+05
6.895337964598133694e+05
6.909083448442291701e+05
6.923283914458333747e+05
6.938015911028637784e+05
6.953228778006262146e+05
6.968790695497379638e+05
6.984562467559082434e+05
7.000472071930954698e+05
7.016562444523292361e+05
7.032994399273461895e+05
7.050002254707042594e+05
7.067815601936990861e+05
7.086570999499756144e+05
7.106239169370424934e+05
7.126587057151301997e+05
7.147183351783234393e+05
7.167445161981662968e+05
7.186715873321295949e+05
7.204360834885271033e+05
7.219867346968714846e+05
7.232936365662900498e+05
7.243553879594110185e+05
7.252030049509189557e+05
7.258995379600271117e+05
7.265347258375764359e+05
7.272148030445578042e+05
7.280486281388658099e+05
7.291323297822348541e+05
7.305352926613700110e+05
7.322902274789500516e+05
7.343892046325734118e+05
7.367860886710282648e+05
7.394042455055230530e+05
7.421472549370314227e+05
7.449100678944254760e+05
7.475886914009453030e+05
7.500877424862529151e+05
7.523264572160474490e+05
7.542443222834807821e+05
7.558070807448285632e+05
7.570126491219775053e+05
7.578951477611900773e+05
7.585246175654720282e+05
7.590006041273124283e+05
7.594395474087030161e+05
7.599581152560777264e+05
7.606562722882855451e+05
