6.829313331216607476e+05
6.806135423179318896e+05
6.782005978635117644e+05
6.757612457226956030e+05
6.733728800412737764e+05
6.711140994242486777e+05
6.690557024664172204e+05
6.672522370146098547e+05
6.657358680735223461e+05
6.645133006290459307e+05
6.635654230751337018e+05
6.628488102352998685e+05
6.622984478197389981e+05
6.618317412537405035e+05
6.613544800593140535e+05
6.607694159218415152e+05
6.599873081779995700e+05
6.589390017964821309e+05
6.575859736253020819e+05
6.559264662581351586e+05
6.539951439279519254e+05
6.518559493170797359e+05
6.495898619263368892e+05
6.472807503133930732e+05
6.450028828831668943e+05
6.428128100317264907e+05
6.407466630552688148e+05
6.388221416717784014e+05
6.370432543865889311e+05
6.354055810874407180e+05
6.339003633966959314e+05
6.325166938567588804e+05
6.312419861048813909e+05
6.300614290072461590e+05
6.289571845346069895e+05
6.279078368540031370e+05
6.268882886056387797e+05
6.258701261390579166e+05
6.248224919236352434e+05
6.237136192287927261e+05
6.225132411205808166e+05
6.211959536251341924e+05
6.197452712940623751e+05
6.181576700782419648e+05
6.164455578441208927e+05
6.146380353512151632e+05
6.127786123864280526e+05
6.109196947162540164e+05
6.091144997197957709e+05
6.074078546090500895e+05
6.058278338604361052e+05
6.043802165372873424e+05
6.030472256939114304e+05
6.017910438584454823e+05
6.005614257003630046e+05
5.993056909754138906e+05
5.979788049298074329e+05
5.965513301365755033e+05
5.950137297668340616e+05
5.933765597221661592e+05
5.916671243989889044e+05
5.899238457491544541e+05
5.881897510967825074e+05
5.865062052853194764e+05
5.849075531188718742e+05
5.834169752066670917e+05
5.820437398568831850e+05
5.807821038672615541e+05
5.796121793796912534e+05
5.785029380902195117e+05
5.774170961399443913e+05
5.763170364952998934e+05
5.751704500726060942e+05
5.739542915610427735e+05
5.726560869539382402e+05
5.712724981298436178e+05
5.698060290184627520e+05
5.682614402633112622e+05
5.666435077968958067e+05
5.649571443091965048e+05
5.632098282925885869e+05
5.614151938753186259e+05
5.595959904833773617e+05
5.577847045039688237e+05
5.560209157710872823e+05
5.543456199829389807e+05
5.527938265021035913e+05
5.513873483436942333e+05
5.501296662794533186e+05
5.490041556162972702e+05
5.479760707943473244e+05
5.469977885515688686e+05
5.460161428976025200e+05
5.449803558682374423e+05
5.438490870182260405e+05
5.425954384629729902e+05
5.412092703137589851e+05
5.396967834729936440e+05
5.380778717883188510e+05
5.363820997768060770e+05
5.346442458240885753e+05
5.329001764972886303e+05
5.311834896056365687e+05
5.295230299449055456e+05
5.279411631113081239e+05
5.264526306421944173e+05
5.250638625086985994e+05
5.237727096014468116e+05
5.225686155159655027e+05
5.214332588090226636e+05
5.203416883692080737e+05
5.192639735559201799e+05
5.181673987511233427e+05
5.170192215489964583e+05
5.157899508940634551e+05
5.144569706969857216e+05
5.130081498973863781e+05
5.114448812709301710e+05
5.097838378535516094e+05
5.080567050682244007e+05
5.063073247156226425e+05
5.045861337248942582e+05
5.029424689808179392e+05
5.014160763494407875e+05
5.000297220688026864e+05
4.987848563358396641e+05
4.976616649306352483e+05
4.966236780022514286e+05
4.956257691369630047e+05
4.946233766856588772e+05
4.935805064065433107e+05
4.924746239612408681e+05
4.912976711284584017e+05
4.900536777100698091e+05
4.887543295396191534e+05
4.874141252460163087e+05
4.860464252498475253e+05
4.846610159262524103e+05
4.832631284912654082e+05
4.818534540768653969e+05
4.804286937005113577e+05
4.789824709328899044e+05
4.775067588657415472e+05
4.759940562982010888e+05
4.744402543245571433e+05
4.728475654463798855e+05
4.712263600143679068e+05
4.695946469193146331e+05
4.679744676952295122e+05
4.663855489650486270e+05
4.648377642951478483e+05
4.633247440647477051e+05
4.618209295943594771e+05
4.602834398839813657e+05
4.586586460335210431e+05
4.568919045749477227e+05
4.549380231264387257e+05
4.527699813364880392e+05
4.503841111654865090e+05
4.478009983925766428e+05
4.450623920873510069e+05
4.422251232367606717e+05
4.393533684864965035e+05
4.365106364777925191e+05
4.337527247464511893e+05
4.311226559203405050e+05
4.286482403318369179e+05
4.263424065119685838e+05
4.242058429993632599e+05
4.222309585096260998e+05
4.204058946317905793e+05
4.187174568497312721e+05
4.171523517640205100e+05
4.156968439339212491e+05
4.143355890400420758e+05
4.130507041070984560e+05
4.118219856471024104e+05
4.106286545174799394e+05
4.094523101457312587e+05
4.082801850593205309e+05
4.071075195468392922e+05
4.059380214524093317e+05
4.047818949994971626e+05
4.036516585237692343e+05
4.025567015887934831e+05
4.014980274433312588e+05
4.004647124501821236e+05
3.994332280214846833e+05
3.983699992912082234e+05
3.972366443871603697e+05
3.959965493216820178e+05
3.946210553876647609e+05
3.930937018981743022e+05
3.914116197412719484e+05
3.895840827885490726e+05
3.876290817464490538e+05
3.855693018677844666e+05
3.834288968229321763e+05
3.812319637981808628e+05
3.790028189884999883e+05
3.767673459183424129e+05
3.745541609895519796e+05
3.723943342671199935e+05
3.703189465400865301e+05
3.683546595637678402e+05
3.665183731865831069e+05
3.648125805516385008e+05
3.632229987176329596e+05
3.617194689213566016e+05
3.602602178315573838e+05
3.587986694579893374e+05
3.572913734712950536e+05
3.557054143620704999e+05
3.540238860588613898e+05
3.522485485707733897e+05
3.503994579509167233e+05
3.485119910669816309e+05
3.466321046344458591e+05
3.448107725582950516e+05
3.430983492082211887e+05
3.415392491712601623e+05
3.401670359098303015e+05
3.389999645960891503e+05
3.380372782159881899e+05
3.372569673363239854e+05
3.366159901947943727e+05
3.360538330788693856e+05
3.354996579174017534e+05
3.348822741720180493e+05
3.341411422814923571e+05
3.332359927305023884e+05
3.321527353610441787e+05
3.309041831039406243e+05
3.295254754868487362e+05
3.280655115293792333e+05
3.265767111128590186e+05
3.251056914761257358e+05
3.236869126704501687e+05
3.223402365909117507e+05
3.210720733456552844e+05
3.198788019325381611e+05
3.187507598908459768e+05
3.176753652929409873e+05
3.166386775162215345e+05
3.156255727431379491e+05
3.146193482822297956e+05
3.136017529311542166e+05
3.125541538515536231e+05
3.114599664671607898e+05
3.103078562929854379e+05
3.090948067284999415e+05
3.078280604685848230e+05
3.065251793058936018e+05
3.052119260463212850e+05
3.039182101564260665e+05
3.026728172430830309e+05
3.014979525429593050e+05
3.004047026831312105e+05
2.993903424109178595e+05
2.984380289311566739e+05
2.975189370308466605e+05
2.965964217860635836e+05
2.956314624123239191e+05
2.945884927820645971e+05
2.934407458436918096e+05
2.921743737312016310e+05
2.907907966921973857e+05
2.893069555445238948e+05
2.877533944872699794e+05
2.861703842902522301e+05
2.846025858024165500e+05
2.830929989876411855e+05
2.816770867790279444e+05
2.803779709764099098e+05
2.792034663000127184e+05
2.781454672394769150e+05
2.771818543795820442e+05
2.762806694391664932e+05
2.754058689903974882e+05
2.745235938405944034e+05
2.736077071367030148e+05
2.726434712053372641e+05
2.716286824588158634e+05
2.705722654250490596e+05
2.694910189577034325e+05
2.684056471862667822e+05
2.673372128351918072e+05
2.663047186169413035e+05
2.653238480591940461e+05
2.644062915024609538e+05
2.635588307215561508e+05
2.627815799967459752e+05
2.620653851360731060e+05
2.613890907061949256e+05
2.607178714685005252e+05
2.600038473150540958e+05
2.591897099759172997e+05
2.582152376080379763e+05
2.570256545925900864e+05
2.555801309322068701e+05
2.538585417457248550e+05
2.518649870720417530e+05
2.496273846592292248e+05
2.471934349994528166e+05
2.446241144944755069e+05
2.419863326311883866e+05
2.393463801159048453e+05
2.367653448904275429e+05
2.342969595146191423e+05
2.319876040892585879e+05
2.298776401781712484e+05
2.280030247666233336e+05
2.263962668404242140e+05
2.250861549188818317e+05
2.240961478619448899e+05
2.234417202218988677e+05
2.231271726049178105e+05
2.231424306374120351e+05
2.234602300788330031e+05
2.240339438310009427e+05
2.247962634164955234e+05
2.256590437072027125e+05
2.265147935618923220e+05
2.272404077807315043e+05
2.277036412259506178e+05
2.277724495924729563e+05
2.273267083051567024e+05
2.262711296244480764e+05
2.245476431400817528e+05
2.221452786493270251e+05
2.191057933926229016e+05
2.155238910343550961e+05
2.115417405122312775e+05
2.073383962090252026e+05
2.031154192759575089e+05
1.990803491680779262e+05
1.954296536971639725e+05
1.923325209580721566e+05
1.899165675464717788e+05
1.882564292603069043e+05
1.873663378035388305e+05
1.871980232540465367e+05
1.876452977476525703e+05
1.885561350013987685e+05
1.897518213707102113e+05
1.910510221848380461e+05
1.922949239986375906e+05
1.933686590861613222e+05
1.942145040360760759e+05
1.948339505483885878e+05
1.952782511026269931e+05
1.956296806681989692e+05
1.959777363879533077e+05
1.963953088727983413e+05
1.969194244002894266e+05
1.975397832232030341e+05
1.981965009322509868e+05
1.987866690429467126e+05
1.991779079358351883e+05
1.992261460435544141e+05
1.987944716808799712e+05
1.977700603198303434e+05
1.960768233675577212e+05
1.936824220831714338e+05
1.905994230530477071e+05
1.868813756364538858e+05
1.826152461371621757e+05
1.779118563235879410e+05
1.728958111947267607e+05
1.676960366363271605e+05
1.624376653327956737e+05
1.572357134394852037e+05
1.521907782909527305e+05
1.473867901196747844e+05
1.428906102252236160e+05
1.387529957960833271e+05
1.350102341310585325e+05
1.316856987105308508e+05
1.287907632064091740e+05
1.263248969662995951e+05
1.242752277188068401e+05
1.226162156339582725e+05
1.213101866546542587e+05
1.203092683701761416e+05
1.195588303643318504e+05
1.190020237281901937e+05
1.185846395392310078e+05
1.182594039303986647e+05
1.179890205956323916e+05
1.177476598769961565e+05
1.175210054237327276e+05
1.173052448436771811e+05
1.171054529208162130e+05
1.169336960248687683e+05
1.168069927510169509e+05
1.167451191199190944e+05
1.167682174269225943e+05
1.168942496249158430e+05
1.171364620786246087e+05
1.175011158563456411e+05
1.179857319014468521e+05
1.185780028367719642e+05
1.192553805252065358e+05
1.199852317433384451e+05
1.207254254360835039e+05
1.214252997931724385e+05
1.220271297107189748e+05
1.224683973116207490e+05
1.226852503327132290e+05
1.226174131011908612e+05
1.222144491240065108e+05
1.214427217413190083e+05
1.202918296647000534e+05
1.187789447158144612e+05
1.169495633916626102e+05
1.148737886754804931e+05
1.126382777436106844e+05
1.103351382641393575e+05
1.080499583391662018e+05
1.058514947857054794e+05
1.037851826376319659e+05
1.018716609000505559e+05
1.001102291922040749e+05
9.848594109879512689e+04
9.697824561045733572e+04
9.556890333502848807e+04
9.424733016643841984e+04
9.301238387415386387e+04
9.187063007225201000e+04
9.083201242108701263e+04
8.990438865250446543e+04
8.908848450677072105e+04
8.837450245817059476e+04
8.774104777580739756e+04
8.715639761606881802e+04
8.658162161744058540e+04
8.597477917473405250e+04
8.529538920403718657e+04
8.450852665878985135e+04
8.358813318350074405e+04
8.251933084598573623e+04
8.129964362656068988e+04
7.993907432429256733e+04
7.845901372261364304e+04
7.689003374503439409e+04
7.526875449577720428e+04
7.363413809128357389e+04
7.202367841744754696e+04
7.046996568323732936e+04
6.899799883949370997e+04
6.762344687854472431e+04
6.635190080223593395e+04
6.517907323990167060e+04
6.409189941844956047e+04
6.307052008497579664e+04
6.209110657470852311e+04
6.112936750575408951e+04
6.016436701446132793e+04
5.918206726181558042e+04
5.817789920241103391e+04
5.715775715697937267e+04
5.613711947357765894e+04
5.513843976538368588e+04
5.418738513275481819e+04
5.330876973444916803e+04
5.252305523380714294e+04
5.184407159329210845e+04
5.127824691613077448e+04
5.082525827206982649e+04
5.047974354668790329e+04
5.023360481825051102e+04
5.007847570915030519e+04
5.000806033792610106e+04
5.002020961060870468e+04
5.011873013282164902e+04
5.031500312736567867e+04
5.062953321845736355e+04
5.109356432927009882e+04
5.175089048880813789e+04
5.265992158171640767e+04
5.389588336779436213e+04
5.555268997365081304e+04
5.774353182593303791e+04
6.059867599202664132e+04
6.425859272443054942e+04
6.886058682940225117e+04
7.451788764344982337e+04
8.129174902677077625e+04
8.915937806186893431e+04
9.798298187776864506e+04
1.074871742635355913e+05
1.172526111455480714e+05
1.267323882096659800e+05
1.352942300114043173e+05
1.422862469522671599e+05
1.471181078532009269e+05
1.493444129287304240e+05
1.487344656913652725e+05
1.453136892469385348e+05
1.393668330180714256e+05
1.314009177528861328e+05
1.220746049112702021e+05
1.121079411697308969e+05
1.021901642140281474e+05
9.290248450443806360e+04
8.466792003919993294e+04
7.773302137683687033e+04
7.217892494203224487e+04
6.795362543010593799e+04
6.491480871303317690e+04
6.287308575978761655e+04
6.162817257220341708e+04
6.099420504283335322e+04
6.081377371618153120e+04
6.096264097718215635e+04
6.134820699021514883e+04
6.190478340624228440e+04
6.258800582609753474e+04
6.336970268673532701e+04
6.423359973767396878e+04
6.517160801805630763e+04
6.618021687846413988e+04
6.725666809368820395e+04
6.839499826156877680e+04
6.958251199790593819e+04
7.079757560796843609e+04
7.200963075699473848e+04
7.318195587721744960e+04
7.427702561315648200e+04
7.526353883107041474e+04
7.612356859953775711e+04
7.685806188887498865e+04
7.748918461629272497e+04
7.805870209664128197e+04
7.862249657523573842e+04
7.924218457908410346e+04
7.997538301587854221e+04
8.086637594361390802e+04
8.193877502864954295e+04
8.319135424945851264e+04
8.459770104552080738e+04
8.610975585013661475e+04
8.766475727650563931e+04
8.919459740798713756e+04
9.063616373460671457e+04
9.194098069446776935e+04
9.308246364315308165e+04
9.405943327440712892e+04
9.489520197027290124e+04
9.563242287968704477e+04
9.632478723938988696e+04
9.702733450891847315e+04
9.778741695204989810e+04
9.863815673990838695e+04
9.959560566816301434e+04
1.006599391388575314e+05
1.018201255252980918e+05
1.030608404639491782e+05
1.043700976063440175e+05
1.057461737154925650e+05
1.072028131018258864e+05
1.087722006165446946e+05
1.105055659279266110e+05
1.124713701278499502e+05
1.147508313510253211e+05
1.174302569479219965e+05
1.205895838112722704e+05
1.242869974833461893e+05
1.285406361442137713e+05
1.333100012526143109e+05
1.384812662242987135e+05
1.438614698726903007e+05
1.491859503192625416e+05
1.541410647970348073e+05
1.584006216495317931e+05
1.616705090621924610e+05
1.637330533306956349e+05
1.644818259448871831e+05
1.639394315768568194e+05
1.622548091302308312e+05
1.596815113383198332e+05
1.565426962304514018e+05
1.531908509543907421e+05
1.499700456009582849e+05
1.471861905174234416e+05
1.450874449138685304e+05
1.438538845598562621e+05
1.435937432444505685e+05
1.443433264615921071e+05
1.460687468880212982e+05
1.486692320131563174e+05
1.519831096983914904e+05
1.557981046830226551e+05
1.598670735514020198e+05
1.639289643274704576e+05
1.677331092289719672e+05
1.710635648754855501e+05
1.737596275627334835e+05
1.757291165560510999e+05
1.769524146469480766e+05
1.774771479155272827e+05
1.774052009535289253e+05
1.768750040929265670e+05
1.760424463219838217e+05
1.750634054673361534e+05
1.740800054489600589e+05
1.732116409420978744e+05
1.725508270626998274e+05
1.721631898939277162e+05
1.720904560034827155e+05
1.723551057410397334e+05
1.729653877561636327e+05
1.739196117838692153e+05
1.752089972010481870e+05
1.768187915918030776e+05
1.787278048393155041e+05
1.809068500137478986e+05
1.833167905890241091e+05
1.859069571227759006e+05
1.886146465104572708e+05
1.913662931592117820e+05
1.940807178313132317e+05
1.966745903761031223e+05
1.990698457095107296e+05
2.012022681364027958e+05
2.030299023577808111e+05
2.045395558512055723e+05
2.057496564077093499e+05
2.067082655792075966e+05
2.074860755909879226e+05
2.081654639449610549e+05
2.088277388481866510e+05
2.095412013795416860e+05
2.103523960601295403e+05
2.112820191293645767e+05
2.123257359821074933e+05
2.134590432841005968e+05
2.146446242333485570e+05
2.158405059881185880e+05
2.170076334520026285e+05
2.181159820836052531e+05
2.191487942689847259e+05
2.201047928856508515e+05
2.209983069740329811e+05
2.218572623527123360e+05
2.227190991303013870e+05
2.236249625481427356e+05
2.246129270516046381e+05
2.257113920847939444e+05
2.269339328993049276e+05
2.282766761085922772e+05
2.297187238646690384e+05
2.312254472309757839e+05
2.327538507725344680e+05
2.342588699805239448e+05
2.356994602609775029e+05
2.370435883532138832e+05
2.382715880981177033e+05
2.393776595656925638e+05
2.403695272095924593e+05
2.412664623587732494e+05
2.420960680860948924e+05
2.428904190804606769e+05
2.436822736998642213e+05
2.445020335981258831e+05
2.453758768589509418e+05
2.463251000590602634e+05
2.473663303125057137e+05
2.485120743948647287e+05
2.497711324013186968e+05
2.511486556133127888e+05
2.526459125513942563e+05
2.542599871284666588e+05
2.559836115976769361e+05
2.578052048658976855e+05
2.597090810444561066e+05
2.616758127286313975e+05
2.636828623211898375e+05
2.657057095690567512e+05
2.677196634372213157e+05
2.697023020321977674e+05
2.716361290211172891e+05
2.735107601241000229e+05
2.753239334393030149e+05
2.770809224376983475e+05
2.787924134439342306e+05
2.804713876434840495e+05
2.821298327983368654e+05
2.837761160405209521e+05
2.854136124203932122e+05
2.870408177483301261e+05
2.886528036195425666e+05
2.902435895151756704e+05
2.918088607720792643e+05
2.933484649788573734e+05
2.948682516969265416e+05
2.963810220547245117e+05
2.979065380074168788e+05
2.994706274489061325e+05
3.011033945011357428e+05
3.028364780161624658e+05
3.046993276923968224e+05
3.067146884822623106e+05
3.088938807062198175e+05
3.112328677410419914e+05
3.137102721508631366e+05
3.162882554873871850e+05
3.189165225781737245e+05
3.215388607341424213e+05
3.241009001260079676e+05
3.265574550046661170e+05
3.288779698995305225e+05
3.310491422591943992e+05
3.330744946352755651e+05
3.349713002282024245e+05
3.367656922975140042e+05
3.384869832889692625e+05
3.401622176439537434e+05
3.418118266804635059e+05
3.434469788235248416e+05
3.450688647104599513e+05
3.466697920676930225e+05
3.482356765903597116e+05
3.497493694538181880e+05
3.511942661761393538e+05
3.525577352592500974e+05
3.538340015402591671e+05
3.550261654919778230e+05
3.561470531472010189e+05
3.572186429832153954e+05
3.582699721296260250e+05
3.593336885072155856e+05
3.604417166095174616e+05
3.616207364288794342e+05
3.628882586287709419e+05
3.642500004698307021e+05
3.656990662443861947e+05
3.672171641444258275e+05
3.687777762858278002e+05
3.703508485814630403e+05
3.719082088326009689e+05
3.734286330057734740e+05
3.749013841867342708e+05
3.763272587814963772e+05
3.777167179863722413e+05
3.790854552000467083e+05
3.804485294868780184e+05
3.818147158288327628e+05
3.831827797861808795e+05
3.845409185061993194e+05
3.858697384618029464e+05
3.871481172478504013e+05
3.883604276007062872e+05
3.895031438227413455e+05
3.905889376329082297e+05
3.916469804779426195e+05
3.927191385059193708e+05
3.938528143093960825e+05
3.950920652956508566e+05
3.964690662245763815e+05
3.979978549665205064e+05
3.996716457422400708e+05
4.014640231269176002e+05
4.033333616880538175e+05
4.052291629737705807e+05
4.070988453008020297e+05
4.088938367524634232e+05
4.105743913180464297e+05
4.121130728611900704e+05
4.134970991979169776e+05
4.147296567793794675e+05
4.158300284730033600e+05
4.168321694068933721e+05
4.177814217602054705e+05
4.187294195017685997e+05
4.197277546184556559e+05
4.208214132266594097e+05
4.220431366980372113e+05
4.234096598705054494e+05
4.249203313382389606e+05
4.265581258598316344e+05
4.282926867307879729e+05
4.300848479233181570e+05
4.318920285189010901e+05
4.336738635438192869e+05
4.353973736040954827e+05
4.370409101806289400e+05
4.385961494722351781e+05
4.400676545256365789e+05
4.414700114797663991e+05
4.428231710548417759e+05
4.441471821200971026e+05
4.454577556718303240e+05
4.467638946167043759e+05
4.480681860526230885e+05
4.493694794251321582e+05
4.506668780693042208e+05
4.519635474076213432e+05
4.532689408224321669e+05
4.545986094907613005e+05
4.559715694465171546e+05
4.574059578007414239e+05
4.589141880889360909e+05
4.604989130730577745e+05
4.621508579826832283e+05
4.638491152829160565e+05
4.655639274429301149e+05
4.672614402159642777e+05
4.689094759329929366e+05
4.704831322699334705e+05
4.719690200865757652e+05
4.733672384979492635e+05
4.746907018663352937e+05
4.759620601243523997e+05
4.772090199765969883e+05
4.784592178637530887e+05
4.797358225465633441e+05
4.810547640714173322e+05
4.824239981285925605e+05
4.838446710389530053e+05
4.853135950295506045e+05
4.868261728249958251e+05
4.883788620913863997e+05
4.899704341220648494e+05
4.916016193099219236e+05
4.932731853842184646e+05
4.949829763112356886e+05
4.967228307221761206e+05
4.984764653850192553e+05
5.002192537446475471e+05
5.019203497482783278e+05
5.035469286269297008e+05
5.050696645017464180e+05
5.064681779996137484e+05
5.077352095731574227e+05
5.088786851156310295e+05
5.099214605775982491e+05
5.108991072468382190e+05
5.118564177515423507e+05
5.128433005620647455e+05
5.139104760943189031e+05
5.151050873078079894e+05
5.164661925088795833e+05
5.180202180397792254e+05
5.197767612463554251e+05
5.217254715515470598e+05
5.238348894879025756e+05
5.260539592669692356e+05
5.283164664494936587e+05
5.305480397583465092e+05
5.326747976103095571e+05
5.346323696172330528e+05
5.363739323166562244e+05
5.378760324589814991e+05
5.391412727392903762e+05
5.401973723186481511e+05
5.410926770120958099e+05
5.418888402151868213e+05
5.426520067377983360e+05
5.434442208209164673e+05
5.443167664732702542e+05
5.453066586479101097e+05
5.464366320455850800e+05
5.477179700825450709e+05
5.491547010153202573e+05
5.507473401662127580e+05
5.524946141267619096e+05
5.543924075660080416e+05
5.564302791299042292e+05
5.585869295002983417e+05
5.608265958076758543e+05
5.630982507253859658e+05
5.653387040085863555e+05
5.674795040667203721e+05
5.694563474553745473e+05
5.712189401813668665e+05
5.727391422986749094e+05
5.740157249260541284e+05
5.750749234571516281e+05
5.759668657993129455e+05
5.767586581686622230e+05
5.775253431719979271e+05
5.783401426474130712e+05
5.792654256768177729e+05
5.803457214780852664e+05
5.816037996620241320e+05
5.830403428351952462e+05
5.846370821629014099e+05
5.863625875172733795e+05
5.881793826979355654e+05
5.900508493452260736e+05
5.919465515545518138e+05
5.938450968753668712e+05
5.957342951648912858e+05
5.976090009495554259e+05
5.994674791224286892e+05
6.013073460814277641e+05
6.031221170235570753e+05
6.048991941661151359e+05
6.066198270522378152e+05
6.082612077251243172e+05
6.098004483875182923e+05
6.112197510382942855e+05
6.125116870829324471e+05
6.136832876788621070e+05
6.147577465489583556e+05
6.157730290693424176e+05
6.167774819891130319e+05
6.178233919779871358e+05
6.189600077178407228e+05
6.202275591887949267e+05
6.216532574137450429e+05
6.232494038671562448e+05
6.250130210102956044e+05
6.269262141273145098e+05
6.289568795459541725e+05
6.310601011921592290e+05
6.331811051705700811e+05
6.352605165355047211e+05
6.372417988322786987e+05
6.390795487305731513e+05
6.407464554646456381e+05
6.422368103459493723e+05
6.435655764836833114e+05
6.447637067098576808e+05
6.458717645500389626e+05
6.469342167134818155e+05
6.479958571459926898e+05
6.491002247224533930e+05
6.502885303957612487e+05
6.515973159945640946e+05
6.530540111453059362e+05
6.546711939829828916e+05
6.564417402601684444e+05
6.583373469484853558e+05
6.603119172578998841e+05
6.623094702689389233e+05
6.642744817216342781e+05
6.661616923519648844e+05
6.679427731875228928e+05
6.696085442398355808e+05
6.711670264278104296e+05
6.726387594960591523e+05
6.740511515426600818e+05
6.754332088974881917e+05
6.768112503129933029e+05
6.782056339269382879e+05
6.796284074649955146e+05
6.810820689088520594e+05
6.825599509014376672e+05
6.840487226388443960e+05
6.855329577828386100e+05
6.870008224264051532e+05
6.884491568491128273e+05
6.898860572847988224e+05
6.913297454410131322e+05
6.928038475648970343e+05
6.943306268089025980e+05
6.959245652034686645e+05
6.975885633547693724e+05
6.993139660284441197e+05
7.010841119308973430e+05
7.028798122546148952e+05
7.046846072653480805e+05
7.064879821062491974e+05
7.082856936583152274e+05
7.100774935272006551e+05
7.118633727870907169e+05
7.136397591858151136e+05
7.153968892449437408e+05
7.171180634829270421e+05
7.187809255240589846e+05
7.203604657701505348e+05
7.218331991947871866e+05
7.231818689243049594e+05
7.244000065462386701e+05
7.254956755685560638e+05
7.264937221843848238e+05
7.274358945049869362e+05
7.283783365281610750e+05
7.293862814139837865e+05
7.305262779961767374e+05
7.318569174971013563e+05
7.334196193255913677e+05
7.352313567250643391e+05
7.372810458164474694e+05
7.395306066291967873e+05
7.419205687034380389e+05
7.443788877922260435e+05
7.468308132755151019e+05
7.492075466605901020e+05
7.514521202723034658e+05
7.535221082204895793e+05
7.553899269460566575e+05
7.570420764686514158e+05
7.584784871880249120e+05
7.597123516642753966e+05
7.607699298202060163e+05
7.616893533693444915e+05
7.625176982109213714e+05
7.633064091805354692e+05
