6.809084897979806410e+05
6.786363780341941165e+05
6.764090221337295370e+05
6.742785670039039105e+05
6.722945160252008354e+05
6.705005524004839826e+05
6.689304171103655826e+05
6.676033478602969553e+05
6.665198546745841159e+05
6.656586694885198958e+05
6.649756077163999435e+05
6.644049135656422004e+05
6.638634827280121390e+05
6.632581249274879228e+05
6.624956320578653831e+05
6.614947770428503864e+05
6.601985625889594667e+05
6.585843477473522071e+05
6.566692936678376282e+05
6.545091863501768094e+05
6.521901160306939855e+05
6.498143485335559817e+05
6.474833823649958940e+05
6.452820211084788898e+05
6.432669681726302952e+05
6.414620804091892205e+05
6.398605041419360787e+05
6.384321366594274295e+05
6.371337688878432382e+05
6.359191116648325697e+05
6.347465652127129724e+05
6.335836828841713723e+05
6.324083697653033305e+05
6.312076222970646340e+05
6.299749345927094109e+05
6.287074303835422033e+05
6.274034833721606992e+05
6.260612239822656848e+05
6.246780062741207657e+05
6.232506765573602170e+05
6.217763607413201826e+05
6.202534697746819584e+05
6.186826932324353838e+05
6.170678637214265764e+05
6.154166587800860871e+05
6.137411002772420179e+05
6.120577064684910001e+05
6.103870191804518690e+05
6.087521875350942137e+05
6.071764350077435374e+05
6.056795652345246635e+05
6.042740541997095570e+05
6.029615541205139598e+05
6.017306629911303753e+05
6.005565815234138863e+05
5.994028984687024495e+05
5.982253748779731104e+05
5.969773406881532865e+05
5.956161649623825215e+05
5.941101253878044663e+05
5.924448071671146899e+05
5.906279311486599036e+05
5.886913892905435059e+05
5.866894418529049726e+05
5.846926191113427049e+05
5.827778118810774758e+05
5.810160842221626081e+05
5.794605490938782459e+05
5.781368996592869516e+05
5.770387371052132221e+05
5.761287624027945567e+05
5.753454953568470664e+05
5.746138556816041237e+05
5.738570798934786581e+05
5.730073094746298157e+05
5.720128045977733564e+05
5.708409089104556479e+05
5.694772260044324212e+05
5.679225172247594455e+05
5.661892378911424894e+05
5.642992704687636578e+05
5.622834550569060957e+05
5.601823634899926838e+05
5.580468983860224253e+05
5.559370895001481986e+05
5.539179995565591380e+05
5.520527198566544103e+05
5.503935968985207146e+05
5.489736253350480692e+05
5.478000799179001478e+05
5.468519275411696872e+05
5.460816045669225277e+05
5.454207352471568156e+05
5.447886330041986657e+05
5.441021273548213067e+05
5.432853526683750097e+05
5.422784371278947219e+05
5.410443316756291315e+05
5.395731930220418144e+05
5.378837936045972165e+05
5.360215049935788848e+05
5.340526572346525500e+05
5.320556125276689418e+05
5.301096497179875150e+05
5.282835051349580754e+05
5.266258234876618953e+05
5.251595556101951515e+05
5.238814246870263596e+05
5.227661988178688334e+05
5.217741389459573547e+05
5.208591820841110894e+05
5.199755207758812467e+05
5.190812191926838714e+05
5.181389405754503096e+05
5.171151204724389245e+05
5.159794628658092115e+05
5.147062555131511763e+05
5.132779081370877102e+05
5.116898242097825860e+05
5.099547911155963666e+05
5.081048908157687983e+05
5.061895416998148430e+05
5.042694160640002810e+05
5.024071951308380812e+05
5.006569974237679271e+05
4.990545945647020708e+05
4.976102088704503258e+05
4.963049842850819114e+05
4.950914487402506056e+05
4.938977016565741505e+05
4.926347602017364698e+05
4.912063941353153205e+05
4.895206825680893380e+05
4.875022833861999679e+05
4.851040132079512696e+05
4.823159618353253463e+05
4.791702730032802210e+05
4.757401280984430923e+05
4.721324126473835204e+05
4.684748455583789037e+05
4.648996546776294708e+05
4.615267850321678561e+05
4.584498158939721179e+05
4.557271317147950176e+05
4.533795858495443244e+05
4.513942844490554999e+05
4.497326878055628040e+05
4.483404217798918253e+05
4.471562497911851387e+05
4.461185046735763899e+05
4.451685555489514954e+05
4.442520741686011897e+05
4.433195192543535959e+05
4.423271800344054936e+05
4.412394375025811605e+05
4.400319825202914071e+05
4.386950013303831802e+05
4.372350963774663978e+05
4.356750067369663157e+05
4.340508511345813167e+05
4.324073386361630401e+05
4.307918970090601943e+05
4.292488028528842842e+05
4.278141753277734388e+05
4.265122705912092933e+05
4.253531028026132262e+05
4.243312025730800233e+05
4.234253755682277842e+05
4.225995682261423208e+05
4.218051970309077296e+05
4.209853429035227746e+05
4.200809325331815053e+05
4.190384685900235199e+05
4.178182353782157879e+05
4.164014683889726875e+05
4.147949436079262523e+05
4.130318582194454502e+05
4.111686031797774485e+05
4.092778339544513146e+05
4.074389080404305714e+05
4.057271560379220173e+05
4.042035764161498519e+05
4.029064405967290513e+05
4.018460089915784192e+05
4.010031089010989526e+05
4.003317332683372078e+05
3.997651563897552551e+05
3.992244661617899546e+05
3.986280464262090391e+05
3.979005207413059543e+05
3.969799864902190166e+05
3.958228959851292893e+05
3.944064839021989610e+05
3.927290316915584262e+05
3.908084339598795050e+05
3.886795315998055157e+05
3.863905970627485076e+05
3.839992743938501226e+05
3.815682097169701592e+05
3.791605406609816127e+05
3.768353465791720664e+05
3.746431423572223866e+05
3.726215911366000073e+05
3.707918257581323851e+05
3.691560109347944381e+05
3.676968747538580792e+05
3.663797395574085531e+05
3.651570780918039964e+05
3.639749796656546532e+05
3.627804031574437395e+05
3.615279376929926220e+05
3.601850268808660330e+05
3.587350845285459072e+05
3.571784003947645542e+05
3.555310345926441951e+05
3.538220179200818529e+05
3.520892270664605894e+05
3.503744071254879236e+05
3.487179818597657722e+05
3.471544165372194839e+05
3.457088387261188473e+05
3.443953275470914668e+05
3.432168461889498867e+05
3.421664077101249131e+05
3.412288992804586305e+05
3.403830871100939112e+05
3.396035798099735403e+05
3.388627659397355746e+05
3.381328236533012241e+05
3.373878004652011441e+05
3.366055657548329327e+05
3.357692856963218655e+05
3.348680709970499156e+05
3.338966333684889833e+05
3.328540980447738548e+05
3.317424340338243637e+05
3.305651417837277404e+05
3.293267778112915694e+05
3.280335803841978195e+05
3.266949797301840736e+05
3.253253094422299182e+05
3.239447865759856650e+05
3.225789357332038926e+05
3.212560983990537934e+05
3.200033393353308784e+05
3.188416845519103808e+05
3.177819554292950197e+05
3.168223693606501911e+05
3.159485944551536231e+05
3.151362555061206804e+05
3.143552347317535314e+05
3.135747009044616716e+05
3.127677330516965012e+05
3.119146526049737004e+05
3.110046197538786219e+05
3.100355282963279169e+05
3.090126080019325600e+05
3.079463255379071925e+05
3.068501415966593777e+05
3.057384768288945779e+05
3.046249615374322748e+05
3.035208213494341471e+05
3.024331955292013008e+05
3.013633422206596588e+05
3.003050002716595191e+05
2.992434993243261706e+05
2.981563480623022188e+05
2.970158434429991757e+05
2.957937190150697716e+05
2.944671332614828716e+05
2.930246487225903547e+05
2.914705423589164857e+05
2.898259894446978578e+05
2.881263713041488081e+05
2.864149789920579642e+05
2.847344043569341884e+05
2.831175949664295185e+05
2.815806673724594875e+05
2.801190739285582094e+05
2.787077591377157369e+05
2.773048422700733063e+05
2.758575001918711932e+05
2.743083940638375352e+05
2.726012824288942502e+05
2.706852379027840216e+05
2.685177803671623114e+05
2.660678383947736002e+05
2.633194499835456372e+05
2.602764699960340513e+05
2.569675232959349814e+05
2.534495021915057732e+05
2.498075490652488952e+05
2.461499830562917632e+05
2.425979577626325190e+05
2.392713396359531907e+05
2.362737251142772147e+05
2.336800748756058165e+05
2.315298617110723571e+05
2.298270836548348016e+05
2.285465514928600751e+05
2.276442282392629713e+05
2.270686257588967565e+05
2.267705184121196799e+05
2.267092677444468136e+05
2.268553554153817240e+05
2.271897730318474642e+05
2.277014090911002131e+05
2.283835017844040412e+05
2.292298319037041510e+05
2.302309317100678454e+05
2.313704105023485899e+05
2.326215853588720784e+05
2.339448229211463185e+05
2.352861408423708053e+05
2.365775366023084207e+05
2.377391969795566110e+05
2.386833245242417324e+05
2.393189929891830543e+05
2.395573604226975003e+05
2.393167445772709325e+05
2.385273768043949385e+05
2.371359005040302000e+05
2.351097082185557229e+05
2.324409856868921488e+05
2.291499690043718438e+05
2.252866280803341942e+05
2.209299516733820201e+05
2.161842984314856003e+05
2.111728223587096436e+05
2.060286060572456045e+05
2.008846479821063404e+05
1.958641120893247426e+05
1.910722067615763517e+05
1.865907389458964171e+05
1.824758661820467969e+05
1.787589560208273178e+05
1.754498957277287263e+05
1.725418147616492643e+05
1.700160896425086248e+05
1.678467102247852599e+05
1.660035041319809388e+05
1.644541703589239914e+05
1.631653922478243767e+05
1.621033970680102648e+05
1.612342400984725682e+05
1.605239410404745140e+05
1.599385204612691014e+05
1.594440273926353548e+05
1.590067649114806263e+05
1.585939936848744692e+05
1.581753254471957043e+05
1.577247921186382009e+05
1.572232684988581168e+05
1.566606656840620562e+05
1.560372140237545245e+05
1.553632717295890034e+05
1.546574054573537142e+05
1.539429105372323829e+05
1.532433592772628181e+05
1.525780716717825562e+05
1.519585010723212035e+05
1.513863701412770606e+05
1.508539982480849139e+05
1.503467229854720354e+05
1.498467843467337952e+05
1.493376701085178356e+05
1.488078293371928157e+05
1.482528728892566287e+05
1.476758219780206564e+05
1.470854954714887717e+05
1.464935850731293904e+05
1.459112356189090642e+05
1.453459791572772374e+05
1.447996956968315935e+05
1.442679712078848388e+05
1.437408897704762639e+05
1.432050089408291969e+05
1.426460687191686593e+05
1.420518860275409825e+05
1.414148802690603188e+05
1.407337479926382657e+05
1.400139444253729889e+05
1.392668257412546373e+05
1.385075420430033701e+05
1.377520196093631675e+05
1.370135913847094926e+05
1.362999765644847648e+05
1.356113225161182054e+05
1.349398691884716973e+05
1.342714762176318327e+05
1.335888158581273456e+05
1.328755834465637454e+05
1.321207453035085055e+05
1.313217525764615566e+05
1.304858551642888924e+05
1.296291121910195652e+05
1.287732824185734498e+05
1.279413113837844285e+05
1.271524551332442788e+05
1.264181157546826580e+05
1.257392352835800120e+05
1.251057048838447081e+05
1.244978251864296471e+05
1.238895034733718931e+05
1.232526381529939681e+05
1.225620113122806943e+05
1.217999541013511480e+05
1.209600484461204032e+05
1.200491948163484776e+05
1.190875447152374691e+05
1.181060953117154422e+05
1.171421573684839241e+05
1.162333630978428118e+05
1.154112594113375817e+05
1.146957110027039889e+05
1.140912392531457299e+05
1.135860519077195786e+05
1.131539661177726084e+05
1.127588393324582139e+05
1.123606451239205926e+05
1.119220631105567008e+05
1.114144229348953377e+05
1.108220217051920627e+05
1.101441618996246543e+05
1.093946673054541170e+05
1.085990673435473291e+05
1.077900336279795301e+05
1.070019403679093521e+05
1.062655404402350541e+05
1.056036675826835562e+05
1.050286078726966371e+05
1.045413997517879761e+05
1.041329234109461831e+05
1.037863262467505992e+05
1.034801642978994350e+05
1.031916327693240164e+05
1.028993811825453740e+05
1.025856056437064544e+05
1.022373238461116416e+05
1.018469195085013926e+05
1.014121605142783374e+05
1.009359364633973164e+05
1.004259323455429840e+05
9.989437554959459521e+04
9.935788968323380686e+04
9.883738308082902222e+04
9.835780348586081527e+04
9.794750330411893083e+04
9.763688161476308596e+04
9.745591599781349942e+04
9.743021625748311635e+04
9.757539906006997626e+04
9.788997210581442050e+04
9.834754607143995236e+04
9.888996023317842628e+04
9.942356397923044278e+04
9.982109018025267869e+04
9.993096665925250272e+04
9.959442796911380719e+04
9.866865284119614807e+04
9.705196582932409365e+04
9.470569707763116457e+04
9.166726406600052724e+04
8.805065993185374828e+04
8.403344132733774313e+04
7.983263191069729510e+04
7.567463561449154804e+04
7.176545448406194919e+04
6.826694057133329625e+04
6.528281233162974240e+04
6.285550440849705774e+04
6.097246858653164963e+04
5.957894911502940522e+04
5.859375348366932303e+04
5.792496694514320552e+04
5.748351292921250570e+04
5.719350783271443652e+04
5.699919279407864815e+04
5.686873451543395640e+04
5.679542000795744389e+04
5.679684856172497530e+04
5.691275333952684741e+04
5.720209358820016496e+04
5.773999033921657974e+04
5.861483366734296578e+04
5.992540116867949109e+04
6.177714586584956123e+04
6.427615749185312598e+04
6.751904095183464233e+04
7.157747990440342983e+04
7.647777088233953691e+04
8.217794446050866100e+04
8.854757361991704965e+04
9.535698882264514396e+04
1.022823621482325543e+05
1.089304632008144254e+05
1.148821717169219046e+05
1.197483304475940386e+05
1.232270738765446004e+05
1.251500812607619009e+05
1.255071288267177297e+05
1.244434354519417684e+05
1.222310228053121682e+05
1.192214943408487452e+05
1.157913908260321477e+05
1.122916656015700137e+05
1.090101125272473873e+05
1.061510214770031307e+05
1.038315814004433487e+05
1.020910191287356865e+05
1.009069012270776730e+05
1.002133950967502024e+05
9.991793662911532738e+04
9.991478435884314240e+04
1.000955639089597535e+05
1.003576880807430571e+05
1.006114705836613721e+05
1.007861595727092499e+05
1.008344590810949885e+05
1.007347642752994143e+05
1.004904748755684413e+05
1.001262881903597008e+05
9.968205751962708018e+04
9.920534596623372636e+04
9.874401238981632923e+04
9.833999372710075113e+04
9.802500176146683225e+04
9.781832028192897269e+04
9.772645572956523392e+04
9.774417554084984295e+04
9.785647583104651130e+04
9.804117303638216981e+04
9.827198086963825335e+04
9.852199180578891537e+04
9.876737566504569259e+04
9.899088046799096628e+04
9.918450397199530562e+04
9.935065816282010928e+04
9.950137715743716399e+04
9.965559919356467435e+04
9.983512509489872900e+04
1.000602820638584381e+05
1.003464025436889788e+05
1.007019056218819314e+05
1.011281684495818045e+05
1.016207532426063117e+05
1.021711763923111139e+05
1.027684166461942805e+05
1.033997209415320685e+05
1.040507821508410998e+05
1.047057777156038646e+05
1.053478804705210059e+05
1.059606374542790727e+05
1.065301690328294935e+05
1.070476747493358998e+05
1.075114507746848249e+05
1.079276495981965563e+05
1.083093418783620436e+05
1.086739531367495074e+05
1.090396606584683759e+05
1.094216715516795812e+05
1.098293515383464837e+05
1.102649249134142592e+05
1.107240045122670563e+05
1.111976853761804814e+05
1.116755105554004404e+05
1.121484194167994428e+05
1.126108703610953817e+05
1.130616526455738349e+05
1.135033495120293665e+05
1.139408317147472408e+05
1.143794074985430489e+05
1.148232595374413941e+05
1.152745819089610304e+05
1.157334945174787863e+05
1.161985017378608172e+05
1.166671001380600792e+05
1.171361813845259603e+05
1.176020866929291224e+05
1.180604448171148397e+05
1.185061418704927346e+05
1.189338378312221903e+05
1.193393414091418963e+05
1.197219324480050709e+05
1.200874656609250524e+05
1.204518762361782719e+05
1.208445681771352538e+05
1.213110899372078566e+05
1.219144680390616122e+05
1.227345810328249645e+05
1.238650507732898550e+05
1.254073528433456813e+05
1.274622173007822857e+05
1.301188568134926172e+05
1.334430197050795832e+05
1.374652078448582615e+05
1.421705509860620659e+05
1.474917815171609109e+05
1.533065453485901526e+05
1.594399588873025496e+05
1.656728912235505413e+05
1.717558976312840823e+05
1.774280467976615473e+05
1.824391183836392884e+05
1.865729265376940893e+05
1.896690279425608751e+05
1.916399671927010349e+05
1.924815858483829070e+05
1.922747472759944503e+05
1.911779744086675637e+05
1.894117644561278867e+05
1.872365188513187168e+05
1.849269121837555431e+05
1.827459676041971834e+05
1.809220245358473621e+05
1.796311931786364294e+05
1.789869212912144721e+05
1.790371779866681900e+05
1.797687347902799083e+05
1.811172714186401863e+05
1.829815920295666147e+05
1.852400240724734613e+05
1.877669711949095072e+05
1.904475667465103033e+05
1.931885162620671035e+05
1.959236883242024633e+05
1.986139084955699509e+05
2.012416263177056389e+05
2.038023296863942232e+05
2.062953341841005604e+05
2.087165408420349704e+05
2.110548927993512771e+05
2.132928775535108289e+05
2.154100513285419438e+05
2.173877234497223108e+05
2.192128982549435459e+05
2.208802408802777354e+05
2.223918390090097964e+05
2.237554196896432550e+05
2.249821223306932952e+05
2.260848472126258712e+05
2.270777423584158823e+05
2.279768164645371144e+05
2.288011969837645011e+05
2.295743047558367543e+05
2.303241968631108175e+05
2.310824941909929912e+05
2.318816197065897577e+05
2.327505020177644037e+05
2.337094009832081501e+05
2.347649821835018229e+05
2.359070367164798663e+05
2.371081394181545184e+05
2.383269809847540455e+05
2.395151862136644486e+05
2.406264060439036402e+05
2.416256988835252705e+05
2.424969937348302046e+05
2.432468591188788996e+05
2.439037481175141002e+05
2.445130249047465622e+05
2.451290312828494934e+05
2.458059614717813965e+05
2.465893173522090074e+05
2.475093391251773282e+05
2.485772629904561618e+05
2.497847336586932070e+05
2.511062757859841222e+05
2.525043833340399724e+05
2.539364636619732482e+05
2.553625632757734857e+05
2.567525753234100121e+05
2.580916059896640654e+05
2.593824513941213663e+05
2.606447010550184059e+05
2.619107079294575378e+05
2.632193388272579759e+05
2.646088403784172842e+05
2.661102131031393656e+05
2.677421982402976719e+05
2.695084800241354969e+05
2.713971727535777027e+05
2.733822584786028019e+05
2.754264522540504695e+05
2.774849869222606649e+05
2.795099404199772398e+05
2.814548562583156745e+05
2.832794357651252649e+05
2.849539791246821987e+05
2.864630734370092396e+05
2.878078838009526371e+05
2.890064225024076877e+05
2.900914253598117502e+05
2.911059296480331104e+05
2.920971981628360227e+05
2.931100814836261561e+05
2.941810835158799891e+05
2.953342147398074158e+05
2.965792369672372588e+05
2.979122912486947607e+05
2.993183700358587666e+05
3.007748144622702384e+05
3.022550449320206535e+05
3.037319985015016282e+05
3.051810929030182306e+05
3.065827941831143689e+05
3.079249241842654301e+05
3.092047037837428506e+05
3.104302903159366106e+05
3.116213888202038943e+05
3.128085276859119185e+05
3.140308252509378945e+05
3.153324486668538302e+05
3.167583105408312404e+05
3.183496992006878718e+05
3.201404305756540853e+05
3.221538193206764408e+05
3.244004688575926702e+05
3.268767452834915603e+05
3.295638904970305739e+05
3.324279582076106453e+05
3.354209387799488031e+05
3.384834088905233075e+05
3.415487569111925550e+05
3.445486063363673165e+05
3.474186904319445021e+05
3.501042986505757435e+05
3.525645704136636341e+05
3.547752566082092235e+05
3.567299202887161518e+05
3.584397462961192359e+05
3.599321279470667941e+05
3.612480809022233007e+05
3.624384543363918783e+05
3.635589959540107520e+05
3.646646030551356380e+05
3.658034552199697355e+05
3.670119977590610506e+05
3.683117630295069539e+05
3.697087069501510123e+05
3.711951612681398401e+05
3.727538333503026515e+05
3.743627487946646288e+05
3.759998178241400165e+05
3.776458987914809841e+05
3.792857770396670676e+05
3.809071971115328488e+05
3.824987389294547611e+05
3.840476922808076488e+05
3.855390372673295788e+05
3.869562053943690844e+05
3.882836371815382736e+05
3.895105027225606609e+05
3.906345317194456584e+05
3.916648343160689110e+05
3.926228754432630958e+05
3.935412681087638484e+05
3.944605914668909973e+05
3.954248489658991457e+05
3.964763649442477035e+05
3.976508752900303225e+05
3.989733789623203920e+05
4.004550954905280960e+05
4.020917116869840538e+05
4.038630321557276184e+05
4.057341398720456054e+05
4.076581520007922663e+05
4.095805530758969253e+05
4.114448765789949102e+05
4.131992191216164501e+05
4.148027875812340062e+05
4.162314950376370107e+05
4.174816189879878075e+05
4.185707589702036348e+05
4.195357671534193796e+05
4.204278946399931447e+05
4.213059584377942374e+05
4.222287242711272556e+05
4.232477891931128688e+05
4.244020060967861209e+05
4.257140200973338797e+05
4.271889790358312894e+05
4.288151317557200091e+05
4.305659284747760976e+05
4.324033237576613319e+05
4.342820816587394802e+05
4.361548323077477980e+05
4.379773972902332898e+05
4.397136229558440391e+05
4.413388608327191905e+05
4.428414750376258744e+05
4.442223106326929992e+05
4.454926922676534159e+05
4.466719200890208012e+05
4.477851682473681867e+05
4.488621857098015607e+05
4.499365079861061531e+05
4.510443791273874231e+05
4.522225342946655583e+05
4.535044461711949552e+05
4.549153827653557528e+05
4.564673139161270228e+05
4.581550362599643413e+05
4.599547396248155856e+05
4.618257001774017117e+05
4.637150767771239043e+05
4.655651310803605011e+05
4.673217232054436463e+05
4.689426832818055409e+05
4.704046070767233614e+05
4.717067744450604077e+05
4.728712863986454322e+05
4.739391911845423747e+05
4.749632515971311950e+05
4.759988744948404492e+05
4.770952604582282365e+05
4.782887679240003345e+05
4.795997696419868153e+05
4.810331492070114473e+05
4.825814884217834915e+05
4.842293718554130173e+05
4.859572892933700932e+05
4.877442224288633442e+05
4.895687885970476200e+05
4.914093923784745275e+05
4.932440126758663100e+05
4.950501035422761342e+05
4.968048488232071395e+05
4.984858865556964302e+05
5.000726344164338079e+05
5.015483568101600395e+05
5.029029430484577315e+05
5.041359777139888029e+05
5.052592458933417802e+05
5.062976132825293462e+05
5.072874754942734144e+05
5.082726771748339524e+05
5.092986936401597341e+05
5.104065382747445256e+05
5.116279697470240062e+05
5.129830408392307581e+05
5.144800851513005327e+05
5.161173181425080984e+05
5.178847671027834876e+05
5.197654473763389396e+05
5.217354432915227371e+05
5.237634355764103238e+05
5.258107802262001205e+05
5.278331975973641966e+05
5.297845055649634451e+05
5.316219517359511228e+05
5.333120025902204216e+05
5.348352412865168881e+05
5.361893383302073926e+05
5.373896507581507321e+05
5.384675396442700876e+05
5.394667567863151198e+05
5.404382690004425822e+05
5.414338885721485130e+05
5.424992919222359778e+05
5.436674648170334985e+05
5.449540640639624326e+05
5.463562312685508514e+05
5.478557391031472944e+05
5.494260464424900711e+05
5.510413435131841106e+05
5.526846636106184451e+05
5.543521876888985280e+05
5.560520999193616444e+05
5.577983448284642072e+05
5.596015858191052685e+05
5.614607520179129206e+05
5.633583343239198439e+05
5.652611707790023647e+05
5.671264601597571746e+05
5.689109712310432224e+05
5.705805156591007253e+05
5.721169501927506644e+05
5.735210431850410532e+05
5.748109712710264139e+05
5.760174607408097945e+05
5.771772900660063606e+05
5.783269287794716656e+05
5.794976399647346698e+05
5.807126790394947166e+05
5.819865458587784087e+05
5.833257786814875435e+05
5.847305940746148117e+05
5.861967484500706196e+05
5.877172248882686254e+05
5.892836072146610823e+05
5.908871856927425833e+05
5.925198926187140169e+05
5.941751043543386040e+05
5.958482327807783149e+05
5.975369448971037054e+05
5.992408541630624095e+05
6.009606333357689437e+05
6.026966668561935658e+05
6.044475205545227509e+05
6.062085883403196931e+05
6.079712438186091604e+05
6.097226938819217030e+05
6.114465600367664592e+05
6.131240770637111273e+05
6.147357514820226934e+05
6.162633649743885035e+05
6.176922817524352577e+05
6.190140334110344993e+05
6.202290411444065394e+05
6.213490979883178370e+05
6.223989705760189099e+05
6.234163479710124666e+05
6.244495045173225226e+05
6.255524934340131003e+05
6.267783424319401383e+05
6.281713585373344831e+05
6.297600181213044561e+05
6.315518628664562711e+05
6.335313583446282428e+05
6.356609856510929530e+05
6.378851971115972847e+05
6.401364903285441687e+05
6.423427934823575197e+05
6.444354787050782470e+05
6.463574060699845431e+05
6.480702853766777553e+05
6.495603514068057993e+05
6.508411087841793196e+05
6.519520241186729399e+05
6.529527157957580639e+05
6.539133254760974087e+05
6.549029645525240339e+05
6.559788917586202733e+05
6.571789967022739584e+05
6.585191847285648109e+05
6.599957283172768075e+05
6.615911689353846014e+05
6.632814929679499473e+05
6.650423432864099741e+05
6.668528320813809987e+05
6.686966445837601786e+05
6.705610547736817971e+05
6.724348947495666798e+05
6.743064332708221627e+05
6.761617847082806984e+05
6.779841895553359063e+05
6.797544153946629958e+05
6.814525138321612030e+05
6.830609959467173321e+05
6.845690099144881824e+05
6.859764379900987260e+05
6.872963490015706047e+05
6.885543652663278626e+05
6.897844036142295226e+05
6.910216759327776963e+05
6.922951634029787965e+05
6.936223145847917767e+05
6.950080705941772321e+05
6.964486559308613651e+05
6.979385790155041032e+05
6.994778591111608548e+05
7.010763043362308526e+05
7.027528160688064527e+05
7.045296813497183612e+05
7.064237682574763894e+05
7.084376506879458902e+05
7.105535799241263885e+05
7.127320784805828007e+05
7.149153608381827362e+05
7.170344713389374083e+05
7.190184080943209119e+05
7.208036008683284745e+05
7.223426183412363753e+05
7.236114720779989148e+05
7.246150701955687255e+05
7.253902294803258264e+05
7.260053989085829817e+05
7.265561967950203689e+05
7.271562582861712435e+05
7.279237684794564266e+05
7.289652230503752362e+05
7.303590406459328951e+05
7.321422283081976930e+05
7.343030619946153602e+05
7.367816298878222005e+05
7.394783546264495235e+05
7.422687780167734018e+05
7.450215481244123075e+05
7.476161136393924244e+05
7.499571666418401292e+05
7.519840641816951102e+05
7.536747687560049817e+05
7.550448039449790958e+05
7.561421365983765572e+05
7.570389203086160123e+05
7.578210009018542478e+05
7.585762596613094211e+05
7.593832606051483890e+05
7.603020122901243158e+05
7.613685964907010784e+05
