6.817302899546413682e+05
6.803177988831149414e+05
6.788653926334260032e+05
6.773757850159568479e+05
6.758586437188303098e+05
6.743282910831085173e+05
6.728009776873441879e+05
6.712920469025485218e+05
6.698132402767119929e+05
6.683704657348254696e+05
6.669624597321747569e+05
6.655807463978470769e+05
6.642110337620800128e+05
6.628357618650930235e+05
6.614371407140085939e+05
6.599998999461323256e+05
6.585131842199772364e+05
6.569714394921110943e+05
6.553744997749266913e+05
6.537272006500873249e+05
6.520386926334621385e+05
6.503213778156825574e+05
6.485892988794693956e+05
6.468560215491548879e+05
6.451324933111264836e+05
6.434257446192887146e+05
6.417392871208075667e+05
6.400754951306729345e+05
6.384392932610538555e+05
6.368415677895585541e+05
6.353003988901341800e+05
6.338387797933263937e+05
6.324788216437079245e+05
6.312339953626885545e+05
6.301020177991006058e+05
6.290610191581555409e+05
6.280705693424168276e+05
6.270774417853243649e+05
6.260243974123247899e+05
6.248594477810768876e+05
6.235432809115818236e+05
6.220535799483829178e+05
6.203862557920190739e+05
6.185545346282987157e+05
6.165870419615952997e+05
6.145255672267009504e+05
6.124224670821262989e+05
6.103371514358771965e+05
6.083311063585060183e+05
6.064614407942756079e+05
6.047737125955498777e+05
6.032953904011108680e+05
6.020314305508494144e+05
6.009630186898751417e+05
6.000497250196763780e+05
5.992344848822737113e+05
5.984502686834025662e+05
5.976272195912939496e+05
5.966993656739346916e+05
5.956105214788632002e+05
5.943193836746009765e+05
5.928038836714202771e+05
5.910645728388631251e+05
5.891263813916791696e+05
5.870378228438460501e+05
5.848668720233575441e+05
5.826933844873787602e+05
5.805988589930558810e+05
5.786552183268755907e+05
5.769147472353259800e+05
5.754031923873334890e+05
5.741173410249178996e+05
5.730273788287675707e+05
5.720832814246345079e+05
5.712236806442873785e+05
5.703852391389552504e+05
5.695106402045168215e+05
5.685538331702095456e+05
5.674820432617301121e+05
5.662750241318916669e+05
5.649227962457847316e+05
5.634233987656664103e+05
5.617818659249680350e+05
5.600108380206278525e+05
5.581322609007050050e+05
5.561789205647148192e+05
5.541943991510999622e+05
5.522304840522480663e+05
5.503419170313846553e+05
5.485792858436632669e+05
5.469814957162885694e+05
5.455694177099706139e+05
5.443420055683356477e+05
5.432755792149157496e+05
5.423263322688885964e+05
5.414356219592179405e+05
5.405373072250580881e+05
5.395662561663640663e+05
5.384670374738199171e+05
5.372016801692226436e+05
5.357552837336618686e+05
5.341383364717448130e+05
5.323850047958266223e+05
5.305474174671128858e+05
5.286869192988097202e+05
5.268640855406845221e+05
5.251296354159468319e+05
5.235180844492410542e+05
5.220451158001588774e+05
5.207085505723945098e+05
5.194918645386301214e+05
5.183687476002025651e+05
5.173073260514975991e+05
5.162732284241478774e+05
5.152313957221888122e+05
5.141471312531172298e+05
5.129871661203260883e+05
5.117214335158810718e+05
5.103258687986982404e+05
5.087860297748091398e+05
5.071008385281185037e+05
5.052854451017575338e+05
5.033722125261740875e+05
5.014091398059428320e+05
4.994555860699120676e+05
4.975757640656994190e+05
4.958309448334384360e+05
4.942715289087629644e+05
4.929300785645783762e+05
4.918161665915655904e+05
4.909136238144546514e+05
4.901805643055794644e+05
4.895524371173324180e+05
4.889481986513627344e+05
4.882793884495025268e+05
4.874613556923292927e+05
4.864251996432074811e+05
4.851283843107225257e+05
4.835617737502842792e+05
4.817512560842809035e+05
4.797532203810936771e+05
4.776446743842703872e+05
4.755102560717760934e+05
4.734292450965625467e+05
4.714655428132877569e+05
4.696624569694651873e+05
4.680424163807823788e+05
4.666101402396128979e+05
4.653569549430866027e+05
4.642642048669101205e+05
4.633048516168286442e+05
4.624437829628596664e+05
4.616383189676598995e+05
4.608404219644945697e+05
4.600012057704975596e+05
4.590770074238732923e+05
4.580352615232749959e+05
4.568582621261219610e+05
4.555437014796235017e+05
4.541022190829310566e+05
4.525533800103832036e+05
4.509219261213532300e+05
4.492356167922301101e+05
4.475248046092316508e+05
4.458227068210220314e+05
4.441647567626652890e+05
4.425857527514902176e+05
4.411146124025397003e+05
4.397678728311893647e+05
4.385440297861602157e+05
4.374209381482493482e+05
4.363577235214766697e+05
4.353012802956976229e+05
4.341959901406495483e+05
4.329943237149461638e+05
4.316658108690330992e+05
4.302024751821001410e+05
4.286199206600940670e+05
4.269543776699388400e+05
4.252567684939806932e+05
4.235850756813310436e+05
4.219961003539548256e+05
4.205373759774037753e+05
4.192398440579490853e+05
4.181120097011724138e+05
4.171365406942395493e+05
4.162703600534503348e+05
4.154489460384902195e+05
4.145947423572891857e+05
4.136285131848676247e+05
4.124815506065677037e+05
4.111062408623468946e+05
4.094828077834168798e+05
4.076209877158137388e+05
4.055566370814631809e+05
4.033444359881940763e+05
4.010485999635654734e+05
3.987336796072550351e+05
3.964571327142312657e+05
3.942645689900565194e+05
3.921876656197232660e+05
3.902440282419352443e+05
3.884379589006172610e+05
3.867612750989604974e+05
3.851938912447504117e+05
3.837045460645185667e+05
3.822525002725677914e+05
3.807909983600064297e+05
3.792727643985656323e+05
3.776569959196271375e+05
3.759165782148587168e+05
3.740438807402977836e+05
3.720536664787377231e+05
3.699822777080123196e+05
3.678831304497426609e+05
3.658193773230778170e+05
3.638551596507132635e+05
3.620470480851649190e+05
3.604370660887026461e+05
3.590481970187078114e+05
3.578826532689090818e+05
3.569226216306067654e+05
3.561328544019325054e+05
3.554644286164579680e+05
3.548592002335950383e+05
3.542547761611245805e+05
3.535900093588981545e+05
3.528109441607531044e+05
3.518767977723832591e+05
3.507651197202512412e+05
3.494749800278884941e+05
3.480271275668202434e+05
3.464606114294799045e+05
3.448262412006977247e+05
3.431781756224118872e+05
3.415655193522121408e+05
3.400258185682120966e+05
3.385817378229912138e+05
3.372411781391240656e+05
3.360000367686473182e+05
3.348461102145602927e+05
3.337625580674109515e+05
3.327298782907264540e+05
3.317262439651338500e+05
3.307269214135859511e+05
3.297039609100865782e+05
3.286272393855488044e+05
3.274673135340866866e+05
3.261997009859527461e+05
3.248095160083715455e+05
3.232951295376250055e+05
3.216697845394330216e+05
3.199607363655192894e+05
3.182062164415412117e+05
3.164510366998847458e+05
3.147417813646196155e+05
3.131222825745187001e+05
3.116296319920074893e+05
3.102906070908114780e+05
3.091183033718272927e+05
3.081090206356956041e+05
3.072399204100050847e+05
3.064683877847627737e+05
3.057341220058207400e+05
3.049646011801048880e+05
3.040837779646657873e+05
3.030229144842340611e+05
3.017316900474587455e+05
3.001873939169677324e+05
2.984002638891124516e+05
2.964137720575472340e+05
2.942996691300019738e+05
2.921486047269641422e+05
2.900579110502551775e+05
2.881185353028392419e+05
2.864031042637539795e+05
2.849567634289851412e+05
2.837918709121966967e+05
2.828869823235255317e+05
2.821899636659731041e+05
2.816245990892897244e+05
2.810997461306396872e+05
2.805199119264902547e+05
2.797960429579262855e+05
2.788553230686099851e+05
2.776488840652061626e+05
2.761565950533828000e+05
2.743885282847491908e+05
2.723832449149259483e+05
2.702035673089706106e+05
2.679308357596761198e+05
2.656586667059523170e+05
2.634869380599142751e+05
2.615162622611901315e+05
2.598427845210743544e+05
2.585529533508445893e+05
2.577180270936055167e+05
2.573884290026656527e+05
2.575884640734404966e+05
2.583121701911640703e+05
2.595210794297134853e+05
2.611444201379566803e+05
2.630819073196423706e+05
2.652088961905960459e+05
2.673834254429684952e+05
2.694545873458813294e+05
2.712716867523841793e+05
2.726937024942790158e+05
2.735985607086578384e+05
2.738916336112314602e+05
2.735127133166768472e+05
2.724405564405683544e+05
2.706940599937627558e+05
2.683293193919730256e+05
2.654323018321599229e+05
2.621076281395153783e+05
2.584648661777687084e+05
2.546045589473574364e+05
2.506066392716061091e+05
2.465236630078310845e+05
2.423803374151958269e+05
2.381793044066227158e+05
2.339114854170035396e+05
2.295680529210864916e+05
2.251507200591190485e+05
2.206776978486162843e+05
2.161841381301562651e+05
2.117176304333457665e+05
2.073307308662600408e+05
2.030731130418755638e+05
1.989856246826672868e+05
1.950975411717552633e+05
1.914270763724564458e+05
1.879841957282513613e+05
1.847742642780396563e+05
1.818011051599372877e+05
1.790685027841400588e+05
1.765798316372339323e+05
1.743361121383873106e+05
1.723332440539037343e+05
1.705593788573103957e+05
1.689933593012675119e+05
1.676049127059492748e+05
1.663568974524618243e+05
1.652094514054682513e+05
1.641254635242593067e+05
1.630764632331838657e+05
1.620478521341251908e+05
1.610424193370666471e+05
1.600812904756738862e+05
1.592018429579014773e+05
1.584526299375584640e+05
1.578859135853617918e+05
1.575489054813026160e+05
1.574751297197853564e+05
1.576773695315112418e+05
1.581434001482747553e+05
1.588352007917446026e+05
1.596917010753536015e+05
1.606345098577312019e+05
1.615756374983489804e+05
1.624260320551611949e+05
1.631037995319220936e+05
1.635411905560730374e+05
1.636897028927183710e+05
1.635228834304978664e+05
1.630365878905776481e+05
1.622466146778420662e+05
1.611838533027321682e+05
1.598874381453682727e+05
1.583968522835733893e+05
1.567443532484328607e+05
1.549492920210438606e+05
1.530156892049161834e+05
1.509337664894109475e+05
1.486851445333287993e+05
1.462504109264200088e+05
1.436170863702718343e+05
1.407859283529259847e+05
1.377740514792537433e+05
1.346143192477429984e+05
1.313515262990917254e+05
1.280366857796379772e+05
1.247210344465295202e+05
1.214511402363246889e+05
1.182658998513449187e+05
1.151955045982674055e+05
1.122618814043198217e+05
1.094798406910537014e+05
1.068582127650948532e+05
1.044005436811287072e+05
1.021052985689774214e+05
9.996583068425292731e+04
9.797051471394364489e+04
9.610339012908967561e+04
9.434546756927826209e+04
9.267661404172223411e+04
9.107774349979776889e+04
8.953295029065579001e+04
8.803123480690302677e+04
8.656754938875134394e+04
8.514299952564539853e+04
8.376415082524479658e+04
8.244151689719741989e+04
8.118744132525252644e+04
8.001372423542324395e+04
7.892944123154133558e+04
7.793940951978544763e+04
7.704364042501214135e+04
7.623788902178662829e+04
7.551512742494279519e+04
7.486751469191744400e+04
7.428829626622011710e+04
7.377308794989679882e+04
7.332018044929223834e+04
7.292978772071799904e+04
7.260247086065312033e+04
7.233720912462922570e+04
7.212969273272871214e+04
7.197135217857014504e+04
7.184943823499443533e+04
7.174818829196701699e+04
7.165083944447065005e+04
7.154205059823850752e+04
7.141021891528165725e+04
7.124922499305890233e+04
7.105928655897812860e+04
7.084679354931447597e+04
7.062318941180856200e+04
7.040311921477605938e+04
7.020216772590472829e+04
7.003455682918967796e+04
6.991116372735335608e+04
6.983816161489037040e+04
6.981647671280914801e+04
6.984211199404684885e+04
6.990723514648241689e+04
7.000180454386869678e+04
7.011544871656861505e+04
7.023933835670376720e+04
7.036787943638386787e+04
7.050016791702616320e+04
7.064123034015389567e+04
7.080309953582643357e+04
7.100574444779480109e+04
7.127781735303692403e+04
7.165712793274734577e+04
7.219069753852434224e+04
7.293414698359268368e+04
7.394997974202340993e+04
7.530404584977861668e+04
7.705922514769060945e+04
7.926538191443972755e+04
8.194518755280644109e+04
8.507664645185381232e+04
8.857497549373700167e+04
9.227838369723290089e+04
9.594346544874229585e+04
9.925550459402236447e+04
1.018564957920092420e+05
1.033893668040628399e+05
1.035518305720238714e+05
1.021491985568709788e+05
9.913400918488902971e+04
9.462237778293034353e+04
8.888222893778875005e+04
8.229548280288522074e+04
7.530263035590774962e+04
6.834194862039118016e+04
6.179584172228700481e+04
5.595370684427694505e+04
5.099564419952481694e+04
4.699603516543465958e+04
4.394203253663284704e+04
4.176014850468037184e+04
4.034436797982019198e+04
3.958092518013932568e+04
3.936718919791873486e+04
3.962424018965174037e+04
4.030420643200026097e+04
4.139411627737551316e+04
4.291796758886677708e+04
4.493810244215018611e+04
4.755598318984616344e+04
5.091128278322375263e+04
5.517705938994065946e+04
6.054802161556194915e+04
6.721895305124625156e+04
7.535169265187418205e+04
8.503185797576408368e+04
9.622043970218578761e+04
1.087095204017662909e+05
1.220941835067619977e+05
1.357726171666479786e+05
1.489825241478736571e+05
1.608744769370937720e+05
1.706134884162062663e+05
1.774915368182751408e+05
1.810289697184006218e+05
1.810435433871233254e+05
1.776724847777606046e+05
1.713436122071368736e+05
1.627030967206410423e+05
1.525165424180422269e+05
1.415643032980123826e+05
1.305506187742593756e+05
1.200402856818260625e+05
1.104284396286587580e+05
1.019411412449840427e+05
9.465884387289200095e+04
8.855238347802401404e+04
8.352169256353161472e+04
7.943002946908783633e+04
7.612988098711053317e+04
7.347975473053865426e+04
7.135317357714477112e+04
6.964214152042806381e+04
6.825735861185057729e+04
6.712689907565808971e+04
6.619432553572267352e+04
6.541659233511488128e+04
6.476174606524333649e+04
6.420637413397567434e+04
6.373289119822595967e+04
6.332694832475045405e+04
6.297536862346780981e+04
6.266497706097116316e+04
6.238249837538228894e+04
6.211541269532122533e+04
6.185339004374386423e+04
6.158977416095080844e+04
6.132260963991186145e+04
6.105489340171807271e+04
6.079400780386546830e+04
6.055054978274571477e+04
6.033691008713774499e+04
6.016593301247040654e+04
6.004982890506665717e+04
5.999931210949169326e+04
6.002281069700429362e+04
6.012561957866335433e+04
6.030904171794161812e+04
6.056979012216583214e+04
6.090006478267040075e+04
6.128865722442383412e+04
6.172314827521058032e+04
6.219284996638115990e+04
6.269178262041482230e+04
6.322085501407903212e+04
6.378861685044009209e+04
6.441041977384619531e+04
6.510636850145884091e+04
6.589883468083162734e+04
6.681037306120597350e+04
6.786259578821924515e+04
6.907605574637780956e+04
7.047069086465916189e+04
7.206611014210079156e+04
7.388107754751456378e+04
7.593193617247416114e+04
7.823023840612814820e+04
8.078027269488562888e+04
8.357730890151878702e+04
8.660715596302127233e+04
8.984713280184574251e+04
9.326801507922989549e+04
9.683618094223369553e+04
1.005151929838128854e+05
1.042664074989840447e+05
1.080487160747593880e+05
1.118179414687693352e+05
1.155265290410760645e+05
1.191239613117358822e+05
1.225579263239471620e+05
1.257759395858074276e+05
1.287270554819269601e+05
1.313635353619725502e+05
1.336426961593425076e+05
1.355293730729289236e+05
1.369992833009680035e+05
1.380430681889764965e+05
1.386701423804081569e+05
1.389110402666781156e+05
1.388170132941181946e+05
1.384562660360931768e+05
1.379072199548868230e+05
1.372501700255908945e+05
1.365592532825928647e+05
1.358965582519489399e+05
1.353095185579839454e+05
1.348317365642880613e+05
1.344864548174173688e+05
1.342913443001024425e+05
1.342632302412106073e+05
1.344217411369576294e+05
1.347914214635509124e+05
1.354023503431970603e+05
1.362895943302520609e+05
1.374918544500320277e+05
1.390495182262802846e+05
1.410021296159229241e+05
1.433851782641260652e+05
1.462261716217744688e+05
1.495401963688644173e+05
1.533255153503323963e+05
1.575600278971351509e+05
1.621994752340050472e+05
1.671779951100754843e+05
1.724110552525716485e+05
1.778001153097420465e+05
1.832378701909698138e+05
1.886128731628230598e+05
1.938128158124477486e+05
1.987265992387572478e+05
2.032462002423084341e+05
2.072697866742319020e+05
2.107072719712032995e+05
2.134885216107531742e+05
2.155730697752857232e+05
2.169590261660270044e+05
2.176883899422749237e+05
2.178465210847461130e+05
2.175549291677985166e+05
2.169583379545205098e+05
2.162085173864642566e+05
2.154481016849639709e+05
2.147973329428641300e+05
2.143455904438078287e+05
2.141481791932724882e+05
2.142276904568306345e+05
2.145786471917488379e+05
2.151741256675888435e+05
2.159733542637292412e+05
2.169295988404797681e+05
2.179977307247773570e+05
2.191407380711054429e+05
2.203342744863595581e+05
2.215683850636554707e+05
2.228459522273713956e+05
2.241781136455338274e+05
2.255777002277781139e+05
2.270523338037212379e+05
2.285989834562850301e+05
2.302014329000159341e+05
2.318313582637212530e+05
2.334527795764410694e+05
2.350287925177098077e+05
2.365289293204128917e+05
2.379353642108288768e+05
2.392464833584345179e+05
2.404769949249570491e+05
2.416545984700065164e+05
2.428140595902495552e+05
2.439901402678992599e+05
2.452110623171167972e+05
2.464939704835780140e+05
2.478432745309306483e+05
2.492519580077899154e+05
2.507051774701541581e+05
2.521849572926888650e+05
2.536746438521877863e+05
2.551620258663980057e+05
2.566405436891056015e+05
2.581086173299237271e+05
2.595676357108947414e+05
2.610194400204697158e+05
2.624641614540554583e+05
2.638990790861684363e+05
2.653188359357170411e+05
2.667169864384822431e+05
2.680885215636165813e+05
2.694327762886196142e+05
2.707559977573716315e+05
2.720728639747397974e+05
2.734064077032054192e+05
2.747861116852052510e+05
2.762443520936327404e+05
2.778117828103359789e+05
2.795125507597230026e+05
2.813603034712997032e+05
2.833557511540661217e+05
2.854861317834026995e+05
2.877264430310961907e+05
2.900419268505785149e+05
2.923911518133293139e+05
2.947291542012764839e+05
2.970103695573107107e+05
2.991913449983596220e+05
3.012333314049779437e+05
3.031047828414581018e+05
3.047836265819681576e+05
3.062590546173018520e+05
3.075326245804134523e+05
3.086186253280474339e+05
3.095438316494026221e+05
3.103467949432214955e+05
3.110766359824408428e+05
3.117910190517614246e+05
3.125528044541899581e+05
3.134249991175504983e+05
3.144641080439031357e+05
3.157126820843658643e+05
3.171924611136816675e+05
3.188997269410431618e+05
3.208041634393126587e+05
3.228517595106498338e+05
3.249713567310099024e+05
3.270836612970205606e+05
3.291111354037626297e+05
3.309872041929151746e+05
3.326635489361618529e+05
3.341147249357952387e+05
3.353397961158044054e+05
3.363610547480572714e+05
3.372202020284245373e+05
3.379726266720472486e+05
3.386806247971842531e+05
3.394065051302658976e+05
3.402064634588292101e+05
3.411258771617246675e+05
3.421963223928399384e+05
3.434342646730602137e+05
3.448411323785636341e+05
3.464044122010264546e+05
3.480994842611899367e+05
3.498920543799324078e+05
3.517411389029573184e+05
3.536025499545654748e+05
3.554327204378629685e+05
3.571925591818073881e+05
3.588509153085093712e+05
3.603872127918940969e+05
3.617929061111091869e+05
3.630715849071574630e+05
3.642377778085916070e+05
3.653147212309723254e+05
3.663315120775305550e+05
3.673201057427342166e+05
3.683125357832594891e+05
3.693385566031359485e+05
3.704237350568665424e+05
3.715879395807899418e+05
3.728442368958185543e+05
3.741983443057308905e+05
3.756488574640751467e+05
3.771883488354338333e+05
3.788051033183785621e+05
3.804848862366790418e+05
3.822119859032497043e+05
3.839690350393641274e+05
3.857357667826396646e+05
3.874876129758872557e+05
3.891954805351348477e+05
3.908278245140013169e+05
3.923552653167251265e+05
3.937568219879015815e+05
3.950259010812778724e+05
3.961739545171966893e+05
3.972303366029303870e+05
3.982380944205699489e+05
3.992467108111414709e+05
4.003036855474244221e+05
4.014470196313873166e+05
4.027002023144850391e+05
4.040704618491078145e+05
4.055501621220394154e+05
4.071205552101676003e+05
4.087567370878515067e+05
4.104325890637548873e+05
4.121246644806418917e+05
4.138143439856471960e+05
4.154880801632108632e+05
4.171361014122507768e+05
4.187504135045006988e+05
4.203231640448572580e+05
4.218462942533189780e+05
4.233128808245635009e+05
4.247198111917608185e+05
4.260707137770562549e+05
4.273776938541235868e+05
4.286606243788172142e+05
4.299435218509718543e+05
4.312486671943791443e+05
4.325901955417289864e+05
4.339694277356119128e+05
4.353739493115110090e+05
4.367813491239320720e+05
4.381669298677958432e+05
4.395131583166171331e+05
4.408177396048577502e+05
4.420973873120888020e+05
4.433856464615856530e+05
4.447251030440593022e+05
4.461562666701449198e+05
4.477065909925257438e+05
4.493830248503453913e+05
4.511701853727144189e+05
4.530342378401375026e+05
4.549306688740295358e+05
4.568130930558241089e+05
4.586403841225365759e+05
4.603805802701552166e+05
4.620115723582033534e+05
4.635198316912457231e+05
4.648988883939869120e+05
4.661488709957373794e+05
4.672774878069011611e+05
4.683018696337409783e+05
4.692501177376526175e+05
4.701613813510457985e+05
4.710837383337367792e+05
4.720698304504415719e+05
4.731708536201848183e+05
4.744299413266889751e+05
4.758761277541613672e+05
4.775199458635465126e+05
4.793513755195733975e+05
4.813404155240159016e+05
4.834401279973299243e+05
4.855916855101307156e+05
4.877307747989287018e+05
4.897946447593275807e+05
4.917290634970089886e+05
4.934944196140923304e+05
4.950701784458705806e+05
4.964569610750038992e+05
4.976757468386098626e+05
4.987641488215779536e+05
4.997703095364069450e+05
5.007455390487274854e+05
5.017371583683614735e+05
5.027829620591874700e+05
5.039082582899690606e+05
5.051257227470648359e+05
5.064375613308944739e+05
5.078389647974540712e+05
5.093217051351155387e+05
5.108769600007032277e+05
5.124969085149746970e+05
5.141751070193256019e+05
5.159059531132883858e+05
5.176836190592957428e+05
5.195007456933900248e+05
5.213470730878734612e+05
5.232081674049056601e+05
5.250645162300650263e+05
5.268914247821611352e+05
5.286602027034326456e+05
5.303409596874624258e+05
5.319069121118088951e+05
5.333395647566104308e+05
5.346336825102698058e+05
5.358008016928241123e+05
5.368702296321097529e+05
5.378869752146372339e+05
5.389066721640154719e+05
5.399881280479076086e+05
5.411845618535173126e+05
5.425348778615751071e+05
5.440564876839653589e+05
5.457412052793033654e+05
5.475554875321923755e+05
5.494456424755582120e+05
5.513475561705169966e+05
5.531991963842787081e+05
5.549530561610393925e+05
5.565852984775226796e+05
5.580989877568109659e+05
5.595204059009350603e+05
5.608895778754869243e+05
5.622480169970631832e+05
5.636276041672022548e+05
5.650440454771403456e+05
5.664966532373807859e+05
5.679739057947588153e+05
5.694622329776195111e+05
5.709544877653949661e+05
5.724549150903371628e+05
5.739789015041813254e+05
5.755477663572890451e+05
5.771805883593617473e+05
5.788859676876938902e+05
5.806564766420351807e+05
5.824675143977918196e+05
5.842807971615348943e+05
5.860513207595846616e+05
5.877357688990631141e+05
5.893002171675917925e+05
5.907255335717033595e+05
5.920098061262497213e+05
5.931680404539111769e+05
5.942299304876934038e+05
5.952365747682185611e+05
5.962366947204412427e+05
5.972824892837298103e+05
5.984250296847027494e+05
5.997092098199611064e+05
6.011686450981248636e+05
6.028213025336877909e+05
6.046667726246234961e+05
6.066858303091905545e+05
6.088423741794442758e+05
6.110872434834740125e+05
6.133630649210312404e+05
6.156093022055330221e+05
6.177669885569829494e+05
6.197829922414913308e+05
6.216138792096119141e+05
6.232294079968163278e+05
6.246154965609728824e+05
6.257763043959829956e+05
6.267350140745777171e+05
6.275330061190559063e+05
6.282273311643901980e+05
6.288865954089434817e+05
6.295855339519835543e+05
6.303986597596156644e+05
6.313934778979260009e+05
6.326238538961260347e+05
6.341241883144512540e+05
6.359050343975092983e+05
6.379506979280960513e+05
6.402192228747119661e+05
6.426450421613556100e+05
6.451444481617906131e+05
6.476238193235179642e+05
6.499901156445792876e+05
6.521625126775794197e+05
6.540833532145202626e+05
6.557261906734823715e+05
6.570989181903924327e+05
6.582409585751905106e+05
6.592150232120800065e+05
6.600955063451727619e+05
6.609565325284525752e+05
6.618625805727019906e+05
6.628634582626118790e+05
6.639936608285005204e+05
6.652745553184068995e+05
6.667170748095713789e+05
6.683229770495825214e+05
6.700839872938505141e+05
6.719796547490502708e+05
6.739757610834498191e+05
6.760251528806904098e+05
6.780719458700345131e+05
6.800586483559326734e+05
6.819345568386296509e+05
6.836633215685852338e+05
6.852279933021625038e+05
6.866328396173533984e+05
6.879022163131803973e+05
6.890773229011311196e+05
6.902116062673792476e+05
6.913651265471967636e+05
6.925978101689509349e+05
6.939615785458158934e+05
6.954919508517581271e+05
6.972005959254511399e+05
6.990709318583717104e+05
7.010587562029605033e+05
7.030988545978174079e+05
7.051168364028936485e+05
7.070436934043833753e+05
7.088294802353119012e+05
7.104525627620364539e+05
7.119221165386214852e+05
7.132735459030352067e+05
7.145585033804583363e+05
7.158325061970596435e+05
7.171433810918446397e+05
7.185229964513338637e+05
7.199834254218351562e+05
7.215174171852949075e+05
7.231022606306424132e+05
7.247058874681962188e+05
7.262941544711706229e+05
7.278383404769308399e+05
7.293218101051438134e+05
7.307446195665586274e+05
7.321248575984794879e+05
7.334959961875193985e+05
7.349004978066215990e+05
7.363810863364323741e+05
7.379719283449944342e+05
7.396920438199461205e+05
7.415424561640005559e+05
7.435072225237746025e+05
7.455571811090984847e+05
7.476546185327742714e+05
7.497573541983810719e+05
7.518217149429672863e+05
7.538049134202948771e+05
7.556678107266847510e+05
7.573786592983058654e+05
7.589174427359313704e+05
7.602795019351162482e+05
7.614769085331906099e+05
7.625367573708960554e+05
7.634968609815681120e+05
7.644005021328930743e+05
