4.106933784348274930e+05
4.100461678427353618e+05
4.092653350169691257e+05
4.083328062317965669e+05
4.072466825498944963e+05
4.060258610640619299e+05
4.047096774142970098e+05
4.033518875072142109e+05
4.020103243415979668e+05
4.007351875357255340e+05
3.995594704609651817e+05
3.984942661757046590e+05
3.975299370713877142e+05
3.966421169655533740e+05
3.958000533679240616e+05
3.949744253084409866e+05
3.941425193516060244e+05
3.932900644277800457e+05
3.924104292904708418e+05
3.915026834950961056e+05
3.905699710810373072e+05
3.896189173628868302e+05
3.886598393160762498e+05
3.877068579423305928e+05
3.867769294168318738e+05
3.858873269785177545e+05
3.850519414449420292e+05
3.842775078813194414e+05
3.835611417359758634e+05
3.828902230648036348e+05
3.822448261747054057e+05
3.816019079074817128e+05
3.809397727280369145e+05
3.802412459308858379e+05
3.794945675214437069e+05
3.786920344448016258e+05
3.778274351424441556e+05
3.768938921078580897e+05
3.758835897080125869e+05
3.747900482753899414e+05
3.736124331459999667e+05
3.723603409855791251e+05
3.710570309044381138e+05
3.697393888091974077e+05
3.684539360352386720e+05
3.672495370625632349e+05
3.661686113328186329e+05
3.652391735017214669e+05
3.644697359028396313e+05
3.638481555435920600e+05
3.633442980196761782e+05
3.629153940929927048e+05
3.625125160088869161e+05
3.620867657326681074e+05
3.615943439369034604e+05
3.610003108302146429e+05
3.602812473553694435e+05
3.594270470043184469e+05
3.584418061854767147e+05
3.573434792243420961e+05
3.561618798586514895e+05
3.549348755307244137e+05
3.537031667371038347e+05
3.525046319377509062e+05
3.513695484952150728e+05
3.503178554794517695e+05
3.493589882383547956e+05
3.484939015548187308e+05
3.477180792726024520e+05
3.470239769202914904e+05
3.464016623384267441e+05
3.458373257652706234e+05
3.453104671972919023e+05
3.447914394589327858e+05
3.442412138517941348e+05
3.436146021457092720e+05
3.428669328788483399e+05
3.419628346070814878e+05
3.408848736250742222e+05
3.396396852635889663e+05
3.382599313463813742e+05
3.368015805693319417e+05
3.353371552782729268e+05
3.339463186551348190e+05
3.327053603883447940e+05
3.316769318244096939e+05
3.309010813067284762e+05
3.303884801204028772e+05
3.301167353968010284e+05
3.300306822214759304e+05
3.300472914248317247e+05
3.300651905293590389e+05
3.299778560855743708e+05
3.296885720069731469e+05
3.291246046467663255e+05
3.282479814950637519e+05
3.270608478111940785e+05
3.256044746011183597e+05
3.239523055463613709e+05
3.221986056869677850e+05
3.204450096390644321e+05
3.187874042978003272e+05
3.173051503726754454e+05
3.160538456795408274e+05
3.150619431027770042e+05
3.143308150986782275e+05
3.138374491470292560e+05
3.135388691521387082e+05
3.133775087177051464e+05
3.132869838742649881e+05
3.131979217376941233e+05
3.130436405003796099e+05
3.127655238138164277e+05
3.123178893388480647e+05
3.116720392782805138e+05
3.108190537238750840e+05
3.097708276446053060e+05
3.085589398948487942e+05
3.072312109769235249e+05
3.058462095039154519e+05
3.044663887205597130e+05
3.031508358579869382e+05
3.019487009998919093e+05
3.008942209241559613e+05
3.000039264574608533e+05
2.992762191713876091e+05
2.986931217177793151e+05
2.982237128293100977e+05
2.978285860524328309e+05
2.974646283050738857e+05
2.970894905644456157e+05
2.966652927944942494e+05
2.961613268632930121e+05
2.955557415082037915e+05
2.948363600477872533e+05
2.940008584780239617e+05
2.930565105017982423e+05
2.920196085755672539e+05
2.909145404091845849e+05
2.897723912854334922e+05
2.886288995290619787e+05
2.875216402586586773e+05
2.864864479768854799e+05
2.855532808734193677e+05
2.847419291881027748e+05
2.840581221020862577e+05
2.834906489495534915e+05
2.830100607979818597e+05
2.825693643475923454e+05
2.821068895078180358e+05
2.815512418531646836e+05
2.808279764028044883e+05
2.798673792100499268e+05
2.786125459910190548e+05
2.770268330965292407e+05
2.750997540606099647e+05
2.728505160300815478e+05
2.703286147178264218e+05
2.676111871362196980e+05
2.647971119069597917e+05
2.619981366142977495e+05
2.593276357165647205e+05
2.568880067338866065e+05
2.547581844290319132e+05
2.529831681888619496e+05
2.515675948676010303e+05
2.504750271439875651e+05
2.496336864482380915e+05
2.489479999941213755e+05
2.483139381916504935e+05
2.476351609114358434e+05
2.468368202203474939e+05
2.458745558501615014e+05
2.447375245469831279e+05
2.434457717413175269e+05
2.420434114775139897e+05
2.405896232354767853e+05
2.391493615398692200e+05
2.377851067473588046e+05
2.365502869482506649e+05
2.354844673898286710e+05
2.346101857769168564e+05
2.339313746657418669e+05
2.334334818206922500e+05
2.330854662091999780e+05
2.328436796153236937e+05
2.326572591251370031e+05
2.324742156405424757e+05
2.322471334352861159e+05
2.319374658208239707e+05
2.315178399873632006e+05
2.309724121799567947e+05
2.302958777400900144e+05
2.294919967022988421e+05
2.285723481365265616e+05
2.275555759203833877e+05
2.264668810523256834e+05
2.253372131095076620e+05
2.242016572624601249e+05
2.230968540588028263e+05
2.220577234318833216e+05
2.211140554877031245e+05
2.202875446716516453e+05
2.195896205611758633e+05
2.190201453255351225e+05
2.185669003981153073e+05
2.182058569355091313e+05
2.179024307749569416e+05
2.176140614120207611e+05
2.172943412396557978e+05
2.168985167387902038e+05
2.163896357952190738e+05
2.157441862048387411e+05
2.149559879644324246e+05
2.140374333983572433e+05
2.130177883447119675e+05
2.119389323038975708e+05
2.108494001491510135e+05
2.097977876149510557e+05
2.088265302586450998e+05
2.079668686501140473e+05
2.072355662347784382e+05
2.066336849799462070e+05
2.061474378928756632e+05
2.057508282449361577e+05
2.054095058421362774e+05
2.050851135385643865e+05
2.047394359826017171e+05
2.043378903361271950e+05
2.038522121268041374e+05
2.032624368973838282e+05
2.025583451501982054e+05
2.017404148231744184e+05
2.008201151435016072e+05
1.998192333780714252e+05
1.987679686997488898e+05
1.977017681999492634e+05
1.966572246236372157e+05
1.956676571529753855e+05
1.947591329127376666e+05
1.939476110851282137e+05
1.932376384304411185e+05
1.926226806502476684e+05
1.920868371697702969e+05
1.916074432931551710e+05
1.911579734243414132e+05
1.907107451170205313e+05
1.902391560549868154e+05
1.897194737180472584e+05
1.891324093915265694e+05
1.884647287176719110e+05
1.877109474505885737e+05
1.868748203645895701e+05
1.859700332409387629e+05
1.850194399284251558e+05
1.840524435690433311e+05
1.831006479933138180e+05
1.821925144476163841e+05
1.813482125696213043e+05
1.805759669151678681e+05
1.798709092245224747e+05
1.792168301981767581e+05
1.785904663965824875e+05
1.779672827476510720e+05
1.773273155913582304e+05
1.766596365774397564e+05
1.759643784938766330e+05
1.752519109731355275e+05
1.745394746452359832e+05
1.738461773483447614e+05
1.731875846478042367e+05
1.725711533630433260e+05
1.719935044172117778e+05
1.714401047446601151e+05
1.708874299779117864e+05
1.703071965731666714e+05
1.696718533123014204e+05
1.689602691941311641e+05
1.681625005147334887e+05
1.672826913143876591e+05
1.663395359125618124e+05
1.653642295339041739e+05
1.643963332517339732e+05
1.634783637489321409e+05
1.626501096231867268e+05
1.619436584819462150e+05
1.613799290171028697e+05
1.609671989673243661e+05
1.607017588191436662e+05
1.605704442965235503e+05
1.605544462354141870e+05
1.606335141217723431e+05
1.607895254708158027e+05
1.610084540262098308e+05
1.612800717165680544e+05
1.615952379497443035e+05
1.619412679115154315e+05
1.622964746708065504e+05
1.626253768475122051e+05
1.628761182451536297e+05
1.629813034147314902e+05
1.628627651080826181e+05
1.624398978487787826e+05
1.616403311019521207e+05
1.604110938731491915e+05
1.587281984990785131e+05
1.566027987963909691e+05
1.540826950268767250e+05
1.512488140684810933e+05
1.482071964469748200e+05
1.450777928036849189e+05
1.419818778253760538e+05
1.390300553010962612e+05
1.363126359686696669e+05
1.338936558328328538e+05
1.318090587212607206e+05
1.300687427206019929e+05
1.286614562228994764e+05
1.275611104520359077e+05
1.267330642297083396e+05
1.261393176005188288e+05
1.257421696315889567e+05
1.255065137395168422e+05
1.254013382364267309e+05
1.254010600859374972e+05
1.254870909079825360e+05
1.256496795028492343e+05
1.258897815697500628e+05
1.262205853604553558e+05
1.266683558458590123e+05
1.272723324401040736e+05
1.280833907074525923e+05
1.291609967286831234e+05
1.305677180976039963e+05
1.323604122789143585e+05
1.345774581095952890e+05
1.372222435798758816e+05
1.402445995901714195e+05
1.435237042054999911e+05
1.468575788899333565e+05
1.499648534019181388e+05
1.525032609885486600e+05
1.541060691132861539e+05
1.544328545391779044e+05
1.532260134315618488e+05
1.503609425729186914e+05
1.458775115264662309e+05
1.399838996114284964e+05
1.330303638264631154e+05
1.254580873767161829e+05
1.177344792640057713e+05
1.102891570386858220e+05
1.034635845186932274e+05
9.748266085604400723e+04
9.245026084489825007e+04
8.836490958197911095e+04
8.514804686821519863e+04
8.267633678715367569e+04
8.081085234997318184e+04
7.941871848755925021e+04
7.838578823031514185e+04
7.762128464109390916e+04
7.705665967614081455e+04
7.664123616074764868e+04
7.633681931274769886e+04
7.611277210810895485e+04
7.594235121508690645e+04
7.580056423043330142e+04
7.566347122168612259e+04
7.550867097126538283e+04
7.531661845020207693e+04
7.507236526807963673e+04
7.476728210923723236e+04
7.440032273760385578e+04
7.397844686460374214e+04
7.351595179512945469e+04
7.303266683680629649e+04
7.255120810013033042e+04
7.209371815639782290e+04
7.167865992012066999e+04
7.131824689432806917e+04
7.101695991562424751e+04
7.077135877508456178e+04
7.057111841323277622e+04
7.040098679693153827e+04
7.024323507815772609e+04
7.008016502207262965e+04
6.989632357607131416e+04
6.968019530542289431e+04
6.942525121634165407e+04
6.913030554085756012e+04
6.879917966300292755e+04
6.843972091102783452e+04
6.806229540553093830e+04
6.767796921187688713e+04
6.729668568119623524e+04
6.692579744811262935e+04
6.656927884465592797e+04
6.622780959217206691e+04
6.589970064023500890e+04
6.558238393317894952e+04
6.527399175863249548e+04
6.497448868921888788e+04
6.468593483450098574e+04
6.441173599261230993e+04
6.415509091468572296e+04
6.391715329045272665e+04
6.369556651239505300e+04
6.348393853327559918e+04
6.327252438109435025e+04
6.304997996839861298e+04
6.280569125518220972e+04
6.253200098662926757e+04
6.222571515829004784e+04
6.188854130571339920e+04
6.152647658525563020e+04
6.114847777731614042e+04
6.076489049262522894e+04
6.038605458366576931e+04
6.002129472416896897e+04
5.967826931542775128e+04
5.936250771282168716e+04
5.907697536438493262e+04
5.882164121365780738e+04
5.859318655032043171e+04
5.838508255705334886e+04
5.818821567098287778e+04
5.799207316665135295e+04
5.778629652195046219e+04
5.756226398857185268e+04
5.731433948175510159e+04
5.704052519962156657e+04
5.674242986636437854e+04
5.642464104010236770e+04
5.609371002723505080e+04
5.575699789237583900e+04
5.542160227173499152e+04
5.509351835936388670e+04
5.477711464540622546e+04
5.447494212239617627e+04
5.418784622392126766e+04
5.391530746374794398e+04
5.365589766481732659e+04
5.340771365118602262e+04
5.316865774774938473e+04
5.293648805723387341e+04
5.270865483917419624e+04
5.248204023935583245e+04
5.225278051233552105e+04
5.201633634347548650e+04
5.176788546815483278e+04
5.150298057684678497e+04
5.121830547724104690e+04
5.091232450429815799e+04
5.058566631540373783e+04
5.024118099799528136e+04
4.988370295831013209e+04
4.951959687972273969e+04
4.915615330672502023e+04
4.880086594353900000e+04
4.846061069343095005e+04
4.814078382217186299e+04
4.784453058090651029e+04
4.757225897165762581e+04
4.732163297503415379e+04
4.708815041797661979e+04
4.686625438728353038e+04
4.665076404353088583e+04
4.643830969129595178e+04
4.622846006932955061e+04
4.602433147700146947e+04
4.583261958529425465e+04
4.566312902856383880e+04
4.552794189789250959e+04
4.544035138875446137e+04
4.541362027548307378e+04
4.545956032615740696e+04
4.558692194068390381e+04
4.579966152601261274e+04
4.609530786817306944e+04
4.646383287607426610e+04
4.688757915430705179e+04
4.734283452990485239e+04
4.780351011070085951e+04
4.824703563333896454e+04
4.866203401908485102e+04
4.905663396729475062e+04
4.946556014630437858e+04
4.995362311615224462e+04
5.061318742149295576e+04
5.155387417355303478e+04
5.288425886401909520e+04
5.468749692236304691e+04
5.699516442013434425e+04
5.976539228144030494e+04
6.287180033106358314e+04
6.610826761992633692e+04
6.921124113580978883e+04
7.189682647419365821e+04
7.390562564017053228e+04
7.504563290054179379e+04
7.522349311208297149e+04
7.445721969020775578e+04
7.286822286262887064e+04
7.065568216965187457e+04
6.806027993335874635e+04
6.532598471939358569e+04
6.266771543210206437e+04
6.024997195243363240e+04
5.817803171738366655e+04
5.650023020438411913e+04
5.521791794159023993e+04
5.429911696155997197e+04
5.369242288103248575e+04
5.333881947961202241e+04
5.318029836615690147e+04
5.316516853943487513e+04
5.325055666821979685e+04
5.340285411891828699e+04
5.359686415041629516e+04
5.381426668825683737e+04
5.404184998551413446e+04
5.426981621854548575e+04
5.449036624012055836e+04
5.469669283285007987e+04
5.488243944858737086e+04
5.504160135600163630e+04
5.516876727142812160e+04
5.525954601039862609e+04
5.531101792725938139e+04
5.532210009230113792e+04
5.529379526664967852e+04
5.522936493399097526e+04
5.513448279717182595e+04
5.501736911242658243e+04
5.488880121625459287e+04
5.476180213018235372e+04
5.465079864833487227e+04
5.457015675194634969e+04
5.453223089151535532e+04
5.454532623511952988e+04
5.461215491390711395e+04
5.472936805662465486e+04
5.488852738106804463e+04
5.507849226781018660e+04
5.528876221742061171e+04
5.551297924991424225e+04
5.575167959222429636e+04
5.601353494321639300e+04
5.631469824542973947e+04
5.667635327904480800e+04
5.712101624646583514e+04
5.766842207143554697e+04
5.833187584434667224e+04
5.911576425908820238e+04
6.001457769491313229e+04
6.101340909376081981e+04
6.208959179480563034e+04
6.321499727551024989e+04
6.435855207295638684e+04
6.548869951094381395e+04
6.657572953493846580e+04
6.759402780853469449e+04
6.852429037200042512e+04
6.935561532163749507e+04
7.008718652550016122e+04
7.072911227658609278e+04
7.130197207571435138e+04
7.183480363565278822e+04
7.236159997422230663e+04
7.291678390874914476e+04
7.353045062451205740e+04
7.422429966440689168e+04
7.500905722937628161e+04
7.588384296017955057e+04
7.683746358072034491e+04
7.785116225091721572e+04
7.890205374335504894e+04
7.996641489033852122e+04
8.102217941748996964e+04
8.205032876228401437e+04
8.303524870481602557e+04
8.396440727062600490e+04
8.482782001034707355e+04
8.561769470839394489e+04
8.632844736309281143e+04
8.695705002518325637e+04
8.750349818006143323e+04
8.797112183953737258e+04
8.836651276381778007e+04
8.869896554179089435e+04
8.897948277629850782e+04
8.921952855379822722e+04
8.942979723946188460e+04
8.961927824554668041e+04
8.979483697487747122e+04
8.996140811801717791e+04
9.012273929151362972e+04
9.028247843060163723e+04
9.044532261816601385e+04
9.061797986245813081e+04
9.080983985374594340e+04
9.103345232722688525e+04
9.130507573580631288e+04
9.164558026172616519e+04
9.208180664992275706e+04
9.264811958715606306e+04
9.338746938546403544e+04
9.435096860272517370e+04
9.559497833345744584e+04
9.717508418677958252e+04
9.913709801559927291e+04
1.015061809035391634e+05
1.042760727780366578e+05
1.074009324902307126e+05
1.107922071625066019e+05
1.143221882231956261e+05
1.178346062451316975e+05
1.211610821929812519e+05
1.241408937002533930e+05
1.266406957790407178e+05
1.285707627473153407e+05
1.298949858535032836e+05
1.306330732792625640e+05
1.308548534695878625e+05
1.306679678446286562e+05
1.302013060868208704e+05
1.295871280171785475e+05
1.289448595881045330e+05
1.283690543235380610e+05
1.279230640234521270e+05
1.276387409968109423e+05
1.275212562577459903e+05
1.275571564476326166e+05
1.277233410572527209e+05
1.279948261604013096e+05
1.283498837943642575e+05
1.287721456668625760e+05
1.292501940903308423e+05
1.297757414801516425e+05
1.303415930312807177e+05
1.309402631211438566e+05
1.315635875513273641e+05
1.322031889064247662e+05
1.328513831190173805e+05
1.335020992210203840e+05
1.341515385949571792e+05
1.347984908962429035e+05
1.354443449559285364e+05
1.360928526125767676e+05
1.367496607968313619e+05
1.374215909187686921e+05
1.381156633639889769e+05
1.388379394770550425e+05
1.395923421360109351e+05
1.403796651320038945e+05
1.411969595994125702e+05
1.420374018344772048e+05
1.428906438520263473e+05
1.437435758106953581e+05
1.445814141824676772e+05
1.453890572158411960e+05
1.461526737084635242e+05
1.468614639225981082e+05
1.475094368679146573e+05
1.480969213922548224e+05
1.486314433448858908e+05
1.491276300481914077e+05
1.496059723517216626e+05
1.500905398709347937e+05
1.506060089506457152e+05
1.511745219414675375e+05
1.518128946445289475e+05
1.525305456968243234e+05
1.533283181958369387e+05
1.541981961107044772e+05
1.551238456831041258e+05
1.560819301493748499e+05
1.570441937579154037e+05
1.579803090865824488e+05
1.588613782167694299e+05
1.596637790384438122e+05
1.603728181758158898e+05
1.609854915829566889e+05
1.615116561581401620e+05
1.619731275194015470e+05
1.624006166999338602e+05
1.628289101016381464e+05
1.632911506783991354e+05
1.638133653134818887e+05
1.644104190646937059e+05
1.650843430618364364e+05
1.658255249949770514e+05
1.666166589583352034e+05
1.674387356723824923e+05
1.682778321896543202e+05
1.691311490112800093e+05
1.700107465657632565e+05
1.709438154472866736e+05
1.719690546790959488e+05
1.731296900087430840e+05
1.744645884720020986e+05
1.759995199973800918e+05
1.777406537530478672e+05
1.796718062673761742e+05
1.817559528521465545e+05
1.839404130891353416e+05
1.861642916751109587e+05
1.883664349490112800e+05
1.904923674232887570e+05
1.924992184219644405e+05
1.943582700769806106e+05
1.960552450546352484e+05
1.975887359537282318e+05
1.989673143195851590e+05
2.002059399549024529e+05
2.013223617376353068e+05
2.023342152180355042e+05
2.032573942976547696e+05
2.041059592611088301e+05
2.048933941591683251e+05
2.056345853176146338e+05
2.063476239447478729e+05
2.070545451022002962e+05
2.077804047554515710e+05
2.085505752216993133e+05
2.093866707260449184e+05
2.103019661907823465e+05
2.112974402933055244e+05
2.123595884520834661e+05
2.134608796602250659e+05
2.145631924255410559e+05
2.156238531288930099e+05
2.166031860827665660e+05
2.174719816877020348e+05
2.182171810131208622e+05
2.188444378492541437e+05
2.193769760552603111e+05
2.198510953844845062e+05
2.203095089252382459e+05
2.207941654837955721e+05
2.213401835882473970e+05
2.219720269868140749e+05
2.227022661003540561e+05
2.235324716252894723e+05
2.244552510142763786e+05
2.254563425560943142e+05
2.265160341547524149e+05
2.276098067904532654e+05
2.287087326320822467e+05
2.297804992515917402e+05
2.307918174937343574e+05
2.317124289926079800e+05
2.325201768399948487e+05
2.332059571554875583e+05
2.337771144425806124e+05
2.342581077787431132e+05
2.346879739618397434e+05
2.351149874458113918e+05
2.355896422618861543e+05
2.361574121353922237e+05
2.368526136348378204e+05
2.376942279949857621e+05
2.386839706556624733e+05
2.398064636705694720e+05
2.410311765690942993e+05
2.423158141186896537e+05
2.436108999974667386e+05
2.448652866274386761e+05
2.460321546046459989e+05
2.470748121957833646e+05
2.479714115740402776e+05
2.487177118138113874e+05
2.493273091951019014e+05
2.498292723701380310e+05
2.502637039730467077e+05
2.506761944897351204e+05
2.511122717459617415e+05
2.516127318443253753e+05
2.522102684498047747e+05
2.529273173190336383e+05
2.537747397165963193e+05
2.547510150271852908e+05
2.558419462238404376e+05
2.570212744627899374e+05
2.582527636671994114e+05
2.594940701581523754e+05
2.607021031330624246e+05
2.618388893958635745e+05
2.628765593094563810e+05
2.638002383221477503e+05
2.646083470409396687e+05
2.653107659804869909e+05
2.659260380286512082e+05
2.664788888362184516e+05
2.669987809360570973e+05
2.675192825427839416e+05
2.680772407163051539e+05
2.687105536628219998e+05
2.694538828867741395e+05
2.703326875829649507e+05
2.713569952200114494e+05
2.725168412071453640e+05
2.737810684639987303e+05
2.751002842929970357e+05
2.764136093951768125e+05
2.776578677142998204e+05
2.787773580306810909e+05
2.797323796524298959e+05
2.805051151313614100e+05
2.811020862147790031e+05
2.815530205061384477e+05
2.819065091462737764e+05
2.822232729292749427e+05
2.825681598912494374e+05
2.830021192703336710e+05
2.835752823040225776e+05
2.843219345097176265e+05
2.852576868058801047e+05
2.863787157195617328e+05
2.876627068072287366e+05
2.890711555144282756e+05
2.905528626848688000e+05
2.920486126982046990e+05
2.934969624231499620e+05
2.948407583728039172e+05
2.960335790704978863e+05
2.970450222345968359e+05
2.978638351093243691e+05
2.984983556777557242e+05
2.989744118120640633e+05
2.993314135753290029e+05
2.996176209609491634e+05
2.998854173321809503e+05
3.001870232302690856e+05
3.005707067708849208e+05
3.010773869945065235e+05
3.017376146586239338e+05
3.025691159742688178e+05
3.035752123777341330e+05
3.047443804788344423e+05
3.060510332428106922e+05
3.074574261558277649e+05
3.089165402309905621e+05
3.103758671472663991e+05
3.117820930182420998e+05
3.130865834932343569e+05
3.142512464843422058e+05
3.152538954463759437e+05
3.160919019677349715e+05
3.167829665041602566e+05
3.173623600188666605e+05
3.178768772018922609e+05
3.183766831140395952e+05
3.189068698999295593e+05
3.195006270456537604e+05
3.201754471531384042e+05
3.209329319553215755e+05
3.217618330263788812e+05
3.226432382231802912e+05
3.235564608525179792e+05
3.244842264887099736e+05
3.254161012556554051e+05
3.263496362214639666e+05
3.272892794139769394e+05
3.282436059155252296e+05
3.292217363117652130e+05
3.302298933322808589e+05
3.312688867399737355e+05
3.323329885687743663e+05
3.334102839396481286e+05
3.344842749461475178e+05
3.355363423661811394e+05
3.365486245103790425e+05
3.375068948894638452e+05
3.384030494677011739e+05
3.392368316261849832e+05
3.400164616407496505e+05
3.407579505997925298e+05
3.414830906820573146e+05
3.422163887617983855e+05
3.429814604892645730e+05
3.437975312087722705e+05
3.446766465672295890e+05
3.456220009039795259e+05
3.466275284482698771e+05
3.476786709424452856e+05
3.487541020717128413e+05
3.498281592733002035e+05
3.508737595916222199e+05
3.518655944426176138e+05
3.527833692025379278e+05
3.536147837954292772e+05
3.543578831551319454e+05
3.550223923061901005e+05
3.556297187145443168e+05
3.562114500071869115e+05
3.568063697901652777e+05
3.574562246055001742e+05
3.582006743424032466e+05
3.590720247604642645e+05
3.600904479836875107e+05
3.612604115072794375e+05
3.625689289454670507e+05
3.639860106240479508e+05
3.654673614930175827e+05
3.669590155240194872e+05
3.684032923630596488e+05
3.697452815186738153e+05
3.709390305626040208e+05
3.719527171790356515e+05
3.727722636918716598e+05
3.734030417803066666e+05
3.738694762590747559e+05
3.742125019117408665e+05
3.744850103664079215e+05
3.747456971417905297e+05
3.750520736228528549e+05
3.754537409112668829e+05
3.759871590931650135e+05
3.766729324157855008e+05
3.775160402315944084e+05
3.785086314784423448e+05
3.796342667818311602e+05
3.808721483688312001e+05
3.822000877547003329e+05
3.835956438011890277e+05
3.850357180912056938e+05
3.864955390905402601e+05
3.879481249741950305e+05
3.893649508549582679e+05
3.907178755129799247e+05
3.919817571981353685e+05
3.931369095227091457e+05
3.941707141470164643e+05
3.950781696108256583e+05
3.958616208162491675e+05
3.965301184742420446e+05
3.970987256285054027e+05
3.975877650161291240e+05
3.980217501075923792e+05
3.984277663297411054e+05
3.988333706762369256e+05
3.992644578761499142e+05
3.997437281660218723e+05
4.002902231885422952e+05
4.009199296074059093e+05
4.016469299663676647e+05
4.024842921947778668e+05
4.034439900634191581e+05
4.045355827654806199e+05
4.057639309829107951e+05
4.071266312371180393e+05
4.086119495247260784e+05
4.101978309407009510e+05
4.118521929389091674e+05
4.135343663515213411e+05
4.151973767810543068e+05
4.167907986544195446e+05
4.182640856162207201e+05
4.195704281847674865e+05
4.206711615396813722e+05
4.215404851601506234e+05
4.221698500193870277e+05
4.225710311713746632e+05
4.227768712019745144e+05
4.228390781475917902e+05
4.228232058727057301e+05
4.228017514018546790e+05
4.228468148044574191e+05
4.230237363382693147e+05
4.233865585296099307e+05
4.239753309735790826e+05
4.248145954068559222e+05
4.259122012364413822e+05
4.272580001919571660e+05
4.288227379399012425e+05
4.305581742268279195e+05
4.323996906683570123e+05
4.342721673413658282e+05
4.360988399744182825e+05
4.378116051116365124e+05
4.393603662269213237e+05
4.407189423510291381e+05
4.418859109085677192e+05
4.428802602592061157e+05
4.437333265930488706e+05
4.444795651606090833e+05
4.451488440057878033e+05
4.457621265350149479e+05
4.463310081954693305e+05
4.468602049209497054e+05
4.473513194585570018e+05
4.478062898435647949e+05
4.482296881838630652e+05
4.486300032928909059e+05
4.490206580064391601e+05
4.494214495317159453e+05
4.498604123533291277e+05
4.503751946062786155e+05
4.510124582324883668e+05
