5.425835186234257417e+05
5.420334444895018823e+05
5.415718320426505525e+05
5.411287528763269074e+05
5.406411900473145070e+05
5.400582181217334000e+05
5.393435055742063560e+05
5.384755123291127384e+05
5.374463168735009385e+05
5.362600672360499157e+05
5.349316324236647924e+05
5.334853985317012994e+05
5.319536618210211163e+05
5.303739817103305832e+05
5.287852160650627920e+05
5.272225937989229569e+05
5.257127858959385194e+05
5.242702320511466241e+05
5.228958160792936105e+05
5.215783948730929405e+05
5.202988744648412103e+05
5.190357813633768237e+05
5.177708654762957012e+05
5.164933372277411981e+05
5.152018498212820268e+05
5.139040842310152948e+05
5.126144914294471382e+05
5.113511413046303787e+05
5.101326076909365365e+05
5.089754515290466952e+05
5.078923607863084180e+05
5.068906257235162775e+05
5.059705643578158342e+05
5.051238037817253498e+05
5.043318238787056180e+05
5.035656034178512054e+05
5.027872835590008181e+05
5.019543253142380272e+05
5.010257766396058723e+05
4.999693209491489106e+05
4.987672053346534958e+05
4.974192874389203498e+05
4.959423279667767929e+05
4.943659552386064315e+05
4.927268706572552328e+05
4.910633243758636527e+05
4.894114580457488191e+05
4.878040063324365183e+05
4.862706154385803966e+05
4.848382701688813977e+05
4.835303720414620475e+05
4.823638256137014832e+05
4.813446580661829212e+05
4.804636689800542663e+05
4.796939582137513207e+05
4.789917839611241361e+05
4.783012495664404705e+05
4.775621870458644116e+05
4.767196897746209288e+05
4.757333053872511373e+05
4.745839991322533460e+05
4.732775363520590472e+05
4.718437127785903867e+05
4.703316673428172944e+05
4.688021706661143689e+05
4.673181951577218133e+05
4.659352230538139120e+05
4.646926830807846272e+05
4.636076971296951524e+05
4.626720235199013259e+05
4.618527224457692355e+05
4.610966285893018940e+05
4.603381846102448180e+05
4.595096032296752091e+05
4.585517923642752576e+05
4.574241586046284065e+05
4.561114542782406206e+05
4.546263232084993506e+05
4.530070608520349488e+05
4.513111264535844093e+05
4.496058426730905194e+05
4.479582334739882499e+05
4.464259496198745328e+05
4.450507490829094895e+05
4.438552208876761142e+05
4.428426199575603823e+05
4.419990497058681212e+05
4.412969290513476590e+05
4.406987351685772883e+05
4.401603455355088809e+05
4.396337720101555460e+05
4.390695221278463141e+05
4.384190891320362571e+05
4.376380633275800501e+05
4.366900596958473325e+05
4.355511645211922005e+05
4.342141056194765843e+05
4.326910673632426187e+05
4.310141596298103686e+05
4.292330171076400438e+05
4.274096926532786456e+05
4.256116577394595370e+05
4.239041036181706004e+05
4.223427546206834377e+05
4.209681314377550152e+05
4.198018085158918402e+05
4.188448565697157173e+05
4.180784187591296504e+05
4.174662131085521542e+05
4.169586247797784745e+05
4.164979209783750121e+05
4.160240124619735288e+05
4.154801466324357316e+05
4.148179742177544977e+05
4.140015676270338008e+05
4.130101388771058992e+05
4.118393650769196684e+05
4.105013551238339860e+05
4.090233719631606364e+05
4.074454543188906391e+05
4.058170630708080134e+05
4.041928399492797325e+05
4.026275729942941689e+05
4.011705843446905492e+05
3.998600136794990394e+05
3.987177929678408545e+05
3.977463330192303401e+05
3.969278871235649567e+05
3.962271232702546404e+05
3.955966892450410523e+05
3.949847262866930105e+05
3.943426899210403790e+05
3.936317273503735196e+05
3.928263156159158098e+05
3.919147327457066276e+05
3.908968925169915892e+05
3.897807634766980773e+05
3.885787744351996807e+05
3.873052623086815001e+05
3.859753449289178825e+05
3.846049205080404645e+05
3.832110905774915009e+05
3.818122944493331015e+05
3.804277479862650507e+05
3.790761789856148534e+05
3.777741224481237587e+05
3.765340756955894176e+05
3.753626736675809952e+05
3.742588980018038419e+05
3.732123434366187430e+05
3.722017788548161625e+05
3.711945488778208965e+05
3.701475555586692644e+05
3.690104471651280182e+05
3.677311647845678963e+05
3.662632804718262632e+05
3.645738597855569096e+05
3.626501745387596893e+05
3.605036566978868213e+05
3.581700297300430248e+05
3.557054214191477513e+05
3.531791943404219928e+05
3.506649607891569613e+05
3.482315851342886453e+05
3.459358470638050931e+05
3.438179044699807419e+05
3.418999231951932888e+05
3.401874597926742863e+05
3.386726151386358542e+05
3.373377734752280521e+05
3.361589364152390626e+05
3.351081526456926367e+05
3.341551235755643575e+05
3.332684916384308017e+05
3.324174124194564065e+05
3.315737393357200781e+05
3.307146459934658487e+05
3.298250311625261675e+05
3.288988515508250566e+05
3.279387386308856076e+05
3.269538075007360312e+05
3.259562138198411558e+05
3.249574602040213067e+05
3.239654939053031267e+05
3.229832691914323950e+05
3.220088601459376514e+05
3.210366790766074555e+05
3.200590993161524530e+05
3.190678535965529736e+05
3.180548680615991470e+05
3.170125058020995930e+05
3.159333818491027923e+05
3.148099411393438932e+05
3.136339390429852647e+05
3.123959388042624341e+05
3.110849924120135838e+05
3.096887572320650797e+05
3.081943185908481828e+05
3.065898588050508406e+05
3.048670431685171789e+05
3.030236832124820794e+05
3.010660263056001277e+05
2.990100113682187512e+05
2.968810400727264350e+05
2.947121712822381523e+05
2.925410349484602339e+05
2.904060624571905937e+05
2.883427630684123142e+05
2.863807137740194448e+05
2.845417001320983400e+05
2.828391214808026562e+05
2.812784552886281163e+05
2.798583598613663926e+05
2.785719440585928969e+05
2.774078494144667056e+05
2.763510159870454809e+05
2.753832438801106764e+05
2.744838246217463748e+05
2.736305427689803764e+05
2.728012328751350869e+05
2.719758638853990124e+05
2.711388859443766996e+05
2.702813917412353912e+05
2.694025737534225918e+05
2.685100215090038255e+05
2.676185826077010133e+05
2.667477659473663080e+05
2.659179480901401257e+05
2.651459141996076796e+05
2.644404890433636028e+05
2.637991488915442606e+05
2.632064939229208394e+05
2.626352436699785758e+05
2.620499710572972836e+05
2.614131650750508707e+05
2.606925496170391853e+05
2.598680889472972485e+05
2.589369737812546664e+05
2.579152140011959127e+05
2.568352285927670600e+05
2.557398329489685420e+05
2.546739874834091170e+05
2.536762869502114190e+05
2.527722281979152176e+05
2.519707624130897748e+05
2.512646826839234564e+05
2.506343322402647173e+05
2.500532889124882931e+05
2.494943349999405909e+05
2.489342191064341750e+05
2.483563222511175554e+05
2.477510969038099574e+05
2.471147883458146243e+05
2.464472972371961223e+05
2.457500587114773516e+05
2.450245710579399019e+05
2.442718415445722057e+05
2.434926655562062224e+05
2.426884159671025700e+05
2.418619330833391286e+05
2.410181558096909139e+05
2.401642660642076517e+05
2.393092633596167143e+05
2.384629985550597194e+05
2.376347713314311404e+05
2.368316676250256132e+05
2.360569145813362265e+05
2.353086522801494866e+05
2.345795937997221190e+05
2.338579685019857134e+05
2.331298562093174842e+05
2.323825620311697130e+05
2.316082057443427911e+05
2.308064137337124848e+05
2.299850683141832706e+05
2.291585195240029716e+05
2.283433725958781142e+05
2.275526983457627648e+05
2.267900302189364738e+05
2.260446466045045527e+05
2.252893551351353526e+05
2.244813898913366720e+05
2.235662857187759946e+05
2.224839237817771209e+05
2.211755402545438264e+05
2.195904621064460953e+05
2.176916585966532584e+05
2.154597185464795330e+05
2.128953419492865796e+05
2.100206480715149082e+05
2.068794604705027305e+05
2.035363377284618327e+05
2.000737456703391217e+05
1.965867150789675943e+05
1.931747691881805658e+05
1.899317617572355084e+05
1.869352223871323804e+05
1.842374344611839624e+05
1.818604327564910636e+05
1.797963132339652511e+05
1.780129116785627557e+05
1.764634694623820542e+05
1.750978528636008850e+05
1.738725778131367115e+05
1.727573997754354496e+05
1.717373575747645809e+05
1.708105093187923194e+05
1.699827217423008697e+05
1.692614413654750097e+05
1.686502817976163642e+05
1.681456425705574220e+05
1.677357314172800398e+05
1.674016241568801925e+05
1.671195922150154947e+05
1.668639080363752146e+05
1.666095862156783405e+05
1.663348296018865949e+05
1.660231442981879518e+05
1.656650916990921542e+05
1.652595139204947627e+05
1.648139372587756370e+05
1.643438591883820482e+05
1.638708104152156156e+05
1.634193998698147188e+05
1.630138683265682193e+05
1.626748628303591977e+05
1.624171272140974179e+05
1.622485954118310474e+05
1.621710451248517493e+05
1.621821028888780857e+05
1.622780487874664832e+05
1.624565887585559103e+05
1.627185870873946405e+05
1.630677498525544943e+05
1.635075076552821265e+05
1.640349203686871333e+05
1.646322861154389102e+05
1.652581199676660472e+05
1.658399938878226094e+05
1.662720653342959995e+05
1.664196942852301290e+05
1.661322642155372305e+05
1.652633573100602662e+05
1.636952440745226922e+05
1.613628773971834453e+05
1.582718735056510777e+05
1.545057185080046183e+05
1.502196245512497844e+05
1.456215485793738044e+05
1.409439995961459354e+05
1.364124584280533018e+05
1.322168588678954984e+05
1.284914922931153560e+05
1.253063163013512967e+05
1.226697652560120187e+05
1.205406410982006782e+05
1.188451426963095728e+05
1.174948052929683181e+05
1.164018959539529460e+05
1.154902040395832737e+05
1.147006630259516533e+05
1.139924304771062889e+05
1.133407284455407353e+05
1.127329097699389822e+05
1.121640160136528721e+05
1.116327285064398893e+05
1.111382447078614205e+05
1.106783140198535693e+05
1.102484417567016644e+05
1.098420897763649118e+05
1.094515579426611803e+05
1.090691469474179612e+05
1.086882158958719956e+05
1.083038638542025001e+05
1.079131385309654579e+05
1.075148302557196730e+05
1.071089843054370722e+05
1.066962558757504448e+05
1.062771939676032780e+05
1.058515405996315676e+05
1.054176925673122896e+05
1.049725459803818521e+05
1.045119393709328870e+05
1.040317668084144971e+05
1.035295717643044482e+05
1.030061694080161687e+05
1.024667246898089070e+05
1.019208244354036869e+05
1.013813958086609782e+05
1.008627049873600045e+05
1.003779481461195974e+05
9.993701005461273598e+04
9.954481775254984677e+04
9.920046556984084600e+04
9.889707473554098397e+04
9.862226862066186732e+04
9.835919078286319564e+04
9.808808277920517139e+04
9.778846396118140547e+04
9.744185087241607835e+04
9.703473512671468779e+04
9.656129626171327254e+04
9.602518333255592734e+04
9.543975638388312655e+04
9.482646771970641566e+04
9.421152406057705230e+04
9.362146633727281005e+04
9.307866053785772237e+04
9.259776593444269383e+04
9.218398327011117362e+04
9.183335779368950170e+04
9.153480176789610414e+04
9.127303083005260851e+04
9.103145048656556173e+04
9.079423057184605568e+04
9.054726843093801290e+04
9.027826420959962707e+04
8.997649505017028423e+04
8.963293441796001571e+04
8.924110545044545142e+04
8.879860444981184264e+04
8.830878510601194284e+04
8.778185428785112163e+04
8.723470705212953908e+04
8.668919796683614550e+04
8.616906022976696840e+04
8.569613741860410664e+04
8.528681168981223891e+04
8.494942970144731225e+04
8.468320384895228199e+04
8.447865052866707265e+04
8.431928048278749338e+04
8.418408011733711464e+04
8.405032447333096934e+04
8.389637246881483588e+04
8.370421720297852880e+04
8.346163105313217966e+04
8.316374763474230713e+04
8.281390252796308778e+04
8.242357144528941717e+04
8.201133529373967031e+04
8.160095784375548828e+04
8.121883352873899275e+04
8.089118561006042000e+04
8.064142163763822464e+04
8.048797487445961451e+04
8.044280538157001138e+04
8.051055117537615297e+04
8.068815719285438536e+04
8.096470705988457485e+04
8.132117058314429596e+04
8.172988307217352849e+04
8.215380103703062923e+04
8.254590543014576542e+04
8.284946083280630410e+04
8.300003828475788760e+04
8.293010299704119097e+04
8.257644941681477940e+04
8.188987628293629678e+04
8.084546408539332333e+04
7.945102196690224810e+04
7.775109655778859451e+04
7.582460371715803922e+04
7.377558113581320504e+04
7.171837725423081429e+04
6.976021174974109454e+04
6.798491377035612823e+04
6.644145757151959697e+04
6.513972245998366270e+04
6.405408642771027371e+04
6.313357788395629177e+04
6.231588662412171834e+04
6.154190751694118080e+04
6.076772333315598371e+04
5.997185011893423507e+04
5.915684715433128440e+04
5.834568142658673605e+04
5.757424714567237243e+04
5.688200919857964618e+04
5.630283560744485294e+04
5.585779146768622013e+04
5.555113648235180153e+04
5.537016066108557425e+04
5.528892371255308535e+04
5.527547140070504975e+04
5.530165263206472446e+04
5.535419411448243773e+04
5.544518958209767152e+04
5.561971819472553761e+04
5.595813040195187932e+04
5.657089572074125317e+04
5.758499491939424479e+04
5.912264735160245618e+04
6.127537485338435363e+04
6.407841064797139552e+04
6.749152851067528536e+04
7.139189196683636692e+04
7.558231786274873593e+04
7.981481091546644166e+04
8.382529839969353634e+04
8.737238792070190539e+04
9.027173545893336996e+04
9.241871898573833460e+04
9.379524960007128539e+04
9.446070979208045173e+04
9.453086372768305591e+04
9.415099335356209485e+04
9.346991162147290015e+04
9.262004665699093312e+04
9.170620789078793314e+04
9.080289931031187007e+04
8.995796490204711154e+04
8.919938758100816631e+04
8.854222873174137203e+04
8.799366772241517901e+04
8.755540031534417358e+04
8.722382411722792313e+04
8.698916377840883797e+04
8.683484924432722619e+04
8.673812329420550668e+04
8.667221929862967227e+04
8.660977226359515043e+04
8.652663611562085862e+04
8.640511729116202332e+04
8.623581625066923152e+04
8.601769983807558310e+04
8.575654655637027463e+04
8.546234450325567741e+04
8.514645357516173681e+04
8.481931997596961446e+04
8.448928039940125018e+04
8.416260433390598337e+04
8.384451616319065215e+04
8.354063356318933074e+04
8.325814318822461064e+04
8.300614199698709126e+04
8.279487040275039908e+04
8.263396089806928649e+04
8.253019949134039052e+04
8.248552942156893550e+04
8.249604254318133462e+04
8.255249457360504312e+04
8.264250237611918419e+04
8.275413482712338737e+04
8.288020658569117950e+04
8.302232377183523204e+04
8.319367609926813748e+04
8.341974319645590731e+04
8.373646010436896177e+04
8.418589949725013867e+04
8.481006909461281612e+04
8.564386592798025231e+04
8.670846085815878178e+04
8.800634130127180833e+04
8.951892506055277772e+04
9.120715590486518340e+04
9.301493378446156566e+04
9.487475637083387119e+04
9.671465185135377396e+04
9.846539756922905508e+04
1.000671122025391523e+05
1.014745089091294940e+05
1.026603298953675258e+05
1.036167047279198450e+05
1.043543796437474521e+05
1.048999726805465179e+05
1.052916366902757873e+05
1.055737470470544358e+05
1.057914210703933932e+05
1.059857431047262362e+05
1.061904418709602469e+05
1.064304249573866982e+05
1.067220813763115439e+05
1.070747618647235940e+05
1.074925239880603331e+05
1.079752370007866411e+05
1.085185186133650714e+05
1.091126058796388534e+05
1.097408998981885961e+05
1.103792894663229090e+05
1.109972647167111136e+05
1.115612779995108722e+05
1.120399957431812072e+05
1.124103291126266995e+05
1.126627284312209813e+05
1.128043230621449620e+05
1.128590297814403166e+05
1.128645245431314979e+05
1.128667089231046848e+05
1.129127972758108372e+05
1.130443201013293874e+05
1.132912171272962441e+05
1.136678796507521329e+05
1.141716027229617757e+05
1.147835050899547059e+05
1.154716213654697785e+05
1.161956025721566984e+05
1.169123023320030188e+05
1.175814838201723906e+05
1.181709403205722920e+05
1.186604444177109981e+05
1.190440924895230710e+05
1.193307767956907192e+05
1.195427041523814696e+05
1.197121000418777257e+05
1.198764828137983568e+05
1.200731270587482577e+05
1.203335034228184377e+05
1.206785385283982032e+05
1.211154674626428750e+05
1.216368660596526170e+05
1.222221765126993996e+05
1.228416992465882795e+05
1.234626358470136620e+05
1.240563689614680770e+05
1.246058281844024023e+05
1.251116192317685636e+05
1.255956828571758524e+05
1.261016333384602040e+05
1.266915367990547529e+05
1.274395674327049055e+05
1.284235321094268875e+05
1.297155388074229995e+05
1.313730724992690957e+05
1.334315196292597684e+05
1.358988907670759654e+05
1.387532406476598408e+05
1.419430947028429364e+05
1.453909942725869478e+05
1.489999811191236076e+05
1.526624289737187210e+05
1.562701736365448742e+05
1.597245516810516710e+05
1.629448898367277579e+05
1.658742646025025751e+05
1.684819138879105158e+05
1.707623562193264952e+05
1.727318467032570043e+05
1.744231132657719718e+05
1.758793288765890466e+05
1.771480683167195239e+05
1.782757313252083259e+05
1.793027408412542718e+05
1.802598131317486987e+05
1.811656928098486096e+05
1.820268056892319291e+05
1.828391525941121217e+05
1.835923797511954035e+05
1.842753900352901837e+05
1.848823036361804116e+05
1.854172773905361246e+05
1.858968188295307918e+05
1.863487990274583281e+05
1.868082239458839467e+05
1.873107045786828094e+05
1.878852018288676627e+05
1.885478301038134377e+05
1.892982396059134044e+05
1.901194515452271153e+05
1.909811763937527721e+05
1.918458234275566356e+05
1.926758149298361677e+05
1.934405942616114044e+05
1.941219099427578622e+05
1.947164975634306611e+05
1.952359928256957210e+05
1.957045659238332009e+05
1.961551747021307528e+05
1.966254050088823133e+05
1.971536534205398348e+05
1.977760626625015866e+05
1.985243094328655861e+05
1.994241614460490528e+05
2.004946550316020148e+05
2.017477220607593481e+05
2.031880555677157827e+05
2.048129600389159168e+05
2.066119618577866640e+05
2.085661278448156663e+05
2.106473384504837741e+05
2.128180591728659056e+05
2.150322696435161342e+05
2.172380231858827465e+05
2.193816455224812380e+05
2.214130158787315886e+05
2.232909482549080276e+05
2.249875864404274325e+05
2.264909762593490013e+05
2.278054632374513312e+05
2.289500862433185393e+05
2.299555233665391861e+05
2.308603121641593170e+05
2.317070276337523537e+05
2.325389302920648479e+05
2.333973709203810140e+05
2.343200101621287176e+05
2.353397093663316336e+05
2.364837992870916787e+05
2.377733703683753556e+05
2.392222886827979819e+05
2.408358367970199324e+05
2.426091699418787030e+05
2.445260705838454305e+05
2.465586560201263637e+05
2.486686431088947866e+05
2.508104737051312986e+05
2.529361230800069170e+05
2.550009003491280309e+05
2.569691781050910358e+05
2.588188881976599805e+05
2.605438293607351952e+05
2.621532855074706022e+05
2.636690164873706526e+05
2.651202066844798392e+05
2.665373277626985800e+05
2.679460377413690439e+05
2.693622020573682967e+05
2.707889161780319992e+05
2.722160726279871888e+05
2.736225851134841214e+05
2.749809041245811386e+05
2.762630012141122133e+05
2.774466592156930710e+05
2.785207847609203891e+05
2.794886242580360849e+05
2.803682063666998874e+05
2.811899539754518191e+05
2.819920411916711018e+05
2.828145394610114745e+05
2.836935777483757120e+05
2.846566058736465639e+05
2.857194679082525545e+05
2.868855006456806441e+05
2.881464208999084076e+05
2.894844688452499686e+05
2.908751806411546422e+05
2.922902503902529133e+05
2.937001370252892957e+05
2.950762857542435522e+05
2.963929902101977495e+05
2.976289814054720919e+05
2.987687980032081832e+05
2.998039095863681869e+05
3.007334859107914963e+05
3.015646771522971103e+05
3.023123114608452306e+05
3.029980097919423133e+05
3.036488194000374060e+05
3.042955256014668266e+05
3.049707859544507228e+05
3.057071516096944688e+05
3.065349480846709339e+05
3.074799515498692053e+05
3.085608671653892961e+05
3.097867898734859773e+05
3.111550384961929522e+05
3.126498948698188178e+05
3.142427563043304253e+05
3.158939906063216622e+05
3.175564249347838340e+05
3.191800277561736875e+05
3.207170931665882817e+05
3.221271903064220678e+05
3.233812853369110962e+05
3.244646836068616249e+05
3.253786502307763440e+05
3.261406640366265783e+05
3.267832454445757903e+05
3.273512596077669295e+05
3.278976497501442209e+05
3.284777778791850433e+05
3.291429200246197288e+05
3.299338568687222432e+05
3.308757387686939910e+05
3.319753329330804409e+05
3.332213286588506890e+05
3.345876729785986827e+05
3.360391425040307222e+05
3.375377838286882616e+05
3.390486815595286898e+05
3.405438145961570553e+05
3.420034434051332646e+05
3.434152962398536620e+05
3.447724917663586093e+05
3.460714011212420883e+05
3.473104183763460023e+05
3.484899823273986694e+05
3.496134554337452864e+05
3.506879604700517375e+05
3.517242513024671935e+05
3.527351770058601396e+05
3.537330586910306010e+05
3.547269499529541936e+05
3.557209462651933427e+05
3.567143248087810352e+05
3.577035162992663682e+05
3.586851279763043276e+05
3.596588418337484472e+05
3.606291750413104892e+05
3.616056753292782232e+05
3.626017859910935513e+05
3.636330074775997782e+05
3.647149590140043292e+05
3.658616204958867747e+05
3.670836904793971335e+05
3.683868822683545295e+05
3.697701686970597366e+05
3.712243388106835773e+05
3.727314946790317190e+05
3.742660823915195651e+05
3.757976646797417779e+05
3.772950371749091428e+05
3.787307237565491814e+05
3.800846254166490398e+05
3.813457985293307574e+05
3.825119707637320971e+05
3.835872380894669332e+05
3.845790776396977017e+05
3.854960396470217383e+05
3.863471144393855939e+05
3.871429488664012169e+05
3.878981803948082961e+05
3.886335906447342131e+05
3.893768142839958891e+05
3.901609343461157405e+05
3.910211381863111746e+05
3.919902911093706498e+05
3.930945256207036437e+05
3.943497226076021325e+05
3.957592911919043981e+05
3.973132318411395536e+05
3.989882908556390903e+05
4.007490907078884193e+05
4.025502971484657610e+05
4.043399654714531498e+05
4.060640797164118267e+05
4.076719833776393207e+05
4.091220368374258396e+05
4.103866001839576056e+05
4.114554555368068977e+05
4.123370705006022472e+05
4.130575715666154865e+05
4.136577774733068072e+05
4.141889672319532838e+05
4.147081225591570255e+05
4.152732000069178757e+05
4.159386751420416986e+05
4.167513373545734212e+05
4.177462491967030801e+05
4.189429646894115722e+05
4.203424389649319346e+05
4.219253688642842462e+05
4.236527780643116566e+05
4.254693839684000122e+05
4.273096927358355024e+05
4.291060506385441404e+05
4.307972983127163025e+05
4.323364538825380150e+05
4.336960749501892715e+05
4.348705258292799117e+05
4.358750867089171661e+05
4.367424471727903583e+05
4.375174731691577472e+05
4.382512016636536573e+05
4.389948850756036118e+05
4.397946976141846972e+05
4.406875141952939448e+05
4.416980066677868599e+05
4.428371585037062177e+05
4.441021634818702587e+05
4.454775548350255121e+05
4.469373347170978668e+05
4.484478571014279150e+05
4.499712480355509906e+05
4.514691848099936615e+05
4.529068538561293972e+05
4.542568424610638176e+05
4.555026057030406664e+05
4.566410345870243618e+05
4.576835971522536129e+05
4.586555900544437463e+05
4.595932605037265457e+05
4.605389346357065951e+05
4.615347587821622146e+05
4.626161016416815692e+05
4.638059133454235271e+05
4.651112451312623452e+05
4.665226532581903739e+05
4.680164545126171433e+05
4.695590292671065545e+05
4.711118942277011229e+05
4.726363030788646429e+05
4.740966638594696997e+05
4.754628225975126261e+05
4.767118556982002920e+05
4.778301132007977576e+05
4.788157939402342890e+05
4.796815584956145030e+05
4.804560381522137322e+05
4.811829770684607793e+05
4.819172825880463934e+05
4.827182397739948356e+05
4.836411216757125221e+05
4.847289580052265665e+05
4.860061158897483256e+05
4.874747295877386350e+05
4.891142472625173978e+05
4.908837973638789845e+05
4.927268672904030536e+05
4.945778221358228475e+05
4.963698076906703645e+05
4.980433656818641466e+05
4.995546425801338628e+05
5.008816398464930244e+05
5.020268872688531992e+05
5.030154735122560523e+05
5.038885135023123003e+05
5.046935297916838899e+05
5.054743416958407033e+05
5.062633953728919150e+05
5.070787977552925004e+05
5.079267915237538982e+05
5.088085313105480163e+05
5.097284657074575662e+05
5.107009832194547052e+05
5.117525189940956770e+05
5.129178921542364988e+05
5.142317138122618780e+05
5.157175346150596743e+05
5.173783144546941621e+05
5.191914431137043284e+05
5.211100346805960289e+05
5.230701176543973270e+05
5.250014400778592099e+05
5.268386206431956962e+05
5.285296448480110848e+05
5.300400523856965592e+05
5.313529682539683999e+05
5.324666089206725592e+05
5.333914433129911777e+05
5.341486501510689268e+05
5.347702321095619118e+05
5.352997901828360045e+05
5.357921990998538677e+05
5.363106228956151754e+05
5.369203730789548717e+05
5.376805405910557602e+05
5.386354619796656771e+05
5.398083864234327339e+05
5.411990483369644498e+05
5.427855163083527004e+05
5.445292809009095654e+05
5.463816811268235324e+05
5.482898007146070013e+05
5.502008009576199111e+05
5.520648141047112877e+05
5.538373670614546863e+05
5.554823823756227503e+05
5.569760737315522274e+05
5.583109273308351403e+05
5.594980921921286499e+05
5.605664459604611620e+05
5.615575129833947867e+05
5.625169436125360662e+05
5.634847312458058586e+05
5.644870529487185413e+05
5.655322114772641798e+05
5.666117805878472282e+05
5.677062919546565972e+05
5.687933791001087520e+05
5.698557479746565223e+05
5.708867923756899545e+05
5.718928000229549361e+05
5.728919436329135206e+05
5.739111014087217627e+05
5.749817521448347252e+05
5.761358336229874985e+05
5.774018765894436510e+05
5.788013120249003405e+05
5.803448262546611950e+05
5.820289855479660910e+05
5.838338313829232939e+05
5.857224406533091096e+05
5.876433151308210799e+05
5.895358708768107463e+05
5.913384161424854537e+05
5.929971535757054808e+05
5.944742528757695109e+05
5.957531327671236359e+05
5.968397832030751742e+05
5.977600454436043510e+05
5.985538823682107031e+05
5.992684125474606408e+05
5.999515719644206110e+05
6.006476839277666295e+05
6.013952255849220091e+05
6.022261313461195678e+05
6.031655043253561016e+05
6.042308161287448602e+05
6.054304159689439693e+05
6.067620152897203807e+05
