5.416034381406221073e+05
5.413638957047609147e+05
5.412774782360712998e+05
5.412472541143668350e+05
5.411789111138657900e+05
5.409873351969220676e+05
5.406017139515326126e+05
5.399693546630523633e+05
5.390584667788564693e+05
5.378600049976871815e+05
5.363883652458300348e+05
5.346804364934274927e+05
5.327924420708995312e+05
5.307942911029225215e+05
5.287617746173657943e+05
5.267676672890683403e+05
5.248733177650142461e+05
5.231223612312726909e+05
5.215376933820755221e+05
5.201219760880229296e+05
5.188610430370679824e+05
5.177289845466476399e+05
5.166935979080831748e+05
5.157212351587730809e+05
5.147806167345541762e+05
5.138456176156567526e+05
5.128971964152311557e+05
5.119245412696981803e+05
5.109253147084192024e+05
5.099047903820665670e+05
5.088737945141401724e+05
5.078456554164696718e+05
5.068326768291080371e+05
5.058428219758357736e+05
5.048772402406656183e+05
5.039290207452219329e+05
5.029832406648076139e+05
5.020181323868107866e+05
5.010071068203681498e+05
4.999214277644862304e+05
4.987334381166616804e+05
4.974202706910026609e+05
4.959678589339540340e+05
4.943748168016377604e+05
4.926554981794300838e+05
4.908414282270320109e+05
4.889804302981395158e+05
4.871331523597023915e+05
4.853672122354789753e+05
4.837496613207545597e+05
4.823387705060862354e+05
4.811762202256144374e+05
4.802806755943514290e+05
4.796435416529711219e+05
4.792274971813083393e+05
4.789682109174483921e+05
4.787794075091880513e+05
4.785611163548697368e+05
4.782104901530338102e+05
4.776340787310164887e+05
4.767600081247679773e+05
4.755482860838150955e+05
4.739975386164628435e+05
4.721469036937379278e+05
4.700725018300086376e+05
4.678787345438270713e+05
4.656854729082686245e+05
4.636128515258168336e+05
4.617657822047593654e+05
4.602203914798806072e+05
4.590143453023267793e+05
4.581424677495402866e+05
4.575582575316699804e+05
4.571809916664893972e+05
4.569072620738374535e+05
4.566251890527843498e+05
4.562292865956685273e+05
4.556339966580005712e+05
4.547841636148260441e+05
4.536610938738205004e+05
4.522833254057263257e+05
4.507018789592963294e+05
4.489906222157044685e+05
4.472333628250960028e+05
4.455101295762311202e+05
4.438854412615500623e+05
4.424009323252165923e+05
4.410735153676451882e+05
4.398986664812078816e+05
4.388569943756764987e+05
4.379215407556934515e+05
4.370635131915727397e+05
4.362552185406657518e+05
4.354703526764747221e+05
4.346829101393631427e+05
4.338663677335294778e+05
4.329943789018215030e+05
4.320432639571364853e+05
4.309955806554256706e+05
4.298434712824098533e+05
4.285905345379012870e+05
4.272515743498867378e+05
4.258503992463571485e+05
4.244164862824782031e+05
4.229815136944709811e+05
4.215764811583991977e+05
4.202295822880539345e+05
4.189644900485615362e+05
4.177985334948977106e+05
4.167404800346365664e+05
4.157881701772117522e+05
4.149267985796799767e+05
4.141288813800179632e+05
4.133567008882389637e+05
4.125673086917197797e+05
4.117192662808233872e+05
4.107796001029200852e+05
4.097292711615297594e+05
4.085658979255981394e+05
4.073033274461683468e+05
4.059685407089208602e+05
4.045969421574183507e+05
4.032271636062526377e+05
4.018962147319894284e+05
4.006354027001024806e+05
3.994671686473006848e+05
3.984029337552103680e+05
3.974421201277493383e+05
3.965725424224145245e+05
3.957722416660145973e+05
3.950125660931445891e+05
3.942620094206645736e+05
3.934901255509619950e+05
3.926708242368164938e+05
3.917845131983297761e+05
3.908188389847560320e+05
3.897681267591735232e+05
3.886319569764612243e+05
3.874135587292009732e+05
3.861187498921495280e+05
3.847559457193189301e+05
3.833373052854220150e+05
3.818805165853057406e+05
3.804102484212777345e+05
3.789581345739013050e+05
3.775604207360838773e+05
3.762530552591680316e+05
3.750648442660389701e+05
3.740100397502155392e+05
3.730821268400399713e+05
3.722504813008610508e+05
3.714610044412095449e+05
3.706409849260100746e+05
3.697075406217159471e+05
3.685782967610509950e+05
3.671826007833157200e+05
3.654715745062822243e+05
3.634255794355751714e+05
3.610581062738054316e+05
3.584156028920527315e+05
3.555732741690384573e+05
3.526273896161094308e+05
3.496850768605700578e+05
3.468528978443255764e+05
3.442256411960001569e+05
3.418766981710333494e+05
3.398511516356571228e+05
3.381623579902263591e+05
3.367923912374413339e+05
3.356962659460746218e+05
3.348093666001199745e+05
3.340570178756223177e+05
3.333647252755301306e+05
3.326674329692612519e+05
3.319163019556521322e+05
3.310820312940635486e+05
3.301545216646123445e+05
3.291394990603077458e+05
3.280533303860659362e+05
3.269174890790733043e+05
3.257539196209414513e+05
3.245820107151432894e+05
3.234172358372729504e+05
3.222710004031093558e+05
3.211510175077022868e+05
3.200616471154857427e+05
3.190039565838915878e+05
3.179755916556503507e+05
3.169707117636373150e+05
3.159801860660491511e+05
3.149920513945597340e+05
3.139920599960628897e+05
3.129641203869694145e+05
3.118905722774337046e+05
3.107524367322227918e+05
3.095299091200387338e+05
3.082033358104201616e+05
3.067547580902091577e+05
3.051699099043668248e+05
3.034404066194675397e+05
3.015657885317412438e+05
2.995550616594477906e+05
2.974273851583485957e+05
2.952116072666091495e+05
2.929444995054641622e+05
2.906678043278769474e+05
2.884245345819870709e+05
2.862552059961587074e+05
2.841947052402297850e+05
2.822702503289485467e+05
2.805004869107060367e+05
2.788953863428615732e+05
2.774564620442122687e+05
2.761769674439500668e+05
2.750420834209382883e+05
2.740294369838926941e+05
2.731104164396851556e+05
2.722525797964755329e+05
2.714230675175009528e+05
2.705925117010687245e+05
2.697386737552149571e+05
2.688490481181975920e+05
2.679219195881059277e+05
2.669657341996221221e+05
2.659969871261090157e+05
2.650370416589758242e+05
2.641083547650467954e+05
2.632305574907239643e+05
2.624168075375249027e+05
2.616708457494694449e+05
2.609852276211775606e+05
2.603411875861630833e+05
2.597104434080989158e+05
2.590589287664176081e+05
2.583520084298246366e+05
2.575603099832039152e+05
2.566650475559305632e+05
2.556617215520515456e+05
2.545613721146802709e+05
2.533890698457400722e+05
2.521799120356957137e+05
2.509733098686598241e+05
2.498066828163852333e+05
2.487097538636136742e+05
2.477004575848637614e+05
2.467830858018934669e+05
2.459488030144574877e+05
2.451781893751761527e+05
2.444451246758001507e+05
2.437211792317511863e+05
2.429797295307623281e+05
2.421992144045247405e+05
2.413652101973204408e+05
2.404712567240247736e+05
2.395185639138736296e+05
2.385148557202602096e+05
2.374726643705955066e+05
2.364073816252422985e+05
2.353353164409009623e+05
2.342719228415085818e+05
2.332302822281681583e+05
2.322198848831035430e+05
2.312457683538900164e+05
2.303081114331496938e+05
2.294023987468245323e+05
2.285202139164445980e+05
2.276505832203108876e+05
2.267816301831557066e+05
2.259022032983524841e+05
2.250031732416041486e+05
2.240782606063615240e+05
2.231244667992700706e+05
2.221423168859707948e+05
2.211360960742886818e+05
2.201140760903923656e+05
2.190884865804577712e+05
2.180748376617434260e+05
2.170902569791695860e+05
2.161507881173155620e+05
2.152680203873250866e+05
2.144458249220656871e+05
2.136781900707136374e+05
2.129490614545050776e+05
2.122346737389432674e+05
2.115082009108576458e+05
2.107458404248159786e+05
2.099329265890174720e+05
2.090685493120890460e+05
2.081675186948134215e+05
2.072592642226346652e+05
2.063841277481646393e+05
2.055881798345593561e+05
2.049179170545972884e+05
2.044159303869368159e+05
2.041180284097747062e+05
2.040516401289025089e+05
2.042348902925326838e+05
2.046756823743253481e+05
2.053704043385804398e+05
2.063023077397964080e+05
2.074399766092386271e+05
2.087364420933766814e+05
2.101293895233850635e+05
2.115426521410589048e+05
2.128889529999987572e+05
2.140737670962437405e+05
2.150002411666567787e+05
2.155752189907479042e+05
2.157164055525927106e+05
2.153604377729918051e+05
2.144711221628903877e+05
2.130465236183320521e+05
2.111232209577382891e+05
2.087761370985750109e+05
2.061130030341088714e+05
2.032635977844152658e+05
2.003651025596520340e+05
1.975458330473250244e+05
1.949099809022212285e+05
1.925257266482025152e+05
1.904183298942723486e+05
1.885688471682117088e+05
1.869182616007284669e+05
1.853762031824187434e+05
1.838331037405263924e+05
1.821744600804489746e+05
1.802957426301071537e+05
1.781163261594568903e+05
1.755906878426648036e+05
1.727151604696652503e+05
1.695289031985317706e+05
1.661085354375126481e+05
1.625569938817576913e+05
1.589883743627883669e+05
1.555114619526517345e+05
1.522150099459690682e+05
1.491574371265881346e+05
1.463625568582964479e+05
1.438215467347063532e+05
1.415000411021161708e+05
1.393483482447844581e+05
1.373125291681932285e+05
1.353443606705781713e+05
1.334088156192222668e+05
1.314883734062337026e+05
1.295840524503460183e+05
1.277134829293431685e+05
1.259066389941717935e+05
1.242000607750057534e+05
1.226305158977442625e+05
1.212290462912361400e+05
1.200161982721718377e+05
1.189989681303364487e+05
1.181696830676196405e+05
1.175067596020625060e+05
1.169770871898976329e+05
1.165396717794882716e+05
1.161501057621565124e+05
1.157653726229359017e+05
1.153484428895563178e+05
1.148721031253515393e+05
1.143215231433287408e+05
1.136952290207208716e+05
1.130043910467718961e+05
1.122705997509373265e+05
1.115225199305589049e+05
1.107919298400763364e+05
1.101096570451320731e+05
1.095018421563996380e+05
1.089868499564282974e+05
1.085730544087064045e+05
1.082576707486836094e+05
1.080267761812552344e+05
1.078566059523086005e+05
1.077160929487533431e+05
1.075704316675491718e+05
1.073852360107207787e+05
1.071307028867240297e+05
1.067851619227173796e+05
1.063375108401077159e+05
1.057882673676079867e+05
1.051492269971484784e+05
1.044419137579207018e+05
1.036951021715772076e+05
1.029416874058670364e+05
1.022151482494941592e+05
1.015458507980332361e+05
1.009575101319266105e+05
1.004642351255570247e+05
1.000686528754062747e+05
9.976156010618558503e+04
9.952333359457325423e+04
9.932697556774351688e+04
9.914227108286609291e+04
9.894022969188405841e+04
9.869689465878802002e+04
9.839578207367011055e+04
9.802861482605570927e+04
9.759451155009541253e+04
9.709820757786753529e+04
9.654807822831461090e+04
9.595464192750923394e+04
9.532988818057662866e+04
9.468734126797020144e+04
9.404240896480670199e+04
9.341241656835233152e+04
9.281584009529011382e+04
9.227057221726195712e+04
9.179144660215404292e+04
9.138755988362953940e+04
9.106005931765165587e+04
9.080098259232315468e+04
9.059349551693300600e+04
9.041356680142083496e+04
9.023283804754006269e+04
9.002224933435925050e+04
8.975588384346062958e+04
8.941448797677458788e+04
8.898818534644905594e+04
8.847801487697206903e+04
8.789607078091353469e+04
8.726419286163106153e+04
8.661133589055103948e+04
8.596992144228315738e+04
8.537162757164456707e+04
8.484318114629408228e+04
8.440276061343520996e+04
8.405756905545332120e+04
8.380298400364394183e+04
8.362344094601774123e+04
8.349490383352799108e+04
8.338848766399167653e+04
8.327460101631926955e+04
8.312692275717607117e+04
8.292562421322517912e+04
8.265945475206989795e+04
8.232655420500694891e+04
8.193407026122756361e+04
8.149680111783102620e+04
8.103514939267220325e+04
8.057268679686257383e+04
8.013362079724531213e+04
7.974044054839191085e+04
7.941199312452589220e+04
7.916218113275257929e+04
7.899936185698019108e+04
7.892637171154434327e+04
7.894093357618596929e+04
7.903608485789045517e+04
7.920024621251159988e+04
7.941666600365372142e+04
7.966221700847876491e+04
7.990584358129510656e+04
8.010728152294065512e+04
8.021690007919697382e+04
8.017754038922200562e+04
7.992896247833658708e+04
7.941494117429788457e+04
7.859225440523578436e+04
7.743999247705009475e+04
7.596707277104734385e+04
7.421583752855575585e+04
7.226026021353405667e+04
7.019847061936385580e+04
6.814069127274883795e+04
6.619481867187579337e+04
6.445242064420334646e+04
6.297771723709393700e+04
6.180129479451587395e+04
6.091918778084769292e+04
6.029690543296727992e+04
5.987723048578432645e+04
5.959025130505138804e+04
5.936403508078660525e+04
5.913447776083659846e+04
5.885308043642619305e+04
5.849168737084143504e+04
5.804362436793339293e+04
5.752123868380171189e+04
5.695052917254444037e+04
5.636423066446575103e+04
5.579517319141916232e+04
5.527178123824347858e+04
5.481712119080510456e+04
5.445201308255302138e+04
5.420160430663962325e+04
5.410373650299177098e+04
5.421667779979077750e+04
5.462350841789358674e+04
5.543070686961473984e+04
5.675928778748243349e+04
5.872815493035643158e+04
6.143106576121189573e+04
6.491054804040762974e+04
6.913386220478336327e+04
7.397708036413809168e+04
7.922293948216793069e+04
8.457596418038300180e+04
8.969463278841233114e+04
9.423593786345483386e+04
9.790391730961800204e+04
1.004919685417375149e+05
1.019098074556446518e+05
1.021896310297886084e+05
1.014712495471934235e+05
9.997098827177571366e+04
9.794245895159215434e+04
9.563802908420944004e+04
9.327810629997217620e+04
9.103214129706616222e+04
8.901179471803420165e+04
8.727407093905250076e+04
8.583091709998635633e+04
8.466175554882481811e+04
8.372620688374023302e+04
8.297531190886881086e+04
8.236045444420365675e+04
8.183974593822302995e+04
8.138189422260632273e+04
8.096768864284837036e+04
8.058933539601559460e+04
8.024803946261157398e+04
7.995043331507110270e+04
7.970461856058097328e+04
7.951662706148126745e+04
7.938797384033974959e+04
7.931468123318273865e+04
7.928778018418590364e+04
7.929495022429584060e+04
7.932274338672579324e+04
7.935879907868715236e+04
7.939358174140042684e+04
7.942139235116484633e+04
7.944062836537552357e+04
7.945342081242954009e+04
7.946483159963860817e+04
7.948176867676193069e+04
7.951172628335312766e+04
7.956144152968157141e+04
7.963560793746981653e+04
7.973588273215174559e+04
7.986050255637321970e+04
8.000480013232347846e+04
8.016273995393862424e+04
8.032928161848586751e+04
8.050303194717326551e+04
8.068840689036253025e+04
8.089652149057431961e+04
8.114430956999359478e+04
8.145187666548493144e+04
8.183864334366006369e+04
8.231924032679037191e+04
8.290021981478077942e+04
8.357840976768117980e+04
8.434124865032584057e+04
8.516887554542609723e+04
8.603730824679518992e+04
8.692185307526378892e+04
8.779998197051874013e+04
8.865320829512206546e+04
8.946785669046515250e+04
9.023492208819450752e+04
9.094937216045561945e+04
9.160926308870830690e+04
9.221496088736764796e+04
9.276865171699839993e+04
9.327422186704417982e+04
9.373749293474599835e+04
9.416669411233515712e+04
9.457293872223023209e+04
9.497037709479061596e+04
9.537568043001554906e+04
9.580662348688107159e+04
9.627978704875273979e+04
9.680773665180253738e+04
9.739633675134190707e+04
9.804299698674411047e+04
9.873652716539251560e+04
9.945889672183578659e+04
1.001886557022064953e+05
1.009052595729530294e+05
1.015932428227554919e+05
1.022452293388204125e+05
1.028631428093165450e+05
1.034575429446967028e+05
1.040455399274380034e+05
1.046480290836657659e+05
1.052869547116332833e+05
1.059830234607455495e+05
1.067539234163535584e+05
1.076128611162358575e+05
1.085672173164498236e+05
1.096173216497909743e+05
1.107556233068299480e+05
1.119667221690724982e+05
1.132287062992605061e+05
1.145160024509775394e+05
1.158035688658478175e+05
1.170718783297828049e+05
1.183118810242586915e+05
1.195290745663126581e+05
1.207459439023791201e+05
1.220023036362447165e+05
1.233533825597984978e+05
1.248657433417363500e+05
1.266112838855928712e+05
1.286596432117207587e+05
1.310694147721897898e+05
1.338787480669585930e+05
1.370962373136452807e+05
1.406933907805473718e+05
1.446002734481560765e+05
1.487058957718170714e+05
1.528644153570664348e+05
1.569072204861576320e+05
1.606596775017240143e+05
1.639601145407822623e+05
1.666778837976280774e+05
1.687273713678423082e+05
1.700756434988217370e+05
1.707428009390247753e+05
1.707956465925061493e+05
1.703365128192035481e+05
1.694897263114895904e+05
1.683881186040694593e+05
1.671613617855184420e+05
1.659270238652063417e+05
1.647844318382813944e+05
1.638109449929303373e+05
1.630601453648642928e+05
1.625616375269723940e+05
1.623224002045773959e+05
1.623297388442194497e+05
1.625557534615196637e+05
1.629629154765564017e+05
1.635100108713936352e+05
1.641575422230940021e+05
1.648717929104760988e+05
1.656271133714356110e+05
1.664064508905670373e+05
1.672005345670434763e+05
1.680063167813123728e+05
1.688252290363896464e+05
1.696615964929348265e+05
1.705212909942318802e+05
1.714105085334767646e+05
1.723345118875865883e+05
1.732962902507437684e+05
1.742952910701856308e+05
1.753265636478118540e+05
1.763807070838155923e+05
1.774448760964284302e+05
1.785047936524625111e+05
1.795473599518546544e+05
1.805631826128977991e+05
1.815483028706035111e+05
1.825045916510201350e+05
1.834386719473461562e+05
1.843596571743644308e+05
1.852763380494520243e+05
1.861946061880224734e+05
1.871158409212224069e+05
1.880367351857791655e+05
1.889506615558858612e+05
1.898502654045189556e+05
1.907306172235880222e+05
1.915920644161442760e+05
1.924419792306358577e+05
1.932949263339675381e+05
1.941712912036924681e+05
1.950949358013123856e+05
1.960907526229572250e+05
1.971829053610704432e+05
1.983940720887464413e+05
1.997453438885246578e+05
2.012559073523756233e+05
2.029415556474765472e+05
2.048115380869124492e+05
2.068641053614139964e+05
2.090819565603524970e+05
2.114292343887024326e+05
2.138515141284631973e+05
2.162794532741825969e+05
2.186357331973712717e+05
2.208440404223963560e+05
2.228383994321374339e+05
2.245712460105641803e+05
2.260190705037538428e+05
2.271850244716661982e+05
2.280983837543089467e+05
2.288111319685279450e+05
2.293922063662500004e+05
2.299201838459630671e+05
2.304753735145856917e+05
2.311323545202243258e+05
2.319538769952866714e+05
2.329867174930498295e+05
2.342596333721799601e+05
2.357831438902313239e+05
2.375506194893199427e+05
2.395401432140039979e+05
2.417167724475873110e+05
2.440350578305675881e+05
2.464418492217359308e+05
2.488794717329784471e+05
2.512892983654996206e+05
2.536156377858367341e+05
2.558097540136307944e+05
2.578337592314419162e+05
2.596640521055471909e+05
2.612938870340178255e+05
2.627345688991438947e+05
2.640147456458946690e+05
2.651774179819935234e+05
2.662746607659851434e+05
2.673606042347778566e+05
2.684837821101641166e+05
2.696802856932829600e+05
2.709690932432366535e+05
2.723504564637914300e+05
2.738074864966776222e+05
2.753103596135788830e+05
2.768220955980464933e+05
2.783047453412813484e+05
2.797249907219223678e+05
2.810584516495987191e+05
2.822922763016785029e+05
2.834258198808311718e+05
2.844694381074944395e+05
2.854416871329428977e+05
2.863655176802169299e+05
2.872642800845195889e+05
2.881583932192396605e+05
2.890633106045518070e+05
2.899889967786599300e+05
2.909406640139081283e+05
2.919201932291165576e+05
2.929275829160902067e+05
2.939619287793532130e+05
2.950217321354812593e+05
2.961046360280559747e+05
2.972068990217187093e+05
2.983230017452561297e+05
2.994457459704346838e+05
3.005670661291134893e+05
3.016795431139926659e+05
3.027783206839611521e+05
3.038628489821083494e+05
3.049377343803396798e+05
3.060120783532419009e+05
3.070970891489763162e+05
3.082023697620550520e+05
3.093319148241905496e+05
3.104812167373354314e+05
3.116367722648914205e+05
3.127786459973047022e+05
3.138857530881662387e+05
3.149425082096151891e+05
3.159448354451240739e+05
3.169035223273467855e+05
3.178435835017489153e+05
3.187994743279332179e+05
3.198072766484130989e+05
3.208959383981730789e+05
3.220799660240683006e+05
3.233555444066654309e+05
3.247010437910144101e+05
3.260816105603905162e+05
3.274564421456895070e+05
3.287867542663079803e+05
3.300425067939094151e+05
3.312065716674269061e+05
3.322759230404859991e+05
3.332602618318101158e+05
3.341789885473105824e+05
3.350575206627102452e+05
3.359237092925165780e+05
3.368047459040504764e+05
3.377246569136987091e+05
3.387023601467999397e+05
3.397502842035705107e+05
3.408736370172395254e+05
3.420704526698452537e+05
3.433324885405969108e+05
3.446468911143236910e+05
3.459983504623779445e+05
3.473712985755219706e+05
3.487516531887305900e+05
3.501277156754717580e+05
3.514900913443676545e+05
3.528308341877797502e+05
3.541422942922610091e+05
3.554162372617577203e+05
3.566436593804638251e+05
3.578154058552802308e+05
3.589233720401680330e+05
3.599618953742299345e+05
3.609290006324148853e+05
3.618273717799697770e+05
3.626651186686383444e+05
3.634564268878517905e+05
3.642219896406027256e+05
3.649888470932586351e+05
3.657891173920437577e+05
3.666572652702021878e+05
3.676260254892697558e+05
3.687216947276478750e+05
3.699599362169572851e+05
3.713432600214103004e+05
3.728608796150234994e+05
3.744908572522071190e+05
3.762036531153297983e+05
3.779657283102503279e+05
3.797419400177611969e+05
3.814961104444875382e+05
3.831901195023431792e+05
3.847827759266696521e+05
3.862301557080900529e+05
3.874887986770928837e+05
3.885221392378391465e+05
3.893091453336249688e+05
3.898528989107635571e+05
3.901863234271986876e+05
3.903727531102680950e+05
3.905004324423574144e+05
3.906718208457349101e+05
3.909900600353713962e+05
3.915455773452318390e+05
3.924053807164199534e+05
3.936064438910708413e+05
3.951532697634423384e+05
3.970188239905067603e+05
3.991478185974998050e+05
4.014616638350193389e+05
4.038648865424814867e+05
4.062530172281558043e+05
4.085217022569657420e+05
4.105762616932236124e+05
4.123404620851259097e+05
4.137632475286680856e+05
4.148226544991220580e+05
4.155268902400370571e+05
4.159131674040892394e+05
4.160450254508249927e+05
4.160084930490666302e+05
4.159068481666967855e+05
4.158533695761805866e+05
4.159616883562196745e+05
4.163341530082061654e+05
4.170496698467670358e+05
4.181532440806171508e+05
4.196495031212347094e+05
4.215017388840434724e+05
4.236367404463217244e+05
4.259544002877076855e+05
4.283402230577973532e+05
4.306786472448963323e+05
4.328653992777726962e+05
4.348176364279834670e+05
4.364811117198363063e+05
4.378338968720430858e+05
4.388864127860139124e+05
4.396778120135234203e+05
4.402692264763938729e+05
4.407349500433984213e+05
4.411530364969419898e+05
4.415968249669449870e+05
4.421284848571976763e+05
4.427949618642441928e+05
4.436260289813540876e+05
4.446338094211207936e+05
4.458132578711358365e+05
4.471435160452403943e+05
4.485904723731566919e+05
4.501109379904199159e+05
4.516584817981497035e+05
4.531902960674819187e+05
4.546738305418862728e+05
4.560916801236916799e+05
4.574435002922332496e+05
4.587444558449345059e+05
4.600205869056471274e+05
4.613021728842986631e+05
4.626164907149836072e+05
4.639812990415813401e+05
4.654000874284585589e+05
4.668597886173980078e+05
4.683313537804770167e+05
4.697733046102831140e+05
4.711380092699640663e+05
4.723799355222654995e+05
4.734645921594384708e+05
4.743764734912684071e+05
4.751242861490642536e+05
4.757421729606217123e+05
4.762864808714922983e+05
4.768286057994029252e+05
4.774452784109141212e+05
4.782080908663868904e+05
4.791740272019320400e+05
4.803783431453072117e+05
4.818305437150154030e+05
4.835136317960009328e+05
4.853863740248754038e+05
4.873880746539811953e+05
4.894452127353341784e+05
4.914792162061499548e+05
4.934145848608516390e+05
4.951865466645840206e+05
4.967474754911875934e+05
4.980714329441097798e+05
4.991564004220231436e+05
5.000239886367085855e+05
5.007166117394356988e+05
5.012923040958400234e+05
5.018175986144464696e+05
5.023592268596867216e+05
5.029758092013648711e+05
5.037110225391394924e+05
5.045897326248493046e+05
5.056180752671693335e+05
5.067874722299264977e+05
5.080813378020131495e+05
5.094822311256484245e+05
5.109769089084924199e+05
5.125573868911050959e+05
5.142176015514550963e+05
5.159470690853679553e+05
5.177243523290582234e+05
5.195135365270811017e+05
5.212660179804812651e+05
5.229279799827124225e+05
5.244516770950276405e+05
5.258069683130558114e+05
5.269891473524533212e+05
5.280202336511913454e+05
5.289431176410545595e+05
5.298104374396076892e+05
5.306718274260468315e+05
5.315635488731301157e+05
5.325034024973006453e+05
5.334917579680655617e+05
5.345174029702228727e+05
5.355655542146262014e+05
5.366252077068820363e+05
5.376938879075072473e+05
5.387791980604972923e+05
5.398976877011317993e+05
5.410720054501998238e+05
5.423271086305869976e+05
5.436858423478013137e+05
5.451639618343387265e+05
5.467649189129148144e+05
5.484753506133360788e+05
5.502627701390995644e+05
5.520769916373867309e+05
5.538560837850234238e+05
5.555363020573339891e+05
5.570639935735786567e+05
5.584065078141767299e+05
5.595591173151056282e+05
5.605459296466760570e+05
5.614144436245145043e+05
5.622252027762600919e+05
5.630393287452511722e+05
5.639071613502798136e+05
5.648606934114103206e+05
5.659112015576543054e+05
5.670519017689726315e+05
5.682641163385426626e+05
5.695247167401692132e+05
5.708126488912121858e+05
5.721130330291730352e+05
5.734183492026748136e+05
5.747271987550518243e+05
5.760417666795427212e+05
5.773652485559225315e+05
5.787001812967966544e+05
5.800480153797622770e+05
5.814096530540406238e+05
5.827862967383509967e+05
5.841799328712292481e+05
5.855930786052247277e+05
5.870278539286062587e+05
5.884847691117464565e+05
5.899616711144486908e+05
5.914530758425919339e+05
5.929497989394367905e+05
5.944386285181415733e+05
5.959019194143500645e+05
5.973173936099831481e+05
5.986588652774916263e+05
5.998987446788793895e+05
6.010127852590469411e+05
6.019866503417528002e+05
6.028228098039333709e+05
6.035455292095410405e+05
6.042017307105042273e+05
6.048564504904024070e+05
6.055832490799790248e+05
6.064516587085828651e+05
