2.055952370938721870e+05
2.052522187162955233e+05
2.048416566173349565e+05
2.043641648799924878e+05
2.038246987250180100e+05
2.032323816811456345e+05
2.026009117370691965e+05
2.019489604567954084e+05
2.012996122222802369e+05
2.006780702619752847e+05
2.001075712463658419e+05
1.996043848197833868e+05
1.991734599513029971e+05
1.988063390735634894e+05
1.984823091121943144e+05
1.981726544640019129e+05
1.978467967966861324e+05
1.974785108891848358e+05
1.970505234841407510e+05
1.965565370123036555e+05
1.960007166961138137e+05
1.953955028471772384e+05
1.947589425885470700e+05
1.941125009601997444e+05
1.934796837403485260e+05
1.928851105047850579e+05
1.923532519276121748e+05
1.919060978934418526e+05
1.915595510658551066e+05
1.913191289285342500e+05
1.911762531954389124e+05
1.911066565226689563e+05
1.910720472599353234e+05
1.910252160938587331e+05
1.909175879340498941e+05
1.907073066792511381e+05
1.903657056965463271e+05
1.898805996748830657e+05
1.892560035921426024e+05
1.885091345169398992e+05
1.876663324584324728e+05
1.867595216902716493e+05
1.858240817870006140e+05
1.848979194103429909e+05
1.840206858989099273e+05
1.832318989612010773e+05
1.825672864003545546e+05
1.820536872377655527e+05
1.817038076697574288e+05
1.815125564136193716e+05
1.814563640346169996e+05
1.814959725595869822e+05
1.815820856351301190e+05
1.816624681706498086e+05
1.816888696171292395e+05
1.816225038931511226e+05
1.814374781169685011e+05
1.811221657352683542e+05
1.806788320432092296e+05
1.801218371967729763e+05
1.794746492883778992e+05
1.787659168814575823e+05
1.780250633814422472e+05
1.772781635634910490e+05
1.765450111602460966e+05
1.758380917430588161e+05
1.751636268730703741e+05
1.745241559850403573e+05
1.739215837820308516e+05
1.733594955245373130e+05
1.728438899300813500e+05
1.723821414732869016e+05
1.719806929720026092e+05
1.716424191275183402e+05
1.713646452210716088e+05
1.711384800859752577e+05
1.709495980545485509e+05
1.707801084218470496e+05
1.706108733591122145e+05
1.704236548922389920e+05
1.702027281795097515e+05
1.699359251684326737e+05
1.696152825969830155e+05
1.692374566982252873e+05
1.688038763630777830e+05
1.683204061845096876e+05
1.677962718504076765e+05
1.672422436685695138e+05
1.666684772829268477e+05
1.660827322001760767e+05
1.654896922587409499e+05
1.648917246970462729e+05
1.642907930401190824e+05
1.636906948612979613e+05
1.630986171210422763e+05
1.625252861640034826e+05
1.619835870413026714e+05
1.614861337811377598e+05
1.610426085918563185e+05
1.606576487603306014e+05
1.603297488383656309e+05
1.600512804204660933e+05
1.598094934794309665e+05
1.595882910359933740e+05
1.593705655352223548e+05
1.591408192975473066e+05
1.588876190272824024e+05
1.586052521094908006e+05
1.582939417985538021e+05
1.579582773223488766e+05
1.576041006419217738e+05
1.572347543982552597e+05
1.568480270767235197e+05
1.564350815358868276e+05
1.559820684601849644e+05
1.554741941807467665e+05
1.549010860698547331e+05
1.542617448187461705e+05
1.535674145319138770e+05
1.528413296545195626e+05
1.521152820967305452e+05
1.514239385053100996e+05
1.507984860661037383e+05
1.502612919591265090e+05
1.498228262856163783e+05
1.494813132378815790e+05
1.492247439190257574e+05
1.490342992223688052e+05
1.488880600030864589e+05
1.487641084787835134e+05
1.486425757886777574e+05
1.485066326997167780e+05
1.483426807118534343e+05
1.481400439718766138e+05
1.478903830306033778e+05
1.475869895680129994e+05
1.472241566370466026e+05
1.467969143999261432e+05
1.463014517894414312e+05
1.457363941432753345e+05
1.451047667974640790e+05
1.444160735799850663e+05
1.436876614910576609e+05
1.429445912558657292e+05
1.422176101778193843e+05
1.415393927378295339e+05
1.409397528985878162e+05
1.404408443893076619e+05
1.400533694844289566e+05
1.397745599894661864e+05
1.395883007933227345e+05
1.394673635150417977e+05
1.393773836865462072e+05
1.392819714940564299e+05
1.391481845682500280e+05
1.389515048673198908e+05
1.386794646388952679e+05
1.383331928334265249e+05
1.379264380737160100e+05
1.374820733766906778e+05
1.370266483246979187e+05
1.365841004848512530e+05
1.361700913933627889e+05
1.357884239499774121e+05
1.354305501591927023e+05
1.350783690052283928e+05
1.347095788839481247e+05
1.343041024941453652e+05
1.338498123556192440e+05
1.333460554830754991e+05
1.328041968962778046e+05
1.322452990855780081e+05
1.316958085774093634e+05
1.311825002165648621e+05
1.307278764046994911e+05
1.303468460991915490e+05
1.300450250880490348e+05
1.298185979978363321e+05
1.296554576255847205e+05
1.295372649062309938e+05
1.294420614227986080e+05
1.293470376948178891e+05
1.292310106980843848e+05
1.290761643644384458e+05
1.288687438260552153e+05
1.285986901752288977e+05
1.282585712782008341e+05
1.278424379349936789e+05
1.273452523787148821e+05
1.267632426008994516e+05
1.260950318723742239e+05
1.253429022211355768e+05
1.245133201585564675e+05
1.236160320328009839e+05
1.226615970315627055e+05
1.216579596371356747e+05
1.206072586019568553e+05
1.195042391003662342e+05
1.183372443462656083e+05
1.170919067267746286e+05
1.157566427594494162e+05
1.143282867983304750e+05
1.128160098174431914e+05
1.112421695424850623e+05
1.096397459764308442e+05
1.080471340524367697e+05
1.065018551007762435e+05
1.050349315876503242e+05
1.036672415623644774e+05
1.024083812011406699e+05
1.012577777502340032e+05
1.002073021887201758e+05
9.924452876065971213e+04
9.835597542049214826e+04
9.752993141202731931e+04
9.675866225903913437e+04
9.603982452530562296e+04
9.537689190272135602e+04
9.477841236650783685e+04
9.425606602688250132e+04
9.382176174770604121e+04
9.348429617953248089e+04
9.324627283878190792e+04
9.310195888330109301e+04
9.303654951357760001e+04
9.302699819637047767e+04
9.304426375205049408e+04
9.305659841108176624e+04
9.303337061102996813e+04
9.294885756253259024e+04
9.278543194335149019e+04
9.253561394909057708e+04
9.220260054259721073e+04
9.179914102532668039e+04
9.134496966513490770e+04
9.086333638136039372e+04
9.037737466997519368e+04
8.990702961618712288e+04
8.946704203521153249e+04
8.906613991162656748e+04
8.870726068785620737e+04
8.838843100405835139e+04
8.810390835595379758e+04
8.784530870740117098e+04
8.760262323087731784e+04
8.736517796357328189e+04
8.712265325482499611e+04
8.686624070125544677e+04
8.658989982926490484e+04
8.629153717542008962e+04
8.597382579895305389e+04
8.564436077403798117e+04
8.531492560426905402e+04
8.499981159580858366e+04
8.471334493129067414e+04
8.446698112014631624e+04
8.426647731843951624e+04
8.410971998339859420e+04
8.398575243026342650e+04
8.387540359419264132e+04
8.375366035647432727e+04
8.359356581453952822e+04
8.337102159777141060e+04
8.306953153705125442e+04
8.268378204183568596e+04
8.222111765342367289e+04
8.170045004920527572e+04
8.114881719198165229e+04
8.059646420723853225e+04
8.007170846520698979e+04
7.959682822078702156e+04
7.918579277996798919e+04
7.884401185844819702e+04
7.856968180901766755e+04
7.835596272826212225e+04
7.819320953705778811e+04
7.807072103713560500e+04
7.797779206866842287e+04
7.790409987257627654e+04
7.783956811602078960e+04
7.777387691531467135e+04
7.769581302087163203e+04
7.759272814817233302e+04
7.745045646184269572e+04
7.725403584305629192e+04
7.698940100033793715e+04
7.664588106357862125e+04
7.621896121607927489e+04
7.571253318092583504e+04
7.513989729669697408e+04
7.452310203025981900e+04
7.389069058219164435e+04
7.327436680945358239e+04
7.270531627417579875e+04
7.221085726178885670e+04
7.181182505782091175e+04
7.152077745272508764e+04
7.134091585357967415e+04
7.126561866780137643e+04
7.127862806397530949e+04
7.135507352091939538e+04
7.146351135396971949e+04
7.156895606528078497e+04
7.163655500298051629e+04
7.163528175861926866e+04
7.154095928959734738e+04
7.133812959854578367e+04
7.102067639110227174e+04
7.059149211277058930e+04
7.006167414509080118e+04
6.944965391208190704e+04
6.878037179131270386e+04
6.808428291426919168e+04
6.739579969433786755e+04
6.675084818858763902e+04
6.618351015348322107e+04
6.572210841369607078e+04
6.538540366129265749e+04
6.517968326175663242e+04
6.509740269415706280e+04
6.511773993304456963e+04
6.520904327876702155e+04
6.533279640118015959e+04
6.544846222022491565e+04
6.551843270063924865e+04
6.551231092710360826e+04
6.540987986488908791e+04
6.520235726100666943e+04
6.489187034438012779e+04
6.448944977294374985e+04
6.401215116983769258e+04
6.348006712186473305e+04
6.291392666112870211e+04
6.233369757222996122e+04
6.175819810939059971e+04
6.120533636669263069e+04
6.069237629774989909e+04
6.023566491402791871e+04
5.984952872926941200e+04
5.954444552911809296e+04
5.932495895161935186e+04
5.918798880099329108e+04
5.912213792242641648e+04
5.910834052576208342e+04
5.912184036553639453e+04
5.913515224538246548e+04
5.912144008269128972e+04
5.905768038499287650e+04
5.892706497092345671e+04
5.872029528797462262e+04
5.843568270913910237e+04
5.807823589276268467e+04
5.765812269710798137e+04
5.718898057967728528e+04
5.668648418774217862e+04
5.616738051334660122e+04
5.564894323216041084e+04
5.514858163321447500e+04
5.468325597431565984e+04
5.426843707188735425e+04
5.391657081470358389e+04
5.363528044949072500e+04
5.342575409727743681e+04
5.328183547694075969e+04
5.319022492132204206e+04
5.313192977894972864e+04
5.308475916382180003e+04
5.302635307276379899e+04
5.293708185470606259e+04
5.280221211031245184e+04
5.261299068874428485e+04
5.236664823632851767e+04
5.206562428881060623e+04
5.171644861958625552e+04
5.132864382742776070e+04
5.091380762966255134e+04
5.048481790767546045e+04
5.005499771166032588e+04
4.963712662031780928e+04
4.924234214542045811e+04
4.887913455587885983e+04
4.855269973131300503e+04
4.826483694479452970e+04
4.801439912105380063e+04
4.779811137989067356e+04
4.761146052510352456e+04
4.744937081162899267e+04
4.730650509071886336e+04
4.717720278778416832e+04
4.705521163108799374e+04
4.693343553308425180e+04
4.680389470265993441e+04
4.665800183699101763e+04
4.648714431863267964e+04
4.628346734682509123e+04
4.604070093250511854e+04
4.575487113115315879e+04
4.542477687799978594e+04
4.505218402005352254e+04
4.464176502111181617e+04
4.420086664987621043e+04
4.373919092094321968e+04
4.326841765268698509e+04
4.280170485904215457e+04
4.235293201465760649e+04
4.193556313119341212e+04
4.156113016493355826e+04
4.123753854687802232e+04
4.096758334139515500e+04
4.074812895701597154e+04
4.057028499384704628e+04
4.042063166410120903e+04
4.028322108208008285e+04
4.014184853644906252e+04
3.998205158650787052e+04
3.979246033839548909e+04
3.956539939368069463e+04
3.929689593800836883e+04
3.898637270560325123e+04
3.863627240449770761e+04
3.825172714254075254e+04
3.784024677679949673e+04
3.741132839508359757e+04
3.697590290302182257e+04
3.654559835827165080e+04
3.613186023806492449e+04
3.574499519444282487e+04
3.539320419949824282e+04
3.508167385933131300e+04
3.481182357040256466e+04
3.458085211920840084e+04
3.438175166152979364e+04
3.420391731332187192e+04
3.403436264230215602e+04
3.385938586734688579e+04
3.366638374408482923e+04
3.344544738930124004e+04
3.319043066502029251e+04
3.289933874827074033e+04
3.257407933086173944e+04
3.221977452555731725e+04
3.184389247075314415e+04
3.145541258596855187e+04
3.106412077610024062e+04
3.067999936004507617e+04
3.031258872981993045e+04
2.997018913422829792e+04
2.965884564537841652e+04
2.938119220403739018e+04
2.913537604292257674e+04
2.891438763488934273e+04
2.870613533675522558e+04
2.849450154330008445e+04
2.826140707112674863e+04
2.798964088802716651e+04
2.766596081184321156e+04
2.728382031759589154e+04
2.684508563153599971e+04
2.636028735109673289e+04
2.584726074164164311e+04
2.532838830462820260e+04
2.482697397252855444e+04
2.436347225885881562e+04
2.395232482031296968e+04
2.360002040223950462e+04
2.330472907700117139e+04
2.305753085129125247e+04
2.284493536772997322e+04
2.265214157537971187e+04
2.246636257179390668e+04
2.227956038247790275e+04
2.209008399896814444e+04
2.190293895529053771e+04
2.172868010472852620e+04
2.158115465691080317e+04
2.147449013831068078e+04
2.141980643756682912e+04
2.142214028842744301e+04
2.147802604899866856e+04
2.157410084104130510e+04
2.168700674672822788e+04
2.178474435538309626e+04
2.182947737995971693e+04
2.178158910041580020e+04
2.160456180331454743e+04
2.127003518217069359e+04
2.076226757276940771e+04
2.008124185734231287e+04
1.924385717719544846e+04
1.828299899557129174e+04
1.724469359031523345e+04
1.618390720546203374e+04
1.515973929190806120e+04
1.423073787538761098e+04
1.345086601126684582e+04
1.286636649447179298e+04
1.251352065131945346e+04
1.241715770566568426e+04
1.258976230282278266e+04
1.303110567655649538e+04
1.372841607308148741e+04
1.465714382971410851e+04
1.578234673286935140e+04
1.706064956247458031e+04
1.844266805338123959e+04
1.987576798098841027e+04
2.130705178874533885e+04
2.268648812268975598e+04
2.397007504063842134e+04
2.512283506418803154e+04
2.612130963020757554e+04
2.695512405258286890e+04
2.762721033566055121e+04
2.815244501894823043e+04
2.855475865210522898e+04
2.886311790149890658e+04
2.910705929005480357e+04
2.931257271615843274e+04
2.949905530839925632e+04
2.967780923824183992e+04
2.985221758929620773e+04
3.001939419237463881e+04
3.017284461611469305e+04
3.030553815123756794e+04
3.041277800590730840e+04
3.049434638933165843e+04
3.055556160674142302e+04
3.060708812313616363e+04
3.066356444084012037e+04
3.074133100015509990e+04
3.085571492294926065e+04
3.101841823060110983e+04
3.123552911398987271e+04
3.150652932707921354e+04
3.182444143996078856e+04
3.217701391327682359e+04
3.254864945161783544e+04
3.292268618225982209e+04
3.328364309436437907e+04
3.361910759876544762e+04
3.392103211652504979e+04
3.418629456367585954e+04
3.441646874167838541e+04
3.461686327184471156e+04
3.479502660337642737e+04
3.495905181367856130e+04
3.511609049822794623e+04
3.527144423301061033e+04
3.542843064859560400e+04
3.558896759285227017e+04
3.575457986059128598e+04
3.592740749788199901e+04
3.611083227402716147e+04
3.630951319384678209e+04
3.652884617466499185e+04
3.677403865811710421e+04
3.704905858381048893e+04
3.735568509218768304e+04
3.769281040612149809e+04
3.805607860139654804e+04
3.843792194824579929e+04
3.882804702797064965e+04
3.921438618812263303e+04
3.958443885621756635e+04
3.992680209436206496e+04
4.023259173178135097e+04
4.049644942634096515e+04
4.071694128850215930e+04
4.089634153228210926e+04
4.103997466329071904e+04
4.115537667606298055e+04
4.125149379867887183e+04
4.133800229912227223e+04
4.142469261335037299e+04
4.152080442218164535e+04
4.163426289008162712e+04
4.177091059700163896e+04
4.193396009960099764e+04
4.212391370886605728e+04
4.233907241593149956e+04
4.257653050619413261e+04
4.283333303665806307e+04
4.310737072077279299e+04
4.339765666493279423e+04
4.370384612556373759e+04
4.402513519887617440e+04
4.435890321573435358e+04
4.469957389455033262e+04
4.503814015789947734e+04
4.536264622422754474e+04
4.565968699972001923e+04
4.591671455660112406e+04
4.612468889970465534e+04
4.628044241221237462e+04
4.638811307787639089e+04
4.645918025704102911e+04
4.651098435682098352e+04
4.656402968011142366e+04
4.663871410191211908e+04
4.675227075771657837e+04
4.691659190290424158e+04
4.713728291812373209e+04
4.741389624583350087e+04
4.774097454894494149e+04
4.810939923890058708e+04
4.850761796330045763e+04
4.892254810265105334e+04
4.934020627286595118e+04
4.974628172513201571e+04
5.012688984704065660e+04
5.046961917122129671e+04
5.076479294162446604e+04
5.100670178366245818e+04
5.119450348184798349e+04
5.133254954518721934e+04
5.143004589384589781e+04
5.150011316263794288e+04
5.155841716526601522e+04
5.162157108561695350e+04
5.170549261146943172e+04
5.182387454871126101e+04
5.198692122884048149e+04
5.220050268714049889e+04
5.246584690394558856e+04
5.277980036646636290e+04
5.313555265798275650e+04
5.352359831595312426e+04
5.393266728937602602e+04
5.435042996273832250e+04
5.476394916885490238e+04
5.516003173329510901e+04
5.552573381161106954e+04
5.584924008538035559e+04
5.612117357283939054e+04
5.633616737321743858e+04
5.649433626196580008e+04
5.660220389374664228e+04
5.667270473678554117e+04
5.672407110104936146e+04
5.677767802350963757e+04
5.685517833408914157e+04
5.697544647175113641e+04
5.715191192944266368e+04
5.739078318090060202e+04
5.769046175716599100e+04
5.804218183181399945e+04
5.843166078061665758e+04
5.884137896128856664e+04
5.925305438411515206e+04
5.964992639734158001e+04
6.001856759571816656e+04
6.035005883560082293e+04
6.064046421688779083e+04
6.089063104593060416e+04
6.110542129771175678e+04
6.129255149594027898e+04
6.146125827685811964e+04
6.162100009319376841e+04
6.178035659600198414e+04
6.194622676709554798e+04
6.212338973309988796e+04
6.231448645611046959e+04
6.252047378860333265e+04
6.274154325378797512e+04
6.297836174575342011e+04
6.323332255049690139e+04
6.351139516584553348e+04
6.382023556799269863e+04
6.416949108970406814e+04
6.456960768465286674e+04
6.503072796282850322e+04
6.556226725935174909e+04
6.617340953028462536e+04
6.687420392570782860e+04
6.767644611997751053e+04
6.859338868610575446e+04
6.963768328911758726e+04
7.081770600492708036e+04
7.213322954760040739e+04
7.357189288916764781e+04
7.510782528411311796e+04
7.670312507445449592e+04
7.831195858129678527e+04
7.988623883770270913e+04
8.138149160075100372e+04
8.276170001090070582e+04
8.400246117664483609e+04
8.509236990459935623e+04
8.603289710640223348e+04
8.683707397309967200e+04
8.752715537729128846e+04
8.813134058590250788e+04
8.867973443729791325e+04
8.920002282809719327e+04
8.971363543746549112e+04
9.023325317262587487e+04
9.076226428246368596e+04
9.129623968094312295e+04
9.182589758984567015e+04
9.234061304261109035e+04
9.283146188016410451e+04
9.329307199242297793e+04
9.372404191614489537e+04
9.412617294330144068e+04
9.450307628596224822e+04
9.485878808994729479e+04
9.519687860048083530e+04
9.552026759582126397e+04
9.583166345620890206e+04
9.613431812118715607e+04
9.643269166268069239e+04
9.673266660338321526e+04
9.704112206759190303e+04
9.736491413901242777e+04
9.770953218712724629e+04
9.807783498214495194e+04
9.846926929735580052e+04
9.887983956154309271e+04
9.930287782166537363e+04
9.973043164730671560e+04
1.001549137403901987e+05
1.005705867809775373e+05
1.009745038821439521e+05
1.013666728891361854e+05
1.017494234621848154e+05
1.021261764564896730e+05
1.024999861943911528e+05
1.028722952549049369e+05
1.032422806204018852e+05
1.036069920382816344e+05
1.039622434823439544e+05
1.043039969462105219e+05
1.046298479189099016e+05
1.049402194922571362e+05
1.052389820281229331e+05
1.055333833283701970e+05
1.058333354732854350e+05
1.061502130367061618e+05
1.064953615636382310e+05
1.068785136490315781e+05
1.073062940786669496e+05
1.077809887345109310e+05
1.082997557837804488e+05
1.088544502352359123e+05
1.094321821836173767e+05
1.100166156942772795e+05
1.105898544339654181e+05
1.111346061157092918e+05
1.116362420703698590e+05
1.120844174465967226e+05
1.124740764081989764e+05
1.128058551233450708e+05
1.130860105874745059e+05
1.133259861236806028e+05
1.135416047727068071e+05
1.137517678027661314e+05
1.139765453833700885e+05
1.142347254205648787e+05
1.145411662171768694e+05
1.149045289316561102e+05
1.153260022572304006e+05
1.157994220439061755e+05
1.163128041299435426e+05
1.168509040280290501e+05
1.173981475445336255e+05
1.179412254719230841e+05
1.184708013818333857e+05
1.189820639465598797e+05
1.194741647076670051e+05
1.199488392567599658e+05
1.204086682083438209e+05
1.208554760835717898e+05
1.212892932881972811e+05
1.217081386541697575e+05
1.221086559517222195e+05
1.224874099053080863e+05
1.228424701577857195e+05
1.231748276169975579e+05
1.234892171862278919e+05
1.237940600996354769e+05
1.241004603302670730e+05
1.244204427346794837e+05
1.247648380728691700e+05
1.251413315084285277e+05
1.255531500087257882e+05
1.259986742542689608e+05
1.264719865059558797e+05
1.269641112476938579e+05
1.274645677826129831e+05
1.279628760496948089e+05
1.284498042979077727e+05
1.289183266376186220e+05
1.293643682632693963e+05
1.297874012141991552e+05
1.301908344292322581e+05
1.305820026895331830e+05
1.309715019247948076e+05
1.313717086438436236e+05
1.317945516586013837e+05
1.322488945621210441e+05
1.327381185766414274e+05
1.332585613962971256e+05
1.337993214009014773e+05
1.343436105918366520e+05
1.348714341493889224e+05
1.353630203790471132e+05
1.358022360057686165e+05
1.361792564432506915e+05
1.364920024095760891e+05
1.367462180980551639e+05
1.369544265098926553e+05
1.371342311930717551e+05
1.373064653001965489e+05
1.374935245142356725e+05
1.377179502438580676e+05
1.380010925256398041e+05
1.383616011962222110e+05
1.388136118709173461e+05
1.393647462051354523e+05
1.400142949963246647e+05
1.407520606205337390e+05
1.415582438345635310e+05
1.424045204448219156e+05
1.432561905052068760e+05
1.440751152837709524e+05
1.448231272116124164e+05
1.454656542534798209e+05
1.459753445189903141e+05
1.463354391237330274e+05
1.465425301210455946e+05
1.466082379934778146e+05
1.465593489751424349e+05
1.464361159921001235e+05
1.462887164761667082e+05
1.461721844337571820e+05
1.461403985493833316e+05
1.462398646078899037e+05
1.465040858433058602e+05
1.469492970335803984e+05
1.475722518051651423e+05
1.483505622394052625e+05
1.492457502757823386e+05
1.502086849876114575e+05
1.511865428266343661e+05
1.521300115907033323e+05
1.529993407199089124e+05
1.537681084486321488e+05
1.544241684169108339e+05
1.549679584649363242e+05
1.554089597577111854e+05
1.557614070602085558e+05
1.560403293186013470e+05
1.562587323692197388e+05
1.564263680219125526e+05
1.565501792092216492e+05
1.566362040205906087e+05
1.566924397912034474e+05
1.567318987435482268e+05
1.567748818697255338e+05
1.568494767321189574e+05
1.569895675232784997e+05
1.572302601141589694e+05
1.576014460356309428e+05
1.581209944131659868e+05
1.587894625387272681e+05
1.595880348718822352e+05
1.604806152642421366e+05
1.614198184326166520e+05
1.623554160458279948e+05
1.632430088526870240e+05
1.640506156409360992e+05
1.647615459072066296e+05
1.653731331726667122e+05
1.658922253597066156e+05
1.663292902248801838e+05
1.666932696281016688e+05
1.669888459777466487e+05
1.672167899809242226e+05
1.673769409495986765e+05
1.674725316616806376e+05
1.675142528853797121e+05
1.675226714418863121e+05
1.675281935004585539e+05
1.675684512182527105e+05
1.676835818461267336e+05
1.679102692905791919e+05
1.682756300826562801e+05
1.687920844915169873e+05
1.694542703996443015e+05
1.702388030314282514e+05
1.711072219703039736e+05
1.720118168282861006e+05
1.729033028670653293e+05
1.737387397018536867e+05
1.744878860739101365e+05
1.751365121998205432e+05
1.756860148489600106e+05
1.761497526339670003e+05
1.765474561270136910e+05
1.768995091545595205e+05
1.772226811989127891e+05
1.775281417835390312e+05
1.778216661428139196e+05
1.781052602189139579e+05
1.783792436794360401e+05
1.786440998621257022e+05
1.789018583541613771e+05
1.791570895325733582e+05
1.794175841804662195e+05
1.796945451926409442e+05
1.800019010136282304e+05
1.803544256496887247e+05
1.807647851163918385e+05
1.812402311299798603e+05
1.817800802493709198e+05
1.823750555425150669e+05
1.830089726263617922e+05
1.836623553406134597e+05
1.843167758714381780e+05
1.849584041212472657e+05
1.855795752971293114e+05
1.861780044764993363e+05
1.867542321829105786e+05
1.873085634979072784e+05
1.878388845155491435e+05
1.883402729721079522e+05
1.888064882558532991e+05
1.892326034484536503e+05
1.896175847332080884e+05
1.899657119588660717e+05
1.902862957246749429e+05
1.905918957730515103e+05
1.908958264499020006e+05
1.912098946436717524e+05
1.915430240199519903e+05
1.919008732164700341e+05
1.922860658677075116e+05
1.926984749244638660e+05
1.931352147188405215e+05
1.935904459006147226e+05
1.940555092541961349e+05
1.945200069736774021e+05
1.949741320313677134e+05
1.954119161152534361e+05
1.958344123824185517e+05
1.962514907539649867e+05
1.966811318836389401e+05
1.971458620241250901e+05
1.976670190305699361e+05
1.982584579742139904e+05
1.989216834171921073e+05
1.996440271824114316e+05
2.004004843502015283e+05
2.011585726925121562e+05
2.018846059271512204e+05
2.025494638788803713e+05
2.031323914723195194e+05
2.036223076398775447e+05
2.040170887954464997e+05
2.043218710262056557e+05
2.045473937550908304e+05
2.047089079462389054e+05
2.048255418199953856e+05
2.049196235861745663e+05
2.050154911011122458e+05
2.051376956295384734e+05
2.053089580394561344e+05
2.055484639234652568e+05
2.058709429346695833e+05
2.062865511154560954e+05
2.068011235947289097e+05
2.074161718385784770e+05
2.081282043476884137e+05
2.089274621416341688e+05
2.097967024678964226e+05
2.107109195996437629e+05
2.116386832242995151e+05
2.125451720186131133e+05
2.133962720297597116e+05
2.141626555729128304e+05
2.148227899240447150e+05
2.153643224960843218e+05
2.157839795316632080e+05
2.160866301416250935e+05
2.162842479733139044e+05
2.163951461897063709e+05
2.164433204655990994e+05
2.164573676006103051e+05
2.164685041585438303e+05
2.165076789082495088e+05
2.166023807647992217e+05
2.167741091319132829e+05
2.170373328208198946e+05
2.174001375627742964e+05
2.178659613282971550e+05
2.184352790617080173e+05
2.191061432295518462e+05
2.198731252708924294e+05
2.207251193251681980e+05
2.216431861526861030e+05
2.225997556966225675e+05
