6.802356491690122057e+05
6.785793817218722543e+05
6.769908830173322931e+05
6.754460873140363256e+05
6.739190824019771535e+05
6.723894972556794528e+05
6.708478440231488785e+05
6.692977625177050941e+05
6.677549647813264746e+05
6.662433868090421893e+05
6.647894815274587600e+05
6.634157629280122928e+05
6.621347547412461136e+05
6.609444829400309827e+05
6.598265358085011831e+05
6.587473765279148938e+05
6.576629578041856876e+05
6.565258471265712287e+05
6.552932937883012928e+05
6.539342884478294291e+05
6.524339033159380779e+05
6.507940274199600099e+05
6.490307369845909998e+05
6.471695366760698380e+05
6.452401973562903004e+05
6.432727429852442583e+05
6.412954256693153875e+05
6.393346074051888427e+05
6.374157265418472234e+05
6.355642336816972820e+05
6.338055781408457551e+05
6.321638385324974079e+05
6.306591429982399568e+05
6.293043905854760669e+05
6.281018987456352916e+05
6.270405569352540188e+05
6.260940165275926702e+05
6.252204724565007491e+05
6.243646249843824189e+05
6.234622787123506423e+05
6.224475976338924374e+05
6.212623116028684890e+05
6.198653871538272360e+05
6.182411702557499520e+05
6.164040495685606729e+05
6.143983272987998789e+05
6.122930216661184095e+05
6.101724144495551009e+05
6.081239772469134768e+05
6.062256956447944976e+05
6.045347772661099443e+05
6.030793997017770307e+05
6.018546530072825262e+05
6.008232318808144191e+05
5.999207722137636738e+05
5.990650588352840859e+05
5.981677531397120329e+05
5.971469159167368198e+05
5.959385080710143084e+05
5.945052396176928887e+05
5.928415422205131035e+05
5.909739856377048418e+05
5.889570901026825886e+05
5.868651653023516992e+05
5.847814622114375234e+05
5.827864253958113259e+05
5.809470152726774104e+05
5.793088161958029959e+05
5.778919777131672017e+05
5.766911368097130908e+05
5.756786230764618376e+05
5.748097203147883993e+05
5.740286766168423928e+05
5.732744699969826033e+05
5.724858555030091666e+05
5.716056999364575604e+05
5.705848593494731467e+05
5.693857994335393887e+05
5.679858684177061077e+05
5.663797869579158723e+05
5.645807362944706110e+05
5.626195525656682439e+05
5.605419604515843093e+05
5.584043127289313124e+05
5.562686580332911108e+05
5.541979195636436343e+05
5.522515361889454070e+05
5.504813546143111307e+05
5.489272539445665898e+05
5.476122103547001025e+05
5.465372400018819608e+05
5.456775284059345722e+05
5.449815443216979038e+05
5.443746578127238899e+05
5.437677074369768379e+05
5.430694561547510093e+05
5.422005284249588149e+05
5.411057683441252448e+05
5.397622540285161231e+05
5.381813336472356459e+05
5.364046100809095660e+05
5.344952748340370599e+05
5.325271315695876256e+05
5.305738218353973934e+05
5.287002063841746422e+05
5.269568398314809892e+05
5.253774094947548583e+05
5.239782731750288513e+05
5.227590394830798032e+05
5.217034587792642415e+05
5.207804906777514843e+05
5.199459536064408603e+05
5.191453772900471231e+05
5.183184817047968390e+05
5.174052030523932190e+05
5.163526090702785878e+05
5.151216307462637196e+05
5.136924316895723459e+05
5.120674519951792900e+05
5.102715985124178696e+05
5.083495537888490362e+05
5.063606032402212149e+05
5.043716571962015005e+05
5.024492652420122176e+05
5.006514288604236208e+05
4.990199756605277653e+05
4.975742134280797327e+05
4.963065559925070265e+05
4.951807923856261768e+05
4.941336065190776717e+05
4.930797668226663372e+05
4.919210107247539563e+05
4.905580152546488680e+05
4.889040544058575178e+05
4.868982194865733618e+05
4.845157309812491876e+05
4.817731590857934207e+05
4.787273428542054608e+05
4.754682075405364740e+05
4.721070537678750115e+05
4.687627433537346078e+05
4.655482744904037099e+05
4.625596178654542309e+05
4.598677551210586680e+05
4.575140601099978085e+05
4.555087455663987785e+05
4.538320253049885505e+05
4.524376728564036894e+05
4.512585553889570292e+05
4.502134398835790926e+05
4.492140817727667745e+05
4.481715778697020141e+05
4.470013437716506887e+05
4.456267613965723431e+05
4.439822134538225364e+05
4.420165059617386432e+05
4.396973662766945781e+05
4.370168732173516764e+05
4.339966775735259871e+05
4.306911644318203325e+05
4.271866501373025822e+05
4.235953936892926577e+05
4.200444378481639433e+05
4.166606792000129935e+05
4.135546600122646196e+05
4.108060582605607924e+05
4.084536146618483472e+05
4.064913746090765926e+05
4.048718787394284154e+05
4.035156030754172825e+05
4.023248051714755129e+05
4.011991924216078478e+05
4.000506238641974051e+05
3.988144161116784089e+05
3.974556602742626565e+05
3.959700716456475784e+05
3.943800154540305957e+05
3.927272045451816521e+05
3.910639517583677080e+05
3.894447264909814694e+05
3.879192170070357388e+05
3.865273662532381131e+05
3.852962015042877756e+05
3.842379353853155044e+05
3.833488610419139732e+05
3.826089127118816832e+05
3.819821956978392554e+05
3.814190478744291468e+05
3.808600986848024186e+05
3.802423299700775533e+05
3.795064868245397229e+05
3.786046150726026390e+05
3.775062746816567960e+05
3.762022163486175705e+05
3.747049387868814520e+05
3.730463328574668849e+05
3.712732713906059507e+05
3.694422890329151414e+05
3.676143412745688693e+05
3.658501507077303249e+05
3.642060970976878307e+05
3.627302708287471905e+05
3.614583661951878457e+05
3.604095187824346358e+05
3.595827603600390139e+05
3.589551460516231600e+05
3.584825459293754539e+05
3.581035500115003088e+05
3.577461251102100359e+05
3.573359348290520138e+05
3.568048863625770318e+05
3.560985856502734823e+05
3.551818180004954920e+05
3.540416591203610878e+05
3.526881522322277888e+05
3.511526222690723953e+05
3.494837580495114671e+05
3.477417379458471551e+05
3.459909703167366679e+05
3.442923822381570935e+05
3.426964341076783021e+05
3.412379965117374668e+05
3.399338553918996477e+05
3.387830215775361867e+05
3.377694187328164116e+05
3.368661120321655180e+05
3.360401227950627799e+05
3.352570214847640018e+05
3.344847702409095946e+05
3.336965425271768472e+05
3.328723922479419853e+05
3.319996972565433825e+05
3.310723657245817012e+05
3.300889717943339492e+05
3.290502897573590162e+05
3.279570015587353264e+05
3.268084577473677346e+05
3.256031174335378455e+05
3.243406858046638081e+05
3.230252217110022902e+05
3.216679373018323095e+05
3.202883421354406746e+05
3.189128735281424015e+05
3.175710219942744588e+05
3.162898525158202974e+05
3.150883887552893138e+05
3.139733812887322274e+05
3.129375608203478623e+05
3.119607900433195173e+05
3.110138241653245641e+05
3.100638527336846455e+05
3.090806957592390827e+05
3.080424544538258924e+05
3.069395360506216530e+05
3.057762601432275260e+05
3.045696922543694964e+05
3.033458904073801823e+05
3.021342905049956753e+05
3.009613575074204709e+05
2.998447692700209445e+05
2.987892318760128692e+05
2.977846074310524273e+05
2.968065093496128102e+05
2.958190514512442751e+05
2.947791463916752837e+05
2.936416693492251798e+05
2.923648803384696366e+05
2.909156297886196990e+05
2.892739600752264378e+05
2.874367160349521437e+05
2.854197161825751537e+05
2.832579940196352545e+05
2.810036894661010010e+05
2.787214137323706527e+05
2.764813188336873427e+05
2.743505945116942748e+05
2.723845612595238490e+05
2.706187937989992206e+05
2.690636987508736202e+05
2.677026554600339732e+05
2.664942576266600518e+05
2.653784759811591357e+05
2.642858456590816495e+05
2.631482168757049367e+05
2.619093148996524978e+05
2.605333978049681755e+05
2.590106660594622372e+05
2.573586828750219138e+05
2.556197760391873308e+05
2.538550659410044027e+05
2.521362786105911655e+05
2.505367787116891704e+05
2.491232662221275386e+05
2.479493367702560208e+05
2.470516632620908204e+05
2.464490053804329073e+05
2.461437097323748749e+05
2.461249443034060823e+05
2.463726986218164093e+05
2.468615916403103329e+05
2.475637096409200749e+05
2.484499572806243377e+05
2.494896737975326832e+05
2.506485267301974527e+05
2.518849834303564276e+05
2.531460184199990472e+05
2.543631281661659013e+05
2.554500869650089007e+05
2.563040060940104013e+05
2.568109678429269406e+05
2.568567042311131663e+05
2.563415554005567683e+05
2.551975447339588136e+05
2.534042555000300927e+05
2.509997158207722532e+05
2.480829900300713489e+05
2.448066611523007450e+05
2.413595686119181628e+05
2.379424628755061422e+05
2.347409814016388264e+05
2.319010018244429666e+05
2.295107937978874543e+05
2.275926974562173709e+05
2.261048665242393035e+05
2.249516045985663077e+05
2.239995267776913824e+05
2.230964029220910452e+05
2.220899353196574375e+05
2.208445104140265612e+05
2.192547283900273615e+05
2.172549960361424892e+05
2.148246473892233043e+05
2.119881152884787589e+05
2.088098701748393651e+05
2.053843464332567819e+05
2.018218848589718109e+05
1.982326308235813631e+05
1.947110235122575832e+05
1.913236900789263600e+05
1.881030609814482450e+05
1.850479050511758542e+05
1.821305053852272104e+05
1.793087416136575339e+05
1.765402924790218531e+05
1.737957923114701407e+05
1.710681454561674327e+05
1.683762021578245913e+05
1.657623487219299714e+05
1.632849129037373641e+05
1.610073098495111335e+05
1.589863464615418925e+05
1.572620152078459214e+05
1.558505479168730380e+05
1.547416708107296436e+05
1.539001307431511523e+05
1.532708304136335501e+05
1.527864185398353438e+05
1.523759552233646391e+05
1.519732900812946318e+05
1.515240066089642933e+05
1.509901463377718464e+05
1.503523642051915231e+05
1.496096011581958155e+05
1.487767067131269432e+05
1.478806401546866691e+05
1.469559097228960891e+05
1.460398166048720595e+05
1.451679333257741528e+05
1.443701378744450049e+05
1.436674751115431718e+05
1.430700983647101384e+05
1.425764960453782405e+05
1.421740832124427834e+05
1.418410414542015933e+05
1.415490852479291498e+05
1.412667048121866246e+05
1.409624387561032199e+05
1.406078501485763991e+05
1.401800396500054339e+05
1.396636363507406204e+05
1.390522119583468302e+05
1.383489933035655704e+05
1.375666858894554025e+05
1.367262535359335016e+05
1.358546566797889245e+05
1.349817871513176942e+05
1.341370505509623326e+05
1.333461426516565843e+05
1.326285020590889326e+05
1.319957279909401259e+05
1.314510102684389276e+05
1.309894173708810267e+05
1.305987867593006376e+05
1.302609717473299825e+05
1.299532910937333509e+05
1.296501470354519406e+05
1.293248665358063299e+05
1.289518346299257391e+05
1.285089107636634290e+05
1.279799672352857742e+05
1.273572158042256924e+05
1.266428668869063258e+05
1.258496623613606353e+05
1.249999695940830279e+05
1.241233980893972621e+05
1.232532255719148379e+05
1.224221945149629173e+05
1.216583731638284517e+05
1.209817271464746736e+05
1.204018459723003471e+05
1.199169950791705924e+05
1.195144193473217892e+05
1.191716841266550764e+05
1.188588247740502993e+05
1.185411441067445558e+05
1.181825687000501057e+05
1.177494700089640537e+05
1.172147361147252668e+05
1.165616699926206784e+05
1.157870766443919420e+05
1.149027998663459293e+05
1.139350772619605123e+05
1.129214322903712891e+05
1.119053574741984630e+05
1.109296235495738219e+05
1.100294936917237937e+05
1.092272678148290142e+05
1.085293470170037908e+05
1.079264274631176813e+05
1.073966576464875106e+05
1.069108485184120946e+05
1.064383401575013559e+05
1.059520532070727349e+05
1.054316079491971468e+05
1.048640555801209994e+05
1.042425110026408656e+05
1.035635596464858390e+05
1.028245554203470092e+05
1.020217843263848481e+05
1.011500282576237078e+05
1.002035106347022520e+05
9.917774266758799786e+04
9.807156024936276663e+04
9.688868555545361596e+04
9.563839762031289865e+04
9.433522223421694071e+04
9.299782184458896518e+04
9.164740166504991066e+04
9.030594518805140979e+04
8.899450764611992054e+04
8.773170605913309555e+04
8.653250101019577414e+04
8.540737069631928171e+04
8.436199181880784454e+04
8.339751290046976646e+04
8.251140802553498361e+04
8.169875450675438333e+04
8.095364826845833159e+04
8.027042477741460607e+04
7.964442740462480288e+04
7.907223804374237079e+04
7.855148398622346576e+04
7.808047101856351946e+04
7.765790501325744845e+04
7.728285347394148994e+04
7.695492649668618105e+04
7.667451481720704760e+04
7.644288448725931812e+04
7.626201084819980315e+04
7.613419140447741665e+04
7.606161901430151192e+04
7.604613700355537003e+04
7.608929561533831293e+04
7.619261328644688183e+04
7.635770910721211112e+04
7.658583801829071308e+04
7.687643338058238442e+04
7.722458120638184482e+04
7.761785746411116270e+04
7.803349957607378019e+04
7.843724601718763006e+04
7.878517195236301632e+04
7.902937922008080932e+04
7.912752056018900475e+04
7.905505384549725568e+04
7.881812129950628150e+04
7.846430763125041267e+04
7.808842338128431584e+04
7.783091876728917123e+04
7.786748031511738373e+04
7.838967459022317780e+04
7.957806381905083254e+04
8.157090395371717750e+04
8.443314140728538041e+04
8.813158622422823100e+04
9.252234923073100799e+04
9.735540275363209366e+04
1.022982748064515908e+05
1.069767907751254097e+05
1.110264269052407471e+05
1.141445947259160166e+05
1.161332540018131549e+05
1.169231897249005560e+05
1.165756336329673359e+05
1.152623371666380554e+05
1.132300181119155459e+05
1.107579112967104011e+05
1.081173622313196247e+05
1.055403529447234032e+05
1.032005511876419914e+05
1.012071178530008474e+05
9.960900427522575774e+04
9.840621205136374920e+04
9.756436748215655098e+04
9.702958264923459501e+04
9.674148990532963944e+04
9.664322386911598733e+04
9.668783997071592603e+04
9.684119369968499814e+04
9.708171038750563457e+04
9.739779103561463126e+04
9.778382215606089449e+04
9.823584846406748693e+04
9.874788535434201185e+04
9.930958584640221670e+04
9.990558180079630984e+04
1.005163899403829419e+05
1.011204273865879950e+05
1.016965115506182774e+05
1.022262539331213629e+05
1.026959484313117864e+05
1.030977980796322372e+05
1.034305074716452800e+05
1.036993235892024531e+05
1.039155442829696985e+05
1.040954114147923829e+05
1.042582735040204279e+05
1.044240172595794138e+05
1.046100243508878484e+05
1.048282138086164778e+05
1.050829323851989757e+05
1.053704217833488801e+05
1.056802746076649055e+05
1.059987605672707723e+05
1.063133296686968533e+05
1.066171813677835453e+05
1.069126812398377660e+05
1.072126558564801089e+05
1.075391281482760824e+05
1.079197088683409966e+05
1.083824478701980843e+05
1.089503180457525887e+05
1.096365725313823059e+05
1.104419817138887156e+05
1.113544915087180416e+05
1.123512685790995019e+05
1.134025541703834897e+05
1.144763702190567710e+05
1.155430024399449903e+05
1.165783493036035507e+05
1.175656168459037290e+05
1.184953346149332210e+05
1.193641180199868395e+05
1.201728792370965384e+05
1.209252263188446668e+05
1.216265974845942983e+05
1.222843274074699730e+05
1.229084433966851793e+05
1.235126576282323658e+05
1.241148567541868833e+05
1.247364562049338419e+05
1.254002917314942461e+05
1.261272021592329693e+05
1.269319800677077001e+05
1.278197527643916546e+05
1.287839402752112946e+05
1.298066393111304787e+05
1.308616540296268649e+05
1.319196204732150072e+05
1.329540115130360937e+05
1.339465006498868461e+05
1.348903254387445340e+05
1.357908731148447841e+05
1.366635072776981397e+05
1.375293889734202821e+05
1.384104825174662110e+05
1.393249728360902809e+05
1.402840173291863466e+05
1.412902918127494049e+05
1.423383730425981630e+05
1.434167627625219175e+05
1.445113067190613074e+05
1.456097920405487821e+05
1.467074733591960394e+05
1.478130832292574923e+05
1.489545268606891041e+05
1.501830473868385307e+05
1.515743394789120939e+05
1.532250598050421104e+05
1.552435764120372187e+05
1.577346975949847256e+05
1.607795008857846551e+05
1.644130550557757379e+05
1.686043929783470812e+05
1.732439780482827919e+05
1.781435308589898341e+05
1.830511259483206668e+05
1.876811276486860588e+05
1.917546092050020525e+05
1.950426023741335375e+05
1.974030443575257668e+05
1.988032887425640365e+05
1.993233421704604407e+05
1.991395760048997181e+05
1.984931099296314642e+05
1.976500754488158564e+05
1.968618561779634911e+05
1.963322687178710185e+05
1.961962049618531601e+05
1.965114346465843264e+05
1.972628202074430883e+05
1.983764894520055677e+05
1.997405468674815784e+05
2.012285075567403692e+05
2.027216613663903845e+05
2.041269923211949936e+05
2.053881391253714683e+05
2.064881845059767074e+05
2.074446456556899648e+05
2.082985791361749580e+05
2.091008165584225499e+05
2.098987024191259115e+05
2.107262187218320032e+05
2.115992193432842905e+05
2.125160290852178587e+05
2.134623236611439497e+05
2.144183484587542771e+05
2.153663137270362349e+05
2.162961608945792832e+05
2.172086078974186385e+05
2.181151789205486421e+05
2.190355903926572937e+05
2.199932988679819973e+05
2.210102212680638768e+05
2.221016679060976603e+05
2.232724297612191294e+05
2.245147470458184835e+05
2.258085560008313914e+05
2.271239908553921268e+05
2.284256836863055360e+05
2.296780665866399358e+05
2.308507337825336435e+05
2.319229965664954216e+05
2.328870077884292696e+05
2.337491357228593552e+05
2.345295225000281353e+05
2.352599206009980990e+05
2.359799897765061760e+05
2.367323334078253247e+05
2.375567261712373293e+05
2.384842367121432908e+05
2.395321953450347646e+05
2.407010549197882647e+05
2.419740123043483181e+05
2.433197576955291443e+05
2.446979929360833776e+05
2.460666199973885668e+05
2.473890009347260057e+05
2.486396248115794151e+05
2.498069364110537863e+05
2.508928690585797885e+05
2.519095356255515653e+05
2.528742835400540789e+05
2.538046829630393477e+05
2.547148914258682053e+05
2.556142782675665221e+05
2.565083892615324876e+05
2.574015517248973192e+05
2.582999167864486226e+05
2.592136624161094369e+05
2.601574370447873953e+05
2.611487554444985581e+05
2.622047264267097926e+05
2.633379735981639824e+05
2.645527902683914290e+05
2.658424672948944499e+05
2.671884583616980235e+05
2.685617162551582442e+05
2.699261999635699904e+05
2.712442058361454401e+05
2.724828023699989426e+05
2.736202992946364102e+05
2.746514912761683809e+05
2.755905341263950686e+05
2.764707896902009961e+05
2.773416940949254786e+05
2.782633960776712047e+05
2.793002971362188691e+05
2.805145706839855411e+05
2.819603432762086159e+05
2.836787640594283002e+05
2.856939531424008892e+05
2.880099199928543530e+05
2.906088528567177127e+05
2.934514156648956705e+05
2.964795939319537720e+05
2.996221472573544597e+05
3.028020384798782179e+05
3.059446419360418222e+05
3.089853576103356900e+05
3.118755379060863634e+05
3.145861954151502578e+05
3.171095034067798988e+05
3.194583796099890023e+05
3.216644042169065797e+05
3.237741195883224718e+05
3.258436460645690677e+05
3.279317145821049344e+05
3.300916656063263072e+05
3.323635042569037760e+05
3.347674525772620691e+05
3.373003833721104311e+05
3.399360136801234912e+05
3.426289298782848055e+05
3.453216730801784433e+05
3.479534852398684598e+05
3.504690499376701191e+05
3.528256720400162158e+05
3.549977476171048474e+05
3.569779652070558514e+05
3.587753411762112519e+05
3.604108213340913062e+05
3.619116654765862040e+05
3.633060512433994445e+05
3.646191965307819191e+05
3.658717970647239126e+05
3.670808214532377897e+05
3.682619242966285674e+05
3.694321925992796896e+05
3.706118332430859446e+05
3.718237928088201443e+05
3.730910524450970115e+05
3.744322039711186662e+05
3.758565953877801658e+05
3.773606075312810135e+05
3.789264008977445774e+05
3.805238225176239503e+05
3.821152826788498787e+05
3.836625591424106387e+05
3.851339136627351400e+05
3.865097906301874318e+05
3.877857632981329807e+05
3.889721960621767794e+05
3.900910517773223692e+05
3.911710605794508010e+05
3.922427880348355975e+05
3.933348714962155209e+05
3.944719580769627355e+05
3.956740164804336964e+05
3.969561179000217235e+05
3.983277647080883617e+05
3.997913824962720391e+05
4.013403836888056248e+05
4.029578230446933885e+05
4.046167536447320599e+05
4.062828896974024829e+05
4.079193304903733660e+05
4.094923095883818460e+05
4.109765643696021289e+05
4.123590998916955432e+05
4.136407007608171552e+05
4.148352141705536051e+05
4.159670971561628976e+05
4.170678717615726055e+05
4.181720434828974539e+05
4.193128986299082753e+05
4.205185549331646180e+05
4.218087081835583085e+05
4.231925754970376147e+05
4.246684340847121784e+05
4.262248404187677079e+05
4.278431882215285441e+05
4.295009237025059410e+05
4.311746532151075662e+05
4.328425806137142354e+05
4.344860676776030450e+05
4.360904193012423348e+05
4.376451176779122325e+05
4.391436756260778639e+05
4.405831805818531429e+05
4.419636007373157772e+05
4.432870608340109466e+05
4.445574617629674613e+05
4.457808363924754085e+05
4.469665813963256078e+05
4.481292197321710410e+05
4.492898404850673396e+05
4.504761177789530484e+05
4.517200391165459878e+05
4.530531841519461595e+05
4.545003575435751118e+05
4.560732063104596455e+05
4.577657642268178752e+05
4.595534735636808327e+05
4.613962432600426255e+05
4.632448841669341782e+05
4.650492934444178827e+05
4.667664027296087006e+05
4.683662350261576357e+05
4.698352018709115218e+05
4.711766129607362673e+05
4.724089149165634881e+05
4.735623065226610634e+05
4.746742425762162311e+05
4.757842203119423939e+05
4.769283481961867656e+05
4.781345019044211949e+05
4.794191225287279813e+05
4.807865910675112391e+05
4.822314728943904047e+05
4.837429332949860836e+05
4.853097206860710867e+05
4.869237874975121813e+05
4.885811249934065854e+05
4.902795725118247210e+05
4.920147048058782239e+05
4.937757746092269663e+05
4.955436772494875477e+05
4.972920253279202152e+05
4.989911049022669322e+05
5.006133471222159569e+05
5.021384802081766538e+05
5.035568598270020448e+05
5.048703591425894410e+05
5.060911599982091575e+05
5.072393861436941079e+05
5.083405634304582491e+05
5.094234879795867018e+05
5.105185401608582470e+05
5.116561194952150690e+05
5.128648539838367724e+05
5.141694958565201960e+05
5.155887385274679400e+05
5.171333533497772296e+05
5.188049566549487645e+05
5.205954640806500101e+05
5.224870710042754072e+05
5.244525919239650248e+05
5.264562254612027900e+05
5.284551296517325100e+05
5.304023395823657047e+05
5.322513398848134093e+05
5.339620183734579477e+05
5.355070025169487344e+05
5.368768706569387577e+05
5.380827277917186730e+05
5.391552115430660779e+05
5.401399504976054886e+05
5.410904684946358902e+05
5.420601616835428867e+05
5.430950889650825411e+05
5.442289513066016370e+05
5.454809846029933542e+05
5.468567748394869268e+05
5.483513779620461864e+05
5.499536670500382315e+05
5.516505853249424836e+05
5.534300215366999619e+05
5.552814112215760397e+05
5.571938943953898270e+05
5.591527684639826184e+05
5.611357581752750557e+05
5.631109382011294365e+05
5.650377773340822896e+05
5.668717831591523718e+05
5.685719488832595525e+05
5.701091242895923788e+05
5.714729709143823711e+05
5.726754899672213942e+05
5.737500907577412436e+05
5.747464252833358478e+05
5.757223168794010999e+05
5.767347323619273957e+05
5.778317687435192056e+05
5.790471323539182777e+05
5.803977968360343948e+05
5.818846931186974980e+05
5.834956305454204557e+05
5.852093168298110832e+05
5.869993788899140200e+05
5.888376258272066480e+05
5.906962889781566337e+05
5.925494268359655980e+05
5.943739254110547481e+05
5.961504861210369272e+05
5.978647358783989912e+05
5.995082841923556989e+05
6.010793731320633087e+05
6.025828165315467631e+05
6.040291626366728451e+05
6.054332834940559696e+05
6.068127238398957998e+05
6.081860583304805914e+05
6.095712853585492121e+05
6.109841105770326685e+05
6.124360103249149397e+05
6.139322433170526056e+05
6.154703473628925858e+05
6.170398607076472836e+05
6.186238389351004735e+05
6.202021854865591740e+05
6.217560965858446434e+05
6.232723928984300001e+05
6.247464668374999892e+05
6.261830801144196885e+05
6.275950765636276919e+05
6.290008213084243471e+05
6.304214597356199520e+05
6.318787706985037075e+05
6.333936614602584159e+05
6.349846534905448789e+05
6.366654883178973105e+05
6.384414518369280268e+05
6.403050041048439452e+05
6.422323139864024706e+05
6.441827453121463768e+05
6.461028431651475839e+05
6.479349724508648505e+05
6.496289623765517026e+05
6.511536606101337820e+05
6.525048766405909555e+05
6.537070847723940387e+05
6.548082096048390958e+05
6.558691109823490260e+05
6.569511204224877292e+05
6.581054530944774160e+05
6.593673325597865041e+05
6.607556350181198213e+05
6.622766497299533803e+05
6.639291039804557804e+05
6.657075124796564924e+05
6.676021631128152367e+05
6.695960175886901561e+05
6.716605545099473093e+05
6.737533210521993460e+05
6.758194027304127812e+05
6.777974947511291830e+05
6.796294948598818155e+05
6.812712828505611978e+05
6.827020125908977352e+05
6.839297550801486941e+05
6.849923017554389080e+05
6.859529324560042005e+05
6.868917421145488042e+05
6.878937259054649621e+05
6.890353682711058063e+05
6.903719831376534421e+05
6.919283192861451535e+05
6.936946725014735712e+05
6.956297473209289601e+05
6.976699146004091017e+05
6.997427847002127673e+05
7.017817816371970112e+05
7.037381447122924728e+05
7.055876142277605832e+05
7.073306710467051016e+05
7.089870178410776425e+05
7.105864147558901459e+05
7.121586240133845713e+05
7.137250063361820066e+05
7.152934678842053981e+05
7.168573627137781586e+05
7.183979932138725417e+05
7.198897598705324344e+05
7.213068248685919680e+05
7.226302210880779894e+05
7.238544326719256351e+05
7.249924397999894572e+05
7.260780873982871417e+05
7.271646282870777650e+05
7.283187001063526841e+05
7.296099790567966411e+05
7.310981507201987552e+05
7.328201439320166828e+05
7.347811280713740271e+05
7.369521027756264666e+05
7.392750401022983715e+05
7.416740999781247228e+05
7.440694328201948665e+05
7.463894170785117894e+05
7.485781898776936578e+05
7.505975603270904394e+05
7.524247901767601725e+05
7.540491488279720070e+05
7.554699675557158189e+05
7.566973310417872854e+05
7.577544704918107018e+05
7.586795024188319221e+05
7.595241497023670236e+05
7.603484753394179279e+05
7.612126994320594240e+05
