4.787563323124431772e+05
4.779783419776352239e+05
4.770165247989635100e+05
4.758753400441741105e+05
4.745768130286272499e+05
4.731574526831351104e+05
4.716630708730195765e+05
4.701423773195934482e+05
4.686405854442404234e+05
4.671941870750001981e+05
4.658275950327387545e+05
4.645517731269318610e+05
4.633645742929034750e+05
4.622524415877634892e+05
4.611933040468319668e+05
4.601606569974882295e+05
4.591287050156881451e+05
4.580780135037396685e+05
4.570005650529822451e+05
4.559027975354713853e+05
4.548053965302553261e+05
4.537393683644587873e+05
4.527389940930127050e+05
4.518332547646103194e+05
4.510378462474299013e+05
4.503497794833404478e+05
4.497458507628338411e+05
4.491852271087963600e+05
4.486153685457516694e+05
4.479798071206865134e+05
4.472260963087080745e+05
4.463125331057702424e+05
4.452128718235350680e+05
4.439189233571502846e+05
4.424413985531762592e+05
4.408094561813651235e+05
4.390691855134470388e+05
4.372808885278579546e+05
4.355147910291724256e+05
4.338448985005554860e+05
4.323411452958760201e+05
4.310606114013332990e+05
4.300391477490196121e+05
4.292850245604797383e+05
4.287760699279804248e+05
4.284612070208786754e+05
4.282664524667470832e+05
4.281045035184505396e+05
4.278862477417901973e+05
4.275320955534401583e+05
4.269811142428279272e+05
4.261965479722271557e+05
4.251672788660702063e+05
4.239058030332886847e+05
4.224440014322141651e+05
4.208281320985318162e+05
4.191140518634268665e+05
4.173629468352226540e+05
4.156372116937235696e+05
4.139959152667248854e+05
4.124896359997573891e+05
4.111551556986727519e+05
4.100111594401641050e+05
4.090562909424324171e+05
4.082704544424795895e+05
4.076192688941481174e+05
4.070604913919046521e+05
4.065505502322330722e+05
4.060494128712567617e+05
4.055228514111988479e+05
4.049423755232400727e+05
4.042841018134040060e+05
4.035281351898480207e+05
4.026595118407518603e+05
4.016706758960190928e+05
4.005643914428605349e+05
3.993554765125190024e+05
3.980700445385865751e+05
3.967418987126208958e+05
3.954068757119521033e+05
3.940967411116502481e+05
3.928343629593097721e+05
3.916313392938542529e+05
3.904883389202672988e+05
3.893975600066172774e+05
3.883462478119844454e+05
3.873202370303311618e+05
3.863068566630537389e+05
3.852969930144110695e+05
3.842864121239333763e+05
3.832764938954543322e+05
3.822743816234222031e+05
3.812923597882649046e+05
3.803462042313525453e+05
3.794523901334503898e+05
3.786243693519710796e+05
3.778685189453995554e+05
3.771806574263065704e+05
3.765440917808318627e+05
3.759299397635849309e+05
3.753000046806985047e+05
3.746118795765592367e+05
3.738253857488246285e+05
3.729090706792219426e+05
3.718454247407293878e+05
3.706337646952325595e+05
3.692903085265387199e+05
3.678456619077596115e+05
3.663405265829795389e+05
3.648207252340764971e+05
3.633325286730767111e+05
3.619188443349903682e+05
3.606162947801483679e+05
3.594528415358815691e+05
3.584455736444751965e+05
3.575985892153863679e+05
3.569013760409372626e+05
3.563284660230143927e+05
3.558411537859832752e+05
3.553916463242645259e+05
3.549292717420376721e+05
3.544076094065749203e+05
3.537909401275962591e+05
3.530584758914379054e+05
3.522054264133675606e+05
3.512408836635657353e+05
3.501834096013584640e+05
3.490557648915705504e+05
3.478802423806735314e+05
3.466756180447926745e+05
3.454560393797273864e+05
3.442315357694415725e+05
3.430094788164112833e+05
3.417962994537403574e+05
3.405989790830336278e+05
3.394260933422375238e+05
3.382883496664178674e+05
3.371985766724302084e+05
3.361710552528053522e+05
3.352200437119877897e+05
3.343574400629110169e+05
3.335897688359441818e+05
3.329150133985475986e+05
3.323201066478281282e+05
3.317799942531990819e+05
3.312589910717061721e+05
3.307146580177276628e+05
3.301037518332778127e+05
3.293891580135109834e+05
3.285463392370669171e+05
3.275678677907654201e+05
3.264650573667155695e+05
3.252664083852337208e+05
3.240132881262385054e+05
3.227537625838233507e+05
3.215356752636270830e+05
3.203999667137005017e+05
3.193749880112162209e+05
3.184723403646610095e+05
3.176846619836557657e+05
3.169857586778846453e+05
3.163334150224217447e+05
3.156749846864871215e+05
3.149553749013370252e+05
3.141263919059783802e+05
3.131558249465599074e+05
3.120343894937030273e+05
3.107789096120062750e+05
3.094308785110528115e+05
3.080505665469078231e+05
3.067078078715293086e+05
3.054712010246720165e+05
3.043975917305773473e+05
3.035234503415360814e+05
3.028592996480029542e+05
3.023878535791526665e+05
3.020660499883658485e+05
3.018306706537617720e+05
3.016067139729071641e+05
3.013171874221612234e+05
3.008926815953159821e+05
3.002791488158273860e+05
2.994427964126705192e+05
2.983717910830235342e+05
2.970752765099427197e+05
2.955807239253708394e+05
2.939306772895077593e+05
2.921795449411225854e+05
2.903904520393638522e+05
2.886316258124165470e+05
2.869716194789129077e+05
2.854730104372833739e+05
2.841849395134155639e+05
2.831357117302761762e+05
2.823272918774244608e+05
2.817335890225017210e+05
2.813037991691279458e+05
2.809708736205807654e+05
2.806637317614387139e+05
2.803205850136537920e+05
2.799000933087049052e+05
2.793872776366216131e+05
2.787921640530301374e+05
2.781408087764977827e+05
2.774602668163319468e+05
2.767607750201154849e+05
2.760195129589822027e+05
2.751704724597047898e+05
2.741040597651039716e+05
2.726781367557017365e+05
2.707395937992128311e+05
2.681527957726505701e+05
2.648290714116520248e+05
2.607505176371503912e+05
2.559821958301058330e+05
2.506692659782129049e+05
2.450191534308744885e+05
2.392724774008352833e+05
2.336691060793038923e+05
2.284165581910289475e+05
2.236668604393785936e+05
2.195053678380644997e+05
2.159518836762024148e+05
2.129716758286362747e+05
2.104923768998152227e+05
2.084224784041143139e+05
2.066679182400095742e+05
2.051445953205258120e+05
2.037860074489229883e+05
2.025462613859398698e+05
2.013993344364954391e+05
2.003357219802069594e+05
1.993575961610719678e+05
1.984734356014216901e+05
1.976928511537013692e+05
1.970221003891532309e+05
1.964606120232892281e+05
1.959987582365617563e+05
1.956170943678248441e+05
1.952872591753219604e+05
1.949746082847090147e+05
1.946423922119682247e+05
1.942569234214712924e+05
1.937928209665970935e+05
1.932372291902230354e+05
1.925919971504192217e+05
1.918732015831039171e+05
1.911080067478487035e+05
1.903295012345702853e+05
1.895706347659313178e+05
1.888585492475102656e+05
1.882104155713668442e+05
1.876314280973713030e+05
1.871150374022844480e+05
1.866450072700079763e+05
1.861986033676804509e+05
1.857501984826591797e+05
1.852747470347414201e+05
1.847508106853156351e+05
1.841629842760091997e+05
1.835036226790646906e+05
1.827737403190846089e+05
1.819829403590187721e+05
1.811483142469924060e+05
1.802924451985289343e+05
1.794408701835874817e+05
1.786194756461113575e+05
1.778522308126522694e+05
1.771594156837473274e+05
1.765562115525948757e+05
1.760513690986454021e+05
1.756457664517652011e+05
1.753309831299508223e+05
1.750883683626133716e+05
1.748892507034403970e+05
1.746967834752814088e+05
1.744694838751677598e+05
1.741659955838456808e+05
1.737502262686692411e+05
1.731959377239825844e+05
1.724900909777136403e+05
1.716346245763913030e+05
1.706466812886557018e+05
1.695574706519499887e+05
1.684099551654672832e+05
1.672554684679697675e+05
1.661493349362790177e+05
1.651456379900204483e+05
1.642914753711035883e+05
1.636212721981584618e+05
1.631518995281281532e+05
1.628793898011554847e+05
1.627779189119811927e+05
1.628014530675113492e+05
1.628880848276167526e+05
1.629666692951275036e+05
1.629649847218944342e+05
1.628183485242030001e+05
1.624774830325772346e+05
1.619144928131358174e+05
1.611260983061373699e+05
1.601337247603324940e+05
1.589805704380168754e+05
1.577262430728623876e+05
1.564398452828277659e+05
1.551924591049014998e+05
1.540498620924307033e+05
1.530661002940363251e+05
1.522783544817360525e+05
1.517034267211995902e+05
1.513361328803021170e+05
1.511498434954121476e+05
1.510992917618653446e+05
1.511255266914491076e+05
1.511625630536752578e+05
1.511449546880311682e+05
1.510152967058680370e+05
1.507306185892815993e+05
1.502667828580379719e+05
1.496203178748953214e+05
1.488075214555624407e+05
1.478610998888460454e+05
1.468249870764029620e+05
1.457482606279029569e+05
1.446791810678463371e+05
1.436602854808483389e+05
1.427251628426341340e+05
1.418970814043486898e+05
1.411891521693913091e+05
1.406053558498139319e+05
1.401416662269180815e+05
1.397867118267512415e+05
1.395218503631525091e+05
1.393210113574654679e+05
1.391509930767620681e+05
1.389729402666801179e+05
1.387454503180822649e+05
1.384292440935379418e+05
1.379927577600702934e+05
1.374175492742097413e+05
1.367022227496688138e+05
1.358637417336203798e+05
1.349355201420501107e+05
1.339624349462456885e+05
1.329936956250549993e+05
1.320750885158379097e+05
1.312422842565382307e+05
1.305165720788184990e+05
1.299036595522941352e+05
1.293953015200833033e+05
1.289728129520726216e+05
1.286112244061999227e+05
1.282830236301541154e+05
1.279609509646056977e+05
1.276198995321950060e+05
1.272383347210980282e+05
1.267996499468818802e+05
1.262935753440713743e+05
1.257173661130325636e+05
1.250762625927090994e+05
1.243827792269677157e+05
1.236547193029715272e+05
1.229122577303641447e+05
1.221747708718231443e+05
1.214581720100862876e+05
1.207733150667688897e+05
1.201256604572767974e+05
1.195160138155358436e+05
1.189418861560878868e+05
1.183989457024167350e+05
1.178821234902842552e+05
1.173861364452057169e+05
1.169054312180943380e+05
1.164337671191433183e+05
1.159637962738628412e+05
1.154870229859933461e+05
1.149944101781992067e+05
1.144776644480419782e+05
1.139309402801498945e+05
1.133524666798302933e+05
1.127455236905063794e+05
1.121183347098182712e+05
1.114827558705406846e+05
1.108520177269978449e+05
1.102380612222585478e+05
1.096491055024571542e+05
1.090879745597873116e+05
1.085514655010085262e+05
1.080307775043524452e+05
1.075128308104327880e+05
1.069822206290303729e+05
1.064235398861680442e+05
1.058238082089365053e+05
1.051747224824153673e+05
1.044744038031205419e+05
1.037283046826249047e+05
1.029490134208732343e+05
1.021548703470184410e+05
1.013675585259968211e+05
1.006090703354696598e+05
9.989859447588621697e+04
9.924986485154976253e+04
9.866937357546006388e+04
9.815563862637613784e+04
9.769951361287245527e+04
9.728538895625885925e+04
9.689306804648993420e+04
9.650007598563935608e+04
9.608413403881486738e+04
9.562550054530447233e+04
9.510886832617265463e+04
9.452456441114428162e+04
9.386893986898804724e+04
9.314403277394824545e+04
9.235675858717583469e+04
9.151794930327864131e+04
9.064149130596870964e+04
8.974363747696112841e+04
8.884238014079358254e+04
8.795666222502084565e+04
8.710522624567145249e+04
8.630504080781989614e+04
8.556943617146782344e+04
8.490624216978336335e+04
8.431629380382181262e+04
8.379263583611407375e+04
8.332064214462434757e+04
8.287911450535868062e+04
8.244228277328294644e+04
8.198251907777205633e+04
8.147350414773632656e+04
8.089352988622779958e+04
8.022857349220948527e+04
7.947473345341579989e+04
7.863959703985181113e+04
7.774215014731786505e+04
7.681098131458413263e+04
7.588078711029642727e+04
7.498752818109490909e+04
7.416294004069358925e+04
7.342936622344719945e+04
7.279595326836641470e+04
7.225706865661352640e+04
7.179338597005986958e+04
7.137551344970060745e+04
7.096946441557076469e+04
7.054283502872071404e+04
7.007038647416840831e+04
6.953787397852176218e+04
6.894338961043085146e+04
6.829608383906132076e+04
6.761275619643922255e+04
6.691330831868576934e+04
6.621631229243964481e+04
6.553589546484821039e+04
6.488077891487447050e+04
6.425570248510085366e+04
6.366476164271085872e+04
6.311554817888983234e+04
6.262260529975654936e+04
6.220870676855527563e+04
6.190288919349677599e+04
6.173493925123054214e+04
6.172700023765327933e+04
6.188388980029903905e+04
6.218437488061598560e+04
6.257583230855051806e+04
6.297432491970975389e+04
6.327116219192823337e+04
6.334565457175323536e+04
6.308230224218140211e+04
6.238944097649562900e+04
6.121573603948341770e+04
5.956108331510934659e+04
5.747946103872730600e+04
5.507287388257640850e+04
5.247736976745468564e+04
4.984374353555278503e+04
4.731657924220411223e+04
4.501549586115135753e+04
4.302184174741445895e+04
4.137283276826269866e+04
4.006358530618825171e+04
3.905602558079127630e+04
3.829255604964686063e+04
3.771178702754886035e+04
3.726360758741669997e+04
3.692126851554511086e+04
3.668881614336255734e+04
3.660298262008057645e+04
3.672938187975896290e+04
3.715352113742568326e+04
3.796771270996133535e+04
3.925548380302294390e+04
4.107553533021284238e+04
4.344763546498381038e+04
4.634291874593129614e+04
4.968073556147266208e+04
5.333335111933793814e+04
5.713846377202131407e+04
6.091792962942059239e+04
6.449963361103970237e+04
6.773856883194029797e+04
7.053319251666114724e+04
7.283408594394935062e+04
7.464363565577226109e+04
7.600742511155035754e+04
7.699975314607763721e+04
7.770674051351357775e+04
7.821062771720396995e+04
7.857814963536991854e+04
7.885456562915557879e+04
7.906342691547877621e+04
7.921088014907608158e+04
7.929253467489100876e+04
7.930077950435872481e+04
7.923085016254101356e+04
7.908469123751913139e+04
7.887245189914385264e+04
7.861204200433287770e+04
7.832743652383214794e+04
7.804636281237829826e+04
7.779777147434200742e+04
7.760925298328671488e+04
7.750445488189943717e+04
7.750061807451266213e+04
7.760652071248076390e+04
7.782126594058437331e+04
7.813435120683493733e+04
7.852725552495846932e+04
7.897641799800445733e+04
7.945707853084207454e+04
7.994716176329633163e+04
8.043032544080459047e+04
8.089750096997153014e+04
8.134666857232977054e+04
8.178110193352882925e+04
8.220673102989526524e+04
8.262947606721945340e+04
8.305333701464657497e+04
8.347970761341275647e+04
8.390792843731984613e+04
8.433665861787229369e+04
8.476538413841022702e+04
8.519538435369916260e+04
8.562973950929252896e+04
8.607237219471106073e+04
8.652650954006220854e+04
8.699317781637379085e+04
8.747032057431396970e+04
8.795289270824185223e+04
8.843393499143676308e+04
8.890631179312337190e+04
8.936460103848406288e+04
8.980659716824414500e+04
9.023400222254403343e+04
9.065208459433284588e+04
9.106832705329879536e+04
9.149032512510375818e+04
9.192339892759092618e+04
9.236850543034099974e+04
9.282103883214812959e+04
9.327095409529893368e+04
9.370435262852084998e+04
9.410629297533661884e+04
9.446423761768602708e+04
9.477133051672999864e+04
9.502869474010949489e+04
9.524615774558148405e+04
9.544119702346032136e+04
9.563634293658276147e+04
9.585565121481180540e+04
9.612105406240792945e+04
9.644935668376783724e+04
9.685038110982703802e+04
9.732636718081425352e+04
9.787237125876077334e+04
9.847720484492252581e+04
9.912450577768930816e+04
9.979379446429379459e+04
1.004616852417782648e+05
1.011036032993531844e+05
1.016962645068741404e+05
1.022208153839250444e+05
1.026660652305337571e+05
1.030309165371681593e+05
1.033251148337028862e+05
1.035678433306541556e+05
1.037843417415659351e+05
1.040013685720532521e+05
1.042426895682679024e+05
1.045257234526954708e+05
1.048600507168824115e+05
1.052478793152244180e+05
1.056859986537828227e+05
1.061684198382678442e+05
1.066888572292974568e+05
1.072424007802414417e+05
1.078260452968272439e+05
1.084380691855601472e+05
1.090765227237145591e+05
1.097372724783651647e+05
1.104121542952221935e+05
1.110878063203380007e+05
1.117456653126030433e+05
1.123633965877257579e+05
1.129177063764261547e+05
1.133881235435420676e+05
1.137610433504406537e+05
1.140332022967470984e+05
1.142138457848710386e+05
1.143251206563362357e+05
1.144005685188893549e+05
1.144819009371723223e+05
1.146144426244250208e+05
1.148417450786341506e+05
1.151999546141114843e+05
1.157126029763098195e+05
1.163865538611257653e+05
1.172098110242039256e+05
1.181517027946757735e+05
1.191655995355640771e+05
1.201938805907087808e+05
1.211744842037905910e+05
1.220481641051181068e+05
1.227655695933550014e+05
1.232933948153953534e+05
1.236189946861381904e+05
1.237529601282867807e+05
1.237291939984940545e+05
1.236021259557025478e+05
1.234409648771638313e+05
1.233213600773389335e+05
1.233154522075257555e+05
1.234818499177734193e+05
1.238573368338724977e+05
1.244519291686328361e+05
1.252482545414262713e+05
1.262052707783440128e+05
1.272653757575238269e+05
1.283632769175821013e+05
1.294347924508764409e+05
1.304240703777939780e+05
1.312883816097708186e+05
1.320004011472078273e+05
1.325484684034766688e+05
1.329355502599591273e+05
1.331775206702434516e+05
1.333010677593794535e+05
1.333412547555791098e+05
1.333386569257552328e+05
1.333361068925080763e+05
1.333753064595817414e+05
1.334937438244172954e+05
1.337223715337756148e+05
1.340843462546734081e+05
1.345949087163715158e+05
1.352623262657688756e+05
1.360898012070094119e+05
1.370783137315930799e+05
1.382303706686076475e+05
1.395544223408135003e+05
1.410692550073979073e+05
1.428071089784876385e+05
1.448139042491401196e+05
1.471450961282233766e+05
1.498565167952097254e+05
1.529910000148407416e+05
1.565632472375839134e+05
1.605466811724618892e+05
1.648663610722876620e+05
1.694010719147698255e+05
1.739955571906383848e+05
1.784811178055803757e+05
1.827003203481300443e+05
1.865302020051110012e+05
1.898986285346879449e+05
1.927902936151367321e+05
1.952416314610939007e+05
1.973267306003500707e+05
1.991383171620711510e+05
2.007685208505011979e+05
2.022934526044662343e+05
2.037640422930166533e+05
2.052037309720490885e+05
2.066120386882334133e+05
2.079720513718607544e+05
2.092595412982731359e+05
2.104516279300096794e+05
2.115334102451031213e+05
2.125016864519245864e+05
2.133655894966880151e+05
2.141445968162153149e+05
2.148648201938534039e+05
2.155546702564125299e+05
2.162409004674502066e+05
2.169457257001521357e+05
2.176853032008170558e+05
2.184694977071771282e+05
2.193026249958065164e+05
2.201848004589563934e+05
2.211135624013904890e+05
2.220855133823769283e+05
2.230977635584742238e+05
2.241489518711133278e+05
2.252395984218986996e+05
2.263715661696690076e+05
2.275465364028723561e+05
2.287636443396003160e+05
2.300167333353883878e+05
2.312919670320432051e+05
2.325666611241111823e+05
2.338100598329291970e+05
2.349863684867678385e+05
2.360597562546612753e+05
2.370004471951138403e+05
2.377906309997418139e+05
2.384288883560321992e+05
2.389321511313728697e+05
2.393347830322183145e+05
2.396849765355525597e+05
2.400391359096231754e+05
2.404551588173812779e+05
2.409855505891670764e+05
2.416711884882212617e+05
2.425363938482125814e+05
2.435858256656032754e+05
2.448035812808725750e+05
2.461547379800401395e+05
2.475893467535960081e+05
2.490485770623540157e+05
2.504723383912831778e+05
2.518073475262660941e+05
2.530143750826080504e+05
2.540733919647348230e+05
2.549856068355996977e+05
2.557719295167709643e+05
2.564681181371518760e+05
2.571176006701571459e+05
2.577634984650055121e+05
2.584415413233584841e+05
2.591752708921020094e+05
2.599742541222624714e+05
2.608351939491004159e+05
2.617451276997222740e+05
2.626855881243734038e+05
2.636367334963349858e+05
2.645808798803207465e+05
2.655053004643605091e+05
2.664043357316640322e+05
2.672807198628926999e+05
2.681457491523625213e+05
2.690178027352445060e+05
2.699190006115121651e+05
2.708704225053847185e+05
2.718870172631092719e+05
2.729737011673918460e+05
2.741239054372682003e+05
2.753210292348185903e+05
2.765422290710745146e+05
2.777631926266635419e+05
2.789623417586301803e+05
2.801233321765490691e+05
2.812355247502725106e+05
2.822929150832814048e+05
2.832924964865304646e+05
2.842330539528816007e+05
2.851150059852491831e+05
2.859413279606787255e+05
2.867190446295471629e+05
2.874604659810027806e+05
2.881833625861334149e+05
2.889096222627425450e+05
2.896624770695805200e+05
2.904629369249853771e+05
2.913263994125594036e+05
2.922603835854569334e+05
2.932639601564981276e+05
2.943288762266833801e+05
2.954418441165315453e+05
2.965872004508327809e+05
2.977492302345815697e+05
2.989138032738474431e+05
3.000693735042718472e+05
3.012076233422947698e+05
3.023239856754025095e+05
3.034180089049384114e+05
3.044932453757871408e+05
3.055562623082657810e+05
3.066146093445995357e+05
3.076740556557199452e+05
3.087358998059225269e+05
3.097953801877661608e+05
3.108419983273307444e+05
3.118619414617373259e+05
3.128419901240527397e+05
3.137736611391362385e+05
3.146561556792348856e+05
3.154970596474669874e+05
3.163105468546342454e+05
3.171137489457072224e+05
3.179226153676267131e+05
3.187487315714524593e+05
3.195981456970912986e+05
3.204724534693619353e+05
3.213715360776794842e+05
3.222967694875494344e+05
3.232534234150814591e+05
3.242513330267696874e+05
3.253035641607972793e+05
3.264234387045633048e+05
3.276207298422086169e+05
3.288979955363291083e+05
3.302479314562748768e+05
3.316523811100560706e+05
3.330833120070141740e+05
3.345056857751120115e+05
3.358817491060430766e+05
3.371759268264762941e+05
3.383593288197604124e+05
3.394129940349103999e+05
3.403293931496968144e+05
3.411122619230475975e+05
3.417753103242313955e+05
3.423405399099228089e+05
3.428367341667760629e+05
3.432982753354567685e+05
3.437640165875441162e+05
3.442757188236073707e+05
3.448756381500363932e+05
3.456031554436107981e+05
3.464907094723656774e+05
3.475595773161360994e+05
3.488161757475515478e+05
3.502495583604655694e+05
3.518307052226497326e+05
3.535140552130754804e+05
3.552414758889434161e+05
3.569484636950960266e+05
3.585718556781479274e+05
3.600578540436695330e+05
3.613689136094370624e+05
3.624881673712005722e+05
3.634205732521780301e+05
3.641907010426663910e+05
3.648377966524922522e+05
3.654092404641751782e+05
3.659536572072198614e+05
3.665147787344381795e+05
3.671268421622631722e+05
3.678119635121698957e+05
3.685796387573914253e+05
3.694282884841616033e+05
3.703485312330558663e+05
3.713276057444459293e+05
3.723540820878933882e+05
3.734217941345370491e+05
3.745319204097299371e+05
3.756924456388911349e+05
3.769148671368196956e+05
3.782088435086036334e+05
3.795762600395414629e+05
3.810065939149828046e+05
3.824752683686003438e+05
3.839458595740671735e+05
3.853757996636776370e+05
3.867240433670047205e+05
3.879585041330468957e+05
3.890612030210726662e+05
3.900299612411644775e+05
3.908767269012838369e+05
3.916237202607725631e+05
3.922990661173909320e+05
3.929333154178958503e+05
3.935574523095064797e+05
3.942020742777331034e+05
3.948968541266930988e+05
3.956693683819219586e+05
3.965428487352987868e+05
3.975331091385568725e+05
3.986454895368001889e+05
3.998728946550757973e+05
4.011958139701086329e+05
4.025846692819876480e+05
4.040041398145020939e+05
4.054184944709978299e+05
4.067966283491396462e+05
4.081155854231722769e+05
4.093618469591574394e+05
4.105304168424770469e+05
4.116224659437165828e+05
4.126427193444629665e+05
4.135977079317645403e+05
4.144954873883560649e+05
4.153466792813233333e+05
4.161660337093421840e+05
4.169734220612873905e+05
4.177933442793375580e+05
4.186525817095443490e+05
4.195763126699083950e+05
4.205835773588679731e+05
4.216832512337810476e+05
4.228716048111028504e+05
4.241321514229063177e+05
4.254379424046184868e+05
4.267559106847454095e+05
4.280524172761930968e+05
4.292989057389613008e+05
4.304765522188058821e+05
4.315790030213443679e+05
4.326126733211467508e+05
4.335945704914589296e+05
4.345481157177646528e+05
4.354978658456222038e+05
4.364642804935794557e+05
4.374596610900172964e+05
4.384860963770372327e+05
4.395357586065719952e+05
4.405933558713287930e+05
4.416401249507071916e+05
4.426585506583438255e+05
4.436370140753829037e+05
4.445736956124673015e+05
4.454791603623123956e+05
4.463770794549427228e+05
4.473025649733718601e+05
4.482977760393501376e+05
4.494049183607924497e+05
4.506574857243415317e+05
4.520713618604320218e+05
4.536378794216868700e+05
4.553208317012307234e+05
4.570586745882538962e+05
4.587719382307421183e+05
4.603745868702136795e+05
4.617871424610094400e+05
4.629490867459267029e+05
4.638283897488669027e+05
4.644267735005922732e+05
4.647802091415405739e+05
4.649549147066283040e+05
4.650396565770469606e+05
4.651354775529017206e+05
4.653441561427866109e+05
4.657567976262374432e+05
4.664439509197963052e+05
4.674484678694476606e+05
4.687819181023771525e+05
4.704247698764501256e+05
4.723298813483581762e+05
4.744283232360210386e+05
4.766363567334064282e+05
4.788625817544198944e+05
4.810147397845135420e+05
4.830061548773596296e+05
4.847620534281763248e+05
4.862258618740116362e+05
4.873650950671914616e+05
4.881758732577025658e+05
4.886847868398595601e+05
4.889470257001610589e+05
4.890404366870629601e+05
4.890562336016534246e+05
4.890880490089786472e+05
4.892214849387647700e+05
4.895260869462261326e+05
4.900508275887477794e+05
4.908230924929575995e+05
4.918502586252636393e+05
4.931225685891811736e+05
4.946162023770951782e+05
4.962960192885869183e+05
4.981180305278488086e+05
5.000319611748019815e+05
5.019841729034206364e+05
5.039208910947295371e+05
5.057913850166458287e+05
5.075507036592985969e+05
5.091617919403786073e+05
5.105971203571881051e+05
5.118401060585327796e+05
5.128864492086896207e+05
5.137451397375555243e+05
5.144385643794070347e+05
5.150011240764183458e+05
5.154761411771971034e+05
5.159114314029255765e+05
5.163544206359855598e+05
5.168478267592407065e+05
5.174266399746075622e+05
5.181166048339371337e+05
5.189339390319524682e+05
5.198858476176469121e+05
5.209715203886021045e+05
5.221835403808775591e+05
5.235097284246897325e+05
5.249352770618021023e+05
5.264446898104364518e+05
5.280228125796670793e+05
5.296543843147272710e+05
5.313221011391365901e+05
