4.089846248158298549e+05
4.082748038893085904e+05
4.075792488084959332e+05
4.068820333279095939e+05
4.061635035838133190e+05
4.054044239972027717e+05
4.045897820583991124e+05
4.037109698376842425e+05
4.027657381386377965e+05
4.017562908587289858e+05
4.006867066033243900e+05
3.995611505018349271e+05
3.983839294254336855e+05
3.971615251910814550e+05
3.959057226106950548e+05
3.946362840979984612e+05
3.933816038685453241e+05
3.921764200451126671e+05
3.910567184589965618e+05
3.900530164426662959e+05
3.891838666159521090e+05
3.884514297620269936e+05
3.878403396173674264e+05
3.873200661753881141e+05
3.868499635408026516e+05
3.863855367140061571e+05
3.858843892763471231e+05
3.853107820566726732e+05
3.846384745417755330e+05
3.838521673540149932e+05
3.829481236065338016e+05
3.819343484331967775e+05
3.808302330497590592e+05
3.796651597795210546e+05
3.784755225203513401e+05
3.773000419981820742e+05
3.761739748585777124e+05
3.751234703954184661e+05
3.741615592304050224e+05
3.732868976181659382e+05
3.724855559777918970e+05
3.717351744369882508e+05
3.710101123942846316e+05
3.702860620188594330e+05
3.695430022434075363e+05
3.687661339081385522e+05
3.679452334819673561e+05
3.670733927526429179e+05
3.661462072005114169e+05
3.651621366324076662e+05
3.641241317096600542e+05
3.630419293637583614e+05
3.619339182433193200e+05
3.608273620730316034e+05
3.597561280955193797e+05
3.587558213987179333e+05
3.578571355017584283e+05
3.570789670500629582e+05
3.564231165123645915e+05
3.558720823410460725e+05
3.553906586993259261e+05
3.549310591186042875e+05
3.544404545385105885e+05
3.538693745222887956e+05
3.531794217208600603e+05
3.523490659209875739e+05
3.513767246822095476e+05
3.502807660418045707e+05
3.490964556895557907e+05
3.478702579000882106e+05
3.466523127361943480e+05
3.454882982464921661e+05
3.444121184149147011e+05
3.434408050284531782e+05
3.425726341536379769e+05
3.417888055869079544e+05
3.410582818687500549e+05
3.403447254185244674e+05
3.396140621888473979e+05
3.388411178903519758e+05
3.380140222460674704e+05
3.371355987009429955e+05
3.362216402915776125e+05
3.352966640266955364e+05
3.343882649283187347e+05
3.335214125642056460e+05
3.327138859917253139e+05
3.319735865544225089e+05
3.312978725160165341e+05
3.306745446887376020e+05
3.300838538755270420e+05
3.295009523151644971e+05
3.288984794943109737e+05
3.282492663860698231e+05
3.275292702125126962e+05
3.267207241434963653e+05
3.258151651930185035e+05
3.248156759575221222e+05
3.237375582847387413e+05
3.226068801933476934e+05
3.214568708260245039e+05
3.203227947035703110e+05
3.192364552970471559e+05
3.182216436115777469e+05
3.172915854153819382e+05
3.164488443918471457e+05
3.156874221162662143e+05
3.149962020596783259e+05
3.143625932475873269e+05
3.137753020542992163e+05
3.132255398359063547e+05
3.127065180987627245e+05
3.122116209669521777e+05
3.117320280601307168e+05
3.112546977628829773e+05
3.107614920316985226e+05
3.102298799378412077e+05
3.096352009292728617e+05
3.089540272454345832e+05
3.081678558435145533e+05
3.072662612324348884e+05
3.062487684389421484e+05
3.051250120063744835e+05
3.039131362109937472e+05
3.026367517346339300e+05
3.013210059153100592e+05
2.999884108248543926e+05
2.986550288169818814e+05
2.973275019840322202e+05
2.960012953912167577e+05
2.946604337711142143e+05
2.932789256254158681e+05
2.918239304428250762e+05
2.902604853752441704e+05
2.885572739406765904e+05
2.866925748702292913e+05
2.846593122568170074e+05
2.824681687777076149e+05
2.801480703614442027e+05
2.777439259544853703e+05
2.753121228607944213e+05
2.729147158736200654e+05
2.706133563190044370e+05
2.684637813036295702e+05
2.665112733354684315e+05
2.647871350452093175e+05
2.633060916751874611e+05
2.620646801707155246e+05
2.610409796271461528e+05
2.601962467372002429e+05
2.594789253708970791e+05
2.588310302824583196e+05
2.581961880449799355e+05
2.575279298822427227e+05
2.567964714381518424e+05
2.559923716472071828e+05
2.551261315775146359e+05
2.542237833041128179e+05
2.533195311253169784e+05
2.524472453883442504e+05
2.516328640705000726e+05
2.508894585720092873e+05
2.502159480797158903e+05
2.495994148131255351e+05
2.490199802378242603e+05
2.484565561652193428e+05
2.478916948336642236e+05
2.473142528499392211e+05
2.467194644014819933e+05
2.461069468030027638e+05
2.454777831286867731e+05
2.448319347686000401e+05
2.441668585857905855e+05
2.434775737850623555e+05
2.427578538981997699e+05
2.420019355691219098e+05
2.412061777285496064e+05
2.403703379824828589e+05
2.394983597516826994e+05
2.385986555806753749e+05
2.376838402258732822e+05
2.367698281530586828e+05
2.358742786641051061e+05
2.350145616562343203e+05
2.342056229137595801e+05
2.334582036058446101e+05
2.327777414634452143e+05
2.321640151457924512e+05
2.316113510684476933e+05
2.311091385640996450e+05
2.306425158114224905e+05
2.301932769825147407e+05
2.297411421101309534e+05
2.292654359469103510e+05
2.287470009148383106e+05
2.281699892736632028e+05
2.275231890200741764e+05
2.268007506331350887e+05
2.260024590802809980e+05
2.251338409280566848e+05
2.242062953873212100e+05
2.232371443493239640e+05
2.222492038552714803e+05
2.212693993127856229e+05
2.203261730979629792e+05
2.194458829553624091e+05
2.186488518776860437e+05
2.179459862388728652e+05
2.173368162217890203e+05
2.168094672587597452e+05
2.163425877022092463e+05
2.159088037597315270e+05
2.154789664688675257e+05
2.150263434803052805e+05
2.145299843481457792e+05
2.139767219636779046e+05
2.133616198268047592e+05
2.126870624402275716e+05
2.119610062612742477e+05
2.111950434032315970e+05
2.104028107843381003e+05
2.095989419975754863e+05
2.087983627536874264e+05
2.080154820684996666e+05
2.072628821779607679e+05
2.065494594207169139e+05
2.058784442028869817e+05
2.052460682793947344e+05
2.046416382504295616e+05
2.040493709088341275e+05
2.034517058379114314e+05
2.028332162029841274e+05
2.021839573709614342e+05
2.015012479786397307e+05
2.007893987740394077e+05
2.000575748007135699e+05
1.993165439669891202e+05
1.985753484346032492e+05
1.978388786663595529e+05
1.971069935205401853e+05
1.963753417704699095e+05
1.956375465030422492e+05
1.948880429083451745e+05
1.941247038727161125e+05
1.933504834631470731e+05
1.925736215563111473e+05
1.918063778501040651e+05
1.910626547226418043e+05
1.903550998506183969e+05
1.896923031967668212e+05
1.890765689281059313e+05
1.885025624074370135e+05
1.879570045566202025e+05
1.874195335570986208e+05
1.868648144006343791e+05
1.862658548495847790e+05
1.855982338758528640e+05
1.848446169306267693e+05
1.839986586915566295e+05
1.830673292991833296e+05
1.820709242226647621e+05
1.810404933005532948e+05
1.800130142755132401e+05
1.790251681202473701e+05
1.781069088058807247e+05
1.772760907910745882e+05
1.765352247872037115e+05
1.758710256254971900e+05
1.752568741964247893e+05
1.746577397048446001e+05
1.740366164833548828e+05
1.733612360576801875e+05
1.726097981320075633e+05
1.717747324905895512e+05
1.708639866117948259e+05
1.698999008817438153e+05
1.689162361070491315e+05
1.679542303668736131e+05
1.670586064803893969e+05
1.662742107032737986e+05
1.656434896351816715e+05
1.652044332077817817e+05
1.649881242649795895e+05
1.650148687823832443e+05
1.652882181973374099e+05
1.657870740875153278e+05
1.664573016353813582e+05
1.672054656361843518e+05
1.678979153779980843e+05
1.683680288541326590e+05
1.684328183979318710e+05
1.679175741645488597e+05
1.666844879718241864e+05
1.646592032986066770e+05
1.618488160957983928e+05
1.583463754842425697e+05
1.543200904232482135e+05
1.499892965912611980e+05
1.455925378783810302e+05
1.413548100636041490e+05
1.374606342953588173e+05
1.340374598116621491e+05
1.311508124953421648e+05
1.288096789381576818e+05
1.269786866988245456e+05
1.255930559384887456e+05
1.245728853150128853e+05
1.238345976537956303e+05
1.232987482249958994e+05
1.228944783303243166e+05
1.225614990233047283e+05
1.222506331125735887e+05
1.219237583182277012e+05
1.215536405209446675e+05
1.211237678709022148e+05
1.206280076300975343e+05
1.200697834765250882e+05
1.194605365373489767e+05
1.188174506167974905e+05
1.181606943549517455e+05
1.175106373919945909e+05
1.168855366369460826e+05
1.163000374213715259e+05
1.157645543109847931e+05
1.152853075490228657e+05
1.148646149522442138e+05
1.145010442121988308e+05
1.141892079728471872e+05
1.139192592159471387e+05
1.136764126718398475e+05
1.134409813121264742e+05
1.131894093398103432e+05
1.128965829394910397e+05
1.125393379433059454e+05
1.121006456325919862e+05
1.115735768885480502e+05
1.109639685769529315e+05
1.102908539823770261e+05
1.095841872448452632e+05
1.088800842496365804e+05
1.082145128634475695e+05
1.076168561863074865e+05
1.071048652686518035e+05
1.066821653001746454e+05
1.063387867053194495e+05
1.060543794473977323e+05
1.058030897950604995e+05
1.055587356394916569e+05
1.052989941677150782e+05
1.050077618871145096e+05
1.046754966077068821e+05
1.042979845493618195e+05
1.038743915666571265e+05
1.034055363994548243e+05
1.028930668516315345e+05
1.023397451151160203e+05
1.017505462193916901e+05
1.011339321663994633e+05
1.005025969645201258e+05
9.987318176459764072e+04
9.926482680836558575e+04
9.869680185593788337e+04
9.818570769478812872e+04
9.774281264998517872e+04
9.737200626982255199e+04
9.706869144349172711e+04
9.681976800213447132e+04
9.660472185134059691e+04
9.639772252508928068e+04
9.617053074772973196e+04
9.589591603290941566e+04
9.555119115576433251e+04
9.512140729830563942e+04
9.460174337282351917e+04
9.399868054761536769e+04
9.332968426231948251e+04
9.262131707198583172e+04
9.190595714843737369e+04
9.121755692918704881e+04
9.058708028092089808e+04
9.003833775463693019e+04
8.958486044775974005e+04
8.922823242668162857e+04
8.895801526217442006e+04
8.875314501669052697e+04
8.858453262598517176e+04
8.841855693398315634e+04
8.822114484051754698e+04
8.796210419673818978e+04
8.761927189379013726e+04
8.718189920081329183e+04
8.665262004036481085e+04
8.604744215595912829e+04
8.539350905417904141e+04
8.472484491641243221e+04
8.407677615860215155e+04
8.348006318484956864e+04
8.295586555820099602e+04
8.251248453067278024e+04
8.214444355814318988e+04
8.183398973068702617e+04
8.155463765504016192e+04
8.127601773770872387e+04
8.096908810765255475e+04
8.061075179943500552e+04
8.018708885795944661e+04
7.969473275259824004e+04
7.914032057280550362e+04
7.853833085535764985e+04
7.790789947353301977e+04
7.726931669492108631e+04
7.664085494700822164e+04
7.603640240510435251e+04
7.546415041614601796e+04
7.492636528701119823e+04
7.442010549250034092e+04
7.393863604355198913e+04
7.347323689861636376e+04
7.301508910643533454e+04
7.255693889398548345e+04
7.209427973201192799e+04
7.162585680884073372e+04
7.115339477055604220e+04
7.068058398085145745e+04
7.021152461743120512e+04
6.974898869994068809e+04
6.929296230814463343e+04
6.883991624016335118e+04
6.838309468677791301e+04
6.791383396544662537e+04
6.742360859746823553e+04
6.690625945189376944e+04
6.635977942826249637e+04
6.578714793022820959e+04
6.519597401443409035e+04
6.459703296880121343e+04
6.400205409983444406e+04
6.342126360809941252e+04
6.286118818471269333e+04
6.232311779676608421e+04
6.180247013409401552e+04
6.128914518522382423e+04
6.076882733937825833e+04
6.022507786453580047e+04
5.964194969035832037e+04
5.900675276978039619e+04
5.831253018282885751e+04
5.755981201722476544e+04
5.675731995340255526e+04
5.592148753196952021e+04
5.507488841888369643e+04
5.424386004251684062e+04
5.345571954716043547e+04
5.273597654706821049e+04
5.210587455456833413e+04
5.158048356141459226e+04
5.116746185498694831e+04
5.086653012138706981e+04
5.066965905537545768e+04
5.056195207818406925e+04
5.052318890980495053e+04
5.052996313777402247e+04
5.055828047666331258e+04
5.058637926207928103e+04
5.059740874567671563e+04
5.058149886068186606e+04
5.053673870354457904e+04
5.046870149201470485e+04
5.038842111057601869e+04
5.030908880194505036e+04
5.024209444293963315e+04
5.019326394430470100e+04
5.016015259021889506e+04
5.013102434490716405e+04
5.008574269024319074e+04
4.999834356108508655e+04
4.984069402154022100e+04
4.958646343990396417e+04
4.921467750578242703e+04
4.871234337659180892e+04
4.807592945556910126e+04
4.731175142356661672e+04
4.643548716202376090e+04
4.547110244907855667e+04
4.444944979732499633e+04
4.340675541601932491e+04
4.238316835626774991e+04
4.142150941707372840e+04
4.056629279949807824e+04
3.986296635177854478e+04
3.935712643177001155e+04
3.909326811269839527e+04
3.911253795202683250e+04
3.944908021662170358e+04
4.012496772739374865e+04
4.114433094960448216e+04
4.248795779814531124e+04
4.411006027381400054e+04
4.593883918818864913e+04
4.788181358063319931e+04
4.983573146436482784e+04
5.169957580552122090e+04
5.338816359716946317e+04
5.484347939506410330e+04
5.604133641426972463e+04
5.699207729466365709e+04
5.773544191637800395e+04
5.833099574985841900e+04
5.884628550557429844e+04
5.934504241714764794e+04
5.987738498836355575e+04
6.047331565586436773e+04
6.114009934850256832e+04
6.186350329346919898e+04
6.261239585610332142e+04
6.334580816811091063e+04
6.402122828799286799e+04
6.460266449419745913e+04
6.506698581364833808e+04
6.540732652385126130e+04
6.563294574401731370e+04
6.576575017177824338e+04
6.583449305156873015e+04
6.586820310978167981e+04
6.589049790299157030e+04
6.591607196914360975e+04
6.594995513174310327e+04
6.598934472998027923e+04
6.602717012210373650e+04
6.605621551320100843e+04
6.607265582191303838e+04
6.607818427451016032e+04
6.608039226951359888e+04
6.609154713188634196e+04
6.612627644619098282e+04
6.619884027809189865e+04
6.632064910272709676e+04
6.649851130994115374e+04
6.673384427152552234e+04
6.702283462772480561e+04
6.735734540403289429e+04
6.772626818052728777e+04
6.811700652627456293e+04
6.851683135097450577e+04
6.891394183313159738e+04
6.929817119822982932e+04
6.966137320006491791e+04
6.999759377130633220e+04
7.030315643807710148e+04
7.057676043372166168e+04
7.081961344958288828e+04
7.103552455305730109e+04
7.123081161708156287e+04
7.141387508250829706e+04
7.159437379612545192e+04
7.178208414953408646e+04
7.198566733845353883e+04
7.221163763631982147e+04
7.246377358486285084e+04
7.274305950939950708e+04
7.304805899794331344e+04
7.337549699841147230e+04
7.372082273483768222e+04
7.407863307746354258e+04
7.444298230399301974e+04
7.480769604156044079e+04
7.516678899202687899e+04
7.551497532078687800e+04
7.584813716948303045e+04
7.616357169494770642e+04
7.645991325381373463e+04
7.673678993829488172e+04
7.699442908980511129e+04
7.723347866314489511e+04
7.745522002021525986e+04
7.766215277445745596e+04
7.785873091353171912e+04
7.805192098818690283e+04
7.825128538484087039e+04
7.846844115562154911e+04
7.871593002150591929e+04
7.900567658529074106e+04
7.934726921639671491e+04
7.974628747633058811e+04
8.020287182551734440e+04
8.071072839926669258e+04
8.125678495070684585e+04
8.182172060156760563e+04
8.238152541800057224e+04
8.291007972133130534e+04
8.338250799345181440e+04
8.377883725762822723e+04
8.408736363126337528e+04
8.430715694173944939e+04
8.444930611671201768e+04
8.453677013786652242e+04
8.460297136051014240e+04
8.468947892318060622e+04
8.484323225496841769e+04
8.511372506725019775e+04
8.555040918028325541e+04
8.620031817613699241e+04
8.710563242642499972e+04
8.830073343864759954e+04
8.980835947129783744e+04
9.163484850993604050e+04
9.376507976783360937e+04
9.615838484706556483e+04
9.874707984444621252e+04
1.014390921224112535e+05
1.041253341511104227e+05
1.066912061433220515e+05
1.090303210808190197e+05
1.110577367795817117e+05
1.127199860217531095e+05
1.140000319329611666e+05
1.149166248269598000e+05
1.155188985182357137e+05
1.158779605633438478e+05
1.160774711913294741e+05
1.162048258641354914e+05
1.163438254536471213e+05
1.165689716951434966e+05
1.169410306025469326e+05
1.175033876621779345e+05
1.182789518500830745e+05
1.192678102992249624e+05
1.204462816788694618e+05
1.217682415393266856e+05
1.231694332897104759e+05
1.245749031231675908e+05
1.259088498019151157e+05
1.271053504909888725e+05
1.281179398864342511e+05
1.289261029296225461e+05
1.295373972871931910e+05
1.299849321437121107e+05
1.303209518022842676e+05
1.306079933381405572e+05
1.309093504004463030e+05
1.312804144662335457e+05
1.317620441394065565e+05
1.323766172372387955e+05
1.331269682704964362e+05
1.339980366256815614e+05
1.349607314109097642e+05
1.359772523096186342e+05
1.370069304370053869e+05
1.380116340652895742e+05
1.389599613554511452e+05
1.398297858390478650e+05
1.406091257005178486e+05
1.412956399364567478e+05
1.418952152072004392e+05
1.424200845216067391e+05
1.428867864368311421e+05
1.433141414239589940e+05
1.437213694999414438e+05
1.441265032564076246e+05
1.445452950037160772e+05
1.449907870287868427e+05
1.454735642816994514e+05
1.460024749932031555e+05
1.465853927119682485e+05
1.472295233289717871e+05
1.479408985940368439e+05
1.487230117804092879e+05
1.495749206283138483e+05
1.504894134135356289e+05
1.514518928397407290e+05
1.524404599990848801e+05
1.534273551139837073e+05
1.543815647739342239e+05
1.552721560351977241e+05
1.560718018971027341e+05
1.567600021854189399e+05
1.573256159718002600e+05
1.577684450575858064e+05
1.580997158441510983e+05
1.583414080026653537e+05
1.585244919376584003e+05
1.586862627647985355e+05
1.588670666983943374e+05
1.591067659967697691e+05
1.594412630160953850e+05
1.598993277344121307e+05
1.604999035580093041e+05
1.612500531566317659e+05
1.621437512489999644e+05
1.631617778944416204e+05
1.642729312060842640e+05
1.654366118319043599e+05
1.666065599030726589e+05
1.677352523397078621e+05
1.687783238137585577e+05
1.696984381784381985e+05
1.704682854056770739e+05
1.710726873175622895e+05
1.715099988015357521e+05
1.717929749201899394e+05
1.719490442029733385e+05
1.720196211451534764e+05
1.720579127477619331e+05
1.721247944347198354e+05
1.722827853238511889e+05
1.725888065918762295e+05
1.730870026116367371e+05
1.738031765171292936e+05
1.747421863403439056e+05
1.758889947168455110e+05
1.772131650370907737e+05
1.786757366664176807e+05
1.802368528823618253e+05
1.818624061853638559e+05
1.835283101064005459e+05
1.852216841128043889e+05
1.869390559995084477e+05
1.886824345243757998e+05
1.904546011153619038e+05
1.922550894572265097e+05
1.940780273979451740e+05
1.959123744964454090e+05
1.977442767066206143e+05
1.995605298530739383e+05
2.013517521735029586e+05
2.031139761600282800e+05
2.048479687400738767e+05
2.065564686259050213e+05
2.082403535860753327e+05
2.098951878298424708e+05
2.115094719306671759e+05
2.130652823272281676e+05
2.145411151654742716e+05
2.159160004909819982e+05
2.171736134827533679e+05
2.183052675847841019e+05
2.193111974595756328e+05
2.202001587352790229e+05
2.209878232874901441e+05
2.216945984341171861e+05
2.223433809737954871e+05
2.229575241336271574e+05
2.235591077470608579e+05
2.241675349289036822e+05
2.247984975049879868e+05
2.254633640708100866e+05
2.261689829753275844e+05
2.269177776989715348e+05
2.277079376801315229e+05
2.285335664686648524e+05
2.293848491229031933e+05
2.302485346517862927e+05
2.311091268907591002e+05
2.319510144883512112e+05
2.327613662364028278e+05
2.335331491716001183e+05
2.342673451123942796e+05
2.349735302046078723e+05
2.356684437130488222e+05
2.363728147919029288e+05
2.371072548585883924e+05
2.378882373277306615e+05
2.387250323980944231e+05
2.396180803828593052e+05
2.405588887799821387e+05
2.415312825137504842e+05
2.425137414057599381e+05
2.434825286163717974e+05
2.444152415062017681e+05
2.452942806744797272e+05
2.461096197271035635e+05
2.468602948319823772e+05
2.475542860513555934e+05
2.482068749351586448e+05
2.488379737404962070e+05
2.494691527111986361e+05
2.501210461828440311e+05
2.508115309407848108e+05
2.515546868052971549e+05
2.523602500312117336e+05
2.532331826060138410e+05
2.541731244659830118e+05
2.551737797994690191e+05
2.562225585512221151e+05
2.573009062503672612e+05
2.583856429471798183e+05
2.594513358738789684e+05
2.604733772949652339e+05
2.614311816219939501e+05
2.623108620577546535e+05
2.631069124529497931e+05
2.638227253442273359e+05
2.644700878541000420e+05
2.650679855364724062e+05
2.656410450767206494e+05
2.662177845592309604e+05
2.668286182011556812e+05
2.675034178077106480e+05
2.682684724178320612e+05
2.691429315103956033e+05
2.701351798947158968e+05
2.712399113045614795e+05
2.724367755113318563e+05
2.736912805527625605e+05
2.749581732314266264e+05
2.761869457792692701e+05
2.773286166592111695e+05
2.783426579647745239e+05
2.792029394499492482e+05
2.799017780690462678e+05
2.804515191228172043e+05
2.808834391932017170e+05
2.812441078727907734e+05
2.815896699015380582e+05
2.819788075692623388e+05
2.824653772129036370e+05
2.830918107001076569e+05
2.838842634113581153e+05
2.848501608569246018e+05
2.859783196609508013e+05
2.872413367738783709e+05
2.885996012861226918e+05
2.900061679037520662e+05
2.914118174504673807e+05
2.927698116810084321e+05
2.940400062467106036e+05
2.951920543504203088e+05
2.962074426877537626e+05
2.970801409195041051e+05
2.978157983184846235e+05
2.984296945322668762e+05
2.989439595366973663e+05
2.993847785770992632e+05
2.997802672495857696e+05
3.001594046781244688e+05
3.005519333354265545e+05
3.009886526059103198e+05
3.015012567836559610e+05
3.021209433541888720e+05
3.028754583704730030e+05
3.037849106116768089e+05
3.048573191672774847e+05
3.060851910123290145e+05
3.074442946253340342e+05
3.088952325624824734e+05
3.103876382499999600e+05
3.118661385487576481e+05
3.132768847271025297e+05
3.145735344281842117e+05
3.157219404505800921e+05
3.167032299129119492e+05
3.175152316090915119e+05
3.181722678600077634e+05
3.187032726339976070e+05
3.191482136819264269e+05
3.195530150855456595e+05
3.199635801087283180e+05
3.204199286193691660e+05
3.209516488264123327e+05
3.215756501268093125e+05
3.222966000526087009e+05
3.231096364103960805e+05
3.240042794157379540e+05
3.249682053538311739e+05
3.259897876586238854e+05
3.270589408212910057e+05
3.281665267751268111e+05
3.293030878916966030e+05
3.304577698290401604e+05
3.316180142064550892e+05
3.327701333738411777e+05
3.339004781992319040e+05
3.349967428725283826e+05
3.360490316212515463e+05
3.370505242432465311e+05
3.379977666820769082e+05
3.388906851243806304e+05
3.397323847088966868e+05
3.405287282970911474e+05
3.412876827903112862e+05
3.420184983068848960e+05
3.427309011180995149e+05
3.434345425685885712e+05
3.441388779686136986e+05
3.448534471000738558e+05
3.455882746893679723e+05
3.463539430791154155e+05
3.471609325550269568e+05
3.480181082011684775e+05
3.489306580354601610e+05
3.498981596213313751e+05
3.509135702826736378e+05
3.519637039816657780e+05
3.530312507106639678e+05
3.540978313848283724e+05
3.551472175120917964e+05
3.561678370517318835e+05
3.571540143904078868e+05
3.581058737627424998e+05
3.590282401620017481e+05
3.599290425288475817e+05
3.608176502626353758e+05
3.617033741035699495e+05
3.625941943786031916e+05
3.634957412843309576e+05
3.644106284339396516e+05
3.653383265097455005e+05
3.662757386989282095e+05
3.672184534281988745e+05
3.681623630947436905e+05
3.691050953515954898e+05
3.700466579146577860e+05
3.709889191278095823e+05
3.719339751838765224e+05
3.728819216787332552e+05
3.738288518790018279e+05
3.747659112958906917e+05
3.756799390444268356e+05
3.765557365721983369e+05
3.773795039059258997e+05
3.781426367373489193e+05
3.788449728721702122e+05
3.794967115727242781e+05
3.801185361692386214e+05
3.807398556352000451e+05
3.813954569315343979e+05
3.821211567283479962e+05
3.829492060173805803e+05
3.839042008837872418e+05
3.850000844315562863e+05
3.862385299759804620e+05
3.876086615245103021e+05
3.890878053682618774e+05
3.906428680331294890e+05
3.922320289020765340e+05
3.938066649531940348e+05
3.953136714280397864e+05
3.966984778274443815e+05
3.979090067197146127e+05
3.989005917953359894e+05
3.996415434137957054e+05
4.001187328086015186e+05
4.003423431750016753e+05
4.003488427158542909e+05
4.002012774279525038e+05
3.999861727405276033e+05
3.998067086153046694e+05
3.997724211627260665e+05
3.999864443211119506e+05
4.005320782667211024e+05
4.014609955530435545e+05
4.027854052842279198e+05
4.044758571313747671e+05
4.064651842656458030e+05
4.086576967170917778e+05
4.109415995349020232e+05
4.132021046110990574e+05
4.153329694234488998e+05
4.172450629959736252e+05
4.188716344937524409e+05
4.201708055325570749e+05
4.211261444297318812e+05
4.217460065399838495e+05
4.220618868609538767e+05
4.221256705169643392e+05
4.220056192366601317e+05
4.217811990546598681e+05
4.215372215535104042e+05
4.213579604843900306e+05
4.213217691342297476e+05
4.214963484953478328e+05
4.219344732899538940e+05
4.226699469381553354e+05
4.237139123993908870e+05
4.250522099764246377e+05
4.266448872445112211e+05
4.284289074978607241e+05
4.303244814683321747e+05
4.322444671043673297e+05
4.341053351524175378e+05
4.358376567040790687e+05
4.373941104980888776e+05
4.387535655207810923e+05
4.399206401452190476e+05
4.409210246679725824e+05
4.417936120750937262e+05
4.425810335613896605e+05
4.433204935654862784e+05
4.440367777035752661e+05
4.447388955154638388e+05
4.454210197022006614e+05
4.460673419038075954e+05
4.466594736051088548e+05
4.471844110733849229e+05
4.476410685818975326e+05
4.480439424670609878e+05
4.484233464720696211e+05
4.488225035913787433e+05
4.492923219793593744e+05
4.498848582960655331e+05
4.506464096737189102e+05
