6.805706038426011801e+05
6.785687183686465723e+05
6.766406283217078308e+05
6.748226433851395268e+05
6.731436021543317474e+05
6.716206462263277499e+05
6.702556452879261924e+05
6.690335344606046565e+05
6.679234581125513650e+05
6.668827988011577399e+05
6.658632640268901596e+05
6.648176058867819374e+05
6.637054967957893386e+05
6.624975471569098299e+05
6.611771659414201276e+05
6.597405888627902605e+05
6.581956827788491501e+05
6.565600387963001849e+05
6.548585553451586748e+05
6.531204480183223495e+05
6.513756108240383910e+05
6.496505280656123068e+05
6.479643440881907009e+05
6.463259879265431082e+05
6.447332147609920939e+05
6.431740202797356760e+05
6.416302466799730901e+05
6.400825773394315038e+05
6.385157394637200050e+05
6.369227079513249919e+05
6.353069916828456335e+05
6.336825532417055219e+05
6.320714182300381362e+05
6.304994668408574071e+05
6.289912160018323921e+05
6.275645715940595837e+05
6.262265394444750855e+05
6.249707203081615735e+05
6.237770938439908205e+05
6.226141782784078969e+05
6.214432296574864304e+05
6.202238134760978865e+05
6.189199018593073124e+05
6.175056231859191321e+05
6.159698712067320012e+05
6.143191073611221509e+05
6.125778320254769642e+05
6.107863784544576192e+05
6.089959559081480838e+05
6.072612841044117231e+05
6.056316980605165008e+05
6.041421368484611157e+05
6.028057614531423897e+05
6.016098830574906897e+05
6.005163439244822366e+05
5.994665786100520054e+05
5.983905546602203976e+05
5.972179664417862659e+05
5.958896669289295096e+05
5.943674224959661951e+05
5.926405355876226677e+05
5.907284818477362860e+05
5.886792736046190839e+05
5.865637337412950583e+05
5.844662961486786371e+05
5.824734140287482878e+05
5.806611450604482088e+05
5.790838584738115314e+05
5.777660680246211123e+05
5.766989787149811164e+05
5.758424457547814818e+05
5.751318822219148278e+05
5.744885559041951783e+05
5.738310318516427651e+05
5.730854593683030689e+05
5.721929682809729129e+05
5.711134145803678548e+05
5.698257594071698841e+05
5.683261424797576619e+05
5.666250121177253313e+05
5.647444787545735016e+05
5.627165194175130455e+05
5.605820195179991424e+05
5.583901239176756935e+05
5.561971197488425532e+05
5.540641172481016256e+05
5.520530812585812528e+05
5.502212120090179378e+05
5.486141908935743850e+05
5.472592983565026661e+05
5.461597576492715161e+05
5.452917272768445546e+05
5.446050554410947952e+05
5.440282190935809631e+05
5.434769382838143501e+05
5.428650480097400723e+05
5.421156257808457594e+05
5.411703261744451011e+05
5.399953876229238231e+05
5.385836654843310826e+05
5.369529882390991552e+05
5.351418131263229297e+05
5.332033951536468230e+05
5.311995051649971865e+05
5.291943345331882592e+05
5.272488581437086686e+05
5.254157695210481761e+05
5.237351702393935993e+05
5.222313599254532019e+05
5.209111465100815985e+05
5.197639560602394631e+05
5.187636879859092878e+05
5.178718904334943509e+05
5.170416209483072162e+05
5.162214270219588070e+05
5.153591863616458140e+05
5.144058960271343822e+05
5.133196585546202259e+05
5.120699433422371512e+05
5.106417520711045945e+05
5.090388134575315635e+05
5.072846658869689563e+05
5.054206602372785565e+05
5.035005367459730478e+05
5.015821015667666215e+05
4.997173431198949693e+05
4.979428113555777236e+05
4.962721076797656133e+05
4.946919468910769210e+05
4.931626142584219924e+05
4.916229198978135828e+05
4.899990552228434826e+05
4.882161247250220622e+05
4.862105959418170387e+05
4.839415679555786774e+05
4.813987443451643921e+05
4.786054343997595715e+05
4.756158058688355959e+05
4.725068092718572589e+05
4.693663797233491205e+05
4.662803555194148212e+05
4.633207902755393297e+05
4.605379195477748872e+05
4.579571070782448514e+05
4.555809019525621552e+05
4.533951872569249826e+05
4.513775569571531378e+05
4.495056969059873954e+05
4.477637292683936539e+05
4.461451423569062026e+05
4.446518894987183739e+05
4.432902465533000650e+05
4.420648092916685855e+05
4.409724025430078036e+05
4.399975994548193994e+05
4.391110751581604127e+05
4.382712967647387413e+05
4.374292654839201132e+05
4.365353471746432479e+05
4.355467853370157536e+05
4.344343636918860720e+05
4.331868900000851136e+05
4.318126532090344117e+05
4.303376399229172966e+05
4.288009237899790751e+05
4.272481172094796784e+05
4.257240183681467315e+05
4.242656038605575450e+05
4.228963779071826139e+05
4.216228746139445575e+05
4.204338617792214500e+05
4.193024999823643593e+05
4.181913286756747402e+05
4.170594696868495666e+05
4.158709204277624958e+05
4.146023956214169739e+05
4.132490400166569743e+05
4.118265987435442512e+05
4.103692992769462289e+05
4.089236285153197241e+05
4.075391380265910411e+05
4.062581242002430372e+05
4.051063269757729722e+05
4.040866124701190856e+05
4.031770079653626890e+05
4.023335740170362988e+05
4.014975962167140096e+05
4.006056463196548284e+05
3.996003987004912924e+05
3.984398772409607191e+05
3.971031571373831248e+05
3.955914169346506824e+05
3.939244146200800897e+05
3.921336093651328702e+05
3.902539242303097271e+05
3.883163289980206755e+05
3.863430027068860945e+05
3.843459845705419430e+05
3.823292115467935801e+05
3.802929433657376794e+05
3.782389995349937235e+05
3.761750975860420731e+05
3.741169117241353379e+05
3.720871834048593300e+05
3.701121162369606318e+05
3.682161054012835375e+05
3.664163240346839884e+05
3.647186722606319236e+05
3.631161324746334576e+05
3.615898736355266301e+05
3.601127673293624539e+05
3.586545049746068544e+05
3.571872868219189695e+05
3.556910327833881602e+05
3.541571719426305499e+05
3.525902863316196599e+05
3.510072467912078137e+05
3.494339890700140386e+05
3.479006428840052104e+05
3.464361547998319729e+05
3.450636407818151638e+05
3.437973885336053791e+05
3.426418177653992316e+05
3.415920665310996119e+05
3.406354902357253013e+05
3.397533854036093690e+05
3.389226108157217386e+05
3.381172229126041057e+05
3.373104831250744173e+05
3.364774724435732933e+05
3.355981229703851859e+05
3.346599955665720627e+05
3.336598967544393963e+05
3.326036212515470688e+05
3.315036918712273473e+05
3.303756990631804219e+05
3.292343837813052814e+05
3.280907054679550929e+05
3.269507413893866469e+05
3.258165458276527934e+05
3.246883608555927640e+05
3.235671057806877070e+05
3.224560384850565461e+05
3.213608600771769998e+05
3.202881630689506419e+05
3.192427763261082000e+05
3.182250226344005787e+05
3.172290264397385763e+05
3.162429351840108866e+05
3.152513076794068911e+05
3.142391552946378361e+05
3.131964594323772471e+05
3.121216967502914486e+05
3.110231343127933796e+05
3.099173594435144914e+05
3.088254226479334175e+05
3.077677279895531246e+05
3.067590984453430865e+05
3.058051831400138326e+05
3.049007267442717566e+05
3.040295236574134324e+05
3.031654556775664096e+05
3.022740131228350801e+05
3.013140431938220863e+05
3.002399057472828426e+05
2.990044733393859351e+05
2.975633326383195817e+05
2.958801483300403343e+05
2.939326051613746677e+05
2.917178738435240812e+05
2.892563424178310670e+05
2.865925106764644734e+05
2.837924395364964730e+05
2.809378538285671384e+05
2.781177201196023962e+05
2.754186500281878398e+05
2.729156562606519437e+05
2.706645717086318764e+05
2.686969321243949817e+05
2.670175281112600933e+05
2.656043769723508158e+05
2.644106854990267893e+05
2.633684566247918992e+05
2.623935886213892372e+05
2.613924332820156123e+05
2.602696911172836844e+05
2.589372287763668573e+05
2.573230293905420986e+05
2.553792022708969889e+05
2.530879181204485358e+05
2.504643400393161282e+05
2.475560344777380233e+05
2.444388595379375620e+05
2.412098240989667247e+05
2.379778015057792945e+05
2.348532162087525066e+05
2.319378856684796920e+05
2.293161053571443772e+05
2.270478460369515524e+05
2.251646395123119000e+05
2.236684156845489342e+05
2.225332625172769185e+05
2.217098303967076063e+05
2.211318885098359897e+05
2.207243491248046339e+05
2.204119049873836339e+05
2.201273040274164814e+05
2.198182698712252313e+05
2.194522233132179244e+05
2.190182884714318789e+05
2.185265295602249680e+05
2.180048441816302366e+05
2.174942923327269382e+05
2.170437572335124714e+05
2.167046944612826046e+05
2.165264131717019773e+05
2.165519963467574562e+05
2.168147495564390265e+05
2.173350426410193031e+05
2.181175532693208370e+05
2.191491403014009993e+05
2.203977526258937432e+05
2.218128284094037081e+05
2.233275253691341786e+05
2.248628596328415733e+05
2.263334705110840732e+05
2.276543485230904189e+05
2.287475604501954513e+05
2.295478790273116028e+05
2.300063529557199799e+05
2.300912495961275999e+05
2.297863927939737914e+05
2.290875437101430143e+05
2.279979400186296552e+05
2.265242624483789550e+05
2.246740830136177829e+05
2.224553382092477113e+05
2.198777339230324142e+05
2.169554315196473908e+05
2.137100508867425378e+05
2.101730279315224034e+05
2.063866459279116243e+05
2.024035030617355660e+05
1.982846255912873603e+05
1.940967449250628706e+05
1.899093434345518181e+05
1.857919360694595671e+05
1.818117715079591144e+05
1.780318379484537581e+05
1.745088771010366618e+05
1.712911262863330194e+05
1.684157166728278971e+05
1.659059634034292831e+05
1.637690522404150106e+05
1.619947343286628020e+05
1.605555320685086772e+05
1.594086709373164631e+05
1.584995885419271362e+05
1.577665556518670346e+05
1.571457638568226539e+05
1.565762184250975843e+05
1.560038916772121738e+05
1.553847783562801487e+05
1.546866875302882690e+05
1.538897667761433404e+05
1.529858743673126446e+05
1.519770041506888811e+05
1.508730391151015065e+05
1.496891658202607650e+05
1.484433096636302944e+05
1.471539279322741204e+05
1.458384068348436267e+05
1.445121551905229862e+05
1.431883064464250347e+05
1.418777913276694017e+05
1.405894863783768087e+05
1.393302110577370040e+05
1.381045183571217640e+05
1.369144285145325703e+05
1.357593932005746465e+05
1.346367687382682634e+05
1.335429048461129423e+05
1.324746838790819165e+05
1.314310959982884524e+05
1.304143311340707878e+05
1.294299714570068172e+05
1.284861454149037163e+05
1.275918414243551233e+05
1.267548357058685506e+05
1.259797678250357130e+05
1.252667901520931628e+05
1.246109978854473302e+05
1.240026247941031470e+05
1.234278523626354872e+05
1.228700494405847276e+05
1.223112974360812659e+05
1.217340983633929864e+05
1.211231630571917340e+05
1.204671305851044890e+05
1.197600112137674878e+05
1.190021197954864911e+05
1.182003028605510626e+05
1.173673587255330494e+05
1.165206774917010625e+05
1.156802506210214342e+05
1.148662908500244812e+05
1.140967529517884686e+05
1.133850588458019920e+05
1.127383155819008534e+05
1.121562756315495790e+05
1.116312217613490357e+05
1.111488566280654341e+05
1.106901395859575132e+05
1.102338540670565999e+05
1.097595386935979914e+05
1.092503140998994786e+05
1.086951218994923402e+05
1.080899811050226272e+05
1.074380517825832794e+05
1.067485382572546368e+05
1.060347066809369717e+05
1.053114708553784876e+05
1.045930656335007370e+05
1.038912585416251677e+05
1.032143664948092628e+05
1.025671021727328771e+05
1.019510519957370852e+05
1.013654575057925977e+05
1.008079726908772427e+05
1.002751875646550616e+05
9.976288153122950462e+04
9.926611705732218979e+04
9.877934213388465287e+04
9.829662501759626321e+04
9.781203603034267144e+04
9.732008698477696453e+04
9.681609779830172192e+04
9.629640066191129154e+04
9.575838715630072693e+04
9.520049849791436282e+04
9.462230334838374984e+04
9.402477970387315145e+04
9.341083109162417531e+04
9.278596126690578240e+04
9.215894993961957516e+04
9.154234585669137596e+04
9.095262914462186745e+04
9.040997104529825447e+04
8.993759458601020742e+04
8.956076897187615396e+04
8.930542670104269928e+04
8.919628733386975364e+04
8.925426326664736553e+04
8.949290122230173438e+04
8.991376748504019633e+04
9.050105732251149311e+04
9.121625466870385571e+04
9.199423856954573421e+04
9.274259807133750292e+04
9.334583074197192036e+04
9.367539703210863809e+04
9.360530069625758915e+04
9.303122286236331274e+04
9.188972603731624258e+04
9.017321942407100869e+04
8.793667227777889639e+04
8.529358898452532594e+04
8.240120371261412220e+04
7.943753483561697067e+04
7.657503746569191571e+04
7.395643947447637038e+04
7.167768108500207018e+04
6.978093763613936608e+04
6.825812334556988208e+04
6.706283688884013100e+04
6.612707822816382395e+04
6.537857804181686515e+04
6.475519514086489653e+04
6.421421385207949788e+04
6.373603252752259141e+04
6.332321724003784766e+04
6.299687402821343130e+04
6.279261372911209764e+04
6.275804702219230239e+04
6.295286968294528197e+04
6.345137014630203339e+04
6.434585965065055643e+04
6.574838866077354760e+04
6.778751686711334332e+04
7.059719470933965931e+04
7.429623662320841686e+04
7.895940616414681426e+04
8.458436880933726206e+04
9.106182552253475296e+04
9.815785068269740441e+04
1.055167425156632089e+05
1.126890698957623099e+05
1.191835887048907607e+05
1.245348906583225762e+05
1.283732619842200220e+05
1.304813133113701770e+05
1.308244833052528120e+05
1.295489319621858449e+05
1.269486025353810546e+05
1.234106515771039703e+05
1.193527238064057456e+05
1.151656397699287627e+05
1.111714754301077919e+05
1.076014295285688568e+05
1.045923672518864769e+05
1.021971305705233826e+05
1.004023124080799898e+05
9.914792631108993373e+04
9.834535711209475994e+04
9.789210498111955530e+04
9.768336507113293919e+04
9.762112054183904547e+04
9.762130970738887845e+04
9.761915110505637131e+04
9.757228902733029099e+04
9.746132218993699644e+04
9.728754741304590425e+04
9.706825257478783897e+04
9.683040637172533025e+04
9.660391469614533707e+04
9.641563655443569587e+04
9.628508350991917541e+04
9.622226460325575317e+04
9.622762742534208519e+04
9.629362534878449515e+04
9.640720911418370088e+04
9.655253265496251697e+04
9.671334388630851754e+04
9.687481072689057328e+04
9.702479576504914439e+04
9.715474345727838227e+04
9.726034347011330829e+04
9.734201805293007055e+04
9.740513856584666064e+04
9.745979986930279119e+04
9.752001924069909728e+04
9.760235815466575150e+04
9.772411874377756612e+04
9.790136551337431592e+04
9.814703142653705436e+04
9.846930741530198429e+04
9.887044258269087004e+04
9.934604803086715401e+04
9.988500746848268318e+04
1.004701138340610778e+05
1.010795169005454227e+05
1.016889493769670808e+05
1.022745165404452855e+05
1.028156531998822320e+05
1.032977540756109374e+05
1.037140236947881494e+05
1.040662640758077323e+05
1.043645563689164992e+05
1.046260013706831960e+05
1.048727903324781219e+05
1.051298703819068760e+05
1.054224030317777215e+05
1.057731734510118113e+05
1.062001463584496669e+05
1.067144628450054443e+05
1.073192442107985698e+05
1.080095132851393573e+05
1.087733188651168457e+05
1.095938155700729694e+05
1.104517547398476163e+05
1.113277372123610839e+05
1.122037418866543303e+05
1.130638203332341945e+05
1.138942704844596738e+05
1.146838722500119184e+05
1.154247517010270531e+05
1.161141372856967791e+05
1.167568122018012364e+05
1.173676503863565740e+05
1.179734239461037359e+05
1.186131627980104095e+05
1.193366870783205377e+05
1.202013859478195227e+05
1.212677263455776701e+05
1.225942232828733395e+05
1.242326389798182354e+05
1.262240173747616354e+05
1.285958662994789920e+05
1.313604630012920243e+05
1.345139839963592240e+05
1.380360452941964031e+05
1.418893423916662287e+05
1.460193818874286953e+05
1.503546823026168277e+05
1.548081055476648326e+05
1.592799851320303278e+05
1.636633692273962370e+05
1.678510871986528800e+05
1.717437131800265634e+05
1.752571167231750151e+05
1.783283368915977771e+05
1.809189738856483309e+05
1.830159501413433172e+05
1.846300585048025823e+05
1.857929732725523354e+05
1.865533243321163172e+05
1.869721855126965384e+05
1.871181372657793399e+05
1.870620809544653166e+05
1.868721835495257692e+05
1.866095474915064697e+05
1.863252399676168279e+05
1.860591012286228943e+05
1.858403690636825049e+05
1.856897909849975549e+05
1.856226996615505777e+05
1.856525203768539650e+05
1.857942496457992820e+05
1.860674474854817963e+05
1.864981704893718124e+05
1.871191374305844365e+05
1.879674599321095448e+05
1.890796504428560729e+05
1.904843411689355271e+05
1.921940122955529951e+05
1.941977060248689959e+05
1.964568773689549707e+05
1.989060426119922777e+05
2.014588057828070305e+05
2.040184640217845154e+05
2.064911265523582697e+05
2.087985251704627881e+05
2.108876978951950732e+05
2.127355149222792825e+05
2.143473687894054747e+05
2.157508695743697172e+05
2.169866132644401805e+05
2.180986590148613031e+05
2.191271055920215731e+05
2.201042151512547571e+05
2.210542380487433111e+05
2.219958925254046626e+05
2.229457351779100136e+05
2.239206160696762963e+05
2.249379928136143426e+05
2.260138225831228483e+05
2.271587090463400818e+05
2.283736411527568125e+05
2.296468482176351245e+05
2.309530075365406810e+05
2.322554140001219930e+05
2.335109632124322816e+05
2.346771122748655616e+05
2.357195099040213681e+05
2.366188006093460135e+05
2.373752169069462980e+05
2.380099519679541991e+05
2.385628985591310484e+05
2.390870595337369014e+05
2.396406442062642309e+05
2.402783894425183535e+05
2.410438189553289558e+05
2.419638958872853545e+05
2.430468903216535400e+05
2.442834751532926748e+05
2.456503499618479109e+05
2.471152941050796071e+05
2.486425418635043025e+05
2.501976601786105894e+05
2.517514963965971547e+05
2.532830620305525081e+05
2.547813429783465690e+05
2.562460141836071562e+05
2.576869970079335035e+05
2.591228305424077553e+05
2.605779644942698360e+05
2.620792757284665422e+05
2.636522792403718922e+05
2.653175752643301967e+05
2.670880189382903627e+05
2.689669361660634167e+05
2.709474903656827519e+05
2.730130956470408128e+05
2.751386373151478474e+05
2.772922453203609330e+05
2.794374717150171637e+05
2.815358887401238317e+05
2.835502351982052787e+05
2.854481743551400141e+05
2.872064347626107628e+05
2.888146643421022454e+05
2.902779457217417075e+05
2.916168519360851496e+05
2.928643326695950818e+05
2.940595740388316917e+05
2.952400017929365276e+05
2.964333968720641569e+05
2.976523041575140669e+05
2.988923941404095967e+05
3.001353281135815196e+05
3.013553605152154341e+05
3.025278431635515881e+05
3.036373226385139278e+05
3.046831576172278728e+05
3.056813896702901111e+05
3.066626722749744076e+05
3.076670567634478211e+05
3.087370942731372779e+05
3.099109308206398855e+05
3.112168801141566364e+05
3.126704740645398269e+05
3.142743579165750416e+05
3.160207471895577619e+05
3.178956104674726957e+05
3.198833874889346189e+05
3.219709810892023961e+05
3.241500127086724970e+05
3.264168570332030649e+05
3.287706246772510931e+05
3.312098331365954364e+05
3.337288072125784238e+05
3.363148016964775743e+05
3.389465102150226594e+05
3.415941917020003311e+05
3.442212953877922846e+05
3.467872904875372187e+05
3.492513723903807113e+05
3.515767051267822972e+05
3.537347695105819148e+05
3.557092183628794737e+05
3.574985068039330654e+05
3.591166169477453805e+05
3.605915115738583845e+05
3.619614674372601439e+05
3.632699680218701833e+05
3.645601637663944857e+05
3.658699130813974771e+05
3.672281324683538987e+05
3.686527650970413815e+05
3.701503043409216916e+05
3.717165861124653602e+05
3.733384853101567714e+05
3.749961466709779925e+05
3.766653942188280053e+05
3.783200047664602171e+05
3.799336467335511697e+05
3.814814895628171507e+05
3.829417083434847300e+05
3.842972053804335301e+05
3.855377364651920507e+05
3.866622819946858217e+05
3.876811074710750254e+05
3.886167434978378005e+05
3.895032334468699992e+05
3.903834197341252002e+05
3.913045731917053345e+05
3.923130747612401028e+05
3.934489934325982467e+05
3.947412942856009468e+05
3.962041981983422302e+05
3.978350391086486634e+05
3.996138630253545125e+05
4.015049169524663594e+05
4.034599947539077257e+05
4.054233250419584801e+05
4.073373942260522745e+05
4.091489339567435673e+05
4.108143489054667298e+05
4.123040791889337124e+05
4.136056432167724706e+05
4.147252482768552727e+05
4.156878410670846351e+05
4.165353838901657145e+05
4.173231466624822351e+05
4.181140291971993865e+05
4.189713722170448164e+05
4.199512288513508975e+05
4.210954184049516334e+05
4.224266757865829859e+05
4.239467908092452562e+05
4.256379266622856376e+05
4.274665646389796166e+05
4.293890009868270135e+05
4.313571752314795158e+05
4.333238278293540352e+05
4.352464179613186861e+05
4.370896748994978843e+05
4.388269518584202742e+05
4.404406553534203558e+05
4.419220012720951345e+05
4.432703134491769597e+05
4.444921074180424912e+05
4.456002760300692753e+05
4.466137156376165804e+05
4.475575859799727914e+05
4.484640434616557905e+05
4.493728220037294086e+05
4.503306761473682709e+05
4.513886923667482333e+05
4.525969520532505703e+05
4.539969157803904382e+05
4.556128974672139157e+05
4.574447066593756899e+05
4.594636294784950442e+05
4.616132978054670966e+05
4.638158463187320740e+05
4.659824568581437343e+05
4.680263425817078678e+05
4.698757000943206949e+05
4.714842236817833618e+05
4.728373338447112474e+05
4.739531487831738195e+05
4.748782447928778711e+05
4.756792437290205271e+05
4.764320574691790971e+05
4.772110229558316059e+05
4.780800287829279550e+05
4.790870471819756785e+05
4.802624205608383054e+05
4.816201574927370530e+05
4.831607617151153972e+05
4.848740116045480827e+05
4.867406302151539712e+05
4.887326742479648674e+05
4.908133173687182134e+05
4.929371482762371888e+05
4.950519906566652935e+05
4.971026791601701989e+05
4.990364726037097280e+05
5.008091669414038770e+05
5.023906957581385504e+05
5.037691144662746810e+05
5.049522501071989536e+05
5.059667940149299684e+05
5.068550760711978655e+05
5.076701106094418210e+05
5.084697255898244912e+05
5.093106753167877905e+05
5.102435759741828660e+05
5.113092700996827334e+05
5.125368345137797296e+05
5.139429878218793310e+05
5.155322962340748636e+05
5.172974983557986561e+05
5.192195539956069551e+05
5.212675741070272052e+05
5.233993406213897397e+05
5.255633492778365035e+05
5.277029981833187630e+05
5.297627554930631304e+05
5.316952043587709777e+05
5.334672466869185446e+05
5.350638032996024704e+05
5.364881132224957692e+05
5.377588813078838866e+05
5.389055156108970987e+05
5.399630742005700013e+05
5.409681753043417120e+05
5.419562867958681891e+05
5.429600152264271164e+05
5.440077123177207541e+05
5.451220266908191843e+05
5.463186675426248694e+05
5.476061108136440162e+05
5.489868662117513595e+05
5.504602069457866019e+05
5.520253309640634106e+05
5.536833595674429089e+05
5.554368196182014653e+05
5.572863019721093588e+05
5.592253803342126776e+05
5.612359207889304962e+05
5.632860601987106493e+05
5.653322608979773941e+05
5.673253310294009279e+05
5.692188015435298439e+05
5.709772012444926659e+05
5.725818729519615881e+05
5.740329012679051375e+05
5.753470326284931507e+05
5.765526382676723879e+05
5.776834254613432568e+05
5.787726298377990024e+05
5.798489492849702947e+05
5.809347635390706128e+05
5.820464819939632434e+05
5.831963572791420156e+05
5.843948729590896983e+05
5.856528500778371235e+05
5.869826471514807781e+05
5.883981487482399680e+05
5.899135483736525057e+05
5.915411650278340094e+05
5.932886741731764050e+05
5.951562112710981164e+05
5.971338582865634235e+05
5.992000604924875079e+05
6.013215054191785166e+05
6.034548630419375841e+05
6.055504918620351236e+05
6.075577831759722903e+05
6.094313530991296284e+05
6.111369593679613899e+05
6.126559656404446578e+05
6.139874656519710552e+05
6.151477550501995720e+05
6.161675249623169657e+05
6.170877118892348371e+05
6.179551621064378414e+05
6.188190572973421076e+05
6.197284724382290151e+05
6.207307314028604887e+05
6.218697105057392037e+05
6.231831877079200931e+05
6.246988311799906660e+05
6.264292890879597981e+05
6.283676894044135697e+05
6.304852426195936278e+05
6.327322971276312601e+05
6.350432042146329768e+05
6.373441236446223920e+05
6.395620044498487841e+05
6.416328220339926193e+05
6.435077723780879751e+05
6.451571361515235621e+05
6.465723471385227749e+05
6.477669811663475120e+05
6.487768738472192781e+05
6.496587636989154853e+05
6.504863415877834195e+05
6.513428299443051219e+05
6.523102608192523476e+05
6.534570516725657508e+05
6.548266166210774099e+05
6.564300091949624475e+05
6.582447578080273233e+05
6.602203883300048765e+05
6.622892363321874291e+05
6.643797161715398543e+05
6.664287128844783874e+05
6.683903033772530034e+05
6.702393291580070509e+05
6.719699309935241472e+05
6.735904843624869827e+05
6.751170727468496189e+05
6.765675988967684098e+05
6.779580125095533440e+05
6.793012252912251279e+05
6.806083975825788220e+05
6.818916240230801050e+05
6.831667073381661903e+05
6.844547020238082623e+05
6.857812289266231237e+05
6.871731951779508963e+05
6.886534273446507286e+05
6.902346345232076710e+05
6.919147275363950757e+05
6.936754811838394962e+05
6.954856712513676612e+05
6.973083237131888745e+05
6.991101081888360204e+05
7.008698753419090062e+05
7.025833991227983497e+05
7.042626166851004818e+05
7.059296148827386787e+05
7.076075013072344009e+05
7.093113423512424342e+05
7.110421459393019322e+05
7.127855594727080315e+05
7.145151567331174156e+05
7.161986770743186353e+05
7.178049346450094599e+05
7.193094715929081431e+05
7.206980637034213869e+05
7.219683117362447083e+05
7.231302136259650579e+05
7.242065471115305554e+05
7.252332209616180044e+05
7.262588983676905045e+05
7.273426690603796160e+05
7.285487072237804532e+05
7.299377429045118624e+05
7.315564883955732221e+05
7.334273551750443876e+05
7.355413131239284994e+05
7.378562554865533020e+05
7.403018176156154368e+05
7.427897432799987728e+05
7.452273117427630350e+05
7.475306513553366531e+05
7.496351971332499525e+05
7.515018149904223392e+05
7.531185646254739258e+05
7.544990449242695468e+05
7.556784479441265576e+05
7.567080318481349386e+05
7.576482508326452225e+05
7.585607668641719501e+05
7.595001436337141786e+05
7.605068210754154716e+05
7.616033479428824503e+05
