6.818608760763807222e+05
6.800115606815634528e+05
6.781793640311214840e+05
6.763678951774552697e+05
6.745882340449126204e+05
6.728604144661814207e+05
6.712105495505719446e+05
6.696643238131150138e+05
6.682388293816044461e+05
6.669353681073373882e+05
6.657356568025804590e+05
6.646028957704455825e+05
6.634876967577689793e+05
6.623373996033612639e+05
6.611063274895009818e+05
6.597643487235580105e+05
6.583017416238009464e+05
6.567295226583216572e+05
6.550756570493745385e+05
6.533785049964948557e+05
6.516792230899495771e+05
6.500146479374185437e+05
6.484116599529720843e+05
6.468834706808401970e+05
6.454279397767065093e+05
6.440279663045218913e+05
6.426540704864106374e+05
6.412692391250577057e+05
6.398357632516799495e+05
6.383231640086132102e+05
6.367156275742761791e+05
6.350170183954579988e+05
6.332518030267409049e+05
6.314611371274240082e+05
6.296946901600646088e+05
6.280000539739237865e+05
6.264123496066175867e+05
6.249466439410236198e+05
6.235950252611364704e+05
6.223289261310972506e+05
6.211059221217907034e+05
6.198791697765040444e+05
6.186071477879170561e+05
6.172615125367611181e+05
6.158315583148525329e+05
6.143247277095550671e+05
6.127635485813288251e+05
6.111800426298273960e+05
6.096089518763191300e+05
6.080810979241534369e+05
6.066179425569062587e+05
6.052280797279520193e+05
6.039060321061614668e+05
6.026333727365123341e+05
6.013818519458281808e+05
6.001179121467412915e+05
5.988077787245984655e+05
5.974222836709404364e+05
5.959407280449396931e+05
5.943533730086003197e+05
5.926624691364543978e+05
5.908819833314142888e+05
5.890362945517937187e+05
5.871581033930792473e+05
5.852856986798319267e+05
5.834596386738696601e+05
5.817189127188446000e+05
5.800967775794885820e+05
5.786166725939369062e+05
5.772888169830404222e+05
5.761081699807133991e+05
5.750543056032069726e+05
5.740934059786801226e+05
5.731820932507655816e+05
5.722723656433020951e+05
5.713166669408220332e+05
5.702722222839236492e+05
5.691041930516165448e+05
5.677877530291510047e+05
5.663095893843434751e+05
5.646693555246224860e+05
5.628812027896223590e+05
5.609748831861681538e+05
5.589953949014676036e+05
5.570000733777033165e+05
5.550525593860208755e+05
5.532140662112205755e+05
5.515334509950535139e+05
5.500383271388501162e+05
5.487295111387709621e+05
5.475804078740406549e+05
5.465417099060054170e+05
5.455504159448310966e+05
5.445410976572894724e+05
5.434568843112883624e+05
5.422578960225628689e+05
5.409257038394383853e+05
5.394635150834816741e+05
5.378928029035687214e+05
5.362477246536413440e+05
5.345687876082443399e+05
5.328969103615793865e+05
5.312685259607302723e+05
5.297119349712498952e+05
5.282449021065665875e+05
5.268734950600657612e+05
5.255922475458650151e+05
5.243857118385840440e+05
5.232312530687086401e+05
5.221025846105005476e+05
5.209732391038486967e+05
5.198191278044619248e+05
5.186196710657560616e+05
5.173576020373852807e+05
5.160181931214490905e+05
5.145890058529834496e+05
5.130610946711502620e+05
5.114319075012275134e+05
5.097091802128348500e+05
5.079143330656048493e+05
5.060836326330863521e+05
5.042658576132612652e+05
5.025162689346258994e+05
5.008879376536238124e+05
4.994224370843185461e+05
4.981421877402666723e+05
4.970462657403849298e+05
4.961104679483578075e+05
4.952912850475334562e+05
4.945325776151343016e+05
4.937734087191809085e+05
4.929556371875825571e+05
4.920303082983295899e+05
4.909623393380360212e+05
4.897333216328317067e+05
4.883424225239946973e+05
4.868054413261007285e+05
4.851521381766365957e+05
4.834220583188122837e+05
4.816592193269386771e+05
4.799062049532197416e+05
4.781984051421724143e+05
4.765593178669746849e+05
4.749978840971360332e+05
4.735086165544299874e+05
4.720747050405929913e+05
4.706734003658731817e+05
4.692820820309804403e+05
4.678829296205912833e+05
4.664644028906814638e+05
4.650188479900226230e+05
4.635371354887989000e+05
4.620026471356873517e+05
4.603875004674911033e+05
4.586532928013882483e+05
4.567570305541388225e+05
4.546609147504247376e+05
4.523430857635933789e+05
4.498059149112555897e+05
4.470791468968104455e+05
4.442168291585186380e+05
4.412888697278679465e+05
4.383695647289362969e+05
4.355260796485543833e+05
4.328095660453257733e+05
4.302505869348618435e+05
4.278592260240092874e+05
4.256290807190336054e+05
4.235435654061051318e+05
4.215826829263170948e+05
4.197286163024806301e+05
4.179690245364560978e+05
4.162976412370590260e+05
4.147125161898840452e+05
4.132128556898352108e+05
4.117957666604291881e+05
4.104541852315726574e+05
4.091768403378109215e+05
4.079503525102736894e+05
4.067627146786348894e+05
4.056067511660463642e+05
4.044819907740614726e+05
4.033938541448005708e+05
4.023500286109602894e+05
4.013550286140374374e+05
4.004047539500490529e+05
3.994830031121693319e+05
3.985612981931041577e+05
3.976022810261320556e+05
3.965658035516868695e+05
3.954160984431498218e+05
3.941282991923324298e+05
3.926930084154317738e+05
3.911183039318306837e+05
3.894292050283907447e+05
3.876650047859483748e+05
3.858750032759734313e+05
3.841131735387304798e+05
3.824322907203599461e+05
3.808781060723349219e+05
3.794842072906584362e+05
3.782681908272561850e+05
3.772296305237556226e+05
3.763500813048206037e+05
3.755950793977436260e+05
3.749178646460428718e+05
3.742643886230483768e+05
3.735790731577629922e+05
3.728107203994578449e+05
3.719179369281534455e+05
3.708734383468753658e+05
3.696666804802214610e+05
3.683044431565627456e+05
3.668092690075070132e+05
3.652159948912588297e+05
3.635669402095805272e+05
3.619065515900334576e+05
3.602763710661897785e+05
3.587110562003061059e+05
3.572358621283507673e+05
3.558655965887822094e+05
3.546047235386024695e+05
3.534481475038400386e+05
3.523823072090752539e+05
3.513864764656823245e+05
3.504344533617549459e+05
3.494969373195394292e+05
3.485447424894229043e+05
3.475526065885364660e+05
3.465028941602003179e+05
3.453881969476307859e+05
3.442118946005745674e+05
3.429862092703573871e+05
3.417280410068198689e+05
3.404536413300764398e+05
3.391736703764945269e+05
3.378901793001653277e+05
3.365965324267914984e+05
3.352803932017480838e+05
3.339289353115184349e+05
3.325347205420412356e+05
3.311004384579288308e+05
3.296410036412840709e+05
3.281822546834757086e+05
3.267564611586945248e+05
3.253957286961363861e+05
3.241249414231317933e+05
3.229559542599223787e+05
3.218843603173702722e+05
3.208894690472991788e+05
3.199373727262116736e+05
3.189863692039953312e+05
3.179936696219053701e+05
3.169222510798011790e+05
3.157468278906825581e+05
3.144581058815161232e+05
3.130646944923440460e+05
3.115922913594006677e+05
3.100800694055519998e+05
3.085746094597670017e+05
3.071221869001738960e+05
3.057606275158263743e+05
3.045121643496731995e+05
3.033786635847333819e+05
3.023402348715309636e+05
3.013576717711225501e+05
3.003784989820399787e+05
2.993457555964467465e+05
2.982081159369699890e+05
2.969296161234405008e+05
2.954971783696798957e+05
2.939243608622113825e+05
2.922503358626651461e+05
2.905339733105606865e+05
2.888439428495044122e+05
2.872467059463532059e+05
2.857948680248822202e+05
2.845183671564890537e+05
2.834203182375466567e+05
2.824781577868452296e+05
2.816493899987756740e+05
2.808801482069538906e+05
2.801143045267583802e+05
2.793011062697528978e+05
2.784001360386238666e+05
2.773834211496186326e+05
2.762353493256737129e+05
2.749514051494913874e+05
2.735365893859016360e+05
2.720039156380092609e+05
2.703729049396127230e+05
2.686677812412970816e+05
2.669152000420921831e+05
2.651417063639484113e+05
2.633714733302509994e+05
2.616249785232978174e+05
2.599190240849444817e+05
2.582679827138339169e+05
2.566855944644631527e+05
2.551863249384869123e+05
2.537853986679951777e+05
2.524971244187191187e+05
2.513318259883566352e+05
2.502922866697435093e+05
2.493708616622688714e+05
2.485482246936711890e+05
2.477941945687975676e+05
2.470704592877705873e+05
2.463345155351719586e+05
2.455439173349650519e+05
2.446599990266526002e+05
2.436505204460414825e+05
2.424910482954196923e+05
2.411652210042583756e+05
2.396642699682000093e+05
2.379862580498221796e+05
2.361354538169821899e+05
2.341221216479655704e+05
2.319628241539891460e+05
2.296811556368008605e+05
2.273086887521052558e+05
2.248858322448295075e+05
2.224622597465241561e+05
2.200965727304261527e+05
2.178549110386073298e+05
2.158083331592540490e+05
2.140289521402481478e+05
2.125850008572544612e+05
2.115351660886196478e+05
2.109226447107970598e+05
2.107694481892729236e+05
2.110715529148731439e+05
2.117955829458388616e+05
2.128777674174833810e+05
2.142258164753534074e+05
2.157239890120889177e+05
2.172409782367477892e+05
2.186394967873068817e+05
2.197859245394042809e+05
2.205583969918352377e+05
2.208523553280525084e+05
2.205836236203283479e+05
2.196900425539013813e+05
2.181330724130143062e+05
2.159003435095367022e+05
2.130090647927741520e+05
2.095090387978376239e+05
2.054833899179307919e+05
2.010453614015378698e+05
1.963306007727248943e+05
1.914857659939404984e+05
1.866554375605345995e+05
1.819697719982459967e+05
1.775349902968088863e+05
1.734279094908899860e+05
1.696947067058460671e+05
1.663533059712799150e+05
1.633983592660494032e+05
1.608077152854193700e+05
1.585493848184620147e+05
1.565881783817656105e+05
1.548913438004683412e+05
1.534326823606699472e+05
1.521948199074082077e+05
1.511695790102129686e+05
1.503567077602598874e+05
1.497614847376366088e+05
1.493918403644190985e+05
1.492555563255721354e+05
1.493578526763061527e+05
1.496993549096934439e+05
1.502741985069575894e+05
1.510679952762101020e+05
1.520555836928900389e+05
1.531988339418855612e+05
1.544451175807710097e+05
1.557272110664397769e+05
1.569652746857019374e+05
1.580711370541141077e+05
1.589545352942268073e+05
1.595303968951900897e+05
1.597258894801330462e+05
1.594859370671006036e+05
1.587762310924908088e+05
1.575833652623243106e+05
1.559124228100862238e+05
1.537829363247522560e+05
1.512244479911949893e+05
1.482728353745002823e+05
1.449681694852916407e+05
1.413542827616551949e+05
1.374796461082461174e+05
1.333987666049289401e+05
1.291732136516050232e+05
1.248715418175644445e+05
1.205677006791563763e+05
1.163378820598067105e+05
1.122560687045725354e+05
1.083887914798064885e+05
1.047897875440222851e+05
1.014953831752150872e+05
9.852146535608188424e+04
9.586278878884884762e+04
9.349503933978559508e+04
9.137956010048778262e+04
8.947005280630926427e+04
8.772006954748232965e+04
8.608987910356359498e+04
8.455142467597310315e+04
8.309056089228522615e+04
8.170642703365394846e+04
8.040847377780958777e+04
7.921211516828968888e+04
7.813410934108635411e+04
7.718858344517018122e+04
7.638422379443616956e+04
7.572272410805748950e+04
7.519828082552121487e+04
7.479782599373604171e+04
7.450177449902977969e+04
7.428523324667946144e+04
7.411975070813525235e+04
7.397568725119839655e+04
7.382514403298673278e+04
7.364515875502987183e+04
7.342066032492642989e+04
7.314656854940850462e+04
7.282848499355887179e+04
7.248164329497731524e+04
7.212811453207889281e+04
7.179260975377057912e+04
7.149750363853540330e+04
7.125786465369684447e+04
7.107730183780945663e+04
7.094534375008821371e+04
7.083688262956877588e+04
7.071397057400971244e+04
7.052995212129181891e+04
7.023556045034731505e+04
6.978621400254395849e+04
6.914939232280023862e+04
6.831075462064139720e+04
6.727771213247242849e+04
6.607954582816502079e+04
6.476383876539772609e+04
6.338981039045290527e+04
6.201986166862059326e+04
6.071103632523791748e+04
5.950804755879004369e+04
5.843904005373354448e+04
5.751452582038662513e+04
5.672919112968137779e+04
5.606573480816704250e+04
5.549967601315875072e+04
5.500414652364471840e+04
5.455394980509479501e+04
5.412849041339641553e+04
5.371345056532184390e+04
5.330127731871778087e+04
5.289065888757577341e+04
5.248524649871570000e+04
5.209193840365049255e+04
5.171907648481593787e+04
5.137488796396370162e+04
5.106641797122816206e+04
5.079905455003560201e+04
5.057658804834382317e+04
5.040162760477774282e+04
5.027616243760905490e+04
5.020211571032974462e+04
5.018186535027522768e+04
5.021884226542770193e+04
5.031839947409582965e+04
5.048913423327111377e+04
5.074473813838523347e+04
5.110629036312471726e+04
5.160476828908605967e+04
5.228349577316649811e+04
5.320030870864137250e+04
5.442934762049510755e+04
5.606247473656816146e+04
5.821020999342043797e+04
6.100167190693059820e+04
6.458229873429248983e+04
6.910730519643011212e+04
7.472829700792831136e+04
8.157074401950657193e+04
8.970156901645277685e+04
9.908908522370218998e+04
1.095614764952328696e+05
1.207738504127179331e+05
1.321960141475939599e+05
1.431319731322035368e+05
1.527769388563864923e+05
1.603089369932901755e+05
1.650020560766452982e+05
1.663401346228587208e+05
1.641063624966887292e+05
1.584276563117847836e+05
1.497623372317259782e+05
1.388329280024277396e+05
1.265187819784319727e+05
1.137318724059523229e+05
1.013010585105159553e+05
8.988546100507340452e+04
7.992830491345754126e+04
7.165197109600163822e+04
6.508618911465296696e+04
6.011632182891572302e+04
5.653798820468352642e+04
5.410693811219034978e+04
5.257749526143134426e+04
5.172737041773193050e+04
5.137006349319709989e+04
5.135795293771166325e+04
5.157963276550301089e+04
5.195455228262683522e+04
5.242706152539718460e+04
5.296097984574557631e+04
5.353502648831955594e+04
5.413896752425812156e+04
5.477013406380876404e+04
5.543000026832948060e+04
5.612070922556397272e+04
5.684172114057717408e+04
5.758703495075773390e+04
5.834359281466099492e+04
5.909142307176119357e+04
5.980577344419271685e+04
6.046098540774141293e+04
6.103530962801692658e+04
6.151546103421448788e+04
6.189963872822862322e+04
6.219806887359953544e+04
6.243080129614176985e+04
6.262330282894133416e+04
6.280107683935964451e+04
6.298486458795116050e+04
6.318783426824636990e+04
6.341558301928339642e+04
6.366895446299596369e+04
6.394887184483247256e+04
6.426184830691252137e+04
6.462470600227688556e+04
6.506732152737456636e+04
6.563279725513173616e+04
6.637514315267255006e+04
6.735514156820533390e+04
6.863540959556119924e+04
7.027570502803100680e+04
7.232926587173811276e+04
7.484052474366877868e+04
7.784403573085533571e+04
8.136403794449454290e+04
8.541387471910887689e+04
8.999454862967770896e+04
9.509200123165581317e+04
1.006731700175552105e+05
1.066813564854577126e+05
1.130318044867199496e+05
1.196085537823233171e+05
1.262635920685363380e+05
1.328191346961712989e+05
1.390735872707836970e+05
1.448114286516346619e+05
1.498168657005031127e+05
1.538905971971035760e+05
1.568683602931317291e+05
1.586392072774829576e+05
1.591608940628425335e+05
1.584696428790226637e+05
1.566820904265135759e+05
1.539884599597030028e+05
1.506376360558028391e+05
1.469163928893475386e+05
1.431260104081786412e+05
1.395595700480336091e+05
1.364823612450370274e+05
1.341164311715257936e+05
1.326289816631299618e+05
1.321236410634583153e+05
1.326339026680828247e+05
1.341190637232093140e+05
1.364642464984058170e+05
1.394867882221369073e+05
1.429508716682069062e+05
1.465906232762165600e+05
1.501394949204044824e+05
1.533614508768806700e+05
1.560782419801130600e+05
1.581874527288606332e+05
1.596680275302221125e+05
1.605729790013698221e+05
1.610119633311656653e+05
1.611284322548608761e+05
1.610765964726048114e+05
1.610024825357976370e+05
1.610314431470638956e+05
1.612623359369538084e+05
1.617669040768852574e+05
1.625920767752879474e+05
1.637630016233140777e+05
1.652853702495573671e+05
1.671466024017153250e+05
1.693163228343864321e+05
1.717470410257244366e+05
1.743759451387559820e+05
1.771283344818025071e+05
1.799226371672330133e+05
1.826764275211544009e+05
1.853125657573478820e+05
1.877646184037582716e+05
1.899810306950765953e+05
1.919279406925193616e+05
1.935908334912803257e+05
1.949752779783090227e+05
1.961067627443494275e+05
1.970293127731987333e+05
1.978023757498647610e+05
1.984956190166537126e+05
1.991818012238265073e+05
1.999285861601614160e+05
2.007907263278581959e+05
2.018041702222961467e+05
2.029832413887945004e+05
2.043212495420226769e+05
2.057940452452957106e+05
2.073654430147148378e+05
2.089932793693316926e+05
2.106350910392667283e+05
2.122527903514826903e+05
2.138160623249277996e+05
2.153044027049984143e+05
2.167077921594054205e+05
2.180260720442193269e+05
2.192672360241651186e+05
2.204450617880882637e+05
2.215766661208926525e+05
2.226805476414965233e+05
2.237754372647456476e+05
2.248798859017746872e+05
2.260121559044166352e+05
2.271898256210381223e+05
2.284286522982529132e+05
2.297406159187145531e+05
2.311315197849936958e+05
2.325988532074049872e+05
2.341306861919249059e+05
2.357061408068876190e+05
2.372975612473089423e+05
2.388740431518585829e+05
2.404056358537028427e+05
2.418673904210236506e+05
2.432425016963927774e+05
2.445240306807507295e+05
2.457150140336668119e+05
2.468270942714728299e+05
2.478780793106129859e+05
2.488890199637286423e+05
2.498814445745938574e+05
2.508752903699617018e+05
2.518878298258513678e+05
2.529335608926542918e+05
2.540247097717158322e+05
2.551717987851514481e+05
2.563837455790451786e+05
2.576671955358225969e+05
2.590251660522036545e+05
2.604554479001870786e+05
2.619494038236525375e+05
2.634917312849672744e+05
2.650614363064265926e+05
2.666338379498863942e+05
2.681830839247235563e+05
2.696845621955501265e+05
2.711167730659404770e+05
2.724625701297818450e+05
2.737099928494576598e+05
2.748530294675925397e+05
2.758925161418988719e+05
2.768370880341471639e+05
2.777038239523830125e+05
2.785181198674984626e+05
2.793124368809795124e+05
2.801238297926729429e+05
2.809904497728159185e+05
2.819474290945382090e+05
2.830226697029412608e+05
2.842331024428978562e+05
2.855819973930480774e+05
2.870578826534966938e+05
2.886355180966858170e+05
2.902791190385203809e+05
2.919476330048758537e+05
2.936014183176275692e+05
2.952092840253209579e+05
2.967546470052519580e+05
2.982396068455001805e+05
2.996860258991533774e+05
3.011331774131609127e+05
3.026321180897131562e+05
3.042375730862237979e+05
3.059986884901067824e+05
3.079503721321817138e+05
3.101069618672431679e+05
3.124595405258639948e+05
3.149773996746258927e+05
3.176131458434767555e+05
3.203100638038750039e+05
3.230099117089793435e+05
3.256594762641127454e+05
3.282148756749620661e+05
3.306434670569654554e+05
3.329239260276096757e+05
3.350453597858452122e+05
3.370061591825800133e+05
3.388128808724558330e+05
3.404790659158137278e+05
3.420237620051362901e+05
3.434696526632697787e+05
3.448409598997438443e+05
3.461614668938734685e+05
3.474529772133728839e+05
3.487343194896322675e+05
3.500207759596597170e+05
3.513237171735596494e+05
3.526503106541167945e+05
3.540033490094962181e+05
3.553813619983624667e+05
3.567791419211508473e+05
3.581886531674748985e+05
3.596001439579002908e+05
3.610032560981075512e+05
3.623880584830430453e+05
3.637461101624226430e+05
3.650717363086916739e+05
3.663635832611343358e+05
3.676262439111280837e+05
3.688714572019153857e+05
3.701182481752738822e+05
3.713914750054699834e+05
3.727185645323111094e+05
3.741246525051943609e+05
3.756267948363978649e+05
3.772283044125923770e+05
3.789145291544726933e+05
3.806514317206701380e+05
3.823880446337669855e+05
3.840631791350978310e+05
3.856157199030594202e+05
3.869966934581105597e+05
3.881804543563667103e+05
3.891721756523828954e+05
3.900095345166014158e+05
3.907578957550267805e+05
3.914999648874273407e+05
3.923222463957656873e+05
3.933012696332008345e+05
3.944923061793748639e+05
3.959223949949513189e+05
3.975883101961525972e+05
3.994590478683773545e+05
4.014817172539408784e+05
4.035894419923676178e+05
4.057099117998923175e+05
4.077734397083987715e+05
4.097196797317627934e+05
4.115025014250998502e+05
4.130928736419472843e+05
4.144799294622620218e+05
4.156705931942197494e+05
4.166881887000438292e+05
4.175703185578100383e+05
4.183660873009831994e+05
4.191325679055977380e+05
4.199303905777947512e+05
4.208185028898658347e+05
4.218484514349962701e+05
4.230588419196447940e+05
4.244708137709861621e+05
4.260853333577864687e+05
4.278828624905656907e+05
4.298255637942809262e+05
4.318617677673574071e+05
4.339320510848617414e+05
4.359760336662353948e+05
4.379389250245431322e+05
4.397769381622120854e+05
4.414609209434468648e+05
4.429778934448888176e+05
4.443305680345288129e+05
4.455352865320994169e+05
4.466190434843366966e+05
4.476163018534303992e+05
4.485661283923118608e+05
4.495098415414183401e+05
4.504890059079215862e+05
4.515433782353525748e+05
4.527084193900769460e+05
4.540122437134222127e+05
4.554722753976764507e+05
4.570922428652119124e+05
4.588602963238144876e+05
4.607489015463278047e+05
4.627167966926702647e+05
4.647128551609799615e+05
4.666813524287566543e+05
4.685679884315142408e+05
4.703260411140860524e+05
4.719220943467414472e+05
4.733407653398778057e+05
4.745877284105704748e+05
4.756902175527901272e+05
4.766943039767458686e+05
4.776587512968899682e+05
4.786461232695876388e+05
4.797127865347235347e+05
4.809000902930584853e+05
4.822289427151824348e+05
4.836991297469572746e+05
4.852932898227229016e+05
4.869840040736121591e+05
4.887415668649403960e+05
4.905400169287577737e+05
4.923598899800858344e+05
4.941874901655066060e+05
4.960117059825655888e+05
4.978200684424482170e+05
4.995957196190248360e+05
5.013163978373113205e+05
5.029557899268512847e+05
5.044869554480856750e+05
5.058871261077875970e+05
5.071429861526668537e+05
5.082554422722228919e+05
5.092428527878564200e+05
5.101417754810098559e+05
5.110046287607105332e+05
5.118942795932083973e+05
5.128763399345197249e+05
5.140105905394160072e+05
5.153431711100100656e+05
5.169008633068218478e+05
5.186880945580360130e+05
5.206865499150175601e+05
5.228568452795712510e+05
5.251417353030067170e+05
5.274706599666683469e+05
5.297657336351082195e+05
5.319492300836495124e+05
5.339521341621006140e+05
5.357226402996059041e+05
5.372329898745814571e+05
5.384831033808365464e+05
5.395001505232615164e+05
5.403342479265325237e+05
5.410514233760089846e+05
5.417254439284440596e+05
5.424299561257594032e+05
5.432318326002255781e+05
5.441860330920845736e+05
5.453319698791455012e+05
5.466913694788804278e+05
5.482677475299410289e+05
5.500475895265860017e+05
5.520030311901178211e+05
5.540953954496171791e+05
5.562786865820776438e+05
5.585023360723849619e+05
5.607131370201878017e+05
5.628570648490478052e+05
5.648820759837036021e+05
5.667426645904771285e+05
5.684059920827858150e+05
5.698582433892019326e+05
5.711091369716341142e+05
5.721926675469320035e+05
5.731631943954419112e+05
5.740874576492062770e+05
5.750343591235233471e+05
5.760648734865821898e+05
5.772241356753082946e+05
5.785368566800703993e+05
5.800062274207520531e+05
5.816157799716144800e+05
5.833334262561071664e+05
5.851169571325503057e+05
5.869204065779550001e+05
5.887006777093415149e+05
5.904236777183889644e+05
5.920690643937747227e+05
5.936327550522362581e+05
5.951266827482191147e+05
5.965758371997803915e+05
5.980132054190359777e+05
5.994736175850430736e+05
6.009875902257554699e+05
6.025760731536298990e+05
6.042466967197601916e+05
6.059918491451112786e+05
6.077887750128011685e+05
6.096018322026734240e+05
6.113869420625332277e+05
6.130979931381525239e+05
6.146945012385174632e+05
6.161493265957157128e+05
6.174549336851702537e+05
6.186267509501151508e+05
6.197026959214787930e+05
6.207387344376757974e+05
6.218011735380066093e+05
6.229569886099734576e+05
6.242637332282899879e+05
6.257605236703124829e+05
6.274613798885903088e+05
6.293519625993997324e+05
6.313904656069824705e+05
6.335129764995932346e+05
6.356428836571029387e+05
6.377029269094760530e+05
6.396275580671764910e+05
6.413728544341586530e+05
6.429216898433807073e+05
6.442832347062896006e+05
6.454876751069357852e+05
6.465785343528377125e+05
6.476054309022192610e+05
6.486192663138293428e+05
6.496701173892713850e+05
6.508064062988504302e+05
6.520731608090496156e+05
6.535077898643041262e+05
6.551334856100140605e+05
6.569522276918218704e+05
6.589403935978100635e+05
6.610495663663760060e+05
6.632133980547476094e+05
6.653591099090785719e+05
6.674204249055588152e+05
6.693482246532997815e+05
6.711161787279860582e+05
6.727205254585337825e+05
6.741752070630767848e+05
6.755048365299269790e+05
6.767380832158324774e+05
6.779031719442629255e+05
6.790258932071317686e+05
6.801294987758074421e+05
6.812355066640798468e+05
6.823647062078096205e+05
6.835381284976501483e+05
6.847779712246737909e+05
6.861082491393550299e+05
6.875544862640482606e+05
6.891415326854506275e+05
6.908889689359090989e+05
6.928045820598140126e+05
6.948776430630625691e+05
6.970745232920974959e+05
6.993390140893859789e+05
7.015984559567965334e+05
7.037748682323482353e+05
7.057984704249723582e+05
7.076200556403994560e+05
7.092190001239028061e+05
7.106051210136761656e+05
7.118145272070032079e+05
7.129012776309530018e+05
7.139274699101804290e+05
7.149541482188842492e+05
7.160344216229693266e+05
7.172090017407856649e+05
7.185035847649279749e+05
7.199274227316651959e+05
7.214729409217911307e+05
7.231169129736798350e+05
7.248239721840779530e+05
7.265528085393481888e+05
7.282643798073433572e+05
7.299303363801991800e+05
7.315392491028807126e+05
7.330985728637771681e+05
7.346315713569154032e+05
7.361701859273407608e+05
7.377462935715633212e+05
7.393842861784579000e+05
7.410971571385975694e+05
7.428866225929764332e+05
7.447460085671513807e+05
7.466635714537465246e+05
7.486241140603389358e+05
7.506081062417409848e+05
7.525893034280433785e+05
7.545331075719014043e+05
7.563979180653835647e+05
7.581404136181029025e+05
7.597237381735523231e+05
7.611259586846730672e+05
7.623457704717089655e+05
7.634034635450025089e+05
7.643371011598125333e+05
