6.088420019966954133e+05
6.075053072450157488e+05
6.065461683725449257e+05
6.058811223478923785e+05
6.054057113401852548e+05
6.050116785123734735e+05
6.046010490171762649e+05
6.040952145238630474e+05
6.034389292484166799e+05
6.026003894620295614e+05
6.015689739930956857e+05
6.003518958022865700e+05
5.989703873196460772e+05
5.974555686544651398e+05
5.958440548011080828e+05
5.941735694657035638e+05
5.924790824635991594e+05
5.907900223177879816e+05
5.891288589062014362e+05
5.875109306477903156e+05
5.859450392713312758e+05
5.844342391178590478e+05
5.829764416800226318e+05
5.815648151010996662e+05
5.801882801043688087e+05
5.788325198301858036e+05
5.774817762378016487e+05
5.761213707730877213e+05
5.747405112346387468e+05
5.733346870426401729e+05
5.719069182861216832e+05
5.704673411356282886e+05
5.690310398725413252e+05
5.676145677604263183e+05
5.662320818046818022e+05
5.648922746745962650e+05
5.635971715407199226e+05
5.623433176128723426e+05
5.611250218630621675e+05
5.599384249273994938e+05
5.587846030159088550e+05
5.576700247733753640e+05
5.566035325265264837e+05
5.555903830322093563e+05
5.546252408715649508e+05
5.536867851076106308e+05
5.527363804789035348e+05
5.517220872982479632e+05
5.505875582975152647e+05
5.492837416517373640e+05
5.477803631673760246e+05
5.460741829005061882e+05
5.441919206707350677e+05
5.421871526889489032e+05
5.401319461898624431e+05
5.381051532454019180e+05
5.361799159854121972e+05
5.344129691485842923e+05
5.328377890979476506e+05
5.314626498139088508e+05
5.302734296869406244e+05
5.292398836834994145e+05
5.283233823107368080e+05
5.274840367669587722e+05
5.266856741554816253e+05
5.258980603517936543e+05
5.250967211110545322e+05
5.242613464830277953e+05
5.233739162477244972e+05
5.224174142568818061e+05
5.213755268334392458e+05
5.202332939845309011e+05
5.189784555926806061e+05
5.176032086501185549e+05
5.161061478727942449e+05
5.144941617568840738e+05
5.127839409944473882e+05
5.110025921265551005e+05
5.091867861646966776e+05
5.073800432945427019e+05
5.056281812813270371e+05
5.039735122681484208e+05
5.024488449093714007e+05
5.010725383276874782e+05
4.998456786109630484e+05
4.987519727599558537e+05
4.977603486668498372e+05
4.968297011753608240e+05
4.959148662937482586e+05
4.949727867562241736e+05
4.939679320666679414e+05
4.928762964824213414e+05
4.916876413236500230e+05
4.904059803868461750e+05
4.890485305190208019e+05
4.876433952564349747e+05
4.862261327927117236e+05
4.848352073816635530e+05
4.835063331811777316e+05
4.822660421705957851e+05
4.811254112824529293e+05
4.800754981500254362e+05
4.790862470371844247e+05
4.781101083855320467e+05
4.770903612399364356e+05
4.759725438988095848e+05
4.747161542255167733e+05
4.733034778679068550e+05
4.717432386413318454e+05
4.700684068181838375e+05
4.683292463749384042e+05
4.665838307747112121e+05
4.648884638400400872e+05
4.632898505568967666e+05
4.618199476190914866e+05
4.604936691415652167e+05
4.593092448591629509e+05
4.582509115629649605e+05
4.572934858544913586e+05
4.564080368794130045e+05
4.555674335917571443e+05
4.547502876339182258e+05
4.539420661501457798e+05
4.531329948823426967e+05
4.523135578457721276e+05
4.514694306620134157e+05
4.505780725158585701e+05
4.496087250778368325e+05
4.485263912133761914e+05
4.472989633332803496e+05
4.459055850181499845e+05
4.443439249775095377e+05
4.426343687916904455e+05
4.408199630846498767e+05
4.389619394508287660e+05
4.371315301766918274e+05
4.353994459737346624e+05
4.338248117368888343e+05
4.324455505875200615e+05
4.312721052071859012e+05
4.302858891709399177e+05
4.294429458370324573e+05
4.286821136879964615e+05
4.279358900429973146e+05
4.271415361730784061e+05
4.262500225143230055e+05
4.252311439165455522e+05
4.240742462507360033e+05
4.227850866749448469e+05
4.213800763561894419e+05
4.198794205811246065e+05
4.183005816389392712e+05
4.166532356923364569e+05
4.149366064786920906e+05
4.131397348853921867e+05
4.112447965738456696e+05
4.092329567061116104e+05
4.070915388540630811e+05
4.048207231744609890e+05
4.024378635477295611e+05
3.999779955445508822e+05
3.974901253377773101e+05
3.950301217438054155e+05
3.926520331424233736e+05
3.904000488565474516e+05
3.883029980607036268e+05
3.863723998561251210e+05
3.846040144417388947e+05
3.829819807343195425e+05
3.814841930653860909e+05
3.800875860442908597e+05
3.787723172101943055e+05
3.775242716419108910e+05
3.763357270353428321e+05
3.752043631912398851e+05
3.741310750215107691e+05
3.731172418932841392e+05
3.721621739896892104e+05
3.712613490006520879e+05
3.704057691169987083e+05
3.695823892413660651e+05
3.687752341564910021e+05
3.679666731400917633e+05
3.671384175437834347e+05
3.662721002092222334e+05
3.653496422338722623e+05
3.643538401157630142e+05
3.632695889279373805e+05
3.620858708785064518e+05
3.607981762273756904e+05
3.594105675046301913e+05
3.579363600884870975e+05
3.563965358058434795e+05
3.548155722114951350e+05
3.532152336305386270e+05
3.516077539368856233e+05
3.499903992007129127e+05
3.483433487893408746e+05
3.466320913482747856e+05
3.448142766747077112e+05
3.428495963301755255e+05
3.407102595083647757e+05
3.383893453164424864e+05
3.359048477563600754e+05
3.332983933932335349e+05
3.306290110126074869e+05
3.279635357082228875e+05
3.253659211160240811e+05
3.228877973133519408e+05
3.205621269063164364e+05
3.184009808975891792e+05
3.163975176430111751e+05
3.145314081502514891e+05
3.127763481297928374e+05
3.111080002470387844e+05
3.095107292996709002e+05
3.079817958214793471e+05
3.065321960242090863e+05
3.051839906580874813e+05
3.039646471782248118e+05
3.028995138693086919e+05
3.020039416166536394e+05
3.012766854624319240e+05
3.006960197800802998e+05
3.002195175017975853e+05
2.997877664944792632e+05
2.993315564900586032e+05
2.987814079447458498e+05
2.980778482461815584e+05
2.971806497598122805e+05
2.960753630273821764e+05
2.947758984871513676e+05
2.933225782829544623e+05
2.917758943216925836e+05
2.902070218207869912e+05
2.886867759624889004e+05
2.872750066467457218e+05
2.860123144329141942e+05
2.849154562771295314e+05
2.839770169008543016e+05
2.831690466577459010e+05
2.824496181302719633e+05
2.817707939796107821e+05
2.810864068540484295e+05
2.803583134490041411e+05
2.795603018087811070e+05
2.786794510153050069e+05
2.777152962851774064e+05
2.766775017840102664e+05
2.755828257519579493e+05
2.744520140690766275e+05
2.733069958990472369e+05
2.721685176519200904e+05
2.710542306486153975e+05
2.699772465688225348e+05
2.689452223484318238e+05
2.679600479968416621e+05
2.670181502284515300e+05
2.661113236495620222e+05
2.652279262385882903e+05
2.643542705661787186e+05
2.634760915517435642e+05
2.625800166946130339e+05
2.616549548345963121e+05
2.606932576935150428e+05
2.596914540338144579e+05
2.586503805676841584e+05
2.575746629578409193e+05
2.564716886922694393e+05
2.553503677927645040e+05
2.542200140993729874e+05
2.530895786982163554e+05
2.519672818806338473e+05
2.508605153234508762e+05
2.497758012931567209e+05
2.487186229058002355e+05
2.476930394360287755e+05
2.467011034644965257e+05
2.457421470371028990e+05
2.448119935899635602e+05
2.439021220032997371e+05
2.429988215370151738e+05
2.420824740005226049e+05
2.411272688266791520e+05
2.401018189430474013e+05
2.389711827951370506e+05
2.377006102452343039e+05
2.362608972141799459e+05
2.346346526011990791e+05
2.328222485056410369e+05
2.308459663952616393e+05
2.287510205076171842e+05
2.266027367480979592e+05
2.244800264763872547e+05
2.224661534294316079e+05
2.206383907229232718e+05
2.190583564060254139e+05
2.177646078245582175e+05
2.167685970612896781e+05
2.160545123130528082e+05
2.155829807533108979e+05
2.152981319292839617e+05
2.151370973344240920e+05
2.150406252407218271e+05
2.149631460539927648e+05
2.148804331950406195e+05
2.147931142146677885e+05
2.147248170814096520e+05
2.147146999825014209e+05
2.148053614690414397e+05
2.150283613340244046e+05
2.153904292106107459e+05
2.158635825965334952e+05
2.163816899503422610e+05
2.168446260899057961e+05
2.171294381282684335e+05
2.171063500837135362e+05
2.166564187412684259e+05
2.156874625326996029e+05
2.141455154608629819e+05
2.120202736295105133e+05
2.093444264666831878e+05
2.061880026707268844e+05
2.026496096329943102e+05
1.988465726715608616e+05
1.949055548149076931e+05
1.909544998052713636e+05
1.871160203360579908e+05
1.835019462278363644e+05
1.802087922428600723e+05
1.773143154411686701e+05
1.748758214947087108e+05
1.729310894303520327e+05
1.715024586072680831e+05
1.706037490132778767e+05
1.702485353101629589e+05
1.704573206876961922e+05
1.712608126134364575e+05
1.726970524515570723e+05
1.748015543077020848e+05
1.775915257181636698e+05
1.810471431168525014e+05
1.850941779303551011e+05
1.895925855339771952e+05
1.943348038415495539e+05
1.990556019750568084e+05
2.034528162494758435e+05
2.072158572987985972e+05
2.100571382546728419e+05
2.117410372343439085e+05
2.121057822482629272e+05
2.110754362659708131e+05
2.086613690065371920e+05
2.049545673349151621e+05
2.001113762403617438e+05
1.943356275560327922e+05
1.878597779526694212e+05
1.809269936864547490e+05
1.737754243594562286e+05
1.666253851314070635e+05
1.596698212560398388e+05
1.530681631294267427e+05
1.469434067091207544e+05
1.413819690013187064e+05
1.364356472931927419e+05
1.321249453396525932e+05
1.284431516821291880e+05
1.253608032038043602e+05
1.228304135253396817e+05
1.207914669132982817e+05
1.191756214894293225e+05
1.179118774876996176e+05
1.169312671802351833e+05
1.161705428078234836e+05
1.155744509187617950e+05
1.150964669975718862e+05
1.146982214269522956e+05
1.143481400944248890e+05
1.140199405563346518e+05
1.136915312414033397e+05
1.133446054337755777e+05
1.129649113143753493e+05
1.125429306454841280e+05
1.120745874475742748e+05
1.115616424981352466e+05
1.110115578043373098e+05
1.104367604863099114e+05
1.098533389018565504e+05
1.092792521109081717e+05
1.087321573335850408e+05
1.082270043426968623e+05
1.077736341415236093e+05
1.073747304615060275e+05
1.070245463271725021e+05
1.067087967321692850e+05
1.064059375865724724e+05
1.060897642749412626e+05
1.057329401092982444e+05
1.053108113504010835e+05
1.048047702578250464e+05
1.042045275365877751e+05
1.035089216692321643e+05
1.027252427913585998e+05
1.018673782782446506e+05
1.009533045775092905e+05
1.000025048171254166e+05
9.903378768314373156e+04
9.806377152486470004e+04
9.710605827831849456e+04
9.617093449498793052e+04
9.526535488715878455e+04
9.439299777688203903e+04
9.355429903513481258e+04
9.274651171550799336e+04
9.196394032276097278e+04
9.119851953922507528e+04
9.044083797027223045e+04
8.968157090144166432e+04
8.891312720682808140e+04
8.813118781696321093e+04
8.733576427158198203e+04
8.653146462813897233e+04
8.572681892316020094e+04
8.493275037132523721e+04
8.416051455775192881e+04
8.341958966673276154e+04
8.271602682593357167e+04
8.205164473346857994e+04
8.142421366341464454e+04
8.082849834235435992e+04
8.025780612091711373e+04
7.970558334466682572e+04
7.916664097581077658e+04
7.863774411379761295e+04
7.811750967596651753e+04
7.760575435674579057e+04
7.710256816594368138e+04
7.660743233969419089e+04
7.611865767267662159e+04
7.563331369034848467e+04
7.514768231853283942e+04
7.465813296510660439e+04
7.416220549039333127e+04
7.365962396674552292e+04
7.315296151210564130e+04
7.264773949419263226e+04
7.215186386999647948e+04
7.167445242696220521e+04
7.122425321334191540e+04
7.080796072790872131e+04
7.042877947779207898e+04
7.008555969198346429e+04
6.977274596178838692e+04
6.948124725146061974e+04
6.920016316298488528e+04
6.891909691009348899e+04
6.863058034652269271e+04
6.833199120373402548e+04
6.802633667082864849e+04
6.772147145128395641e+04
6.742770961230491230e+04
6.715428643467059010e+04
6.690556641250813846e+04
6.667810187988432881e+04
6.645951259222395311e+04
6.622968888403887104e+04
6.596415656015582499e+04
6.563879968559854024e+04
6.523473877582693967e+04
6.474214539798755868e+04
6.416214305409116787e+04
6.350656319829743006e+04
6.279597075834113639e+04
6.205681839208612655e+04
6.131868913195757341e+04
6.061233710585549852e+04
5.996876665409928682e+04
5.941911325044471596e+04
5.899481047501479043e+04
5.872756203887915763e+04
5.864896778168684978e+04
5.879012921125321736e+04
5.918195524919175659e+04
5.985696962196518871e+04
6.085303040108363348e+04
6.221849578022589412e+04
6.401718208424894692e+04
6.633032627953670453e+04
6.925218984048823768e+04
7.287643548968876712e+04
7.727229155064700171e+04
8.245269015254946135e+04
8.834035132181446534e+04
9.474097139199654339e+04
1.013338128570794797e+05
1.076879492322791775e+05
1.133069838463947235e+05
1.176973352228392614e+05
1.204474495089753473e+05
1.213003225593402458e+05
1.202016390640596655e+05
1.173112053796859400e+05
1.129747031491601374e+05
1.076631122436699807e+05
1.018950466766936879e+05
9.616027263959210541e+04
9.086024970577121712e+04
8.627500938653941557e+04
8.255763687667372869e+04
7.975074006994288357e+04
7.781539583856549871e+04
7.666264790323411580e+04
7.617998314742984076e+04
7.624895121098078380e+04
7.675377997282173601e+04
7.758344667591534380e+04
7.863075574578349188e+04
7.979166165596967039e+04
8.096683043410704704e+04
8.206586344678046589e+04
8.301325842540763551e+04
8.375441055205056909e+04
8.425987156866771693e+04
8.452657605731827789e+04
8.457555885721089726e+04
8.444653895034590096e+04
8.419040431533659284e+04
8.386097869605112646e+04
8.350747196058100963e+04
8.316876981371450529e+04
8.287029439829694456e+04
8.262365444819003460e+04
8.242878626640810398e+04
8.227784778527681192e+04
8.215984857400260807e+04
8.206494367840456835e+04
8.198751111168786883e+04
8.192752991920789646e+04
8.189027096126470133e+04
8.188476152524664940e+04
8.192175541903977864e+04
8.201196219116337306e+04
8.216508037681491987e+04
8.238983408309181686e+04
8.269485592462641944e+04
8.308999766025179997e+04
8.358753264510809095e+04
8.420273449606364011e+04
8.495343766877595044e+04
8.585837478364232811e+04
8.693432742431887891e+04
8.819241222470063076e+04
8.963412067998932616e+04
9.124796772727432835e+04
9.300768184752522211e+04
9.487270497679867549e+04
9.679134797652864654e+04
9.870634783884197532e+04
1.005619604831424513e+05
1.023112900689775270e+05
1.039224484164615424e+05
1.053823971176959167e+05
1.066978661868201889e+05
1.078933876553154696e+05
1.090070248620111961e+05
1.100846671802909987e+05
1.111737592265065759e+05
1.123171331800007174e+05
1.135473811808173923e+05
1.148820986863186117e+05
1.163204044457648124e+05
1.178413123102482350e+05
1.194046066265789268e+05
1.209546731480304006e+05
1.224272008417639590e+05
1.237579214508308796e+05
1.248918666783054068e+05
1.257912962938974233e+05
1.264406611951629020e+05
1.268476761722183146e+05
1.270405492201816814e+05
1.270623173193224065e+05
1.269637959504863393e+05
1.267967437516143691e+05
1.266085347233680659e+05
1.264390921755230520e+05
1.263202612914382480e+05
1.262773126207787718e+05
1.263319306341672927e+05
1.265058518379285961e+05
1.268242658484105341e+05
1.273181775322911562e+05
1.280251434810654609e+05
1.289881105873912893e+05
1.302524309568067547e+05
1.318614195554720645e+05
1.338509922249892552e+05
1.362439606873845623e+05
1.390445196630613646e+05
1.422334242035636271e+05
1.457643872057324043e+05
1.495623241666734393e+05
1.535241515856570331e+05
1.575227811207025079e+05
1.614146431028626976e+05
1.650505095252031751e+05
1.682886722345018643e+05
1.710088568173361418e+05
1.731248244432636420e+05
1.745935846455598366e+05
1.754195601928198594e+05
1.756528471467061318e+05
1.753817446867186809e+05
1.747207810095065506e+05
1.737963082119392930e+05
1.727321817490848480e+05
1.716379544411848765e+05
1.706013956275100645e+05
1.696861271621899214e+05
1.689340004815825669e+05
1.683708215378960303e+05
1.680134167945701338e+05
1.678759551400910714e+05
1.679738755666196521e+05
1.683245665027209907e+05
1.689448755987141049e+05
1.698463669908168376e+05
1.710297977010925533e+05
1.724804414306546678e+05
1.741656263529674907e+05
1.760352564817540406e+05
1.780253280049888417e+05
1.800637543366203608e+05
1.820773732532950235e+05
1.839989240449522622e+05
1.857730138543757494e+05
1.873604911796661036e+05
1.887410285868080100e+05
1.899139592144245398e+05
1.908974917552562256e+05
1.917264184721757774e+05
1.924484337243482005e+05
1.931192617391166568e+05
1.937969448893718654e+05
1.945358036451737571e+05
1.953806742095645750e+05
1.963620245185726380e+05
1.974924609969906160e+05
1.987650151013113209e+05
2.001534784299373569e+05
2.016149355646541517e+05
2.030944813619660272e+05
2.045318524753096863e+05
2.058693401508610987e+05
2.070599475991571089e+05
2.080744490452017053e+05
2.089059627490279381e+05
2.095709780566284608e+05
2.101064643184869783e+05
2.105635764273632376e+05
2.109992920865099004e+05
2.114677989830907900e+05
2.120134327993117622e+05
2.126664652125804278e+05
2.134422414719443477e+05
2.143433433064708661e+05
2.153638470300606277e+05
2.164944779368276068e+05
2.177275051235404680e+05
2.190604574921231251e+05
2.204980467189776828e+05
2.220519900523554825e+05
2.237387362737919029e+05
2.255754368937230320e+05
2.275748610334208643e+05
2.297402524445798772e+05
2.320612583415250992e+05
2.345119339189257298e+05
2.370514381302001711e+05
2.396274788263678201e+05
2.421819933484515350e+05
2.446581122928288823e+05
2.470072337039099366e+05
2.491950371691817418e+05
2.512054460090735229e+05
2.530418500750182720e+05
2.547253042591861740e+05
2.562899053329965682e+05
2.577760853201368882e+05
2.592230503237303637e+05
2.606618955974772689e+05
2.621108976038625697e+05
2.635740553964439896e+05
2.650431937118069036e+05
2.665030488120287191e+05
2.679380035190056660e+05
2.693387521183400531e+05
2.707072616804958088e+05
2.720588911553134676e+05
2.734212438881043927e+05
2.748300392057201243e+05
2.763228324675224139e+05
2.779317386534206453e+05
2.796764580860996502e+05
2.815589154743190156e+05
2.835607026607671287e+05
2.856441927504689666e+05
2.877575948513507610e+05
2.898433634425734635e+05
2.918484420207061339e+05
2.937341174483099603e+05
2.954831076870164252e+05
2.971020627100044512e+05
2.986188186659552157e+05
3.000751455137105077e+05
3.015168934288769378e+05
3.029839914165173541e+05
3.045025536511928076e+05
3.060805630197706050e+05
3.077075708597839694e+05
3.093579331216042046e+05
3.109965158391059958e+05
3.125855783387889387e+05
3.140915793216662714e+05
3.154908230413781130e+05
3.167731064592889743e+05
3.179428529086736962e+05
3.190176478136932710e+05
3.200245930767491809e+05
3.209953498471034691e+05
3.219609881766461185e+05
3.229477037315660273e+05
3.239741170390148764e+05
3.250503819047036814e+05
3.261788845723843551e+05
3.273560481644863030e+05
3.285746899955876288e+05
3.298264384211168508e+05
3.311038028066597763e+05
3.324015562070290325e+05
3.337171609963253140e+05
3.350501071331240819e+05
3.364002773780095158e+05
3.377657637902065762e+05
3.391408222159599536e+05
3.405147337545952178e+05
3.418721649859938771e+05
3.431952057198045077e+05
3.444667405008103233e+05
3.456743568240384338e+05
3.468137660921415663e+05
3.478907868624920957e+05
3.489212835293326643e+05
3.499289559320713743e+05
3.509413944633221254e+05
3.519852272311305860e+05
3.530814110348256654e+05
3.542417207689193310e+05
3.554672685062295641e+05
3.567494556522662751e+05
3.580731857562583173e+05
3.594215497589482111e+05
3.607807017715934780e+05
3.621434566008847905e+05
3.635103980380055727e+05
3.648879970401411410e+05
3.662842268820515019e+05
3.677030964895076468e+05
3.691400298524681129e+05
3.705798500543201808e+05
3.719982946643248433e+05
3.733667950495232362e+05
3.746591619084326667e+05
3.758582516000874457e+05
3.769608172997045913e+05
3.779794375910882954e+05
3.789413087556028040e+05
3.798844178701834171e+05
3.808519856743634446e+05
3.818861185819505481e+05
3.830215241379392683e+05
3.842800949663867941e+05
3.856671826573089347e+05
3.871703438495980226e+05
3.887610791954646702e+05
3.903995323581385892e+05
3.920413803718909621e+05
3.936454853274798952e+05
3.951805689415973029e+05
3.966293742202289286e+05
3.979894509182220208e+05
3.992706243696876918e+05
4.004900821766611189e+05
4.016665820776297478e+05
4.028154112057384918e+05
4.039454179095008294e+05
4.050588086195918731e+05
4.061536280238776235e+05
4.072281064487823169e+05
4.082855290717836469e+05
4.093380807165233418e+05
4.104083085928857327e+05
4.115274030199941481e+05
4.127303114448017441e+05
4.140485828638323583e+05
4.155025553286746144e+05
4.170948341068869340e+05
4.188068336808869499e+05
4.205994841865337803e+05
4.224181993757245364e+05
4.242011541269263835e+05
4.258891372787791188e+05
4.274349538197759539e+05
4.288105950803126907e+05
4.300110310233668424e+05
4.310542456621924648e+05
4.319777937757252948e+05
4.328325931334848865e+05
4.336749237100745086e+05
4.345578002833081991e+05
4.355230789101425325e+05
4.365957712416224531e+05
4.377818781053235289e+05
4.390704400298853288e+05
4.404394479964209022e+05
4.418640428647255758e+05
4.433245340661259834e+05
4.448116476181664038e+05
4.463272607786874287e+05
4.478804658101978130e+05
4.494805295844456414e+05
4.511294624677267857e+05
4.528169813152635470e+05
4.545196195080352481e+05
4.562040706560114631e+05
4.578332959282613010e+05
4.593731362720563775e+05
4.607974102016757824e+05
4.620905060316735762e+05
4.632477112173553905e+05
4.642743517636330798e+05
4.651849096346701845e+05
4.660027233209204860e+05
4.667600535663506016e+05
4.674976901607095497e+05
4.682631953164505539e+05
4.691073325598344672e+05
4.700789584896864253e+05
4.712192912578301621e+05
4.725567288539735600e+05
4.741031954658993636e+05
4.758524898527146433e+05
4.777805665258946829e+05
4.798473471831410425e+05
4.819996369307197747e+05
4.841749191944667837e+05
4.863060116986313951e+05
4.883265786274891580e+05
4.901772425475205528e+05
4.918116397227600683e+05
4.932014518094999949e+05
4.943394463401575922e+05
4.952399379784991033e+05
4.959367123822490103e+05
4.964790691621798906e+05
4.969269783536416362e+05
4.973462826242838055e+05
4.978044853783609578e+05
4.983671594434824074e+05
4.990946382385740872e+05
5.000385680180804338e+05
5.012381119069879642e+05
5.027159773412621580e+05
5.044748062409930862e+05
5.064946736803682288e+05
5.087324272286884370e+05
5.111233964747048449e+05
5.135856875329040340e+05
5.160269201330121141e+05
5.183528997054683277e+05
5.204773567738273996e+05
5.223315625787792960e+05
5.238724235040104832e+05
5.250876840263280319e+05
5.259972214300221531e+05
5.266500893584394362e+05
5.271178166865661042e+05
5.274852424225510331e+05
5.278406094081292395e+05
5.282666037203959422e+05
5.288335478245610138e+05
5.295952308846237138e+05
5.305871540215262212e+05
5.318264990331429290e+05
5.333129925174262607e+05
5.350300054010798922e+05
5.369455952165350318e+05
5.390136348983853823e+05
5.411755478019764414e+05
5.433633582557879854e+05
5.455046603282111464e+05
5.475296541850917274e+05
5.493796680820286274e+05
5.510157894847323187e+05
5.524256826462819008e+05
5.536266565316525521e+05
5.546636818690744694e+05
5.556022074421814177e+05
5.565169485461515142e+05
5.574788910470363917e+05
5.585432363160875393e+05
5.597407751288748113e+05
5.610743239669454051e+05
5.625206575081128394e+05
5.640371637053005397e+05
5.655715300136979204e+05
5.670723250839065295e+05
5.684984098083258141e+05
5.698256027679645922e+05
5.710497589542139322e+05
5.721861956287273206e+05
5.732660502268974669e+05
5.743305856418812182e+05
5.754246383198535768e+05
5.765903499710104661e+05
5.778620761590984184e+05
5.792629882516524522e+05
5.808034674420853844e+05
5.824810344362697797e+05
5.842813547385233687e+05
5.861798432816175045e+05
5.881435282571013086e+05
5.901330351727955276e+05
5.921047263504790608e+05
5.940131252385671251e+05
5.958137657788605429e+05
5.974665553408117266e+05
5.989396336335475789e+05
6.002135328671422321e+05
6.012851820251058089e+05
6.021709878128010314e+05
6.029079860955850454e+05
6.035520676633020630e+05
6.041726922699374845e+05
6.048443325423394563e+05
6.056359466868410818e+05
6.066006934469739208e+05
6.077684469875623472e+05
6.091431590008034837e+05
6.107057860886405688e+05
6.124217626334584784e+05
6.142505124936184147e+05
6.161538908643049654e+05
6.181010333493851358e+05
6.200686557084891247e+05
6.220377366800018353e+05
6.239889076825969387e+05
6.258991715675871819e+05
6.277416942772428738e+05
6.294888226377390092e+05
6.311169547357424162e+05
6.326111286923155421e+05
6.339674941622284241e+05
6.351929543713130988e+05
6.363026016730547417e+05
6.373164494384359568e+05
6.382569978617739398e+05
6.391484219892898109e+05
6.400170889048164245e+05
6.408922895774911158e+05
6.418059327430366538e+05
6.427905374934934080e+05
6.438758338344295043e+05
6.450850964265433140e+05
6.464325516368359094e+05
6.479226989197799703e+05
6.495514491146098590e+05
6.513081150337564759e+05
6.531769642334609525e+05
6.551374398717485601e+05
6.571630691077669617e+05
6.592200310748019256e+05
6.612668434193497524e+05
6.632563733082468389e+05
6.651404777171894675e+05
6.668764411819964880e+05
6.684335392172503052e+05
6.697979074847844895e+05
6.709745074247724842e+05
6.719860519322979962e+05
6.728697710065256106e+05
6.736733711900199996e+05
6.744512688771383837e+05
6.752613465274095070e+05
6.761615924898113590e+05
6.772055949849782046e+05
6.784362806416044477e+05
6.798783980145568494e+05
6.815315241327307886e+05
6.833661340020995121e+05
6.853250144346531015e+05
