4.752889155964954407e+05
4.743633369647791260e+05
4.735379504634363111e+05
4.728037413679578458e+05
4.721501044320439105e+05
4.715651039479493629e+05
4.710347999559637392e+05
4.705415283888523700e+05
4.700617348375084694e+05
4.695644818107089377e+05
4.690117520389062702e+05
4.683611118099845480e+05
4.675704394593868637e+05
4.666036801609345712e+05
4.654362971791652963e+05
4.640593354545389302e+05
4.624815991118252277e+05
4.607300236934261047e+05
4.588486038092258968e+05
4.568961367683649878e+05
4.549427236991783138e+05
4.530647285401981208e+05
4.513379886081406730e+05
4.498295642734346911e+05
4.485890368129063281e+05
4.476409756661443971e+05
4.469803575668981648e+05
4.465722545131769730e+05
4.463561066773885395e+05
4.462537017211489729e+05
4.461790495950302575e+05
4.460480412080994574e+05
4.457862163142604986e+05
4.453339194649342680e+05
4.446491384644515929e+05
4.437089281140475068e+05
4.425102769676281605e+05
4.410706819076381507e+05
4.394279519483365002e+05
4.376383350800116896e+05
4.357722244091376197e+05
4.339073880322021432e+05
4.321205308708781959e+05
4.304786130104004988e+05
4.290314584136260091e+05
4.278068114042062662e+05
4.268083787316579837e+05
4.260168204090465442e+05
4.253932883149159607e+05
4.248849432978742989e+05
4.244317844120810041e+05
4.239739918762646266e+05
4.234588244743674877e+05
4.228460402439718018e+05
4.221109705182423932e+05
4.212448314030591864e+05
4.202525128400711110e+05
4.191487214875759673e+05
4.179537143461976666e+05
4.166897850615796051e+05
4.153791806675476837e+05
4.140434477990423329e+05
4.127036378220181796e+05
4.113805797769331839e+05
4.100946110393924755e+05
4.088645832256191061e+05
4.077063720200631651e+05
4.066313033540988108e+05
4.056448270079187932e+05
4.047455619986403617e+05
4.039247095226923702e+05
4.031658926041419036e+05
4.024456745672337129e+05
4.017351336705632857e+05
4.010027393478870508e+05
4.002183526147384546e+05
3.993576310405881377e+05
3.984057489465531544e+05
3.973593871090192697e+05
3.962264434205279686e+05
3.950236693221674650e+05
3.937731098665600875e+05
3.924985173863019445e+05
3.912227073035769281e+05
3.899662536040960113e+05
3.887472681370662176e+05
3.875815740911106113e+05
3.864825427032111911e+05
3.854601881647543632e+05
3.845196162471664138e+05
3.836593448691658559e+05
3.828701725608911947e+05
3.821351231784399715e+05
3.814306495661606314e+05
3.807289167544461088e+05
3.800007595727298176e+05
3.792188697324607056e+05
3.783608524105020333e+05
3.774118884401339456e+05
3.763667615031722235e+05
3.752309607170003001e+05
3.740205282799425186e+05
3.727603939930410124e+05
3.714811815505822888e+05
3.702148525448035798e+05
3.689899524564754101e+05
3.678274759560011444e+05
3.667383390202159062e+05
3.657230823062278214e+05
3.647738070561590139e+05
3.638776524912192253e+05
3.630206158966976800e+05
3.621904147066709120e+05
3.613774797751560109e+05
3.605739388037740719e+05
3.597713088116674917e+05
3.589582078456849558e+05
3.581194483369666850e+05
3.572373372219915036e+05
3.562950884441033704e+05
3.552813341511884355e+05
3.541941909036866273e+05
3.530434169260955532e+05
3.518498399626540486e+05
3.506421578894609120e+05
3.494520307665279252e+05
3.483087878350699320e+05
3.472349712576307938e+05
3.462434655773789273e+05
3.453363880669032806e+05
3.445054934123299900e+05
3.437336906789760687e+05
3.429973277197554125e+05
3.422690157200282556e+05
3.415208063144183834e+05
3.407274559854614781e+05
3.398693846612391062e+05
3.389348716270271107e+05
3.379211116935865139e+05
3.368339750592660857e+05
3.356865982456650236e+05
3.344971782161373412e+05
3.332864710856144084e+05
3.320754862657415215e+05
3.308837381168997963e+05
3.297282172424912569e+05
3.286230272934965906e+05
3.275794541938807815e+05
3.266061386026055552e+05
3.257090353975985781e+05
3.248909607926659519e+05
3.241507098958183778e+05
3.234819178653933923e+05
3.228719839799392503e+05
3.223014490226502530e+05
3.217442022584977676e+05
3.211687937160716974e+05
3.205409422648621257e+05
3.198270757350551430e+05
3.189984640453852480e+05
3.180352930333059048e+05
3.169299640504676499e+05
3.156890351002670359e+05
3.143335016262909048e+05
3.128974322092136717e+05
3.114251965782080661e+05
3.099675873624060187e+05
3.085770895656725042e+05
3.073025205717366771e+05
3.061833684624928283e+05
3.052444154992772383e+05
3.044915273264284479e+05
3.039096134661501274e+05
3.034635507282951730e+05
3.031022837984547368e+05
3.027655370999944280e+05
3.023918726821277523e+05
3.019264847066515358e+05
3.013272661053711199e+05
3.005682506106202491e+05
2.996402947633703589e+05
2.985495384912036243e+05
2.973145567566599930e+05
2.959631187311320682e+05
2.945291811163400416e+05
2.930503266497697914e+05
2.915655004129333538e+05
2.901127262443254003e+05
2.887265441801673733e+05
2.874351440206934931e+05
2.862574597797385650e+05
2.852006993412633310e+05
2.842588203386492678e+05
2.834123180706395069e+05
2.826294399647845421e+05
2.818687004639032530e+05
2.810824306366849924e+05
2.802210707413727650e+05
2.792379337060390390e+05
2.780941368243861943e+05
2.767632677883154829e+05
2.752351645261269878e+05
2.735180744482957525e+05
2.716385576313843485e+05
2.696388704167446704e+05
2.675721345772490604e+05
2.654961657499534776e+05
2.634671722315461375e+05
2.615344906972223544e+05
2.597371099763137754e+05
2.581021232929801627e+05
2.566447018425983551e+05
2.553689139067675860e+05
2.542687932907367358e+05
2.533293864759448625e+05
2.525278715159408748e+05
2.518350470286208147e+05
2.512174518958945700e+05
2.506401487083907414e+05
2.500699234037546848e+05
2.494784495166192064e+05
2.488448963144275185e+05
2.481575121930319292e+05
2.474138503007467662e+05
2.466195066226675990e+05
2.457855187151992868e+05
2.449249116974155768e+05
2.440491959380026383e+05
2.431657744299609622e+05
2.422770696160764492e+05
2.413816941168338526e+05
2.404772917947123060e+05
2.395640206665158330e+05
2.386473163089489972e+05
2.377387335370889050e+05
2.368542908155242039e+05
2.360106213270317530e+05
2.352200490083382174e+05
2.344861614025293966e+05
2.338013788254831161e+05
2.331474409934820433e+05
2.324988411642813589e+05
2.318283329824327084e+05
2.311130196719083178e+05
2.303394102605795197e+05
2.295062172628777334e+05
2.286244090578679461e+05
2.277148271701738704e+05
2.268042404757642653e+05
2.259208683794375102e+05
2.250901939877569384e+05
2.243315051101837598e+05
2.236552938953392440e+05
2.230615683724660776e+05
2.225392532336030854e+05
2.220669998013099539e+05
2.216156734937422443e+05
2.211524472658526793e+05
2.206459037010960747e+05
2.200710892535591847e+05
2.194133311113646778e+05
2.186699333604407148e+05
2.178495114100550709e+05
2.169694356315147306e+05
2.160523464376816992e+05
2.151227999178142927e+05
2.142048154867497797e+05
2.133205879956558929e+05
2.124901196627230383e+05
2.117312077987574157e+05
2.110591826106468507e+05
2.104860097282467177e+05
2.100187556047176768e+05
2.096578136453192856e+05
2.093955502021825814e+05
2.092160357134937658e+05
2.090962437842012441e+05
2.090086065616481064e+05
2.089242816878645390e+05
2.088161238831087830e+05
2.086603218957252393e+05
2.084359970861691982e+05
2.081226633536408190e+05
2.076961277154738782e+05
2.071239645902746997e+05
2.063619833538595412e+05
2.053530737188656931e+05
2.040294711406711431e+05
2.023188838265920640e+05
2.001541334575398359e+05
1.974850887766988308e+05
1.942908796554960718e+05
1.905898877866847615e+05
1.864450339621639287e+05
1.819625387565321580e+05
1.772835606969672081e+05
1.725696501962912444e+05
1.679843996604612039e+05
1.636746147803728527e+05
1.597545051058746176e+05
1.562957404145292530e+05
1.533249201534390158e+05
1.508283986974363797e+05
1.487629003335854504e+05
1.470692948555534531e+05
1.456865036041830608e+05
1.445628074162190314e+05
1.436627010480854369e+05
1.429686248890053830e+05
1.424780933155929961e+05
1.421976516404284921e+05
1.421355555622210086e+05
1.422950416977827263e+05
1.426696351914382831e+05
1.432412881730525114e+05
1.439814424095660506e+05
1.448545043306618754e+05
1.458227938821652206e+05
1.468518110298948595e+05
1.479146565629499673e+05
1.489946378222126805e+05
1.500854660182199441e+05
1.511889655970184831e+05
1.523107812839175749e+05
1.534550573147649411e+05
1.546193361596985196e+05
1.557908800131615135e+05
1.569452460128260427e+05
1.580473442326084769e+05
1.590545589414456335e+05
1.599210197501236107e+05
1.606019133414569078e+05
1.610568636850350304e+05
1.612518046003055060e+05
1.611592806232176663e+05
1.607575860223145864e+05
1.600294644900501880e+05
1.589611706318701617e+05
1.575425205458791752e+05
1.557681732473988959e+05
1.536398925418819417e+05
1.511690990762586589e+05
1.483788036997766467e+05
1.453041234473549121e+05
1.419910015853448422e+05
1.384933250229228579e+05
1.348691192744341679e+05
1.311766995735722012e+05
1.274714995252638182e+05
1.238038892957613280e+05
1.202178516202348401e+05
1.167501226008643134e+05
1.134294313019692345e+05
1.102757371971695975e+05
1.072996987654091499e+05
1.045028160760738683e+05
1.018786522901154385e+05
9.941525455954483186e+04
9.709847960462099581e+04
9.491555689910036745e+04
9.285804977905891428e+04
9.092348074164282298e+04
8.911524454165025963e+04
8.744092015950383211e+04
8.590954093209031271e+04
8.452863750478318252e+04
8.330185133778752061e+04
8.222765134343068348e+04
8.129928722707791894e+04
8.050573424931228510e+04
7.983315392159916519e+04
7.926636748457897920e+04
7.878998173868079903e+04
7.838902950195939047e+04
7.804918987734944676e+04
7.775677080490102526e+04
7.749865430997700605e+04
7.726235137738044432e+04
7.703623160733706027e+04
7.680991672280355124e+04
7.657477178844260925e+04
7.632439541396942514e+04
7.605499935733967868e+04
7.576558075088811165e+04
7.545782771633972879e+04
7.513575408567828708e+04
7.480511332869686885e+04
7.447267469761949906e+04
7.414544557632823125e+04
7.382990171725566324e+04
7.353126493707178452e+04
7.325286805344616005e+04
7.299567274199776875e+04
7.275803648845739372e+04
7.253582624115323415e+04
7.232292557898822997e+04
7.211208586629146885e+04
7.189596814109687693e+04
7.166816201737534720e+04
7.142398446040174167e+04
7.116095013339875732e+04
7.087892272085894365e+04
7.058004397129584686e+04
7.026855179106982541e+04
6.995053872566201608e+04
6.963360751336443354e+04
6.932631146940287726e+04
6.903727371430945641e+04
6.877397445275700011e+04
6.854135061042160669e+04
6.834050682532830979e+04
6.816792239230019914e+04
6.801550343845170573e+04
6.787165873389485932e+04
6.772330445837706793e+04
6.755840624199347803e+04
6.736844908064813353e+04
6.715017996873862285e+04
6.690613596344998223e+04
6.664381513494632964e+04
6.637375737408350687e+04
6.610712791768043826e+04
6.585351534983623424e+04
6.561952481792366598e+04
6.540842458574033662e+04
6.522072343390834430e+04
6.505526622308086371e+04
6.491033401471471007e+04
6.478433612307833391e+04
6.467591683319747972e+04
6.458356196727789211e+04
6.450498288740924909e+04
6.443662536832246406e+04
6.437359731080555503e+04
6.431016830493056477e+04
6.424081506589638593e+04
6.416161577156998101e+04
6.407166957211912086e+04
6.397416239011901052e+04
6.387673606254709011e+04
6.379095251311234460e+04
6.373086501180222695e+04
6.371097271120899677e+04
6.374407090323406737e+04
6.383962947800345137e+04
6.400325820929899055e+04
6.423751760296189605e+04
6.454385053764014447e+04
6.492486776232133707e+04
6.538580435370463238e+04
6.593386734450067161e+04
6.657454995496901392e+04
6.730480558740098786e+04
6.810410677328835300e+04
6.892556183623913967e+04
6.969003629617769911e+04
7.028625696019281168e+04
7.057894928191840881e+04
7.042523568720911862e+04
6.969719886223220965e+04
6.830635387141327374e+04
6.622452020129209268e+04
6.349579234476316196e+04
6.023609067037094064e+04
5.661970591326688009e+04
5.285546982433456287e+04
4.915769591365235829e+04
4.571807789092621533e+04
4.268406391470384551e+04
4.014717693959424651e+04
3.814207287442383677e+04
3.665466764507566404e+04
3.563606227262980974e+04
3.501850463552721340e+04
3.473011224854036845e+04
3.470615966467301769e+04
3.489597100558064267e+04
3.526551976061482856e+04
3.579656448036304209e+04
3.648353673739968508e+04
3.732953021721538244e+04
3.834270866578062123e+04
3.953429895144987677e+04
4.091903987126819266e+04
4.251844761792668578e+04
4.436647410873959598e+04
4.651609872404528141e+04
4.904428801919739635e+04
5.205194680669191439e+04
5.565545846069640538e+04
5.996762055496552784e+04
6.506838044910915050e+04
7.096939390517323045e+04
7.758008974294121435e+04
8.468522927698571584e+04
9.194356643925263779e+04
9.891349212495036772e+04
1.051050064150766702e+05
1.100497662862034049e+05
1.133748084779023775e+05
1.148631642572282581e+05
1.144871118222721707e+05
1.124066600358000724e+05
1.089348399412473373e+05
1.044795586417776067e+05
9.947660113611692213e+04
9.432864944039272086e+04
8.936139878723832953e+04
8.480176227843746892e+04
8.077700486935066874e+04
7.732925174333922041e+04
7.443801766851928551e+04
7.204400555159660871e+04
7.006952518333050830e+04
6.843339360529526311e+04
6.706023970131801616e+04
6.588533765508737997e+04
6.485645252318554412e+04
6.393397052349355363e+04
6.309014250900756451e+04
6.230784886213927530e+04
6.157902449283430178e+04
6.090277821409634635e+04
6.028325311658582359e+04
5.972733885745292355e+04
5.924240951461820805e+04
5.883429002225647127e+04
5.850564081899195298e+04
5.825490332129858871e+04
5.807588756777461094e+04
5.795802542704751977e+04
5.788726259456716798e+04
5.784750899363540520e+04
5.782249376985208801e+04
5.779777533405653230e+04
5.776256463396609615e+04
5.771098150596775668e+04
5.764243025134311029e+04
5.756096840542969585e+04
5.747381243252517015e+04
5.738938522085974546e+04
5.731545689130054961e+04
5.725789110724805505e+04
5.722028487891256373e+04
5.720446012215834344e+04
5.721145641104900278e+04
5.724250666747475043e+04
5.729951450928017584e+04
5.738477552487360663e+04
5.750000479040072969e+04
5.764502523643006134e+04
5.781662623216016073e+04
5.800806420768078533e+04
5.820946592476903606e+04
5.840909317278647359e+04
5.859514974924355920e+04
5.875765850983857672e+04
5.888995513242888410e+04
5.898951125870618125e+04
5.905802998143943114e+04
5.910095109247768414e+04
5.912659323535591830e+04
5.914513850472858030e+04
5.916758402120706160e+04
5.920471873500967195e+04
5.926618114002514631e+04
5.935970857910745690e+04
5.949074605133355362e+04
5.966257526926964056e+04
5.987702132576303120e+04
6.013562268641544506e+04
6.044098594377687550e+04
6.079797098112454114e+04
6.121440528009692935e+04
6.170118534253253893e+04
6.227181682202385855e+04
6.294159244879088510e+04
6.372665991850980936e+04
6.464319271825579199e+04
6.570678592990867037e+04
6.693210545482544694e+04
6.833275365146347031e+04
6.992128089837172593e+04
7.170925729988324747e+04
7.370730599595131935e+04
7.592498195203053183e+04
7.837036005798885890e+04
8.104918428845674498e+04
8.396344456797528255e+04
8.710931725639417709e+04
9.047455473246493784e+04
9.403564003093764768e+04
9.775528288439984317e+04
1.015810164039197552e+05
1.054456310375708272e+05
1.092698762583853822e+05
1.129673103053010855e+05
1.164505585335034993e+05
1.196377998669436056e+05
1.224582430799497524e+05
1.248557280876860168e+05
1.267902435988335492e+05
1.282378103588292288e+05
1.291895626747515198e+05
1.296508345946250483e+05
1.296406855404790695e+05
1.291918006175690389e+05
1.283503220352082863e+05
1.271750670588192006e+05
1.257357702799151011e+05
1.241103339873362565e+05
1.223814166190552496e+05
1.206329098901404650e+05
1.189468994812097080e+05
1.174015837075008312e+05
1.160703780252069264e+05
1.150221034410825960e+05
1.143217952614107780e+05
1.140313526251032454e+05
1.142090855682443216e+05
1.149073123315852863e+05
1.161675716511614010e+05
1.180137016391829238e+05
1.204438465278162184e+05
1.234231534408236912e+05
1.268792679702588066e+05
1.307025482156709913e+05
1.347521427733316377e+05
1.388678413845092000e+05
1.428861965674758540e+05
1.466582239131770330e+05
1.500653992519145831e+05
1.530309125298460422e+05
1.555241832478913129e+05
1.575581909204226395e+05
1.591807547449766425e+05
1.604620462260576605e+05
1.614810586159171653e+05
1.623134833053265465e+05
1.630226870624276926e+05
1.636545770909731800e+05
1.642363608005250862e+05
1.647786814019943413e+05
1.652803152480087010e+05
1.657344512094197271e+05
1.661354517248005432e+05
1.664849105920282018e+05
1.667958403305036190e+05
1.670940333174450789e+05
1.674160959901200840e+05
1.678043163380248880e+05
1.682992598104205972e+05
1.689316071947084274e+05
1.697150619477106957e+05
1.706420416254092706e+05
1.716833168789821502e+05
1.727918845587539254e+05
1.739103735055932775e+05
1.749804453973958443e+05
1.759522043377739028e+05
1.767916997265228420e+05
1.774851733494312793e+05
1.780395811985056498e+05
1.784798305346308334e+05
1.788438327733901388e+05
1.791767114770068438e+05
1.795253209406674141e+05
1.799337794384836452e+05
1.804402300808632863e+05
1.810747038222037081e+05
1.818578513890819449e+05
1.828003846286553890e+05
1.839031984584154561e+05
1.851582120521194011e+05
1.865499178171344684e+05
1.880574852646688232e+05
1.896571109181251086e+05
1.913242147250648122e+05
1.930351041398016387e+05
1.947678602978307463e+05
1.965024118308546313e+05
1.982199958057476906e+05
1.999023990316138370e+05
2.015314660556261078e+05
2.030893086287725600e+05
2.045594466436912480e+05
2.059287940587275662e+05
2.071900650822562748e+05
2.083439296407935617e+05
2.094001897360106523e+05
2.103774204612982576e+05
2.113008862834647880e+05
2.121990027736554039e+05
2.130990299126624304e+05
2.140229279139518039e+05
2.149843011779329972e+05
2.159870948033495224e+05
2.170262626781225845e+05
2.180901268482931191e+05
2.191637449095241900e+05
2.202324165231887018e+05
2.212845394245401549e+05
2.223133234590326028e+05
2.233172643228014640e+05
2.242996142463038559e+05
2.252672478075519903e+05
2.262292764557252522e+05
2.271955828166104329e+05
2.281752579685567180e+05
2.291748627173775458e+05
2.301965582326420117e+05
2.312364144908342569e+05
2.322834642282848654e+05
2.333201519147151266e+05
2.343246145314661553e+05
2.352747334597375884e+05
2.361532668704126845e+05
2.369528514396981336e+05
2.376794801017955469e+05
2.383533308256642486e+05
2.390064789704070427e+05
2.396778594413314713e+05
2.404065768586618360e+05
2.412250612650701369e+05
2.421535330567723722e+05
2.431968265568257484e+05
2.443439934730245732e+05
2.455704707429418922e+05
2.468421220471945999e+05
2.481202375428620435e+05
2.493666012970646843e+05
2.505479407749203674e+05
2.516393545945798978e+05
2.526265739661630359e+05
2.535070821639652422e+05
2.542901754106899025e+05
2.549960263454291271e+05
2.556537687077799055e+05
2.562986237371775496e+05
2.569681732048446429e+05
2.576980436983098043e+05
2.585174515780591464e+05
2.594451976662100933e+05
2.604867359615778551e+05
2.616328464623975742e+05
2.628602330035016639e+05
2.641340859297099523e+05
2.654123507758943597e+05
2.666511796742931474e+05
2.678108535837578820e+05
2.688613777487265761e+05
2.697869787048329599e+05
2.705888574751607957e+05
2.712857552817098331e+05
2.719121394734089263e+05
2.725141039544331143e+05
2.731433946402145666e+05
2.738502997800256126e+05
2.746764350280499784e+05
2.756486107040047063e+05
2.767748910408547381e+05
2.780435899235270335e+05
2.794253463999543455e+05
2.808777497369666235e+05
2.823514578724385938e+05
2.837965538310949923e+05
2.851680633485086728e+05
2.864300102812868427e+05
2.875579063451266265e+05
2.885399457579177106e+05
2.893772837684343103e+05
2.900836402586111799e+05
2.906842210979081574e+05
2.912137669390874216e+05
2.917135505473757512e+05
2.922273707580369664e+05
2.927969398499164381e+05
2.934573690516913193e+05
2.942335715181627893e+05
2.951382539655758301e+05
2.961718024446352501e+05
2.973239179121648776e+05
2.985764761659753276e+05
2.999068765395168448e+05
3.012911266391646932e+05
3.027060517406111467e+05
3.041302741719259066e+05
3.055439544422121253e+05
3.069276906193588511e+05
3.082613479860549560e+05
3.095237749086034019e+05
3.106941764535063994e+05
3.117553005212356802e+05
3.126977025110012619e+05
3.135235752166588791e+05
3.142484033483983949e+05
3.148992792008591350e+05
3.155099643074364285e+05
3.161141821720170556e+05
3.167395030297332560e+05
3.174040501706799841e+05
3.181171065323170624e+05
3.188830268752989941e+05
3.197064359917158727e+05
3.205961770510306233e+05
3.215660876622628421e+05
3.226321108859751257e+05
3.238068228283173521e+05
3.250934916901221732e+05
3.264818959787989152e+05
3.279473872616525041e+05
3.294535008898918750e+05
3.309573150191389141e+05
3.324161041754371254e+05
3.337937247281618183e+05
3.350654678786454606e+05
3.362205952777626226e+05
3.372622639021351351e+05
3.382049948293176130e+05
3.390702595348763280e+05
3.398811428958609467e+05
3.406573150130275753e+05
3.414115720746521838e+05
3.421488888847792405e+05
3.428682795798110892e+05
3.435669522372050560e+05
3.442455257705705590e+05
3.449127012031133054e+05
3.455878788481488009e+05
3.463007605414714781e+05
3.470878011552829994e+05
3.479862306904863217e+05
3.490270181455074344e+05
3.502284222557006287e+05
3.515916093481473508e+05
3.530992690179563942e+05
3.547173842509092065e+05
3.563995446880334057e+05
3.580926665232470259e+05
3.597428584419063991e+05
3.613004585925820866e+05
3.627238046723890584e+05
3.639818259719308116e+05
3.650558222308058757e+05
3.659407255527820671e+05
3.666458324087965884e+05
3.671946834829955478e+05
3.676236919314516126e+05
3.679793558962814277e+05
3.683143164141540765e+05
3.686828886689185165e+05
3.691367860396505566e+05
3.697215253281990881e+05
3.704735994430098799e+05
3.714181839948977577e+05
3.725671028359539923e+05
3.739170337802202557e+05
3.754483232295420603e+05
3.771250465034147492e+05
3.788969094216487138e+05
3.807032111665230477e+05
3.824785290696104057e+05
3.841592875546746072e+05
3.856901506041296525e+05
3.870293091532987892e+05
3.881521302805473097e+05
3.890530823022866389e+05
3.897461309430400725e+05
3.902638131528545637e+05
3.906550088118119165e+05
3.909812529754940188e+05
3.913114746582718799e+05
3.917153854138900642e+05
3.922562381609646254e+05
3.929840566026347224e+05
3.939304456205916940e+05
3.951056758477403782e+05
3.964980885064550675e+05
3.980753391504347674e+05
3.997868819067351869e+05
4.015674290258294786e+05
4.033416447896664613e+05
4.050306268499343423e+05
4.065604596321450081e+05
4.078722713066450087e+05
4.089321336439006263e+05
4.097383767566949246e+05
4.103239445334519842e+05
4.107524469795976765e+05
4.111082742606988177e+05
4.114828842550847912e+05
4.119604674337402103e+05
4.126062032131100423e+05
4.134592846852902439e+05
4.145312719758823514e+05
4.158088112227632664e+05
4.172588902687596856e+05
4.188348063729577116e+05
4.204816981344880187e+05
4.221413756468126085e+05
4.237567874366821488e+05
4.252765310392251122e+05
4.266594141844665864e+05
4.278785283281207667e+05
4.289239836486913846e+05
4.298035924336040043e+05
4.305413181083351374e+05
4.311739409666589927e+05
4.317467849872735096e+05
4.323093099657441489e+05
4.329109723035347997e+05
4.335972889574868605e+05
4.344058336089538643e+05
4.353621127879666165e+05
4.364757939650751650e+05
4.377382516367769567e+05
4.391225067359375535e+05
4.405862029560689698e+05
4.420774351722963038e+05
4.435423901979199727e+05
4.449332662286387058e+05
4.462149930863637128e+05
4.473697751800119295e+05
4.483991046661809087e+05
4.493233188215230475e+05
4.501788744973002467e+05
4.510134232899734634e+05
4.518787946340980707e+05
4.528223696016432368e+05
4.538780337563931243e+05
4.550586073063967051e+05
4.563518937735303189e+05
4.577219260830987478e+05
4.591156527470299043e+05
4.604736441245895112e+05
4.617420850063751568e+05
4.628829285881065880e+05
4.638797974823993281e+05
4.647387205365158152e+05
4.654844473234083271e+05
4.661542258981590276e+05
4.667911934740520664e+05
4.674389714098043623e+05
4.681380759177919826e+05
4.689238585099857883e+05
4.698252307562759379e+05
4.708634778536971426e+05
4.720508443327898858e+05
4.733890022341350559e+05
4.748677738231141702e+05
4.764645213321106858e+05
4.781445164594505914e+05
4.798624852626483189e+05
4.815654550591095467e+05
4.831969756847909302e+05
4.847026515789850382e+05
4.860366285031310399e+05
4.871682534722990822e+05
4.880877142198814545e+05
4.888092791756572551e+05
4.893709778213703539e+05
4.898302215540183242e+05
4.902558188989193877e+05
4.907177955461253296e+05
4.912770689684239333e+05
4.919771277381012915e+05
4.928393869730005972e+05
4.938629790261765593e+05
4.950286591392777627e+05
4.963055540619189851e+05
4.976588991453952040e+05
4.990568328106518020e+05
5.004747534695211798e+05
5.018965656132805743e+05
5.033131077953511849e+05
5.047188677543114172e+05
5.061084871715459740e+05
5.074744162415843457e+05
5.088064714323267108e+05
5.100932340723438538e+05
5.113245344874805887e+05
5.124939576795955654e+05
5.136004560115210479e+05
5.146486240960429423e+05
5.156477152933508623e+05
5.166098137693494791e+05
5.175476302363417344e+05
5.184722621834042366e+05
5.193911545708451304e+05
5.203065667352749733e+05
5.212150663394447765e+05
5.221087114177020849e+05
5.229783702935951296e+05
5.238189412769898772e+05
5.246352461022606585e+05
5.254465395672910381e+05
5.262874268582522636e+05
5.272037991831705440e+05
5.282440236531317933e+05
5.294474458899714518e+05
5.308334898564770119e+05
