6.106449356365625281e+05
6.096567106550567551e+05
6.088811952479631873e+05
6.082398630686579272e+05
6.076451750371130183e+05
6.070128399558953242e+05
6.062719109619876835e+05
6.053715441794411745e+05
6.042842046849776525e+05
6.030057701154198730e+05
6.015532001719647087e+05
5.999603208785632160e+05
5.982721028989893384e+05
5.965378635773117421e+05
5.948041586629541125e+05
5.931085540159594966e+05
5.914756316479898524e+05
5.899162142962060170e+05
5.884298882424576441e+05
5.870097858239844209e+05
5.856477547242654255e+05
5.843379086992682423e+05
5.830772371417693794e+05
5.818631891865775688e+05
5.806894310332158348e+05
5.795417794600308407e+05
5.783963322780117160e+05
5.772210655979444273e+05
5.759809517762329197e+05
5.746454139283351833e+05
5.731960851240692427e+05
5.716326372732350137e+05
5.699749286897466518e+05
5.682607312134226086e+05
5.665395309711229056e+05
5.648639792158207856e+05
5.632811639358095126e+05
5.618257819410776719e+05
5.605165390818242449e+05
5.593559566132121254e+05
5.583326438089542789e+05
5.574244489881484769e+05
5.566009847966146190e+05
5.558247940725689987e+05
5.550515269164282363e+05
5.542304194553002017e+05
5.533066472027128330e+05
5.522265925523329061e+05
5.509458986671651946e+05
5.494388428156685550e+05
5.477065911558261141e+05
5.457816902477038093e+05
5.437268195240298519e+05
5.416271867177246604e+05
5.395776011104177451e+05
5.376667406219915720e+05
5.359620207759451587e+05
5.344985014828541316e+05
5.332743691293171141e+05
5.322539019142990001e+05
5.313769074242204661e+05
5.305719961973186582e+05
5.297702504911256256e+05
5.289161146964811487e+05
5.279735212775799446e+05
5.269268745251002256e+05
5.257779251165826572e+05
5.245403290447985055e+05
5.232336940160730155e+05
5.218784114484279999e+05
5.204919370981927495e+05
5.190867146198013215e+05
5.176697066781262401e+05
5.162433877206384204e+05
5.148078995289562736e+05
5.133638218917085323e+05
5.119147663677313831e+05
5.104689354132848675e+05
5.090390157311561634e+05
5.076402571272989735e+05
5.062871544857163681e+05
5.049895916965595097e+05
5.037494838598136557e+05
5.025588464671333204e+05
5.013998951347330003e+05
5.002473318457212881e+05
4.990724874688681448e+05
4.978485444954889826e+05
4.965557559082321241e+05
4.951855160161661333e+05
4.937423962310250499e+05
4.922437921246750630e+05
4.907174619119697600e+05
4.891977200078135356e+05
4.877211820395291434e+05
4.863227083064347971e+05
4.850317330261589959e+05
4.838687896624036366e+05
4.828420025945238303e+05
4.819436792838171241e+05
4.811477306099604466e+05
4.804091294772691326e+05
4.796666495654389728e+05
4.788495450950955274e+05
4.778877513285562163e+05
4.767239623496220447e+05
4.753250386719888775e+05
4.736899865429777419e+05
4.718523668556741322e+05
4.698762739566852106e+05
4.678465831367634819e+05
4.658555274681337178e+05
4.639884407563305576e+05
4.623115096325426130e+05
4.608636751121302368e+05
4.596536751790595008e+05
4.586619902872322127e+05
4.578464909647022723e+05
4.571501168826466892e+05
4.565089815398869105e+05
4.558597527891974896e+05
4.551457442897780566e+05
4.543216000893885503e+05
4.533566133762242389e+05
4.522366229803712922e+05
4.509642638125639060e+05
4.495573349314715597e+05
4.480453121687358362e+05
4.464645035823712242e+05
4.448527979829904507e+05
4.432451309228860773e+05
4.416705523522180738e+05
4.401511962985925493e+05
4.387027714066725457e+05
4.373357065892431419e+05
4.360559957003458403e+05
4.348651032299693907e+05
4.337588615459757275e+05
4.327258665927110123e+05
4.317462447239037720e+05
4.307917005177436513e+05
4.298274671540966374e+05
4.288162665767181898e+05
4.277237977871031617e+05
4.265247702990141697e+05
4.252082246481646434e+05
4.237809175444181310e+05
4.222678993418862810e+05
4.207099868588343961e+05
4.191584738968685269e+05
4.176679478785282699e+05
4.162883714612416807e+05
4.150576216070122900e+05
4.139955266024920275e+05
4.131002063210537890e+05
4.123472628634251305e+05
4.116920734327583341e+05
4.110750519324500347e+05
4.104292588643591153e+05
4.096892432330451556e+05
4.087996783514011768e+05
4.077223814779410022e+05
4.064407289792830124e+05
4.049611438016127213e+05
4.033119544891770929e+05
4.015402423966313945e+05
3.997072299382632482e+05
3.978824818703704514e+05
3.961369959040755057e+05
3.945353874828307307e+05
3.931278331105021643e+05
3.919429802847293322e+05
3.909833046906467644e+05
3.902241518924036063e+05
3.896169566147266305e+05
3.890961532253621262e+05
3.885884396064390312e+05
3.880226079789589858e+05
3.873381903644045233e+05
3.864915870011433144e+05
3.854589791105097393e+05
3.842360130508317379e+05
3.828348647328030202e+05
3.812797543420202564e+05
3.796021813528291532e+05
3.778370060729224351e+05
3.760200137705362868e+05
3.741868889473337331e+05
3.723728474853493390e+05
3.706118009984816890e+05
3.689340451029361575e+05
3.673620682237376459e+05
3.659049664103051764e+05
3.645527947197735775e+05
3.632726631124332198e+05
3.620082962800142122e+05
3.606841171513134032e+05
3.592138635588879115e+05
3.575126035867956816e+05
3.555100917990595335e+05
3.531629467847381602e+05
3.504632415751775843e+05
3.474417513405209756e+05
3.441651458073637914e+05
3.407276161906265188e+05
3.372385252934087766e+05
3.338084196706440416e+05
3.305359691562727094e+05
3.274980459040889982e+05
3.247443162814485258e+05
3.222966263735924149e+05
3.201524212969764485e+05
3.182907286625766428e+05
3.166790118275524583e+05
3.152794416077662609e+05
3.140536811703898129e+05
3.129658975856743637e+05
3.119842045218572603e+05
3.110809975482987938e+05
3.102326671114795026e+05
3.094190426389768254e+05
3.086227439532887074e+05
3.078284920113459812e+05
3.070224169253942091e+05
3.061914927505462547e+05
3.053233557537656161e+05
3.044068132558707148e+05
3.034332219854091527e+05
3.023985847952223849e+05
3.013057807040899061e+05
3.001660067515086266e+05
2.989984876629424980e+05
2.978279128256467520e+05
2.966798109906172031e+05
2.955749063484863727e+05
2.945240673218045267e+05
2.935254878736425890e+05
2.925651630244014668e+05
2.916207159559332649e+05
2.906675621153783286e+05
2.896856462937261094e+05
2.886648269805891323e+05
2.876074487814040622e+05
2.865275484003068414e+05
2.854471476417257800e+05
2.843908542912052944e+05
2.833802959212619462e+05
2.824297226188300992e+05
2.815435826889072778e+05
2.807162461684161099e+05
2.799335503558062483e+05
2.791755854196614237e+05
2.784201070333992830e+05
2.776460470183971338e+05
2.768366759183429531e+05
2.759820037887274520e+05
2.750800261691089836e+05
2.741365198179071303e+05
2.731633333005669410e+05
2.721754836348821409e+05
2.711877497811986250e+05
2.702116857700688997e+05
2.692539299066857202e+05
2.683163314915048541e+05
2.673978476393801975e+05
2.664975669985321583e+05
2.656178005579034216e+05
2.647660898103493382e+05
2.639552589422509191e+05
2.632012059770666528e+05
2.625188291757155675e+05
2.619171234897708928e+05
2.613948720305669704e+05
2.609383668293371156e+05
2.605221784121362143e+05
2.601132265165830904e+05
2.596774716252741637e+05
2.591877117910329252e+05
2.586304910250019166e+05
2.580101669600831810e+05
2.573487477514589555e+05
2.566810313634537742e+05
2.560456125374805997e+05
2.554732209355327359e+05
2.549744621455707238e+05
2.545292971841585822e+05
2.540805195892651391e+05
2.535330760991388815e+05
2.527603130975060049e+05
2.516171270059044473e+05
2.499586622162783460e+05
2.476618868441584054e+05
2.446464391141575761e+05
2.408909098671565880e+05
2.364413738699802198e+05
2.314104035592023574e+05
2.259666424219924666e+05
2.203168007495281927e+05
2.146832222347980714e+05
2.092806923613377439e+05
2.042958917066809954e+05
1.998720187540603802e+05
1.960999164632175816e+05
1.930158503058797796e+05
1.906051496793655388e+05
1.888103662218871177e+05
1.875424158037426532e+05
1.866932454541386978e+05
1.861487475943936734e+05
1.858008062084060803e+05
1.855574623089526722e+05
1.853502832861763309e+05
1.851382178076970449e+05
1.849075966387005756e+05
1.846684933676977525e+05
1.844482750280436303e+05
1.842836732535880874e+05
1.842129252503282623e+05
1.842693866485806648e+05
1.844775376635360299e+05
1.848516244636951014e+05
1.853964881622906832e+05
1.861096203280256887e+05
1.869832801651934569e+05
1.880056629861279798e+05
1.891605705960958439e+05
1.904256580869157624e+05
1.917699192110973527e+05
1.931514315634554077e+05
1.945163967618816532e+05
1.958001854715333320e+05
1.969305579559828329e+05
1.978326684251039987e+05
1.984350499858173425e+05
1.986756076674342912e+05
1.985067091841258225e+05
1.978986779533234367e+05
1.968412724723698047e+05
1.953430285848687636e+05
1.934286353031068284e+05
1.911348083527381823e+05
1.885053864762955054e+05
1.855865315290286089e+05
1.824228829800590465e+05
1.790552647316149087e+05
1.755201185339768126e+05
1.718503782145313744e+05
1.680771660266204563e+05
1.642316023971360119e+05
1.603461840824910032e+05
1.564555041310552624e+05
1.525964006724266801e+05
1.488077881672709191e+05
1.451303846869943081e+05
1.416063474657071056e+05
1.382785895812909002e+05
1.351894141455881181e+05
1.323781641204161861e+05
1.298778550758797501e+05
1.277111539706016629e+05
1.258864484723971254e+05
1.243949687871642673e+05
1.232098731539895816e+05
1.222878698077997105e+05
1.215733999131706660e+05
1.210048010718925507e+05
1.205213892457420734e+05
1.200701827139189118e+05
1.196111027008480887e+05
1.191198729456183937e+05
1.185883714587633731e+05
1.180226983550581062e+05
1.174395825135755003e+05
1.168619004007423355e+05
1.163140465626590594e+05
1.158177516460564366e+05
1.153887705035810213e+05
1.150347095717067132e+05
1.147541370554066962e+05
1.145370012156400480e+05
1.143662488815066172e+05
1.142203858217919478e+05
1.140765775607484393e+05
1.139137960898753954e+05
1.137155149971965293e+05
1.134715600489501230e+05
1.131789158338580892e+05
1.128415193545371294e+05
1.124692686480744887e+05
1.120765775093766861e+05
1.116807889015900000e+05
1.113006392903543165e+05
1.109548044482406694e+05
1.106604319847397128e+05
1.104315400138678378e+05
1.102772561933183169e+05
1.102000547107153980e+05
1.101943437818282837e+05
1.102458676156737492e+05
1.103323371356683783e+05
1.104254680613800738e+05
1.104942313657306076e+05
1.105087261722292751e+05
1.104438192135292775e+05
1.102816846558757679e+05
1.100126663068817725e+05
1.096343961453634256e+05
1.091496608811292099e+05
1.085638965938422043e+05
1.078832496458270762e+05
1.071138393337835296e+05
1.062623137888302881e+05
1.053372272972718638e+05
1.043504135571345105e+05
1.033175247439431550e+05
1.022572453320822096e+05
1.011892307094227726e+05
1.001313480316567875e+05
9.909710713932974613e+04
9.809414724498224678e+04
9.712430191477057815e+04
9.618523075229863753e+04
9.527307938723718689e+04
9.438530122677718464e+04
9.352275711928533565e+04
9.269049425994783815e+04
9.189707175840993295e+04
9.115276585683636949e+04
9.046728735188834253e+04
8.984769194699154468e+04
8.929698084460326936e+04
8.881357768683834001e+04
8.839156409275707847e+04
8.802136875672277529e+04
8.769058040506014368e+04
8.738466951318042993e+04
8.708758576210435422e+04
8.678236193656285468e+04
8.645193331328348722e+04
8.608034699758244096e+04
8.565440455708238005e+04
8.516560397418515640e+04
8.461208773038926302e+04
8.400021787447894167e+04
8.334541229296928213e+04
8.267197615317719465e+04
8.201180141523906786e+04
8.140192448235143092e+04
8.088098409975375398e+04
8.048461257908647531e+04
8.023978703239653260e+04
8.015826797027939756e+04
8.022955349907328491e+04
8.041429127411724767e+04
8.063969586223714577e+04
8.079895829742672504e+04
8.075658532850576739e+04
8.036081961451724055e+04
7.946274855371298327e+04
7.793971322591067292e+04
7.571877957369608339e+04
7.279504477288176713e+04
6.923996783720140229e+04
6.519684409391544614e+04
6.086354216927981179e+04
5.646579885797245515e+04
5.222670397216413403e+04
4.833875339616920246e+04
4.494381423730982351e+04
4.212396068646575441e+04
3.990325496471403312e+04
3.825808718600779684e+04
3.713230291911135282e+04
3.645323001349125116e+04
3.614561814702268020e+04
3.614191535237076459e+04
3.638868834176995733e+04
3.684996807917630940e+04
3.750872298100296030e+04
3.836758828270238882e+04
3.944958393532987247e+04
4.079902249669977755e+04
4.248228048740907252e+04
4.458765305930309842e+04
4.722316382640216034e+04
5.051099724198327021e+04
5.457724463461080450e+04
5.953604457855204964e+04
6.546809840768777940e+04
7.239500798840360949e+04
8.025276637686230242e+04
8.886960399907642568e+04
9.795457819043264317e+04
1.071030514594574197e+05
1.158230297940997698e+05
1.235822769901467982e+05
1.298709640720376192e+05
1.342697617366515333e+05
1.365103636044660234e+05
1.365156834684756177e+05
1.344107174496192893e+05
1.305014533803289814e+05
1.252264476203875092e+05
1.190916429380032205e+05
1.126019724268314167e+05
1.062026145820968522e+05
1.002389710833429708e+05
9.493898474116003490e+04
9.041606637831615808e+04
8.668709464750993357e+04
8.369838179102513823e+04
8.135302567148342496e+04
7.953496424468394252e+04
7.812737501900072675e+04
7.702503511363576399e+04
7.614145977296728233e+04
7.541204279575531837e+04
7.479427892685504048e+04
7.426579904212668771e+04
7.382067647537551238e+04
7.346440334510689718e+04
7.320807261626655236e+04
7.306251546792969748e+04
7.303328447156409675e+04
7.311732577359264542e+04
7.330190803527209209e+04
7.356591985251917504e+04
7.388313005707720004e+04
7.422657886746308941e+04
7.457306427640277252e+04
7.490676794961655105e+04
7.522138949528476223e+04
7.552060068616337958e+04
7.581702926851173106e+04
7.613020685088865866e+04
7.648392828704669955e+04
7.690333343402248283e+04
7.741186068997638358e+04
7.802815274694007530e+04
7.876306682110395923e+04
7.961711048456720891e+04
8.057878062274075637e+04
8.162431093282820075e+04
8.271917019583494402e+04
8.382132158873273875e+04
8.488585004525826662e+04
8.587022068675071932e+04
8.673925782553431054e+04
8.746898321691002639e+04
8.804870426423459139e+04
8.848111977349891094e+04
8.878060756383926491e+04
8.897017720460347482e+04
8.907774854592436168e+04
8.913243416270433227e+04
8.916138514823674632e+04
8.918755653716753295e+04
8.922852119657085859e+04
8.929626004996080883e+04
8.939771209127495240e+04
8.953578785623612930e+04
8.971052859394515690e+04
8.992012153545039473e+04
9.016155603679452906e+04
9.043082611733279191e+04
9.072274424708298466e+04
9.103060095096973237e+04
9.134603412100396235e+04
9.165950228313246043e+04
9.196164823839763994e+04
9.224559916843030078e+04
9.250993569610074337e+04
9.276177310417633271e+04
9.301923511098422750e+04
9.331263285847510269e+04
9.368389677709291573e+04
9.418418731449352344e+04
9.487002273031926597e+04
9.579858429173656623e+04
9.702299515945365420e+04
9.858828516049061727e+04
1.005284898798285431e+05
1.028649868097553699e+05
1.056058591998826305e+05
1.087458886413327564e+05
1.122667440004740492e+05
1.161370348268870293e+05
1.203120767370483372e+05
1.247334173416710255e+05
1.293283548255218775e+05
1.340098271007152216e+05
1.386771435911527951e+05
1.432180534271277138e+05
1.475125639876628120e+05
1.514387171609312645e+05
1.548801957765725965e+05
1.577352072769672668e+05
1.599256570974082861e+05
1.614052933693116938e+05
1.621653957474476192e+05
1.622367814516147482e+05
1.616874287042927463e+05
1.606157941367713793e+05
1.591407558598447649e+05
1.573898233733467932e+05
1.554876108970012865e+05
1.535464553344234591e+05
1.516604977072440670e+05
1.499036992125058896e+05
1.483313743767630076e+05
1.469841362169003405e+05
1.458928231194422988e+05
1.450830521472463151e+05
1.445784377217434230e+05
1.444020706334961869e+05
1.445763939719825576e+05
1.451219960018575657e+05
1.460559841735191294e+05
1.473904998130878084e+05
1.491316363975352724e+05
1.512786475649614586e+05
1.538230235535444226e+05
1.567469304901103606e+05
1.600207481852543715e+05
1.635999916632181557e+05
1.674225797726014280e+05
1.714079067125770380e+05
1.754591507823943102e+05
1.794695519621649582e+05
1.833321398947353882e+05
1.869510376629855891e+05
1.902515886213848135e+05
1.931866079991605366e+05
1.957371315986725385e+05
1.979077605844164791e+05
1.997184265641869861e+05
2.011954631805348617e+05
2.023648915028787160e+05
2.032498534815375169e+05
2.038725719351281004e+05
2.042596476694659796e+05
2.044484223632283392e+05
2.044918119896356075e+05
2.044594622820584627e+05
2.044341055598984531e+05
2.045033067521463381e+05
2.047480453990518581e+05
2.052304897115642671e+05
2.059836592730003467e+05
2.070053548720275285e+05
2.082578308054471272e+05
2.096734286625892855e+05
2.111651129471185850e+05
2.126398758910721226e+05
2.140125309675206663e+05
2.152175395241548540e+05
2.162170947036985599e+05
2.170045070568772790e+05
2.176027805697855947e+05
2.180589897417494503e+05
2.184356099692141579e+05
2.188003123375047289e+05
2.192159095517644018e+05
2.197321014764439024e+05
2.203803692477862933e+05
2.211727931261737540e+05
2.221047937087333412e+05
2.231609866275508248e+05
2.243227108136301977e+05
2.255755112668863439e+05
2.269149827554010844e+05
2.283498292454767507e+05
2.299015997971271281e+05
2.316011646583248221e+05
2.334825083265032445e+05
2.355748324581786874e+05
2.378942997297899565e+05
2.404369847423373722e+05
2.431746306735461985e+05
2.460545094593999092e+05
2.490039796636961401e+05
2.519393106511765509e+05
2.547772454132279381e+05
2.574469561268559482e+05
2.598998136323529761e+05
2.621148724134404038e+05
2.640990471166750067e+05
2.658822963327937759e+05
2.675093211063884664e+05
2.690299856760163093e+05
2.704907159640713362e+05
2.719285822506129625e+05
2.733688469728955533e+05
2.748257494292522897e+05
2.763054794352172175e+05
2.778098544221706688e+05
2.793392433847622015e+05
2.808937433620018419e+05
2.824723619210520410e+05
2.840707535040107323e+05
2.856786287912401021e+05
2.872780982426107512e+05
2.888438745072488673e+05
2.903455894387135631e+05
2.917517668298687786e+05
2.930345262317609158e+05
2.941740338388025411e+05
2.951620102496492909e+05
2.960040306762957480e+05
2.967206554743520101e+05
2.973474634793379810e+05
2.979338668714540545e+05
2.985403506882711663e+05
2.992337222179700620e+05
3.000802072205420700e+05
3.011367719834179734e+05
3.024417264352369821e+05
3.040062483739730669e+05
3.058087461424283101e+05
3.077938003666094737e+05
3.098767544601691188e+05
3.119539440364444163e+05
3.139172809220443014e+05
3.156707519454568974e+05
3.171456972611338133e+05
3.183117566396703478e+05
3.191811837515747175e+05
3.198056543994969688e+05
3.202663586992609780e+05
3.206596143894346314e+05
3.210810900932185468e+05
3.216117992063817801e+05
3.223083634703292046e+05
3.231988813492778572e+05
3.242843945251439000e+05
3.255447505377914640e+05
3.269468658663791721e+05
3.284531454916497460e+05
3.300281248302557506e+05
3.316421500583162997e+05
3.332718829413701314e+05
3.348983403977400740e+05
3.365038179435883649e+05
3.380692504492025473e+05
3.395733051838653046e+05
3.409938693980458193e+05
3.423117632256104844e+05
3.435157022104698699e+05
3.446069812870551250e+05
3.456022367632361711e+05
3.465330428784168325e+05
3.474419384424809832e+05
3.483755192987595801e+05
3.493761366342256078e+05
3.504741943190547172e+05
3.516828801898955135e+05
3.529964665884281276e+05
3.543923468336190563e+05
3.558360868799379095e+05
3.572882352310825372e+05
3.587115298439795151e+05
3.600773544765370898e+05
3.613706161104919738e+05
3.625924653577412828e+05
3.637604261792703182e+05
3.649056467548345681e+05
3.660672929704923881e+05
3.672846673999049235e+05
3.685883628339055576e+05
3.699923839059593738e+05
3.714893534290820244e+05
3.730504236101727001e+05
3.746303573288157349e+05
3.761767601778854732e+05
3.776411614181373734e+05
3.789890683884253958e+05
3.802064953677617596e+05
3.813016424779996742e+05
3.823018918484675232e+05
3.832475156919406727e+05
3.841840464378024917e+05
3.851550796181909973e+05
3.861966294942136155e+05
3.873334424704362755e+05
3.885772116208945517e+05
3.899265065979894134e+05
3.913682872025088291e+05
3.928808687011435977e+05
3.944380037398781860e+05
3.960133823720726068e+05
3.975845384846362867e+05
3.991351346094121691e+05
4.006550045591357048e+05
4.021380783843923709e+05
4.035791198664000840e+05
4.049707304037634167e+05
4.063020679187413189e+05
4.075601602561664768e+05
4.087337514798718621e+05
4.098186405886498396e+05
4.108227961981017725e+05
4.117693850892605260e+05
4.126962912298948504e+05
4.136516094716744265e+05
4.146857332107120892e+05
4.158417085019707447e+05
4.171461867393651628e+05
4.186033389255794464e+05
4.201934247729533236e+05
4.218764917623952497e+05
4.236002772214712459e+05
4.253102647851814399e+05
4.269593870274070650e+05
4.285151983767709462e+05
4.299632822684895364e+05
4.313067948110779398e+05
4.325629515341009828e+05
4.337576832023143070e+05
4.349196481748014921e+05
4.360745329307851498e+05
4.372403716380179394e+05
4.384245869739823393e+05
4.396234822210163693e+05
4.408247353743257117e+05
4.420128486296038609e+05
4.431765284834151971e+05
4.443159604002229753e+05
4.454474228994451696e+05
4.466030862150473404e+05
4.478252160255797789e+05
4.491559297168335179e+05
4.506253727809431730e+05
4.522419462739414303e+05
4.539876518273392576e+05
4.558199342379877344e+05
4.576792868718762766e+05
4.595001919271467486e+05
4.612223035547678010e+05
4.627992556338848663e+05
4.642037055664245272e+05
4.654285827063778415e+05
4.664854506719111814e+05
4.674011908263321966e+05
4.682139948032398825e+05
4.689692410619122675e+05
4.697155233702999540e+05
4.705010122019282426e+05
4.713703739512809552e+05
4.723624641547414940e+05
4.735088262872498017e+05
4.748327043687985279e+05
4.763480016240940895e+05
4.780576110515016480e+05
4.799509192810374079e+05
4.820009503725935356e+05
4.841622887031246792e+05
4.863712494721994153e+05
4.885495068899501348e+05
4.906115421326385695e+05
4.924751051384018501e+05
4.940728336651974823e+05
4.953626542471513967e+05
4.963348069269672269e+05
4.970141919721448212e+05
4.974578862516760128e+05
4.977486918119394104e+05
4.979861443738371017e+05
4.982764451812002808e+05
4.987224374549368513e+05
4.994142991894340958e+05
5.004213091485810000e+05
5.017849734296214883e+05
5.035139370383267524e+05
5.055813111837884644e+05
5.079251609188276925e+05
5.104527921045774710e+05
5.130490905414836598e+05
5.155885211784946150e+05
5.179496050802959362e+05
5.200299544874470448e+05
5.217595027321766829e+05
5.231096184471877641e+05
5.240964131144055282e+05
5.247776202976477798e+05
5.252436610957593657e+05
5.256045678161883261e+05
5.259750454817096470e+05
5.264600142526591662e+05
5.271425923186627915e+05
5.280758599871317856e+05
5.292790972293926170e+05
5.307386149639505893e+05
5.324127966619502986e+05
5.342404745993821416e+05
5.361512759858503705e+05
5.380761877407005522e+05
5.399564860752931563e+05
5.417495167961049592e+05
5.434306071584072197e+05
5.449914446141002700e+05
5.464362159230777761e+05
5.477772920051926048e+05
5.490320603417669190e+05
5.502217100882061059e+05
5.513716868309938582e+05
5.525126022303847130e+05
5.536799949097597273e+05
5.549116606506947428e+05
5.562421923532647779e+05
5.576955589926108951e+05
5.592775798457623459e+05
5.609706430088576162e+05
5.627327744338108459e+05
5.645022104512333171e+05
5.662072053150777938e+05
5.677793114941928070e+05
5.691672483806426171e+05
5.703480892468508100e+05
5.713330107695249608e+05
5.721661558870156296e+05
5.729168921014285879e+05
5.736673875949934591e+05
5.744984858465797734e+05
5.754770423154286109e+05
5.766471975489619654e+05
5.780267856681267731e+05
5.796086647846915293e+05
5.813656476117628627e+05
5.832571865179330343e+05
5.852360697742154589e+05
5.872539397587510757e+05
5.892651571893951623e+05
5.912291295772513840e+05
5.931115374405253679e+05
5.948849252687516855e+05
5.965289905047577340e+05
5.980307482713032514e+05
5.993846623869647738e+05
6.005928110859161243e+05
6.016651284446939826e+05
6.026196624152355362e+05
6.034826191505808383e+05
6.042878084680214524e+05
6.050750928072923562e+05
6.058876507472990779e+05
6.067682574680100661e+05
6.077551971895601600e+05
6.088786459746006876e+05
6.101582547592821065e+05
6.116022417887542397e+05
6.132077627603480360e+05
6.149619394436456496e+05
6.168429003761690110e+05
6.188205382307757391e+05
6.208572232157655526e+05
6.229091206194665283e+05
6.249287850988295395e+05
6.268692824277165346e+05
6.286893963744561188e+05
6.303588419433975359e+05
6.318621432931734016e+05
6.332000960646402091e+05
6.343884339098692872e+05
6.354541775936096674e+05
6.364308147881132318e+05
6.373536760035376064e+05
6.382565681798352161e+05
6.391700564095424488e+05
6.401210568893729942e+05
6.411329504925134825e+05
6.422254406282223063e+05
6.434138192125642672e+05
6.447079040267070523e+05
6.461113121843506815e+05
6.476216860184131656e+05
6.492319947657849407e+05
6.509323730082836701e+05
6.527115234430471901e+05
6.545568015369749628e+05
6.564527260752890725e+05
6.583785338703873567e+05
6.603060774552269140e+05
6.621994894345351495e+05
6.640175099387184018e+05
6.657184083645002684e+05
6.672664426693428541e+05
6.686382078332110541e+05
6.698272638205391122e+05
6.708460542435322423e+05
6.717250283255651593e+05
6.725096459677682724e+05
6.732562456016663928e+05
6.740275019172827015e+05
6.748876140499149915e+05
6.758968672237796709e+05
6.771052030970593914e+05
6.785450488573083421e+05
6.802246320920267608e+05
6.821237863642548909e+05
6.841942583266438451e+05
6.863655177299430361e+05
