6.830840690745117608e+05
6.811536477680305252e+05
6.790913147189272568e+05
6.769287250611584168e+05
6.747148745108378353e+05
6.725109437152270693e+05
6.703824369403934106e+05
6.683906584949161625e+05
6.665852265112086898e+05
6.649985147632141598e+05
6.636421554883501958e+05
6.625053946193127194e+05
6.615552177047268488e+05
6.607385201812745072e+05
6.599868090656467248e+05
6.592237009649506072e+05
6.583747648019550834e+05
6.573782708959934535e+05
6.561945798150011105e+05
6.548116900250037434e+05
6.532451306422244525e+05
6.515318549433866283e+05
6.497196128354605753e+05
6.478547878844331717e+05
6.459722620545999380e+05
6.440902345084127737e+05
6.422112603714666329e+05
6.403286933933583787e+05
6.384359785987775540e+05
6.365354596701957053e+05
6.346437590831755660e+05
6.327921187185224844e+05
6.310217920854791300e+05
6.293760236548755784e+05
6.278908916741922731e+05
6.265872233310859883e+05
6.254651378184182104e+05
6.245019283988049719e+05
6.236533123751997482e+05
6.228577082992333453e+05
6.220430590513921343e+05
6.211355960941462545e+05
6.200696680265343748e+05
6.187973466960911173e+05
6.172961751664949115e+05
6.155734034616318531e+05
6.136655412962402916e+05
6.116329953309582779e+05
6.095506875714723719e+05
6.074965032695907867e+05
6.055398782969281310e+05
6.037326716820300790e+05
6.021037564873120282e+05
6.006577473413316766e+05
5.993772887395458529e+05
5.982276538380574202e+05
5.971622343777363421e+05
5.961278458648223896e+05
5.950694393872875953e+05
5.939344716811274411e+05
5.926774958325517364e+05
5.912653071929515572e+05
5.896822946909815073e+05
5.879348518160409294e+05
5.860532492182706483e+05
5.840895957072683377e+05
5.821114408746176632e+05
5.801918793901901226e+05
5.783981777479008306e+05
5.767814724146223161e+05
5.753697612481951946e+05
5.741653626393279992e+05
5.731466709894309752e+05
5.722729123562253080e+05
5.714901013545548776e+05
5.707366484439183259e+05
5.699478836081974441e+05
5.690597387360263383e+05
5.680125012035941472e+05
5.667555901664170669e+05
5.652536757410023129e+05
5.634934349682717584e+05
5.614892948545658728e+05
5.592861190446140245e+05
5.569571904888130957e+05
5.545969269305490889e+05
5.523091477364549646e+05
5.501928935310122324e+05
5.483284048639833927e+05
5.467657715406309580e+05
5.455181082296655513e+05
5.445601751005266560e+05
5.438324174904242391e+05
5.432496130684578093e+05
5.427127403546011774e+05
5.421223105785598746e+05
5.413912325997828739e+05
5.404553383410522947e+05
5.392800285798691912e+05
5.378621186145771062e+05
5.362268092506397516e+05
5.344206328653940000e+05
5.325020157688596519e+05
5.305315375242144801e+05
5.285639014544253005e+05
5.266430376962906448e+05
5.248007872808270622e+05
5.230585503010301036e+05
5.214304623391964706e+05
5.199263571432852768e+05
5.185530681912337895e+05
5.173133938231698121e+05
5.162030209100368083e+05
5.152065503292077919e+05
5.142942453023249400e+05
5.134211143303306308e+05
5.125294578995770426e+05
5.115551642912254320e+05
5.104370189153219690e+05
5.091273381055414211e+05
5.076016303413865389e+05
5.058649638298414648e+05
5.039533668216307415e+05
5.019297554619460716e+05
4.998751991687279078e+05
4.978773416681609233e+05
4.960181772750032251e+05
4.943631115656935726e+05
4.929525822900652420e+05
4.917968720530176070e+05
4.908743832503967569e+05
4.901335682152638328e+05
4.894986684176294948e+05
4.888791189956248272e+05
4.881817999389677425e+05
4.873244367437597830e+05
4.862477642766210483e+05
4.849239654896447901e+05
4.833595598893756978e+05
4.815921990884683910e+05
4.796823187777264393e+05
4.777018050378819462e+05
4.757223801488357130e+05
4.738061648971215473e+05
4.719999635848597391e+05
4.703335762910079211e+05
4.688212821494058007e+05
4.674649179464163608e+05
4.662568960848139832e+05
4.651820371904539643e+05
4.642179908221673686e+05
4.633349085429387633e+05
4.624955542582736816e+05
4.616569791085624602e+05
4.607742830520244315e+05
4.598060889675024082e+05
4.587205427996707149e+05
4.575002634321140940e+05
4.561448617322035134e+05
4.546703527224628488e+05
4.531057164856242598e+05
4.514876557063981891e+05
4.498549539120966801e+05
4.482436555000847438e+05
4.466836969194075791e+05
4.451969183205531444e+05
4.437959079664341989e+05
4.424830877443969948e+05
4.412498299785701674e+05
4.400759830227090279e+05
4.389306442078066757e+05
4.377750641641748371e+05
4.365680859236588003e+05
4.352736452879241551e+05
4.338689140138771618e+05
4.323510516945132986e+05
4.307405453692940064e+05
4.290798247516903793e+05
4.274270374958119937e+05
4.258461467613208224e+05
4.243954359471458010e+05
4.231167910468779155e+05
4.220277639185382868e+05
4.211176310481933760e+05
4.203477925968517084e+05
4.196561780821857392e+05
4.189649257642311859e+05
4.181903912171814009e+05
4.172543579999318463e+05
4.160950831530080177e+05
4.146765737239872105e+05
4.129944348559891805e+05
4.110769339989951113e+05
4.089806470147340442e+05
4.067810678873610450e+05
4.045596085100366618e+05
4.023891876816053991e+05
4.003208959356944542e+05
3.983739781982084969e+05
3.965307200948702521e+05
3.947369739626259543e+05
3.929082290788945393e+05
3.909404388835814316e+05
3.887242756619871361e+05
3.861610390332333627e+05
3.831780781201976934e+05
3.797413790114040021e+05
3.758630931038518320e+05
3.716024076695298427e+05
3.670593131163875223e+05
3.623622911785133183e+05
3.576523165177628398e+05
3.530663633612964186e+05
3.487235357372555300e+05
3.447160101857724367e+05
3.411055331745190779e+05
3.379247653453266830e+05
3.351817731126229628e+05
3.328656636417141417e+05
3.309516854595384793e+05
3.294048179247226799e+05
3.281816473370576859e+05
3.272309580887064803e+05
3.264938621016841498e+05
3.259044413737830473e+05
3.253917948512648582e+05
3.248840528507231502e+05
3.243143526212204015e+05
3.236280362716488889e+05
3.227896317195273587e+05
3.217877841072428273e+05
3.206364642063360079e+05
3.193715680768673774e+05
3.180432609098667745e+05
3.167057038008962409e+05
3.154066531428026501e+05
3.141794854330464732e+05
3.130394193650988163e+05
3.119843629782592761e+05
3.109994103825538186e+05
3.100630611662691226e+05
3.091530405848791706e+05
3.082501481551704928e+05
3.073395643448560731e+05
3.064100766360042035e+05
3.054523726239504758e+05
3.044576915228751604e+05
3.034177463034988032e+05
3.023261242826997768e+05
3.011806348667241400e+05
2.999855845170239918e+05
2.987529088824904757e+05
2.975015029545534635e+05
2.962547979322104948e+05
2.950373365352305700e+05
2.938714768151628086e+05
2.927752188121640356e+05
2.917615464643945452e+05
2.908388917024399852e+05
2.900117508202580502e+05
2.892804229215301457e+05
2.886393586379878107e+05
2.880744803613350377e+05
2.875606572813380626e+05
2.870608959037971217e+05
2.865285383276279317e+05
2.859129179122493952e+05
2.851678024736539228e+05
2.842609489035861334e+05
2.831825356923777726e+05
2.819503101362024317e+05
2.806099706905057537e+05
2.792304128185419831e+05
2.778946895877660136e+05
2.766885276544032968e+05
2.756887060466612456e+05
2.749534163902061409e+05
2.745159600958723458e+05
2.743820790055330144e+05
2.745302383911044453e+05
2.749136177058383473e+05
2.754625788414545241e+05
2.760869185571125709e+05
2.766780346910266089e+05
2.771119220273813698e+05
2.772543580535759684e+05
2.769695326200666605e+05
2.761326562165406649e+05
2.746458624163178611e+05
2.724552969348612824e+05
2.695660986060976284e+05
2.660515013194404892e+05
2.620528597032390826e+05
2.577690554703199014e+05
2.534361132572774368e+05
2.493002629884682829e+05
2.455893593463476282e+05
2.424879439500884037e+05
2.401201848448000383e+05
2.385428131148738030e+05
2.377477027079568070e+05
2.376716782394970360e+05
2.382100451504378871e+05
2.392303940773566428e+05
2.405842245419765241e+05
2.421153905794264574e+05
2.436657568647560838e+05
2.450793491198885604e+05
2.462064958630551118e+05
2.469090469178222411e+05
2.470669621347796929e+05
2.465857137113831996e+05
2.454033206616796087e+05
2.434955969500304200e+05
2.408783645138925931e+05
2.376058674042478378e+05
2.337652822942253260e+05
2.294679133975564910e+05
2.248382660606686841e+05
2.200026058026215178e+05
2.150787297444595897e+05
2.101684369691559114e+05
2.053535918918049720e+05
2.006958538140711316e+05
1.962393249996298691e+05
1.920148075545834145e+05
1.880442338880847383e+05
1.843441558734922728e+05
1.809277758266643214e+05
1.778056131750684290e+05
1.749852907216072781e+05
1.724709957843246229e+05
1.702629871214912855e+05
1.683572430179810035e+05
1.667451452628293191e+05
1.654130546724705782e+05
1.643417409912529401e+05
1.635057996354817878e+05
1.628733245341047586e+05
1.624061477819298161e+05
1.620608880954463384e+05
1.617908948425716662e+05
1.615489777462868369e+05
1.612906260399964813e+05
1.609772924679912103e+05
1.605792798822504410e+05
1.600778294275095686e+05
1.594661489022560418e+05
1.587492952889555017e+05
1.579429881139690988e+05
1.570715436189837637e+05
1.561651705911972385e+05
1.552568687086776772e+05
1.543791478546554281e+05
1.535607741009306046e+05
1.528237658993901277e+05
1.521809103720122657e+05
1.516341158818380500e+05
1.511739178988018248e+05
1.507803700199220621e+05
1.504253693932014576e+05
1.500762159269918338e+05
1.496999513387543266e+05
1.492678392599969520e+05
1.487592829771532852e+05
1.481645486385626427e+05
1.474858511573889700e+05
1.467366302971449913e+05
1.459391510050705401e+05
1.451208565222589823e+05
1.443101310151914076e+05
1.435322344597658957e+05
1.428061149118104950e+05
1.421425794596689520e+05
1.415439671222627221e+05
1.410051138586449670e+05
1.405151435498680221e+05
1.400595369757063745e+05
1.396220318798326189e+05
1.391861271958379657e+05
1.387361983887895185e+05
1.382583821934729931e+05
1.377414114511806984e+05
1.371774913464125711e+05
1.365631693845271657e+05
1.359000343264000549e+05
1.351950318072722584e+05
1.344602168108600017e+05
1.337118553542823356e+05
1.329689070119601092e+05
1.322510367487072945e+05
1.315763980239046214e+05
1.309594842440148350e+05
1.304093503802088671e+05
1.299284550902552000e+05
1.295122739031523815e+05
1.291497114760586264e+05
1.288242314551454765e+05
1.285155548060910805e+05
1.282017566048235458e+05
1.278615955417561345e+05
1.274769069029688108e+05
1.270348588540756464e+05
1.265298232415366219e+05
1.259645809120814520e+05
1.253506059108289046e+05
1.247072696025234036e+05
1.240599601069260825e+05
1.234372881800132309e+05
1.228677097998230165e+05
1.223760124990851327e+05
1.219801728095166909e+05
1.216890832230678789e+05
1.215015511364605336e+05
1.214067750261381589e+05
1.213862138901739236e+05
1.214164354413593537e+05
1.214722479497970489e+05
1.215292964338909660e+05
1.215654152466295927e+05
1.215603869071901281e+05
1.214942834472751128e+05
1.213451066305896093e+05
1.210868088730152958e+05
1.206888101440151222e+05
1.201177651259221602e+05
1.193416512402976950e+05
1.183354417989919748e+05
1.170869698185916641e+05
1.156013229126056394e+05
1.139023631057561288e+05
1.120306844004335871e+05
1.100382855561108008e+05
1.079811369862264546e+05
1.059113741496291477e+05
1.038708948446738068e+05
1.018876859903158038e+05
9.997542199625841749e+04
9.813601142382324906e+04
9.636406882234397926e+04
9.465192757140421600e+04
9.299384785441038548e+04
9.138845828421173792e+04
8.983906129078942467e+04
8.835205232210225950e+04
8.693418316223809961e+04
8.558962666330921638e+04
8.431774089896348596e+04
8.311213489316080813e+04
8.196121680122369435e+04
8.084999385749451176e+04
7.976260879887486226e+04
7.868500505003577564e+04
7.760720925433297816e+04
7.652493860964447958e+04
7.544048071833883296e+04
7.436295971143763745e+04
7.330814292215477326e+04
7.229787009822778055e+04
7.135906966793449828e+04
7.052225106316759775e+04
6.981939021485862031e+04
6.928126105320003990e+04
6.893445289814779244e+04
6.879846412377165689e+04
6.888330189602146856e+04
6.918792287577512616e+04
6.969965999718058447e+04
7.039457748392577923e+04
7.123856298925176088e+04
7.218894549610861577e+04
7.319650431192916585e+04
7.420784245954263315e+04
7.516815581682197808e+04
7.602438255571611808e+04
7.672856722962686035e+04
7.724108325241037528e+04
7.753322868309344631e+04
7.758874297628072964e+04
7.740403853143074957e+04
7.698737146847828990e+04
7.635767393048043596e+04
7.554415392752914340e+04
7.458784340939023241e+04
7.354589722363061446e+04
7.249858242011893890e+04
7.155766569196699129e+04
7.087357766181160696e+04
7.063770076219357725e+04
7.107584263821411878e+04
7.242981699401457445e+04
7.492625695555876882e+04
7.873516702406808326e+04
8.392462892816898238e+04
9.042139841719179822e+04
9.798852414336470247e+04
1.062294882009232679e+05
1.146234087218387576e+05
1.225884373047481204e+05
1.295626411409913271e+05
1.350859441717641021e+05
1.388652673271271924e+05
1.408086701503421064e+05
1.410220850147601450e+05
1.397716906162928208e+05
1.374230811644426722e+05
1.343727471222812310e+05
1.309870524149140110e+05
1.275595940107435454e+05
1.242914675153851567e+05
1.212927600873074844e+05
1.185992626003402111e+05
1.161966734456142876e+05
1.140452156503448787e+05
1.120997334788931621e+05
1.103229342649543396e+05
1.086916688431444927e+05
1.071975703811714775e+05
1.058439558840828249e+05
1.046408514975192375e+05
1.035996326441042766e+05
1.027283249288578954e+05
1.020282280247661984e+05
1.014922254236003937e+05
1.011048861957561603e+05
1.008442057415925519e+05
1.006845670429011952e+05
1.006002788989215042e+05
1.005689358267043717e+05
1.005739020518210891e+05
1.006054526958181523e+05
1.006604484314007568e+05
1.007407721697770758e+05
1.008510138955272123e+05
1.009959903993039916e+05
1.011786305001874862e+05
1.013985954282471212e+05
1.016518089819474408e+05
1.019308964500179281e+05
1.022263939337159391e+05
1.025284825900116266e+05
1.028289145053550455e+05
1.031227355917378736e+05
1.034094040909375763e+05
1.036929826293033257e+05
1.039812576352200995e+05
1.042838854532764090e+05
1.046099188672550663e+05
1.049652569142734865e+05
1.053506246227087395e+05
1.057606023392811767e+05
1.061840036931355571e+05
1.066055997471235751e+05
1.070088768491362571e+05
1.073792698521895945e+05
1.077071871340044163e+05
1.079901683005307277e+05
1.082336868527064071e+05
1.084503949330253236e+05
1.086579467228384747e+05
1.088758562826120906e+05
1.091220673524955200e+05
1.094099750405300438e+05
1.097465155758224573e+05
1.101316536362513580e+05
1.105592230295092595e+05
1.110187278598199046e+05
1.114975015334842174e+05
1.119826224898202636e+05
1.124621956901586091e+05
1.129259428293783421e+05
1.133653630808464950e+05
1.137738924227027019e+05
1.141474271719162643e+05
1.144853088513871917e+05
1.147915092199167702e+05
1.150754690879423724e+05
1.153519725176685461e+05
1.156396355415682483e+05
1.159580027135192213e+05
1.163237337010665069e+05
1.167467507300661382e+05
1.172273644154836365e+05
1.177552416340758355e+05
1.183106638220518071e+05
1.188679646266681957e+05
1.194004861185390619e+05
1.198859989812996646e+05
1.203113981696632691e+05
1.206756520151661534e+05
1.209904170973455475e+05
1.212783289496981597e+05
1.215695804007640836e+05
1.218978283868538419e+05
1.222965876656621695e+05
1.227970301203633280e+05
1.234275865008653345e+05
1.242151212018578371e+05
1.251869356361380487e+05
1.263726208711929648e+05
1.278048820211903076e+05
1.295188236643292330e+05
1.315496570021373045e+05
1.339291908055833774e+05
1.366816820749049948e+05
1.398196272959544149e+05
1.433399383107875765e+05
1.472207809131419926e+05
1.514192627272986574e+05
1.558701904394371086e+05
1.604862556146592251e+05
1.651601732896921167e+05
1.697693763876825105e+05
1.741837535661301226e+05
1.782765380034517439e+05
1.819378053172502550e+05
1.850892013524454960e+05
1.876976687959429983e+05
1.897853274173185346e+05
1.914325688853299653e+05
1.927720831302989682e+05
1.939730097866981232e+05
1.952165263273384771e+05
1.966664891686979099e+05
1.984405826019894448e+05
2.005881380436827312e+05
2.030799303663097671e+05
2.058128508414571115e+05
2.086289323503958876e+05
2.113447033907499281e+05
2.137843253218042955e+05
2.158092114460889425e+05
2.173380616587004915e+05
2.183540383700880338e+05
2.188992280542189546e+05
2.190595071012077678e+05
2.189446427422159759e+05
2.186686089330249524e+05
2.183339334393422178e+05
2.180220333543560700e+05
2.177896354593647702e+05
2.176700286956942582e+05
2.176772695433730551e+05
2.178114921242665441e+05
2.180639389328838151e+05
2.184209667659957486e+05
2.188668815621122776e+05
2.193858714698353433e+05
2.199634664602651610e+05
2.205878556104738673e+05
2.212511191189759993e+05
2.219501265974490088e+05
2.226866799231990008e+05
2.234665477465790173e+05
2.242973469316688715e+05
2.251856524919564254e+05
2.261340779825021164e+05
2.271392040866894240e+05
2.281910814570799121e+05
2.292746458435647364e+05
2.303728893310821732e+05
2.314711812102480617e+05
2.325618450599921343e+05
2.336480372411873832e+05
2.347461348029577348e+05
2.358861677818101016e+05
2.371102187469621422e+05
2.384690457966721733e+05
2.400173815440071921e+05
2.418084104630850779e+05
2.438879005043136422e+05
2.462884693570989475e+05
2.490245691607272602e+05
2.520889403303687868e+05
2.554513726767448825e+05
2.590604437666810700e+05
2.628483883991549956e+05
2.667384738215709222e+05
2.706534763399338699e+05
2.745234127977183671e+05
2.782908184154598275e+05
2.819125935280941194e+05
2.853585192014095373e+05
2.886075612347719725e+05
2.916436632769177086e+05
2.944526829011800000e+05
2.970215185227300390e+05
2.993395822994321352e+05
3.014019333153815824e+05
3.032128614005562267e+05
3.047886178919160157e+05
3.061582876720309723e+05
3.073623511628341512e+05
3.084491228740202496e+05
3.094698071360018803e+05
3.104732442622883245e+05
3.115014465872850851e+05
3.125867379377397592e+05
3.137508030188173288e+05
3.150053969141512644e+05
3.163540545268019778e+05
3.177940122098979773e+05
3.193177245494421804e+05
3.209137162381240632e+05
3.225668724320067558e+05
3.242584883856178494e+05
3.259664212500008289e+05
3.276655794963105582e+05
3.293288700750974822e+05
3.309286851093861624e+05
3.324390326946040732e+05
3.338383930722965160e+05
3.351131965166050941e+05
3.362614533888277365e+05
3.372956507548524532e+05
3.382438009699893300e+05
3.391477013482381008e+05
3.400580932005519280e+05
3.410273173873669002e+05
3.421009081128803082e+05
3.433099970554655301e+05
3.446662358159113210e+05
3.461602635829733917e+05
3.477638342628899263e+05
3.494349111316378694e+05
3.511245625704872655e+05
3.527843826032759971e+05
3.543732974915062659e+05
3.558628553510666243e+05
3.572403528445616248e+05
3.585094474840654875e+05
3.596882793222857290e+05
3.608055642637994024e+05
3.618955103357336484e+05
3.629925927940058755e+05
3.641271087810202152e+05
3.653220595132476301e+05
3.665914491994150449e+05
3.679397533913514344e+05
3.693622216126415296e+05
3.708458152980320738e+05
3.723707897845500847e+05
3.739130261825511698e+05
3.754471052706853370e+05
3.769498313166701701e+05
3.784036135497221258e+05
3.797989755045508500e+05
3.811355904864487820e+05
3.824216088645920972e+05
3.836715123673696071e+05
3.849031243956268299e+05
3.861345863243361237e+05
3.873820299445926794e+05
3.886583794255292742e+05
3.899733069859318784e+05
3.913339709995053126e+05
3.927459006585522438e+05
3.942133438219250529e+05
3.957385987703686696e+05
3.973202686041115667e+05
3.989508912234755699e+05
4.006148315763002611e+05
4.022874953895427752e+05
4.039367225952526787e+05
4.055266586856488138e+05
4.070236384139340953e+05
4.084028999941431102e+05
4.096545371858684230e+05
4.107871546862819814e+05
4.118282174844320398e+05
4.128209047000121791e+05
4.138181159387610969e+05
4.148748661363307619e+05
4.160404961461347993e+05
4.173519452949722181e+05
4.188289388919025077e+05
4.204715314617230324e+05
4.222601331791432458e+05
4.241579278526281705e+05
4.261153808174531441e+05
4.280762685879886849e+05
4.299843751269221539e+05
4.317898290341769462e+05
4.334541478762255283e+05
4.349534436307959841e+05
4.362797863658580463e+05
4.374411632485869341e+05
4.384605799571533571e+05
4.393745877103449311e+05
4.402310698620660114e+05
4.410858116368234041e+05
4.419974729425210971e+05
4.430211255092720967e+05
4.442012654077536426e+05
4.455657755233534263e+05
4.471223506689786445e+05
4.488583166552176117e+05
4.507437831016860437e+05
4.527370784740038216e+05
4.547908344850504072e+05
4.568571341462095734e+05
4.588907563643527101e+05
4.608504577204550151e+05
4.626990621131264488e+05
4.644035805776548805e+05
4.659365161121854326e+05
4.672789586228784174e+05
4.684252215299818199e+05
4.693878794136241777e+05
4.702014310719799250e+05
4.709226961463800399e+05
4.716266017582330387e+05
4.723971745212698588e+05
4.733150289564402192e+05
4.744439543377479422e+05
4.758198376670032158e+05
4.774447953514300752e+05
4.792880517323143431e+05
4.812932184429607587e+05
4.833898553259099135e+05
4.855061622917391360e+05
4.875796943696751841e+05
4.895640083498501917e+05
4.914306707031839760e+05
4.931674758141547791e+05
4.947745641881254269e+05
4.962602215421883739e+05
4.976376275215749629e+05
4.989230390781505266e+05
5.001351776634068228e+05
5.012951595265385113e+05
5.024262270579424803e+05
5.035527513836206635e+05
5.046983678775036242e+05
5.058835416487514740e+05
5.071232014410889824e+05
5.084252070700565819e+05
5.097902598692913889e+05
5.112134517803723575e+05
5.126871043576470693e+05
5.142040694173894008e+05
5.157604370050908183e+05
5.173567271326399641e+05
5.189971020897639100e+05
5.206867755833792617e+05
5.224283943300044048e+05
5.242185183942104341e+05
5.260453068588015158e+05
5.278881385881130118e+05
5.297193117956027854e+05
5.315073972416103352e+05
5.332214755228313152e+05
5.348354587688117754e+05
5.363319067503658589e+05
5.377050009557292797e+05
5.389624415168274427e+05
5.401259218083724845e+05
5.412296565114283003e+05
5.423164686016187770e+05
5.434314118061850313e+05
5.446138087557145627e+05
5.458895874824299244e+05
5.472663530623036204e+05
5.487332567472541705e+05
5.502663168609753484e+05
5.518378287503343308e+05
5.534267094815013697e+05
5.550259298280017683e+05
5.566440552819409641e+05
5.583001176383889979e+05
5.600136902763675898e+05
5.617940027525475016e+05
5.636323401172971353e+05
5.655006599517180584e+05
5.673569257525654975e+05
5.691551651658519404e+05
5.708567299277202692e+05
5.724391659164641751e+05
5.739003221810793038e+05
5.752571595274384599e+05
5.765403690434598830e+05
5.777868409281454515e+05
5.790321199903481174e+05
5.803044796889367281e+05
5.816215030203516362e+05
5.829893596882494166e+05
5.844044377553281374e+05
5.858566295945517486e+05
5.873333660799496574e+05
5.888234488621109631e+05
5.903198728826894658e+05
5.918211482438888634e+05
5.933310426886322675e+05
5.948570479830267141e+05
5.964081146039137384e+05
5.979922564104964258e+05
5.996145348853031173e+05
6.012757663629627787e+05
6.029721196595695801e+05
6.046956090692558791e+05
6.064353306660887320e+05
6.081791338116315892e+05
6.099152941887907218e+05
6.116337218666091794e+05
6.133263570819087327e+05
6.149866842713087099e+05
6.166086556410941994e+05
6.181856158170746639e+05
6.197099080299478956e+05
6.211736404953512829e+05
6.225706467279347125e+05
6.238991567074910272e+05
6.251643323271425907e+05
6.263797822449875530e+05
6.275674848961030366e+05
6.287560715650712373e+05
6.299779068502518348e+05
6.312656267282910412e+05
6.326486779030429898e+05
6.341500697792756837e+05
6.357832663094648160e+05
6.375491617687314283e+05
6.394334765645634616e+05
6.414054881031983532e+05
6.434193885199122597e+05
6.454193430774379522e+05
6.473483537094824715e+05
6.491595431494658114e+05
6.508270504708343651e+05
6.523530724960862426e+05
6.537681865253683645e+05
6.551239459348617820e+05
6.564792839043986751e+05
6.578845449894332560e+05
6.593680448120557703e+05
6.609294086815809133e+05
6.625417151385018369e+05
6.641614823030617554e+05
6.657429339228357421e+05
6.672517696175650926e+05
6.686742543815259123e+05
6.700194845511068124e+05
6.713152409672436770e+05
6.725998294769034255e+05
6.739130280010416172e+05
6.752886679901599418e+05
6.767500419284887612e+05
6.783080499565375503e+05
6.799613582310699858e+05
6.816979148689707508e+05
6.834975702001164900e+05
6.853357500793327345e+05
6.871878505156130996e+05
6.890334177881430369e+05
6.908587441066008760e+05
6.926567295508568641e+05
6.944238547812893521e+05
6.961554876357633621e+05
6.978417931864414131e+05
6.994665861753781792e+05
7.010103746929471381e+05
7.024570207785003586e+05
7.038017277831803076e+05
7.050572773804736789e+05
7.062559531298489310e+05
7.074461387993551325e+05
7.086844277111991541e+05
7.100254134460039204e+05
7.115116886716242880e+05
7.131660345899569802e+05
7.149868320089372573e+05
7.169469322880181717e+05
7.189958883277077693e+05
7.210654531262947712e+05
7.230782289686336881e+05
7.249589520364637719e+05
7.266470857934817905e+05
7.281084993410025490e+05
7.293435447942987084e+05
7.303892326844078489e+05
7.313144867388670100e+05
7.322092624861807562e+05
7.331699870877362555e+05
7.342846838924684562e+05
7.356209453128181631e+05
7.372187210259109270e+05
7.390882080060737208e+05
7.412116603256697999e+05
7.435472546167785767e+05
7.460334469334101304e+05
7.485932626325092278e+05
7.511390552582324017e+05
7.535787992670910899e+05
7.558245941408835351e+05
7.578029056741464883e+05
7.594647491319685942e+05
7.607932658886080608e+05
7.618064477518600179e+05
7.625540880960734794e+05
7.631098327472741948e+05
7.635606694147535600e+05
