6.779039645455072168e+05
6.768179449457367882e+05
6.758799500432346249e+05
6.750242257973100059e+05
6.741826345954452408e+05
6.732916322204744210e+05
6.722978873715840746e+05
6.711627062296739314e+05
6.698653309063982451e+05
6.684047647560795303e+05
6.667994237559818430e+05
6.650839768365743803e+05
6.633033358677083161e+05
6.615046878481733147e+05
6.597293037207068410e+05
6.580061755104856566e+05
6.563491025547210593e+05
6.547577744917451637e+05
6.532220804964114213e+05
6.517278283176039113e+05
6.502617007133573061e+05
6.488137558548427187e+05
6.473769046850993764e+05
6.459441237900803098e+05
6.445051520313697401e+05
6.430446644298492465e+05
6.415433078033480560e+05
6.399817662521039601e+05
6.383467105593741871e+05
6.366366286383552942e+05
6.348654838603596436e+05
6.330628885585365351e+05
6.312706464280757355e+05
6.295365870146838715e+05
6.279071727142572636e+05
6.264202928636923898e+05
6.250991860585430404e+05
6.239479339651010232e+05
6.229487571215212811e+05
6.220614694232319016e+05
6.212256917514560046e+05
6.203664382691151695e+05
6.194032218055715784e+05
6.182618979689500993e+05
6.168873919215998612e+05
6.152546883348920383e+05
6.133754033402632922e+05
6.112980271804422373e+05
6.091013355170700233e+05
6.068820849662213586e+05
6.047394419560410315e+05
6.027592724012753461e+05
6.010013051912534283e+05
5.994913803437124006e+05
5.982197778935570968e+05
5.971453324815885862e+05
5.962039719356112182e+05
5.953196802427251823e+05
5.944157589404226746e+05
5.934246054420531727e+05
5.922948921479532728e+05
5.909957908371594967e+05
5.895185023652326781e+05
5.878756482572546229e+05
5.860990249658166431e+05
5.842359451867577154e+05
5.823441376644847915e+05
5.804851823366236640e+05
5.787168125467859209e+05
5.770849943028972484e+05
5.756171923202708131e+05
5.743183260382073931e+05
5.731704383936452214e+05
5.721361575669170124e+05
5.711649924934235169e+05
5.702008145046283025e+05
5.691888385322556132e+05
5.680810124517239165e+05
5.668396237308678683e+05
5.654396695779922884e+05
5.638707517309976975e+05
5.621388890786779812e+05
5.602679463741191430e+05
5.582997748411743669e+05
5.562920040639500367e+05
5.543128288883771747e+05
5.524329456238872372e+05
5.507156905256700702e+05
5.492070990905063227e+05
5.479278347786868690e+05
5.468686852009852882e+05
5.459906749150861287e+05
5.452299555397754302e+05
5.445067015110056382e+05
5.437364674277413869e+05
5.428420275795265334e+05
5.417637214439599775e+05
5.404667541655462701e+05
5.389446081775587518e+05
5.372184947001407854e+05
5.353334024388329126e+05
5.333516624904730124e+05
5.313450424202246359e+05
5.293863064081787597e+05
5.275410612551324302e+05
5.258606354376585223e+05
5.243767082298833411e+05
5.230983369435200002e+05
5.220118197800092748e+05
5.210834324493546155e+05
5.202645504976896918e+05
5.194981814298355021e+05
5.187256791241253959e+05
5.178925255329158390e+05
5.169525202935100533e+05
5.158703406972535304e+05
5.146229626647527912e+05
5.132006429594794172e+05
5.116079670596926007e+05
5.098649581550270086e+05
5.080076554961712100e+05
5.060871880825714907e+05
5.041664105411054916e+05
5.023136925127815339e+05
5.005943252472035238e+05
4.990609318344951025e+05
4.977448848025450134e+05
4.966507730804288294e+05
4.957553483160624746e+05
4.950112915411889553e+05
4.943549312460455694e+05
4.937161106523394119e+05
4.930280292950801086e+05
4.922351435166528099e+05
4.912979567308152909e+05
4.901944791698402259e+05
4.889189803159467992e+05
4.874791645578102325e+05
4.858929748932120856e+05
4.841859155804872862e+05
4.823892392363473773e+05
4.805387812266432447e+05
4.786738488447756390e+05
4.768355131183587946e+05
4.750639132306140382e+05
4.733946460542895366e+05
4.718547722009422723e+05
4.704592215343736461e+05
4.692083091418902040e+05
4.680867017681512516e+05
4.670636634197920794e+05
4.660939864864506526e+05
4.651188870155633776e+05
4.640664057117282064e+05
4.628514497173173586e+05
4.613763267238900880e+05
4.595331677373395069e+05
4.572097209409276256e+05
4.542994521177196293e+05
4.507157301667001448e+05
4.464083655688885483e+05
4.413793558404169162e+05
4.356939003166042967e+05
4.294829984430905315e+05
4.229353770870235167e+05
4.162788450379006681e+05
4.097538230101590161e+05
4.035839373686919571e+05
3.979494854692357476e+05
3.929689396998998709e+05
3.886916299723200500e+05
3.851019668060566764e+05
3.821329066261803382e+05
3.796846004979416030e+05
3.776437343536013504e+05
3.758999091295675025e+05
3.743570489971323987e+05
3.729395818757971283e+05
3.715943915873753140e+05
3.702899761391716893e+05
3.690139387629444245e+05
3.677692857585977181e+05
3.665695100899594836e+05
3.654324466571029625e+05
3.643734029344356968e+05
3.633987697263000300e+05
3.625017217782302760e+05
3.616613699875230668e+05
3.608458057187888771e+05
3.600182313045010087e+05
3.591443432089456473e+05
3.581987839893824421e+05
3.571689453859014902e+05
3.560554492631816538e+05
3.548697798900484922e+05
3.536303261810998665e+05
3.523582786448571132e+05
3.510744724922648165e+05
3.497976430119198631e+05
3.485439648254374624e+05
3.473273764501322294e+05
3.461600838576754322e+05
3.450527245314150350e+05
3.440138702989477315e+05
3.430487997592184693e+05
3.421577536059555132e+05
3.413341592373594176e+05
3.405634949588428135e+05
3.398234585219486617e+05
3.390858484215911012e+05
3.383200953715324868e+05
3.374978412429016898e+05
3.365975569218970486e+05
3.356080879763196572e+05
3.345302692838352523e+05
3.333762647985457443e+05
3.321668762765123975e+05
3.309275278012320050e+05
3.296838515533544705e+05
3.284577652466666768e+05
3.272647156712915166e+05
3.261124588572814828e+05
3.250014210906432709e+05
3.239263707380793057e+05
3.228788637099882471e+05
3.218497698235954740e+05
3.208312236039531999e+05
3.198176089595499216e+05
3.188056155434243265e+05
3.177938150439474848e+05
3.167823795517078834e+05
3.157733728833549540e+05
3.147715525663457229e+05
3.137850787089741789e+05
3.128252570705055259e+05
3.119046534926893073e+05
3.110335653167613782e+05
3.102156400841040886e+05
3.094440110136170988e+05
3.086993900065402850e+05
3.079510771591831581e+05
3.071610075483162072e+05
3.062900826142187580e+05
3.053054140480904607e+05
3.041868939614202245e+05
3.029316945953130489e+05
3.015557911967164255e+05
3.000922521899621934e+05
2.985867078156082425e+05
2.970909549799888628e+05
2.956559628767252434e+05
2.943255400867272401e+05
2.931316236452141311e+05
2.920916636930945097e+05
2.912080714500750182e+05
2.904693274080008268e+05
2.898521869475404383e+05
2.893244514778914745e+05
2.888479115730721969e+05
2.883812274837539298e+05
2.878826434569105040e+05
2.873125281435191864e+05
2.866357989519659895e+05
2.858243117354733986e+05
2.848592485681154067e+05
2.837333959150298615e+05
2.824530000093210256e+05
2.810387002156462986e+05
2.795249871482040617e+05
2.779577923199284123e+05
2.763901877074586228e+05
2.748766546999081620e+05
2.734668064189207507e+05
2.721996556811833289e+05
2.710994290807564976e+05
2.701735628689302830e+05
2.694130029224243481e+05
2.687944385105335969e+05
2.682837765726523357e+05
2.678400862312866957e+05
2.674193958674705354e+05
2.669780123363331659e+05
2.664753215239643469e+05
2.658762043677346664e+05
2.651532060566437431e+05
2.642884531522344332e+05
2.632751171462990460e+05
2.621180923776662385e+05
2.608335799162973999e+05
2.594474619427889702e+05
2.579926446329468745e+05
2.565058191446841229e+05
2.550242203970489209e+05
2.535828919318254339e+05
2.522127212062101171e+05
2.509391985158786410e+05
2.497816078291767044e+05
2.487522805668757646e+05
2.478556604152858199e+05
2.470871836800294113e+05
2.464322674406981969e+05
2.458659014605034608e+05
2.453533772227339796e+05
2.448525312250312127e+05
2.443175598670488107e+05
2.437040584168484784e+05
2.429745573509402457e+05
2.421035937396032677e+05
2.410813526795952639e+05
2.399151664266352309e+05
2.386286005777394748e+05
2.372583478342599410e+05
2.358495327893917856e+05
2.344502012491971254e+05
2.331057214150504442e+05
2.318536537233271811e+05
2.307194796500341326e+05
2.297135051795329200e+05
2.288292705714554177e+05
2.280438220352999051e+05
2.273201257474005688e+05
2.266116662682030874e+05
2.258688880055629415e+05
2.250467028608047403e+05
2.241119252903408487e+05
2.230493182605075417e+05
2.218650053980131634e+05
2.205863396761747426e+05
2.192578844139945286e+05
2.179338822816592583e+05
2.166683415637867874e+05
2.155044944890339393e+05
2.144657035030771513e+05
2.135497696022012969e+05
2.127279962500688853e+05
2.119493915836928645e+05
2.111492921515355702e+05
2.102607637757020420e+05
2.092266286078257835e+05
2.080099855808192806e+05
2.066015607581165968e+05
2.050229418194542232e+05
2.033254843993125542e+05
2.015852608958840428e+05
1.998947998554993246e+05
1.983525725301806815e+05
1.970512903614408278e+05
1.960661269586025737e+05
1.954439745608615340e+05
1.951947749841792975e+05
1.952858325264039158e+05
1.956398517514351697e+05
1.961372761140378134e+05
1.966233184414575808e+05
1.969197907242815709e+05
1.968413485960171674e+05
1.962150113826089073e+05
1.949008911544509465e+05
1.928112236620708136e+05
1.899243996718931012e+05
1.862910538786185789e+05
1.820304708896081138e+05
1.773173990394208813e+05
1.723613444330242928e+05
1.673819718963099003e+05
1.625849073486066773e+05
1.581418500841419154e+05
1.541776395529017318e+05
1.507652120219763601e+05
1.479277393632579769e+05
1.456460717679923982e+05
1.438690979136067908e+05
1.425247535292392131e+05
1.415299633158525394e+05
1.407985516684594331e+05
1.402468925887886435e+05
1.397976395459236810e+05
1.393821971228852635e+05
1.389426397710556339e+05
1.384335757083507197e+05
1.378240799888831389e+05
1.370994116541047697e+05
1.362619329917259456e+05
1.353305793025964231e+05
1.343384241673787765e+05
1.333282935334137874e+05
1.323468727201377333e+05
1.314381662552788621e+05
1.306373805983957136e+05
1.299662424425082136e+05
1.294304637801446806e+05
1.290196155406557082e+05
1.287092081888469402e+05
1.284644250360404403e+05
1.282447857799563208e+05
1.280090347925545939e+05
1.277196879496716429e+05
1.273468431961282040e+05
1.268709929306977574e+05
1.262846518253504619e+05
1.255926651199003099e+05
1.248111443521860638e+05
1.239651234960087604e+05
1.230852235859524080e+05
1.222037981760994298e+05
1.213511322956543154e+05
1.205522375916568562e+05
1.198246313176285767e+05
1.191772604953374830e+05
1.186105104852468357e+05
1.181170825268158806e+05
1.176834644956404372e+05
1.172917398102405423e+05
1.169215414515680313e+05
1.165520179667781922e+05
1.161637085310536932e+05
1.157402219873339200e+05
1.152695987737846735e+05
1.147452310862003797e+05
1.141662438189266686e+05
1.135372970155663934e+05
1.128678429125507246e+05
1.121709346300737816e+05
1.114617251062442083e+05
1.107558155301822553e+05
1.100676239719963196e+05
1.094089547715579101e+05
1.087879498220618116e+05
1.082085731784582749e+05
1.076707024037023803e+05
1.071707780623974395e+05
1.067028307859798224e+05
1.062596145162280736e+05
1.058335670359725045e+05
1.054174043335056049e+05
1.050043044425260887e+05
1.045877946690896642e+05
1.041615679184924229e+05
1.037194827611441142e+05
1.032559392128803593e+05
1.027666847705971741e+05
1.022499291795220197e+05
1.017074811155595962e+05
1.011455203963060194e+05
1.005746322790563572e+05
1.000088749539451819e+05
9.946390195736187161e+04
9.895444623399084958e+04
9.849169558763322129e+04
9.808116785127493495e+04
9.772159706195905164e+04
9.740510403739215690e+04
9.711862934199634765e+04
9.684634505088410515e+04
9.657259329584430088e+04
9.628483478738357371e+04
9.597610438530263491e+04
9.564653339767827129e+04
9.530359890867598006e+04
9.496090902988809103e+04
9.463554069366535987e+04
9.434420266644482035e+04
9.409875966493287706e+04
9.390186390028554888e+04
9.374354128645674791e+04
9.359953425628322293e+04
9.343200009112239059e+04
9.319281489414039243e+04
9.282927587659141864e+04
9.229149717302240606e+04
9.154035907319998660e+04
9.055461640985241684e+04
8.933579708284647495e+04
8.790985912469006144e+04
8.632516525762100355e+04
8.464703711547996500e+04
8.294979175779268553e+04
8.130759142726205755e+04
7.978557756487766164e+04
7.843262262495224422e+04
7.727669476224441314e+04
7.632339259891305119e+04
7.555775708574822056e+04
7.494905508520413423e+04
7.445786852343911596e+04
7.404451047761402151e+04
7.367753177452445379e+04
7.334091555338886974e+04
7.303855361104478652e+04
7.279484170372778317e+04
7.265077923336117237e+04
7.265579602858691942e+04
7.285653168306419684e+04
7.328472993448465422e+04
7.394698968283743307e+04
7.481907206152300932e+04
7.584667349475283117e+04
7.695313513242789486e+04
7.805280758038116619e+04
7.906722786064945103e+04
7.994039659069023037e+04
8.064958421720615297e+04
8.120923974612681195e+04
8.166737891198240686e+04
8.209572710574945086e+04
8.257630949461860291e+04
8.318773300899198512e+04
8.399401835874516109e+04
8.503774222131984425e+04
8.633785551111784298e+04
8.789129948325830628e+04
8.967678670977384900e+04
9.165899992714621476e+04
9.379193388456643152e+04
9.602093839681637473e+04
9.828389239167659252e+04
1.005125275337354251e+05
1.026350092791151837e+05
1.045804389272114640e+05
1.062851303042920918e+05
1.076996519255376916e+05
1.087950490351815679e+05
1.095666025784904778e+05
1.100339806788904243e+05
1.102375255543971434e+05
1.102313976750428264e+05
1.100750594210548443e+05
1.098249098957627575e+05
1.095277260010095924e+05
1.092170214709217835e+05
1.089127020776542777e+05
1.086236862788084400e+05
1.083526372930021898e+05
1.081016843873669422e+05
1.078779795951752894e+05
1.076980716831667232e+05
1.075903087888062146e+05
1.075947610562907503e+05
1.077604756156065268e+05
1.081402436587621487e+05
1.087834641699634667e+05
1.097280882816174271e+05
1.109929452755812526e+05
1.125718923629306664e+05
1.144311136336290947e+05
1.165104792604612594e+05
1.187291921973118733e+05
1.209951045354661910e+05
1.232162588023056014e+05
1.253126150127417350e+05
1.272257515243753005e+05
1.289246743442266452e+05
1.304066923954412923e+05
1.316934237771256303e+05
1.328230949710402929e+05
1.338410714801273716e+05
1.347907954642758705e+05
1.357069564119333227e+05
1.366119299669663305e+05
1.375155701067615591e+05
1.384176384926506435e+05
1.393117148155443138e+05
1.401894003008910804e+05
1.410438949887304625e+05
1.418724156323568604e+05
1.426772696702372923e+05
1.434656458346428699e+05
1.442483418851422612e+05
1.450377710472845356e+05
1.458456868354543112e+05
1.466811092185687739e+05
1.475488764458656369e+05
1.484490750637417659e+05
1.493773662175202626e+05
1.503260189818056824e+05
1.512853548129329574e+05
1.522453122378930566e+05
1.531969044027748168e+05
1.541333929132495832e+05
1.550510100114480010e+05
1.559490662748914910e+05
1.568293585951066634e+05
1.576949859469454677e+05
1.585489397446532384e+05
1.593930244741614442e+05
1.602276322892301541e+05
1.610525831808449584e+05
1.618687479014580313e+05
1.626797229625737236e+05
1.634926720775921422e+05
1.643177098894188530e+05
1.651657992721838527e+05
1.660458023008141317e+05
1.669617556232733768e+05
1.679114278181132686e+05
1.688867595841424481e+05
1.698760854948753258e+05
1.708673811299731315e+05
1.718514219534986187e+05
1.728237906044962874e+05
1.737850777145921311e+05
1.747392267902767053e+05
1.756905780099676340e+05
1.766405952175331477e+05
1.775853988424228446e+05
1.785150316961856734e+05
1.794148944732270320e+05
1.802691299312850751e+05
1.810651032794228522e+05
1.817977292279402900e+05
1.824723785237089905e+05
1.831054758276221110e+05
1.837225502059478313e+05
1.843541971557720390e+05
1.850309290753433597e+05
1.857780846122565272e+05
1.866118211854475376e+05
1.875368314388767758e+05
1.885459654739606776e+05
1.896215565852527507e+05
1.907380236526782101e+05
1.918652609881259559e+05
1.929723673530289088e+05
1.940313322951396694e+05
1.950203362566759752e+05
1.959263250385863648e+05
1.967465258816878486e+05
1.974886333977968898e+05
1.981695414560023637e+05
1.988127231828261574e+05
1.994446159460378694e+05
2.000905821121247718e+05
2.007711285711366800e+05
2.014990472090583644e+05
2.022779884821602318e+05
2.031027317293726373e+05
2.039611134345157479e+05
2.048372672584407264e+05
2.057155668711460312e+05
2.065844927208425943e+05
2.074396084519589785e+05
2.082849562466482748e+05
2.091324592477093975e+05
2.099993156743026630e+05
2.109038140506201889e+05
2.118604015314652061e+05
2.128751004714353185e+05
2.139424072039980383e+05
2.150445723321283585e+05
2.161536664756274549e+05
2.172361725399730494e+05
2.182591830870755657e+05
2.191968203326148796e+05
2.200353989698775113e+05
2.207761684708101093e+05
2.214351044144903426e+05
2.220399540607926028e+05
2.226253402213125373e+05
2.232270296488145250e+05
2.238764596609032014e+05
2.245963951467052975e+05
2.253983008927426417e+05
2.262817467252391798e+05
2.272359029824628378e+05
2.282428657304997905e+05
2.292821519993060501e+05
2.303353177217076591e+05
2.313894682017445448e+05
2.324386380052188761e+05
2.334826522529405192e+05
2.345239606116647774e+05
2.355637058530853828e+05
2.365985946943619929e+05
2.376198116821677249e+05
2.386143811872267979e+05
2.395684054602264077e+05
2.404709181853307236e+05
2.413169717145587201e+05
2.421090197139043594e+05
2.428564042934055324e+05
2.435734425794166164e+05
2.442769546693344600e+05
2.449840149864440609e+05
2.457103777275460889e+05
2.464696529053790146e+05
2.472730788400144957e+05
2.481297136678508832e+05
2.490469976030323014e+05
2.500318053941773833e+05
2.510922042578344699e+05
2.522400814672144770e+05
2.534945745519211341e+05
2.548858417255217209e+05
2.564582357730038348e+05
2.582715578705388471e+05
2.603989870086699084e+05
2.629206896305487608e+05
2.659130506130933063e+05
2.694347500042839674e+05
2.735121622879625647e+05
2.781273258154397481e+05
2.832116726634560619e+05
2.886477294376370264e+05
2.942793092933190637e+05
2.999287685005799867e+05
3.054182415011369740e+05
3.105908543920399970e+05
3.153279814926174004e+05
3.195596048681869870e+05
3.232664646430112771e+05
3.264745015757348738e+05
3.292436272838627920e+05
3.316537514570483472e+05
3.337910818787616445e+05
3.357370524939750903e+05
3.375610918109196937e+05
3.393172074065300985e+05
3.410434233750316780e+05
3.427627288579207379e+05
3.444844180773523985e+05
3.462053322858023457e+05
3.479112090204270789e+05
3.495787634435226792e+05
3.511790826626059134e+05
3.526824485320841777e+05
3.540640539387210738e+05
3.553095482374895364e+05
3.564191695103323436e+05
3.574094566818493768e+05
3.583120772634266759e+05
3.591699585108530591e+05
3.600314781228180509e+05
3.609438321667218115e+05
3.619468098555744509e+05
3.630680774255063734e+05
3.643207404670941760e+05
3.657034656126763439e+05
3.672028781369930366e+05
3.687974324878755724e+05
3.704616245356693980e+05
3.721694019386898144e+05
3.738959736147455405e+05
3.756178376158660976e+05
3.773115395116474829e+05
3.789521899943067692e+05
3.805129066624101833e+05
3.819660324024747824e+05
3.832863265426498838e+05
3.844555680699920631e+05
3.854674363198175561e+05
3.863313499166465481e+05
3.870741933807282476e+05
3.877394131707734778e+05
3.883835864666034468e+05
3.890710321850308101e+05
3.898672333754379069e+05
3.908318134711020975e+05
3.920117011067445274e+05
3.934350762425317662e+05
3.951067630964680575e+05
3.970058379435345414e+05
3.990861848415142740e+05
4.012804205810718122e+05
4.035070147773457575e+05
4.056797107491472270e+05
4.077177692210607347e+05
4.095553465254056500e+05
4.111485708688615705e+05
4.124794873638393474e+05
4.135567557350035640e+05
4.144135392134960857e+05
4.151032686255846056e+05
4.156939279645264032e+05
4.162613521235195803e+05
4.168819467424363247e+05
4.176253333461359143e+05
4.185476352043200168e+05
4.196862772279384662e+05
4.210570956989807892e+05
4.226541730257818126e+05
4.244522325919786235e+05
4.264108802235087496e+05
4.284796961338468827e+05
4.306032682958322694e+05
4.327256267801043577e+05
4.347939600389120751e+05
4.367617373529705219e+05
4.385913341447698185e+05
4.402560580864359508e+05
4.417413229621506180e+05
4.430447964096466894e+05
4.441756634236089303e+05
4.451535052105194191e+05
4.460074125939093647e+05
4.467756601173424860e+05
4.475056369284180109e+05
4.482530871554695186e+05
4.490794647431476624e+05
4.500466126420903602e+05
4.512089651549623813e+05
4.526046477058688761e+05
4.542476655259332620e+05
4.561234141494855867e+05
4.581889406905669603e+05
4.603780589845430222e+05
4.626101297292216914e+05
4.648005652969926596e+05
4.668711149850703659e+05
4.687585573716304498e+05
4.704211514992614393e+05
4.718426726638817927e+05
4.730339285078977700e+05
4.740314843084983877e+05
4.748932740551167517e+05
4.756911186828864156e+05
4.765009202504827408e+05
4.773921462863299530e+05
4.784187107895649388e+05
4.796131622319616727e+05
4.809851906059444300e+05
4.825242015127669438e+05
4.842045982074128697e+05
4.859919078592323349e+05
4.878481354031484225e+05
4.897355209717617836e+05
4.916187774715372943e+05
4.934664595222371863e+05
4.952521515173186199e+05
4.969557588426441653e+05
4.985646688733854098e+05
5.000742722168863984e+05
5.014874769250323880e+05
5.028133108786850935e+05
5.040651821366244112e+05
5.052595266891444917e+05
5.064152778184755007e+05
5.075539865372148925e+05
5.086998658886672929e+05
5.098788849340247689e+05
5.111164439507640200e+05
5.124339415927329101e+05
5.138452805306128575e+05
5.153546248446026584e+05
5.169563300974744488e+05
5.186370782357784919e+05
5.203793012856877176e+05
5.221644512355613406e+05
5.239748395485746441e+05
5.257935496029618662e+05
5.276029348429503152e+05
5.293829630183092086e+05
5.311107972018301953e+05
5.327624637033630861e+05
5.343165059309665812e+05
5.357585991475274786e+05
5.370856076159632066e+05
5.383076924640829675e+05
5.394477342118872330e+05
5.405382140442290111e+05
5.416164443182364339e+05
5.427194014559137868e+05
5.438793369473011699e+05
5.451209401244213805e+05
5.464602908981735818e+05
5.479053396105264546e+05
5.494572854695058195e+05
5.511120481918985024e+05
5.528610833112702239e+05
5.546911145134558901e+05
5.565829180381637998e+05
5.585099411464742152e+05
5.604379918901383644e+05
5.623272066169884056e+05
5.641368462064550258e+05
5.658323444447480142e+05
5.673928690167650348e+05
5.688170014567724429e+05
5.701243805583146168e+05
5.713522932011905359e+05
5.725478361005377956e+05
5.737577694230893394e+05
5.750189438451846363e+05
5.763519208233569516e+05
5.777592559922889341e+05
5.792283527250447078e+05
5.807374163236818276e+05
5.822623261514573824e+05
5.837823748683367157e+05
5.852836453011808917e+05
5.867599043505624868e+05
5.882118174436532427e+05
5.896456746105346829e+05
5.910725721880783094e+05
5.925082940122028813e+05
5.939733540344365174e+05
5.954921921485674102e+05
5.970905999076850712e+05
5.987910830640379572e+05
6.006067904849923216e+05
6.025354701309802476e+05
6.045552988936196780e+05
6.066241913787572412e+05
6.086833777706914116e+05
6.106649193964611040e+05
6.125017795768573415e+05
6.141384340407147538e+05
6.155399763161989395e+05
6.166982024498747196e+05
6.176339867146310862e+05
6.183960314617259428e+05
6.190565133630060591e+05
6.197041989946940448e+05
6.204354571645626565e+05
6.213435725806192495e+05
6.225070964670636458e+05
6.239786150040930370e+05
6.257759396501480369e+05
6.278778606383474544e+05
6.302259456539365929e+05
6.327324794950886862e+05
6.352930029393427540e+05
6.378006919441914652e+05
6.401595504469990265e+05
6.422941742881775135e+05
6.441552905800037552e+05
6.457216949422059115e+05
6.469999551064255647e+05
6.480230533438336570e+05
6.488482370786644751e+05
6.495533481706304010e+05
6.502304704043044476e+05
6.509762347147077089e+05
6.518794125764057972e+05
6.530079201529835118e+05
6.543982951926677488e+05
6.560505519824982621e+05
6.579300110791522311e+05
6.599757103799104225e+05
6.621131113922076765e+05
6.642677445847659837e+05
6.663765377509967657e+05
6.683946829642860685e+05
6.702974775365431560e+05
6.720779845650829375e+05
6.737421649662305135e+05
6.753032557763606310e+05
6.767768264537858777e+05
6.781774463529639179e+05
6.795174378593523288e+05
6.808077723715353059e+05
6.820606870039780624e+05
6.832930279023331823e+05
6.845288261345989304e+05
6.857995027949718060e+05
6.871406528492844664e+05
6.885855616915561259e+05
6.901570689518043073e+05
6.918604597678384744e+05
6.936801451414593030e+05
6.955817978737149388e+05
6.975196990708346711e+05
6.994471043484985130e+05
7.013263005916806869e+05
7.031351893713282188e+05
7.048686155495246639e+05
7.065346439302264480e+05
7.081477338905489305e+05
7.097215991005930118e+05
7.112642392542506568e+05
7.127764576197273564e+05
7.142537120229644934e+05
7.156899970886209048e+05
7.170820095076565631e+05
7.184321514546116814e+05
7.197497181043414166e+05
7.210504701376652811e+05
7.223553162254970521e+05
7.236888224535929039e+05
7.250778019778586458e+05
7.265496390940523706e+05
7.281296784063461237e+05
7.298372456504723523e+05
7.316806382836673874e+05
7.336523667558660964e+05
7.357264969750135206e+05
7.378597094951940235e+05
7.399966034179608105e+05
7.420782500370045891e+05
7.440517457229052670e+05
7.458781521082546096e+05
7.475369463758178754e+05
7.490265803933426505e+05
7.503622230870088097e+05
7.515724969265864929e+05
7.526966776144984178e+05
7.537826545482014772e+05
7.548846597578218207e+05
7.560591660956972046e+05
7.573578940990788396e+05
7.588184092159582069e+05
7.604546226773430826e+05
