5.422590161256199935e+05
5.421469340705923969e+05
5.421920052631624276e+05
5.422843348254881566e+05
5.423126682631494477e+05
5.421744354205804411e+05
5.417838714930365095e+05
5.410781989216242218e+05
5.400221803831675788e+05
5.386111264130958589e+05
5.368719087083277991e+05
5.348611397890798980e+05
5.326598110169484280e+05
5.303644160366464639e+05
5.280756493880220223e+05
5.258866653375542955e+05
5.238731571464657318e+05
5.220870023092971533e+05
5.205541206102006836e+05
5.192759875020364416e+05
5.182334436487847706e+05
5.173913273298829445e+05
5.167029596204800182e+05
5.161142653140742914e+05
5.155678628985257819e+05
5.150075157650570036e+05
5.143829271002517780e+05
5.136542844493467710e+05
5.127956083654792747e+05
5.117960819739763392e+05
5.106591016046003206e+05
5.093995074102990329e+05
5.080399622277541785e+05
5.066075095353205106e+05
5.051309667943139211e+05
5.036392270276676281e+05
5.021600531551669701e+05
5.007187729965538601e+05
4.993364567409157753e+05
4.980275604922923376e+05
4.967974553200041992e+05
4.956405619750944898e+05
4.945398837027865229e+05
4.934685543916344177e+05
4.923936278891990078e+05
4.912817942314268439e+05
4.901061279270395171e+05
4.888525032211089274e+05
4.875241187348835520e+05
4.861427828733445494e+05
4.847462353174621821e+05
4.833816893226121902e+05
4.820967312287294772e+05
4.809294331777517218e+05
4.798998138906465028e+05
4.790045438812430366e+05
4.782161031592802610e+05
4.774866378947277553e+05
4.767557572838093620e+05
4.759606913397413446e+05
4.750467769529900397e+05
4.739762521160772885e+05
4.727338028389227693e+05
4.713280906602502801e+05
4.697893696498495992e+05
4.681640423635483603e+05
4.665074339396393625e+05
4.648761359927965095e+05
4.633210621868680464e+05
4.618820039413356571e+05
4.605841047461879207e+05
4.594363546569601167e+05
4.584319589749944280e+05
4.575502556253701914e+05
4.567597532220241264e+05
4.560218487268995377e+05
4.552948460739815491e+05
4.545379793299800367e+05
4.537151753903598874e+05
4.527982447417002404e+05
4.517691212541387649e+05
4.506208011112734093e+05
4.493568496234985068e+05
4.479897275890869787e+05
4.465385682505693985e+05
4.450271813141766470e+05
4.434828258719483274e+05
4.419357380225743400e+05
4.404187902129040449e+05
4.389663459717066144e+05
4.376115840043337666e+05
4.363822576738102362e+05
4.352957137851900770e+05
4.343545846455031424e+05
4.335445722945238231e+05
4.328351410647995071e+05
4.321830128779061488e+05
4.315375595056540915e+05
4.308468556978820707e+05
4.300633661635816679e+05
4.291487592450306984e+05
4.280777993828036124e+05
4.268413875463568256e+05
4.254485689034819370e+05
4.239269455075965379e+05
4.223207590999067761e+05
4.206861772924349643e+05
4.190840063814184978e+05
4.175709016652077553e+05
4.161907823220970458e+05
4.149682950881926226e+05
4.139057338331818464e+05
4.129839652784395148e+05
4.121669337578541599e+05
4.114085326167736202e+05
4.106602489776163129e+05
4.098780676028892631e+05
4.090275627753615263e+05
4.080867207896431792e+05
4.070466052747839130e+05
4.059103443774604239e+05
4.046910307375724078e+05
4.034090414009618689e+05
4.020891298332754523e+05
4.007575303596065496e+05
3.994392875625957386e+05
3.981560345934557263e+05
3.969244116134331562e+05
3.957551914312604931e+05
3.946530007227318129e+05
3.936163961450401112e+05
3.926380724015929154e+05
3.917051545248178300e+05
3.907997586702940753e+05
3.899001368439671933e+05
3.889826373226852156e+05
3.880244237470777007e+05
3.870065385889493045e+05
3.859166580132172094e+05
3.847508957957668463e+05
3.835142776191701414e+05
3.822199043374456814e+05
3.808871791130751371e+05
3.795396458514765254e+05
3.782029237905434566e+05
3.769029769787791884e+05
3.756646509498932282e+05
3.745101838107756339e+05
3.734573603658763459e+05
3.725171546309248661e+05
3.716910382771961740e+05
3.709684927307645557e+05
3.703255040556079475e+05
3.697248321976283332e+05
3.691185955343760434e+05
3.684532482166631380e+05
3.676764655349315144e+05
3.667449338010935462e+05
3.656317000752439490e+05
3.643316683795730933e+05
3.628640652800859534e+05
3.612711976955321152e+05
3.596134829019244062e+05
3.579614030533384066e+05
3.563855892193800537e+05
3.549465798284519115e+05
3.536858855744681787e+05
3.526198285736743128e+05
3.517372311571225291e+05
3.510014468770946842e+05
3.503565148186805891e+05
3.497364785249805427e+05
3.490762816647117143e+05
3.483222849602011265e+05
3.474404594006871921e+05
3.464207354311576346e+05
3.452767583694881760e+05
3.440412539080503047e+05
3.427581262848635670e+05
3.414730779492990114e+05
3.402247910778132500e+05
3.390384837116072304e+05
3.379230015875137178e+05
3.368716997842777055e+05
3.358664515992596862e+05
3.348834506113242824e+05
3.338992282247510157e+05
3.328955353893119027e+05
3.318623144451079424e+05
3.307986773691163980e+05
3.297123484637976508e+05
3.286182433531779679e+05
3.275367137475169147e+05
3.264916125000742031e+05
3.255079383634451660e+05
3.246086118014904205e+05
3.238100335215417435e+05
3.231164835938833421e+05
3.225140151551677263e+05
3.219650956645554397e+05
3.214056442662295885e+05
3.207461275914946455e+05
3.198778983671248425e+05
3.186849896120896447e+05
3.170602542768230778e+05
3.149233649363230215e+05
3.122371741839793394e+05
3.090186961533803260e+05
3.053417469796757796e+05
3.013300027786552091e+05
2.971414635736623895e+05
2.929473757136912318e+05
2.889099011435621069e+05
2.851628535624655779e+05
2.817987167470452841e+05
2.788633846442227368e+05
2.763582551567186019e+05
2.742480000582170906e+05
2.724717500587496907e+05
2.709554824742359924e+05
2.696237983626371715e+05
2.684097496169988299e+05
2.672617852834568475e+05
2.661472461441440973e+05
2.650522371183912619e+05
2.639782026216316735e+05
2.629360735816077213e+05
2.619393079246579146e+05
2.609973495028716861e+05
2.601108873025600333e+05
2.592698263222417445e+05
2.584542147095787222e+05
2.576376991255743196e+05
2.567925780207393691e+05
2.558952909463154792e+05
2.549312221937178692e+05
2.538979316931038047e+05
2.528062515822677524e+05
2.516790272635837900e+05
2.505476151446448930e+05
2.494465910941247421e+05
2.484074785072103841e+05
2.474526200059381663e+05
2.465904754438905802e+05
2.458134995137915248e+05
2.450992724848524085e+05
2.444148020900105475e+05
2.437230971094845154e+05
2.429905084845576785e+05
2.421931549336229800e+05
2.413210487467893399e+05
2.403791844608988322e+05
2.393856089003736561e+05
2.383671227857377089e+05
2.373536404005452932e+05
2.363723481111588189e+05
2.354427251510587521e+05
2.345732933022921789e+05
2.337606733276248560e+05
2.329911367363326135e+05
2.322443573884054204e+05
2.314985562897687778e+05
2.307358301683088357e+05
2.299463163254277315e+05
2.291300745096632454e+05
2.282961461917028355e+05
2.274590367651920824e+05
2.266336226866826764e+05
2.258299720429214358e+05
2.250496205004735093e+05
2.242844374354314932e+05
2.235184665073807409e+05
2.227322546946606308e+05
2.219084527272972045e+05
2.210370919016291446e+05
2.201190222682793683e+05
2.191665018362017581e+05
2.182006988258450292e+05
2.172466812288955844e+05
2.163270933046124119e+05
2.154559987433131028e+05
2.146342554412483005e+05
2.138473408144197601e+05
2.130659186461741629e+05
2.122488162462358014e+05
2.113476364408473601e+05
2.103120703363263165e+05
2.090951129411151924e+05
2.076577179747401678e+05
2.059727888962026627e+05
2.040286106678993383e+05
2.018317752802666218e+05
1.994093708977293281e+05
1.968098503969419689e+05
1.941017955992781790e+05
1.913699287379716989e+05
1.887082300406208669e+05
1.862107625871690689e+05
1.839615240141777031e+05
1.820250707329491270e+05
1.804396307783346565e+05
1.792139403168460994e+05
1.783282632107017271e+05
1.777392174001068051e+05
1.773873553086097527e+05
1.772060644782330492e+05
1.771303033070202509e+05
1.771039176153416338e+05
1.770847050640302477e+05
1.770469011633495393e+05
1.769812507274750678e+05
1.768932111585491803e+05
1.768000395325856807e+05
1.767275128280814097e+05
1.767068408079412766e+05
1.767720268275007256e+05
1.769576168528946000e+05
1.772965517842980335e+05
1.778177689153369865e+05
1.785433010447430424e+05
1.794848642085342144e+05
1.806402387441608007e+05
1.819900425650562684e+05
1.834956720810112311e+05
1.850991617907267646e+05
1.867254498537129257e+05
1.882870695417471579e+05
1.896907330645932816e+05
1.908448060918643314e+05
1.916664509232510172e+05
1.920873275006053154e+05
1.920571476896820241e+05
1.915449341993519047e+05
1.905383491706392670e+05
1.890417713624289026e+05
1.870738515383485646e+05
1.846651048822157900e+05
1.818558180955304706e+05
1.786942799330824346e+05
1.752351734936612193e+05
1.715379265518584580e+05
1.676648839234835177e+05
1.636792967580834811e+05
1.596432628594370617e+05
1.556158492469100456e+05
1.516516462912932911e+05
1.477999276816376077e+05
1.441044386545723246e+05
1.406036536044397799e+05
1.373311982392962673e+05
1.343160787888028135e+05
1.315824273792727035e+05
1.291486403390844935e+05
1.270260001978745422e+05
1.252170650610161974e+05
1.237142275008894503e+05
1.224988660845723643e+05
1.215414430775993678e+05
1.208027656338833622e+05
1.202364509334127797e+05
1.197924393447259499e+05
1.194212032437902380e+05
1.190781287416140840e+05
1.187274399057171831e+05
1.183450302563495061e+05
1.179196912152391742e+05
1.174524772374097083e+05
1.169542783944908588e+05
1.164420078191659559e+05
1.159340702797636186e+05
1.154458959793265385e+05
1.149862779026639473e+05
1.145550642818584893e+05
1.141424857411469857e+05
1.137301065467586013e+05
1.132931383852037543e+05
1.128036779824397381e+05
1.122343379796284134e+05
1.115617297228370444e+05
1.107693178688321059e+05
1.098492913214585278e+05
1.088032721132357256e+05
1.076418918898123811e+05
1.063834662211491377e+05
1.050521390592218959e+05
1.036759068903957086e+05
1.022848458435381472e+05
1.009096803067658766e+05
9.958061482104755123e+04
9.832618700902190176e+04
9.717185798384387454e+04
9.613816430009021133e+04
9.523848298175768286e+04
9.447673323675141728e+04
9.384555845806839352e+04
9.332561285582528217e+04
9.288646897066693055e+04
9.248937156413446064e+04
9.209165511522181623e+04
9.165222560647242062e+04
9.113720394363781088e+04
9.052473138649322209e+04
8.980807721789641073e+04
8.899652107595858979e+04
8.811390569742335356e+04
8.719515417070469994e+04
8.628133366305475647e+04
8.541399587662387057e+04
8.462955453145909996e+04
8.395441293042601319e+04
8.340145723358163377e+04
8.296838288392592221e+04
8.263810769281089597e+04
8.238124411805010459e+04
8.216028826994137489e+04
8.193489862640344654e+04
8.166745429763061111e+04
8.132804784771715640e+04
8.089818630094299442e+04
8.037271241026386269e+04
7.975976151281099010e+04
7.907887969492607226e+04
7.835769742390337342e+04
7.762774201551136503e+04
7.692005787447970943e+04
7.626127662344645069e+04
7.567065054933984356e+04
7.515836196718933934e+04
7.472519060137303313e+04
7.436340534207585733e+04
7.405858211170976574e+04
7.379195891969969671e+04
7.354293065870780265e+04
7.329135329216948594e+04
7.301944792934029829e+04
7.271323331344296457e+04
7.236352573041841970e+04
7.196658988295579911e+04
7.152448897951583785e+04
7.104508975648869819e+04
7.054158366495680821e+04
7.003135524393297965e+04
6.953410850631729409e+04
6.906935109799331985e+04
6.865357951837440487e+04
6.829771574222312483e+04
6.800542357149158488e+04
6.777282639942345850e+04
6.758986425769237394e+04
6.744313992741511902e+04
6.731972637103592569e+04
6.721115611235170218e+04
6.711675940528082720e+04
6.704566265698784264e+04
6.701703219940810231e+04
6.705844440537344781e+04
6.720248836259949894e+04
6.748182863096303481e+04
6.792301641252500121e+04
6.853943344404998061e+04
6.932397397180434200e+04
7.024243417432103888e+04
7.122899016895276145e+04
7.218540712857319159e+04
7.298549929785764834e+04
7.348568967513473763e+04
7.354130693216774671e+04
7.302673865122947609e+04
7.185615837429105886e+04
7.000075053947819106e+04
6.749855046902524191e+04
6.445429399346985156e+04
6.102877047315789241e+04
5.741952656960962486e+04
5.383668767803579249e+04
5.047858501848160813e+04
4.751156535350532795e+04
4.505699485089752852e+04
4.318655780281602347e+04
4.192513041604329192e+04
4.125930042399549711e+04
4.114923076850848156e+04
4.154190873686587292e+04
4.238449637764904037e+04
4.363703452920245036e+04
4.528379880255807075e+04
4.734208057027984614e+04
4.986631911037464306e+04
5.294486213050591323e+04
5.668679630833498231e+04
6.119772731925042171e+04
6.654614738618289994e+04
7.272557650884527538e+04
7.962091867483405804e+04
8.698907986505834560e+04
9.446271003534272313e+04
1.015815800142591033e+05
1.078493400124182226e+05
1.128060721194169892e+05
1.161015460734172811e+05
1.175524981183343625e+05
1.171704651292386843e+05
1.151539477456969616e+05
1.118477129469470237e+05
1.076800036039865518e+05
1.030928791336722206e+05
9.848078443142096512e+04
9.414828585716985981e+04
9.029153539596995688e+04
8.700167973877447366e+04
8.428394735521772236e+04
8.208437488261774706e+04
8.031687360321808956e+04
7.888566165178004303e+04
7.770085333131119842e+04
7.668728506797512819e+04
7.578800821047896170e+04
7.496428738642687676e+04
7.419369726440293016e+04
7.346738286130399501e+04
7.278703717982103990e+04
7.216181009157835797e+04
7.160521772702514136e+04
7.113211790592335456e+04
7.075587753810967843e+04
7.048591854940584744e+04
7.032585190648754360e+04
7.027238247274709283e+04
7.031509832466095395e+04
7.043716632178059081e+04
7.061686257179923996e+04
7.082978513202397153e+04
7.105152677752844465e+04
7.126051954163193295e+04
7.144069674260383181e+04
7.158356765203847317e+04
7.168930073566293868e+04
7.176650498117138341e+04
7.183060550095836516e+04
7.190100470666059118e+04
7.199752956651088607e+04
7.213688629442901583e+04
7.232988656763707695e+04
7.258003881468423060e+04
7.288375504864593677e+04
7.323201381013295031e+04
7.361297315207110660e+04
7.401484716737364943e+04
7.442838221012898430e+04
7.484845718044614478e+04
7.527459861926328449e+04
7.571045195012891782e+04
7.616242437010256981e+04
7.663780257499172876e+04
7.714267886614816962e+04
7.768002973227022449e+04
7.824829622310936975e+04
7.884079390734128538e+04
7.944618898088630522e+04
8.005008651816383644e+04
8.063750533590059786e+04
8.119573858257321990e+04
8.171692965742667730e+04
8.219971781413124700e+04
8.264954160664752999e+04
8.307755444939568406e+04
8.349846829775677179e+04
8.392786819196195574e+04
8.437957060363875644e+04
8.486346338985039620e+04
8.538406141913178726e+04
8.593984328627114883e+04
8.652335807703321916e+04
8.712209741047672287e+04
8.772015923803445185e+04
8.830071913995269279e+04
8.884923144908765971e+04
8.935710906005189463e+04
8.982542088808761036e+04
9.026797013551706914e+04
9.071305240166121803e+04
9.120330133209742780e+04
9.179332965356369095e+04
9.254532032143500692e+04
9.352320456919274875e+04
9.478642815192340640e+04
9.638441342491671094e+04
9.835260726922427421e+04
1.007105143410618621e+05
1.034615153675802721e+05
1.065937807120415819e+05
1.100813965258328535e+05
1.138849960918583092e+05
1.179516543917535164e+05
1.222143624380799447e+05
1.265918173296456807e+05
1.309893760160823877e+05
1.353017896389988600e+05
1.394178656396025035e+05
1.432266871955255920e+05
1.466246419465298532e+05
1.495223795636141149e+05
1.518509182661141676e+05
1.535663487934048171e+05
1.546528102375151066e+05
1.551235530479797453e+05
1.550199649191620119e+05
1.544084915636297374e+05
1.533755262487906439e+05
1.520206060504328925e+05
1.504485888051071670e+05
1.487617747556231916e+05
1.470530552912651037e+05
1.454010490587994282e+05
1.438678415588734497e+05
1.424994669486197818e+05
1.413287714686670515e+05
1.403798671176917560e+05
1.396730790840180125e+05
1.392291526486779621e+05
1.390715617267687921e+05
1.392260978157647187e+05
1.397175191213727230e+05
1.405638183880557190e+05
1.417694316115182010e+05
1.433192059836173430e+05
1.451749607162998291e+05
1.472759377588435309e+05
1.495434741229881474e+05
1.518891201302095142e+05
1.542245258085854293e+05
1.564710016195550270e+05
1.585668454910923901e+05
1.604712333368293475e+05
1.621644509268878028e+05
1.636451826132646238e+05
1.649261792902502348e+05
1.660297393423591857e+05
1.669840628786928137e+05
1.678208626852282323e+05
1.685739220702730236e+05
1.692778642029842304e+05
1.699664064001530642e+05
1.706697928371063317e+05
1.714117225172392500e+05
1.722066119495450985e+05
1.730581899244905217e+05
1.739601143448386865e+05
1.748986413852504629e+05
1.758566439047707536e+05
1.768177868536412716e+05
1.777696348023757746e+05
1.787049028047797910e+05
1.796207770389404614e+05
1.805169250893975550e+05
1.813932120918741566e+05
1.822481078504486650e+05
1.830783733248120698e+05
1.838800642560951237e+05
1.846504382972471358e+05
1.853901737438118143e+05
1.861054219716370862e+05
1.868094906175128708e+05
1.875241879176407820e+05
1.882808897394589731e+05
1.891211887390969787e+05
1.900966662922219548e+05
1.912670957035684842e+05
1.926964240632097935e+05
1.944462612709512177e+05
1.965672514899372181e+05
1.990894260854214663e+05
2.020132168726215314e+05
2.053030664758702915e+05
2.088854136346708983e+05
2.126522452197272214e+05
2.164704590919759357e+05
2.201961159003928478e+05
2.236915026744705974e+05
2.268420853105046845e+05
2.295701874957715627e+05
2.318427755753721576e+05
2.336719932242478826e+05
2.351087505630438100e+05
2.362312282705455436e+05
2.371311222408855392e+05
2.379005587485496362e+05
2.386219091831559199e+05
2.393615664429792087e+05
2.401675688278003654e+05
2.410701442447877198e+05
2.420839510195750918e+05
2.432109343480088282e+05
2.444430880517085898e+05
2.457647977726560785e+05
2.471547242198771564e+05
2.485873488654012035e+05
2.500343885031284008e+05
2.514663171820132993e+05
2.528542020211885683e+05
2.541719332350690675e+05
2.553987095374693454e+05
2.565213934654445620e+05
2.575361927481051825e+05
2.584491606459660106e+05
2.592752698315269372e+05
2.600362196079202113e+05
2.607575206159495283e+05
2.614655952244036598e+05
2.621855473375787842e+05
2.629399307328172144e+05
2.637484242544529261e+05
2.646279816468912759e+05
2.655928900526210782e+05
2.666542739093705895e+05
2.678188590714571765e+05
2.690871567406526301e+05
2.704515287959293346e+05
2.718947719903375255e+05
2.733898576578821521e+05
2.749012712977043120e+05
2.763880442698478000e+05
2.778081453889545519e+05
2.791235346455492545e+05
2.803050041074855835e+05
2.813360074967026594e+05
2.822149690874604858e+05
2.829559293636605726e+05
2.835876676166627440e+05
2.841515393988464493e+05
2.846981946764576132e+05
2.852832213035271852e+05
2.859617423872385989e+05
2.867821809487837600e+05
2.877797663742454024e+05
2.889707509654812166e+05
2.903485322960193153e+05
2.918827768244080362e+05
2.935221684489141335e+05
2.952006650790761341e+05
2.968463521360642044e+05
2.983913799283467233e+05
2.997812436348128831e+05
3.009818610111456364e+05
3.019834332499917946e+05
3.028007533457658137e+05
3.034702543320323457e+05
3.040445292210879270e+05
3.045852675536911120e+05
3.051555886561404914e+05
3.058126914913576329e+05
3.066016426356165903e+05
3.075509879947781446e+05
3.086706590916948044e+05
3.099523191805785173e+05
3.113718884729730198e+05
3.128936085859115119e+05
3.144747949686780339e+05
3.160704761849622009e+05
3.176374076316291466e+05
3.191373286329236580e+05
3.205396080841811490e+05
3.218234577681347146e+05
3.229796924081621692e+05
3.240117352329461137e+05
3.249354164882715559e+05
3.257772275800649077e+05
3.265710565037151682e+05
3.273538755231407122e+05
3.281611651272393065e+05
3.290228978016612236e+05
3.299606756013925187e+05
3.309862501649559708e+05
3.321013266415591352e+05
3.332983797576986835e+05
3.345621989073180011e+05
3.358719519928151276e+05
3.372036196546162828e+05
3.385326534588308423e+05
3.398366690040026442e+05
3.410979469722094946e+05
3.423055156701667001e+05
3.434566184858393972e+05
3.445573914508282905e+05
3.456225669564065756e+05
3.466740071346374461e+05
3.477379285655468702e+05
3.488408818985688849e+05
3.500049038828830235e+05
3.512426708771280246e+05
3.525537750600318541e+05
3.539232338106987881e+05
3.553229377017992083e+05
3.567160128415716463e+05
3.580632466400451376e+05
3.593301051388491178e+05
3.604927017311605159e+05
3.615414357471148251e+05
3.624817643045476289e+05
3.633324047946943319e+05
3.641218694346951670e+05
3.648844118951850687e+05
3.656562288100012229e+05
3.664722989965817542e+05
3.673638255034881877e+05
3.683560681094834581e+05
3.694664538540561916e+05
3.707031044128994690e+05
3.720641156685149181e+05
3.735379019970854861e+05
3.751046463199171703e+05
3.767385027274442837e+05
3.784098991522362339e+05
3.800872775290233549e+05
3.817379484206067864e+05
3.833283018084712676e+05
3.848241372465891764e+05
3.861920641671649064e+05
3.874026142553900718e+05
3.884349720604949398e+05
3.892823642451190390e+05
3.899565498980621342e+05
3.904898288922881475e+05
3.909335824637075420e+05
3.913533395708317985e+05
3.918213115335693001e+05
3.924078830083838548e+05
3.931735421216896502e+05
3.941623074485896504e+05
3.953971671297000139e+05
3.968776661355504184e+05
3.985796614951282972e+05
4.004573036945776548e+05
4.024472858502606978e+05
4.044751815301791066e+05
4.064632849884630414e+05
4.083389466000117245e+05
4.100421769524464034e+05
4.115314027606063173e+05
4.127866678833717015e+05
4.138101259629889391e+05
4.146241733288590331e+05
4.152678830573903397e+05
4.157924833503983682e+05
4.162565196218048804e+05
4.167211332232204732e+05
4.172456643151975586e+05
4.178836094923278433e+05
4.186788859288581298e+05
4.196624004745339626e+05
4.208490857791978051e+05
4.222357880612500012e+05
4.238005695470228675e+05
4.255040071874323185e+05
4.272928501156981220e+05
4.291059466451904736e+05
4.308817718122890801e+05
4.325663577868164866e+05
4.341201472490158048e+05
4.355223922087483807e+05
4.367722272000341327e+05
4.378863329205316259e+05
4.388939369718756061e+05
4.398305013725162135e+05
4.407316221827430418e+05
4.416283721952427877e+05
4.425446907751696999e+05
4.434967261450791848e+05
4.444935328744635335e+05
4.455383782850157004e+05
4.466300995133510442e+05
4.477643115397269721e+05
4.489345736661486444e+05
4.501337152889407007e+05
4.513553747754123178e+05
4.525955291569738765e+05
4.538535680578059400e+05
4.551324431691915961e+05
4.564376456558068166e+05
4.577751416400793241e+05
4.591487655078872340e+05
4.605577758382204920e+05
4.619952468073627097e+05
4.634477343260237249e+05
4.648963289877374191e+05
4.663189017127936240e+05
4.676931305321315303e+05
4.689997784130619257e+05
4.702256535553358262e+05
4.713657154457357246e+05
4.724239064880732913e+05
4.734125097687441739e+05
4.743501474675659556e+05
4.752588771469715284e+05
4.761611070304865134e+05
4.770771266165056149e+05
4.780238743521149736e+05
4.790151623796343920e+05
4.800630603479658603e+05
4.811796751642368617e+05
4.823783247374212369e+05
4.836732061503360164e+05
4.850771084903021110e+05
4.865973986106801312e+05
4.882312000413164496e+05
4.899611539142258698e+05
4.917532243162462255e+05
4.935576481433977606e+05
4.953134335289250012e+05
4.969559800435538054e+05
4.984266445514812367e+05
4.996825728977871477e+05
5.007049416239454877e+05
5.015039193656966090e+05
5.021191408106256276e+05
5.026152413276985171e+05
5.030729441926804720e+05
5.035771728630357538e+05
5.042044486334727262e+05
5.050121662255743868e+05
5.060320169172148453e+05
5.072688269881604356e+05
5.087046183724177536e+05
5.103062149319300079e+05
5.120337320478073671e+05
5.138472041069439729e+05
5.157095255525117973e+05
5.175855158968420583e+05
5.194386525416756049e+05
5.212281298121131840e+05
5.229088786075469106e+05
5.244359495870243991e+05
5.257726836107965792e+05
5.269001948771300958e+05
5.278247217355383327e+05
5.285798329014590709e+05
5.292221777075938880e+05
5.298217351191674825e+05
5.304493936353052268e+05
5.311654192659409018e+05
5.320117141366369324e+05
5.330091228475086391e+05
5.341591957273518201e+05
5.354485623200538103e+05
5.368538397742869565e+05
5.383457087954806630e+05
5.398919151654714951e+05
5.414598397811710602e+05
5.430194611397212138e+05
5.445469604168349179e+05
5.460282636735598790e+05
5.474610801301917527e+05
5.488540011353456648e+05
5.502221301571835065e+05
5.515801978728895774e+05
5.529354917723820545e+05
5.542834606930218870e+05
5.556081314136119327e+05
5.568876628870664863e+05
5.581031874915643129e+05
5.592475238252965501e+05
5.603301595919860993e+05
5.613762643797725905e+05
5.624198559371144511e+05
5.634935888230134733e+05
5.646189427428676281e+05
5.658003255405388772e+05
5.670249613884657156e+05
5.682681965821235208e+05
5.695020023440609220e+05
5.707036838101450121e+05
5.718622446758236038e+05
5.729810908670678036e+05
5.740771125035568839e+05
5.751771037109252065e+05
5.763127616644677473e+05
5.775153078557015397e+05
5.788104279075026279e+05
5.802139997604618547e+05
5.817290384520629887e+05
5.833443086909726262e+05
5.850349701995082432e+05
5.867653366213144036e+05
5.884933998324656859e+05
5.901763497395430459e+05
5.917760624573531095e+05
5.932635257322248071e+05
5.946214218267051037e+05
5.958445354064333951e+05
5.969382026310286019e+05
5.979155416158777662e+05
5.987945438409682829e+05
5.995960979004632682e+05
6.003435765665199142e+05
6.010638351972855162e+05
6.017886404469142435e+05
6.025550823952851351e+05
6.034037377922724700e+05
6.043742611039292533e+05
6.054993183432926890e+05
6.067987423138701124e+05
