6.824413520171015989e+05
6.808306173625419615e+05
6.791630011464245617e+05
6.774411061180221150e+05
6.756726170307433931e+05
6.738742828756909585e+05
6.720738894156140741e+05
6.703086213443051092e+05
6.686193208375284448e+05
6.670416532590028364e+05
6.655965437656063586e+05
6.642828801172799431e+05
6.630750573051146930e+05
6.619265557411876507e+05
6.607788851230330765e+05
6.595735724202613346e+05
6.582640063828640850e+05
6.568241241504591890e+05
6.552519950982277514e+05
6.535678916125502437e+05
6.518079144378916826e+05
6.500152386695924215e+05
6.482313525170754874e+05
6.464892916492511285e+05
6.448100267633857438e+05
6.432021415701250080e+05
6.416640534888402326e+05
6.401875168597606244e+05
6.387611088435897836e+05
6.373727715281053679e+05
6.360110765892501222e+05
6.346654385556884808e+05
6.333258174294421915e+05
6.319824368618985172e+05
6.306257773723492865e+05
6.292467816441985779e+05
6.278370405975891044e+05
6.263888179187013302e+05
6.248950470267198980e+05
6.233496893466768088e+05
6.217488553505395539e+05
6.200927748491003877e+05
6.183881844560572645e+05
6.166502543277851073e+05
6.149030713480658596e+05
6.131780278283379739e+05
6.115100975935554598e+05
6.099326312761005247e+05
6.084717074824722949e+05
6.071411347623234615e+05
6.059389911066192435e+05
6.048462774853406008e+05
6.038279674586291658e+05
6.028364627859564498e+05
6.018171533454232849e+05
6.007154015897198115e+05
5.994839069450070383e+05
5.980892161734810797e+05
5.965162690988007234e+05
5.947703074140724493e+05
5.928760672072030138e+05
5.908746835688295541e+05
5.888189804509759415e+05
5.867677894775087480e+05
5.847797879986223998e+05
5.829072693130811676e+05
5.811903618148422102e+05
5.796524295607160311e+05
5.782975103632558603e+05
5.771104751276118914e+05
5.760600641408767551e+05
5.751042185979358619e+05
5.741964708196597639e+05
5.732918756010094658e+05
5.723511993571415078e+05
5.713427540530075785e+05
5.702421085831617238e+05
5.690306092290631495e+05
5.676939455921974732e+05
5.662218252630390925e+05
5.646092619562284090e+05
5.628592521398110548e+05
5.609859634105009027e+05
5.590171868098158156e+05
5.569948204434228828e+05
5.549725467755618738e+05
5.530105368415506091e+05
5.511677908531631110e+05
5.494934079722102033e+05
5.480184848479357315e+05
5.467503483336202335e+05
5.456704067687049974e+05
5.447361503674744163e+05
5.438869447387326509e+05
5.430524921704477165e+05
5.421623957961992128e+05
5.411552447990153451e+05
5.399859794630539836e+05
5.386308044624070171e+05
5.370893805085715139e+05
5.353843043703060830e+05
5.335579985752555076e+05
5.316672123667356791e+05
5.297755440685440553e+05
5.279447886136732996e+05
5.262263778707521269e+05
5.246544671075991355e+05
5.232420805236163433e+05
5.219810743435654440e+05
5.208456699729756801e+05
5.197983233933557058e+05
5.187961451883543050e+05
5.177962185927982209e+05
5.167589257591237547e+05
5.156494325838742661e+05
5.144383109863331192e+05
5.131025065545905964e+05
5.116273962600997183e+05
5.100097778558771242e+05
5.082607633030670695e+05
5.064071699103805586e+05
5.044903216080076527e+05
5.025620383407817571e+05
5.006785740981686977e+05
4.988938822428403655e+05
4.972535669539819355e+05
4.957903042397640529e+05
4.945207724190884619e+05
4.934436828428495210e+05
4.925386052577630617e+05
4.917658297632659669e+05
4.910680812201722874e+05
4.903750281679155887e+05
4.896109718427642947e+05
4.887050232629373204e+05
4.876019576779017807e+05
4.862713127277229214e+05
4.847124800071794889e+05
4.829544753797053127e+05
4.810504091766066849e+05
4.790679620056370040e+05
4.770780477394774207e+05
4.751441354720085510e+05
4.733143907611945178e+05
4.716179756149192108e+05
4.700656988338730880e+05
4.686540180148846121e+05
4.673705252624243731e+05
4.661988313832113054e+05
4.651213241266327095e+05
4.641194124156617909e+05
4.631720873973934213e+05
4.622543691132559907e+05
4.613371261569056078e+05
4.603889351349107455e+05
4.593795497912077117e+05
4.582837647330255131e+05
4.570843711064448580e+05
4.557734871887256159e+05
4.543524075999067281e+05
4.528307278510160395e+05
4.512255280657581752e+05
4.495608746245441725e+05
4.478671893169059767e+05
4.461796157961984281e+05
4.445346819166143541e+05
4.429652706870979164e+05
4.414948180585401133e+05
4.401322888088600594e+05
4.388695169308205950e+05
4.376819040551010403e+05
4.365325058632144937e+05
4.353785975040662452e+05
4.341792326413291739e+05
4.329022398148322827e+05
4.315294576961508137e+05
4.300595779970267322e+05
4.285084992772284313e+05
4.269074354118516203e+05
4.252991375758291688e+05
4.237325659324135049e+05
4.222563366760147037e+05
4.209114033702656161e+05
4.197237455087975832e+05
4.186982327152811922e+05
4.178150960821676417e+05
4.170303299404509598e+05
4.162807320948055130e+05
4.154932404122337466e+05
4.145970354072908522e+05
4.135359740105723613e+05
4.122786644408988650e+05
4.108240183385746786e+05
4.092012470335848629e+05
4.074645899534228956e+05
4.056841133957394050e+05
4.039343991689716931e+05
4.022828423437456950e+05
4.007788416118777241e+05
3.994447437810224947e+05
3.982692505766469403e+05
3.972041347689123941e+05
3.961653262804560945e+05
3.950393772435326246e+05
3.936957230068599456e+05
3.920039837372778566e+05
3.898540649466927862e+05
3.871755209768210188e+05
3.839520993486809311e+05
3.802279526716152322e+05
3.761036796732987859e+05
3.717227117452552775e+05
3.672508874769805116e+05
3.628536248908962589e+05
3.586754336068793200e+05
3.548255552530133282e+05
3.513716494198585278e+05
3.483412833819134976e+05
3.457291879434343427e+05
3.435072699245522963e+05
3.416343782940049423e+05
3.400636533743545879e+05
3.387465781141829211e+05
3.376341472837495385e+05
3.366764801595143508e+05
3.358224911458292627e+05
3.350208815033247811e+05
3.342229103837796720e+05
3.333864685657205409e+05
3.324802646666863002e+05
3.314867004570653662e+05
3.304023387267398066e+05
3.292356283890051418e+05
3.280024644032934448e+05
3.267208891033623368e+05
3.254065205286603887e+05
3.240700206937609473e+05
3.227171889353778097e+05
3.213513399392162682e+05
3.199768282621465041e+05
3.186021902021161513e+05
3.172415249247173779e+05
3.159133731787592988e+05
3.146372442577397451e+05
3.134287706222141860e+05
3.122949453252794337e+05
3.112308723719365080e+05
3.102189831163255731e+05
3.092309570290667471e+05
3.082319075909488602e+05
3.071859621977063362e+05
3.060622381514981971e+05
3.048403096045044949e+05
3.035144252125817002e+05
3.020958695587870898e+05
3.006129651531665004e+05
2.991083761218631989e+05
2.976336973612178117e+05
2.962418116270087776e+05
2.949780704219662002e+05
2.938718151177018881e+05
2.929299128125964780e+05
2.921337335996289621e+05
2.914403739989305614e+05
2.907880920253903605e+05
2.901050847580190748e+05
2.893201172418284696e+05
2.883732299693156965e+05
2.872248304416420287e+05
2.858618380137910717e+05
2.843000775423524901e+05
2.825826864813531283e+05
2.807748289283977356e+05
2.789554567085376475e+05
2.772072023691240465e+05
2.756057121243652073e+05
2.742097995584959863e+05
2.730536966340655345e+05
2.721423938595089712e+05
2.714506305247485288e+05
2.709255871507110423e+05
2.704928299977665883e+05
2.700646406905229087e+05
2.695495939078318188e+05
2.688621622393936268e+05
2.679312442027578363e+05
2.667068078601239249e+05
2.651642491368207266e+05
2.633064659429308958e+05
2.611639186662084248e+05
2.587930013930974528e+05
2.562729012789053959e+05
2.537008993330682279e+05
2.511859445977625728e+05
2.488404570273161517e+05
2.467707001281515695e+05
2.450665835206422489e+05
2.437921899712700979e+05
2.429784714343973319e+05
2.426193382920224976e+05
2.426718346304379520e+05
2.430604124311252963e+05
2.436846723358480085e+05
2.444294614993425494e+05
2.451759665623491164e+05
2.458124078093026765e+05
2.462430961423439730e+05
2.463949168448456621e+05
2.462207070561372093e+05
2.456994407963238191e+05
2.448335614580925612e+05
2.436441470133363910e+05
2.421648169586656732e+05
2.404353745133449847e+05
2.384961210013554082e+05
2.363835882671670406e+05
2.341281273740958422e+05
2.317534099327151198e+05
2.292775168744742114e+05
2.267150031340029382e+05
2.240792157798436237e+05
2.213842336792903079e+05
2.186460421055363258e+05
2.158828544508133491e+05
2.131147364961238345e+05
2.103628094574538118e+05
2.076483047625125910e+05
2.049916670407406928e+05
2.024118170185691270e+05
1.999256336973718717e+05
1.975476958972743596e+05
1.952903088985398645e+05
1.931638037731150398e+05
1.911770303101278259e+05
1.893378942386619747e+05
1.876537550421085616e+05
1.861315296797051560e+05
1.847774369926492509e+05
1.835964345170787710e+05
1.825915005731862038e+05
1.817629707817868912e+05
1.811081462725890451e+05
1.806213637072615384e+05
1.802946623042334104e+05
1.801190886583357351e+05
1.800865252455747686e+05
1.801917125032885815e+05
1.804339050736762001e+05
1.808174567091286299e+05
1.813506738120428927e+05
1.820425762976231636e+05
1.828977238144238072e+05
1.839098711549941509e+05
1.850557147042474535e+05
1.862902008778061136e+05
1.875446917885652510e+05
1.887287520339362381e+05
1.897355797131835425e+05
1.904503663684150088e+05
1.907603380706193275e+05
1.905650301418380404e+05
1.897854921755777323e+05
1.883715076015487139e+05
1.863063756553270796e+05
1.836091777393201482e+05
1.803346375884715235e+05
1.765706935269860551e+05
1.724338351641129411e+05
1.680622600213875412e+05
1.636070831502852670e+05
1.592221865655058064e+05
1.550537073999516724e+05
1.512304434629634488e+05
1.478564305754481175e+05
1.450065559325231297e+05
1.427254063056040031e+05
1.410288207681038184e+05
1.399070685202983150e+05
1.393283784656921634e+05
1.392417524829671311e+05
1.395785112729948305e+05
1.402526806263746694e+05
1.411609398365516681e+05
1.421832656761906692e+05
1.431855085410033062e+05
1.440248826487601327e+05
1.445587555617756152e+05
1.446562793789558928e+05
1.442114970202647382e+05
1.431558224448991823e+05
1.414674721076231217e+05
1.391756717709753138e+05
1.363582828837358975e+05
1.331327218256514170e+05
1.296413916280280246e+05
1.260339767939702142e+05
1.224495917459419579e+05
1.190017762393243029e+05
1.157687094800365740e+05
1.127899243413341901e+05
1.100694959424559347e+05
1.075844422889648704e+05
1.052961696315899462e+05
1.031624023770842177e+05
1.011472189282948821e+05
9.922749959675743594e+04
9.739509158965713868e+04
9.565504776499189029e+04
9.402113470347643306e+04
9.251023394996093703e+04
9.113720414224732667e+04
8.991130190088195377e+04
8.883456726732089010e+04
8.790191285483345564e+04
8.710223262901607086e+04
8.641977711586229270e+04
8.583529283876479894e+04
8.532683638843357039e+04
8.487053678300451429e+04
8.444172363978315843e+04
8.401670628785042209e+04
8.357515477374834882e+04
8.310266128701705020e+04
8.259282319850150088e+04
8.204819341595121659e+04
8.147969132065291342e+04
8.090446461926097982e+04
8.034259865390270716e+04
7.981335591866986942e+04
7.933171976629302662e+04
7.890590697224752512e+04
7.853625684705490130e+04
7.821558467782119988e+04
7.793079082519604708e+04
7.766530779263774457e+04
7.740187525014964922e+04
7.712515236591912981e+04
7.682377920769326738e+04
7.649164644128894724e+04
7.612828975056034687e+04
7.573846577156301646e+04
7.533107304721756373e+04
7.491764641925174510e+04
7.451067617242613051e+04
7.412199120200023754e+04
7.376141051087222877e+04
7.343582179038198956e+04
7.314879724837020331e+04
7.290080558735220984e+04
7.269002034513049875e+04
7.251365408214737545e+04
7.236966579729830846e+04
7.225860328131720598e+04
7.218526569594272587e+04
7.215981812451769656e+04
7.219797057649893395e+04
7.231985888106380298e+04
7.254734707721209270e+04
7.289963083083750098e+04
7.338728463017220201e+04
7.400527693775235093e+04
7.472595322797200060e+04
7.549346569547310355e+04
7.622144448378503148e+04
7.679565212260579574e+04
7.708277252681669779e+04
7.694532889860581781e+04
7.626118400506628677e+04
7.494454518617472786e+04
7.296437928100553108e+04
7.035607800901374139e+04
6.722328915012421203e+04
6.372886575991685095e+04
6.007636380893901514e+04
5.648573336215636664e+04
5.316815249202685663e+04
5.030498389538354240e+04
4.803463441099230113e+04
4.644908302618883317e+04
4.559963413838495035e+04
4.550964365591411479e+04
4.619092127958437777e+04
4.766027440686653426e+04
4.995298837218296831e+04
5.313057528429345257e+04
5.728060292897728505e+04
6.250683283100629342e+04
6.890855351175853866e+04
7.654935540738588315e+04
8.541798548718090751e+04
9.538718970483516750e+04
1.061797629934007418e+05
1.173529697071856062e+05
1.283115776661182463e+05
1.383551164854340022e+05
1.467570713694521110e+05
1.528644965235356940e+05
1.561989337397757045e+05
1.565364628101469425e+05
1.539478324003036250e+05
1.487884727679599891e+05
1.416402450737377803e+05
1.332183179537859105e+05
1.242640714352606738e+05
1.154463961736825295e+05
1.072892888017984515e+05
1.001352262646174931e+05
9.414437438554318214e+04
8.932200922868947964e+04
8.556231229556894687e+04
8.269627181021071738e+04
8.053395294419514539e+04
7.889545161358597397e+04
7.762896861001553771e+04
7.661759418814239325e+04
7.577811641895840876e+04
7.505551684301412024e+04
7.441618287659715861e+04
7.384175469650723971e+04
7.332438993795838905e+04
7.286337894457574293e+04
7.246260749855768518e+04
7.212832175784913125e+04
7.186687859573622700e+04
7.168249736607886734e+04
7.157531000074134499e+04
7.154012908774470270e+04
7.156628356559704116e+04
7.163864596093780710e+04
7.173968221106838610e+04
7.185210068056712043e+04
7.196154598241300846e+04
7.205881118918991706e+04
7.214120519679901190e+04
7.221294012715297868e+04
7.228461112086729554e+04
7.237196402038029919e+04
7.249417075376547291e+04
7.267179550127033144e+04
7.292460257330456807e+04
7.326938148225864279e+04
7.371804893789789639e+04
7.427637754223546654e+04
7.494371409185815719e+04
7.571392499985980976e+04
7.657754432230524253e+04
7.752477468107495224e+04
7.854871543463240960e+04
7.964806315264690784e+04
8.082858637515164446e+04
8.210289394215150969e+04
8.348832983761293872e+04
8.500317413672890689e+04
8.666166858486998535e+04
8.846869072773202788e+04
9.041513507194943668e+04
9.247515676036891819e+04
9.460630887946100847e+04
9.675320105715318641e+04
9.885464371284698427e+04
1.008534411274698214e+05
1.027072606674263807e+05
1.043985544345571980e+05
1.059414976225840364e+05
1.073843639847656304e+05
1.088065748841161694e+05
1.103106287973236758e+05
1.120100114663870627e+05
1.140148179184078908e+05
1.164170925542045879e+05
1.192778173562935845e+05
1.226171297123253462e+05
1.264088428092478134e+05
1.305797815342820249e+05
1.350139161672292103e+05
1.395608206902567763e+05
1.440476181301757751e+05
1.482932991505489044e+05
1.521241033221713151e+05
1.553885320014128811e+05
1.579705289121363603e+05
1.597994480286652979e+05
1.608556665859750356e+05
1.611711221292344562e+05
1.608246469033952744e+05
1.599326716870458040e+05
1.586365463668449956e+05
1.570882196051737992e+05
1.554362035679144319e+05
1.538135696491733543e+05
1.523292310648829152e+05
1.510631109789323818e+05
1.500651484037724149e+05
1.493576044787955470e+05
1.489398642579302832e+05
1.487948589315375139e+05
1.488962753837664204e+05
1.492157811933644116e+05
1.497295216529325407e+05
1.504231538253587205e+05
1.512947375983488455e+05
1.523549852946049068e+05
1.536247217794249300e+05
1.551298915569604142e+05
1.568949526445916854e+05
1.589358615803300054e+05
1.612539482576996088e+05
1.638317626533032453e+05
1.666315230436583806e+05
1.695962654978633218e+05
1.726533538456937822e+05
1.757197564619495824e+05
1.787084283699715161e+05
1.815351768305175647e+05
1.841254471243409207e+05
1.864204986883995589e+05
1.883824630410197133e+05
1.899978219796760823e+05
1.912789371704401856e+05
1.922633860776221263e+05
1.930109888698968862e+05
1.935985485685335880e+05
1.941125147884905455e+05
1.946400691525514412e+05
1.952595124390303099e+05
1.960312100577662641e+05
1.969905529688902316e+05
1.981442595267222787e+05
1.994708360008792079e+05
2.009252424194231571e+05
2.024470015741167590e+05
2.039703728540077864e+05
2.054349192435380246e+05
2.067948197188276681e+05
2.080255284718186012e+05
2.091267687998851179e+05
2.101213475732931402e+05
2.110499047596590826e+05
2.119624559224002296e+05
2.129083213677916792e+05
2.139265362072844873e+05
2.150388623282234767e+05
2.162469618643743161e+05
2.175342451245141856e+05
2.188716810286586115e+05
2.202258476427127898e+05
2.215670216595140519e+05
2.228752789286662301e+05
2.241432982816408621e+05
2.253755613548531837e+05
2.265846062451212201e+05
2.277856646546094271e+05
2.289912554730757547e+05
2.302071247463309555e+05
2.314304265714850044e+05
2.326504070617763209e+05
2.338512631213739805e+05
2.350164318815670558e+05
2.361333830751691712e+05
2.371980189066868043e+05
2.382179680888147850e+05
2.392143117896401673e+05
2.402215324119379802e+05
2.412856925960767257e+05
2.424610205206552346e+05
2.438052062958547904e+05
2.453738180441236473e+05
2.472143362588284945e+05
2.493603806061026407e+05
2.518267507770818193e+05
2.546059018841060461e+05
2.576664085991161701e+05
2.609538349483463971e+05
2.643942214571416844e+05
2.679001321130569559e+05
2.713788720701393322e+05
2.747421039407501812e+05
2.779156988837526878e+05
2.808483508088178351e+05
2.835173888650104054e+05
2.859304676489860285e+05
2.881224433245079126e+05
2.901476761069950880e+05
2.920690230113846483e+05
2.939456132269133232e+05
2.958218703153809183e+05
2.977200209362143069e+05
2.996375460624450352e+05
3.015498922313275980e+05
3.034175725375329494e+05
3.051958595838512992e+05
3.068448288990565343e+05
3.083376308512237156e+05
3.096654758708813461e+05
3.108387136642529513e+05
3.118843161352826864e+05
3.128407981863406603e+05
3.137519759751450038e+05
3.146609330017035827e+05
3.156052200228773872e+05
3.166138097228329279e+05
3.177058312513864366e+05
3.188907527047967887e+05
3.201695181306977174e+05
3.215361626255048905e+05
3.229795575411866885e+05
3.244850950208862778e+05
3.260362393385921605e+05
3.276159184848580044e+05
3.292077100435644970e+05
3.307967304459699080e+05
3.323701193813513964e+05
3.339170614438449265e+05
3.354284084475121927e+05
3.368961181704682531e+05
3.383128405678102281e+05
3.396719961804824416e+05
3.409685729450101499e+05
3.422006341664665961e+05
3.433712413054286735e+05
3.444902342449193238e+05
3.455751682977047167e+05
3.466507577653669287e+05
3.477464597324664355e+05
3.488923217800197308e+05
3.501137988782582106e+05
3.514267277885033982e+05
3.528338247768526198e+05
3.543238112312394660e+05
3.558735938574753236e+05
3.574530309352150653e+05
3.590310196583149373e+05
3.605812484876943636e+05
3.620861339581183856e+05
3.635381390747387777e+05
3.649385788437032606e+05
3.662947944407890318e+05
3.676169280443261960e+05
3.689153638504699920e+05
3.701993607619254035e+05
3.714767839569048374e+05
3.727544357592146844e+05
3.740384300689886441e+05
3.753342849652221776e+05
3.766467230139457388e+05
3.779793656976250932e+05
3.793345043018280994e+05
3.807129918374097906e+05
3.821141766015116591e+05
3.835358003033025307e+05
3.849739104677446303e+05
3.864229790995486546e+05
3.878764444077166845e+05
3.893277415897809551e+05
3.907716258861735114e+05
3.922053670578368474e+05
3.936293540670164512e+05
3.950468395599038340e+05
3.964628921301829978e+05
3.978829400898856111e+05
3.993114227479222463e+05
4.007509529103955720e+05
4.022021083564684959e+05
4.036636698940283968e+05
4.051329659183815238e+05
4.066060374182504020e+05
4.080775550943725393e+05
4.095406733823438990e+05
4.109871609919352341e+05
4.124081302883455646e+05
4.137955067904222524e+05
4.151441045561254141e+05
4.164538948931411724e+05
4.177318596648375969e+05
4.189927728637160035e+05
4.202583955116317957e+05
4.215548977188643767e+05
4.229087743926665862e+05
4.243419707346967189e+05
4.258672260455223150e+05
4.274846646892149583e+05
4.291803979198280140e+05
4.309274516789809568e+05
4.326888703000144451e+05
4.344225062731914804e+05
4.360868359983278788e+05
4.376470802605359349e+05
4.390808572019753046e+05
4.403825132765412563e+05
4.415652353175592143e+05
4.426601962563110283e+05
4.437124507802297012e+05
4.447740491028515971e+05
4.458956578379066195e+05
4.471185307277044049e+05
4.484686722426783526e+05
4.499544112379497965e+05
4.515675544927457231e+05
4.532872223980934941e+05
4.550847955842043157e+05
4.569283602210852550e+05
4.587855959491357207e+05
4.606249300186337787e+05
4.624156079167022835e+05
4.641277880713929189e+05
4.657337133004453499e+05
4.672105028833443648e+05
4.685443553292964934e+05
4.697352211015563807e+05
4.708005345705801737e+05
4.717765335041665821e+05
4.727160780234435224e+05
4.736826361909962143e+05
4.747410667798178620e+05
4.759467730902847834e+05
4.773354694143990637e+05
4.789159669995081495e+05
4.806679223833492142e+05
4.825454370691252989e+05
4.844859851573188789e+05
4.864227561501279124e+05
4.882975534567948780e+05
4.900711979481048184e+05
4.917290362932483549e+05
4.932804646637081169e+05
4.947529601304542157e+05
4.961824999679598259e+05
4.976030562870300491e+05
4.990378866686924011e+05
5.004946443406861508e+05
5.019651518765525543e+05
5.034293852089438005e+05
5.048621701408710214e+05
5.062405723722538096e+05
5.075500633160420111e+05
5.087881728648554999e+05
5.099652446733876714e+05
5.111027668298229692e+05
5.122302795050737332e+05
5.133819197632209398e+05
5.145932997835678398e+05
5.158988429526700638e+05
5.173292154468257213e+05
5.189083357091440121e+05
5.206497110010831384e+05
5.225524262360704597e+05
5.245977229981943965e+05
5.267474444284620695e+05
5.289454799181326525e+05
5.311227244999364484e+05
5.332051807789937593e+05
5.351239905844181776e+05
5.368256594626687001e+05
5.382806431167564588e+05
5.394887434989815811e+05
5.404802682090097805e+05
5.413125212253218051e+05
5.420618823240286438e+05
5.428125077016061405e+05
5.436434923601561459e+05
5.446169761040206067e+05
5.457698332951897755e+05
5.471109866639970569e+05
5.486249985073596472e+05
5.502807560561664868e+05
5.520424198786864290e+05
5.538790316465813667e+05
5.557696891302150907e+05
5.577028898069426650e+05
5.596709008203833364e+05
5.616619389013880864e+05
5.636537587963673286e+05
5.656116337034829194e+05
5.674919493007736746e+05
5.692504728686074959e+05
5.708526688788770698e+05
5.722828156473140698e+05
5.735492378436790314e+05
5.746843287850168999e+05
5.757395742421227042e+05
5.767769595552426763e+05
5.778586929573027883e+05
5.790371804893291555e+05
5.803468863777987426e+05
5.817993228751133429e+05
5.833819964892988792e+05
5.850616188029918121e+05
5.867911890469272621e+05
5.885197220097630052e+05
5.902026516254973831e+05
5.918105971406721510e+05
5.933344642913250718e+05
5.947857699812906794e+05
5.961923612421681173e+05
5.975909157330099260e+05
5.990183478489608970e+05
6.005042839551718207e+05
6.020661717520563398e+05
6.037076382206440903e+05
6.054197742319951067e+05
6.071843888212699676e+05
6.089780567931903061e+05
6.107759263438126072e+05
6.125546134247746086e+05
6.142939359587829094e+05
6.159776248550637392e+05
6.175934216682000551e+05
6.191330858818945708e+05
6.205927545231343247e+05
6.219738278818465769e+05
6.232841702376834583e+05
6.245390560284142848e+05
6.257611281188164139e+05
6.269787848611060763e+05
6.282228769757616101e+05
6.295222300973964157e+05
6.308990638880422339e+05
6.323655924025725108e+05
6.339228106239025947e+05
6.355617510241635609e+05
6.372666041228207760e+05
6.390184357582726516e+05
6.407981386515602935e+05
6.425878122406676412e+05
6.443707188629466109e+05
6.461308162953658029e+05
6.478531226740056882e+05
6.495256274545118213e+05
6.511423616410726681e+05
6.527061760440489743e+05
6.542293931508500827e+05
6.557311324704524595e+05
6.572315688992235810e+05
6.587450013575401390e+05
6.602745539296569768e+05
6.618110301554151811e+05
6.633368924434424844e+05
6.648341617023878498e+05
6.662932035741227446e+05
6.677187646144698374e+05
6.691305893762992928e+05
6.705581078248585109e+05
6.720310866320964415e+05
6.735697231799820438e+05
6.751777580977709731e+05
6.768408334025042132e+05
6.785302346584261395e+05
6.802103094144341303e+05
6.818469988429850200e+05
6.834152164896876784e+05
6.849038239102398511e+05
6.863179797526984476e+05
6.876791373566352995e+05
6.890228638766392833e+05
6.903943303367242916e+05
6.918413070556196617e+05
6.934050896023239475e+05
6.951108158008904429e+05
6.969595655920885038e+05
6.989248437880728161e+05
7.009552112827978563e+05
7.029831377254277468e+05
7.049382162182189059e+05
7.067614642669514287e+05
7.084170765605283668e+05
7.098987939746940974e+05
7.112296610817793990e+05
7.124557535324201453e+05
7.136358699797012378e+05
7.148298371546214912e+05
7.160879326544761425e+05
7.174432230021579890e+05
7.189077054734835401e+05
7.204723478165321285e+05
7.221105924111194909e+05
7.237845936583958101e+05
7.254532402584295487e+05
7.270807523629073985e+05
7.286443548192055896e+05
7.301393957926218864e+05
7.315805539797169622e+05
7.329985902170559857e+05
7.344333142109151231e+05
7.359246359656491550e+05
7.375042219792775577e+05
7.391900114122104133e+05
7.409847013925844803e+05
7.428777593794708373e+05
7.448492750651740935e+05
7.468736092802142957e+05
7.489214709670185111e+05
7.509603570898150792e+05
7.529544946970830206e+05
7.548658648216782603e+05
7.566573320353375748e+05
7.582976777793735964e+05
7.597671379537835019e+05
7.610615490855186945e+05
7.621936841434546513e+05
7.631915338078872301e+05
7.640945082866025623e+05
