5.413121238781649154e+05
5.408598683855880518e+05
5.405229258748996072e+05
5.402334178276214516e+05
5.399257161917479243e+05
5.395415942170661874e+05
5.390347647464959882e+05
5.383739000115734525e+05
5.375434513259128435e+05
5.365421644466342404e+05
5.353798571067472221e+05
5.340734943917321507e+05
5.326436726754381089e+05
5.311122881197863026e+05
5.295015763192756567e+05
5.278341193729341030e+05
5.261330720739911776e+05
5.244218963740554173e+05
5.227232776872859686e+05
5.210574323697903892e+05
5.194404347915932303e+05
5.178832849065671908e+05
5.163921595543057774e+05
5.149697895415692474e+05
5.136174374444560381e+05
5.123367456908140448e+05
5.111308562984730816e+05
5.100045631781756529e+05
5.089636249523565639e+05
5.080135450835881056e+05
5.071580608296548016e+05
5.063973848544070497e+05
5.057261174618118093e+05
5.051308563180611236e+05
5.045878816045961576e+05
5.040617138598018209e+05
5.035055569644816569e+05
5.028644298946649069e+05
5.020811274630443659e+05
5.011042356736392830e+05
4.998966203265521908e+05
4.984424568575700978e+05
4.967511455126299406e+05
4.948572668732694001e+05
4.928167666290269699e+05
4.907004292439835845e+05
4.885861208505871473e+05
4.865511797517701052e+05
4.846658554405556060e+05
4.829881141777244629e+05
4.815596951388757443e+05
4.804031487026160466e+05
4.795197034731589374e+05
4.788880781561695621e+05
4.784646389308240032e+05
4.781854818701148033e+05
4.779709970910637057e+05
4.777331720389828552e+05
4.773852919944520108e+05
4.768528875727218110e+05
4.760840111391887767e+05
4.750565563999746228e+05
4.737806765036398428e+05
4.722954603054667241e+05
4.706605841619277489e+05
4.689450805509382626e+05
4.672160614449523855e+05
4.655299159853120218e+05
4.639273510795693728e+05
4.624322203356121317e+05
4.610530285253950860e+05
4.597856881936506252e+05
4.586164998518630164e+05
4.575250369364786893e+05
4.564871596876588301e+05
4.554784586002940196e+05
4.544780565958697698e+05
4.534721615807330818e+05
4.524564169943240704e+05
4.514361850123732002e+05
4.504244209269888815e+05
4.494375468606537906e+05
4.484903931318396353e+05
4.475915731274280115e+05
4.467404779436343233e+05
4.459265079388481099e+05
4.451304456121791154e+05
4.443273091327728471e+05
4.434898110181791126e+05
4.425917040430976776e+05
4.416106671814669389e+05
4.405307217149009812e+05
4.393442776849464281e+05
4.380537593139081728e+05
4.366724824214200489e+05
4.352242782057238510e+05
4.337414453165532905e+05
4.322609820847095689e+05
4.308195559770907857e+05
4.294480799685418606e+05
4.281669004999512690e+05
4.269824103477248573e+05
4.258854853782479768e+05
4.248516987895267084e+05
4.238429696429256001e+05
4.228102383508699131e+05
4.216968924587596557e+05
4.204428662267045001e+05
4.189894634822847438e+05
4.172849090238554054e+05
4.152904068744421238e+05
4.129861428418403375e+05
4.103763360206970829e+05
4.074922545574445976e+05
4.043921753839283483e+05
4.011576369985206984e+05
3.978859763946520397e+05
3.946799319174059783e+05
3.916358364823942538e+05
3.888324008943677181e+05
3.863221237533119274e+05
3.841269059946480556e+05
3.822385854368541040e+05
3.806240598501021741e+05
3.792337180829987628e+05
3.780112997342348099e+05
3.769031938462328981e+05
3.758655496838107938e+05
3.748682500787475728e+05
3.738955575971702929e+05
3.729438718639292638e+05
3.720174171480145305e+05
3.711228249381216592e+05
3.702635891566977371e+05
3.694353587574486155e+05
3.686230197307949420e+05
3.678004212845537695e+05
3.669332768907864811e+05
3.659851338779599173e+05
3.649254329916301067e+05
3.637378396712368121e+05
3.624265880878221942e+05
3.610188247357266955e+05
3.595619068381969118e+05
3.581160220405962318e+05
3.567438478382083704e+05
3.554997565217910451e+05
3.544210196125147631e+05
3.535226572407485801e+05
3.527964015068775043e+05
3.522131937531909207e+05
3.517280741607702803e+05
3.512863184622973786e+05
3.508300186389924493e+05
3.503046528544531320e+05
3.496652872700053849e+05
3.488818686252987827e+05
3.479428017786598648e+05
3.468559564444784191e+05
3.456466103926438955e+05
3.443525739643521374e+05
3.430175732183411601e+05
3.416845116113530239e+05
3.403901975709968247e+05
3.391624930197803187e+05
3.380198701916665887e+05
3.369724916516708909e+05
3.360235381669741473e+05
3.351697557487556478e+05
3.344009288597423001e+05
3.336988395743583096e+05
3.330368285940077621e+05
3.323810688942142879e+05
3.316940911090980517e+05
3.309402026219064137e+05
3.300915911454285379e+05
3.291334424668553984e+05
3.280665165910154465e+05
3.269062841457203613e+05
3.256786982850031345e+05
3.244136339838301647e+05
3.231376503673135303e+05
3.218678343238124507e+05
3.206080678491108119e+05
3.193483107966145035e+05
3.180666877764212550e+05
3.167335761800574837e+05
3.153166526770286728e+05
3.137859474290587241e+05
3.121182361541946884e+05
3.103003970448513865e+05
3.083315586691241479e+05
3.062239520267787157e+05
3.040024165671781520e+05
3.017025724218976102e+05
2.993677950787430746e+05
2.970452936201708508e+05
2.947817470435152063e+05
2.926190490840529674e+05
2.905907315662461333e+05
2.887195795079626259e+05
2.870168142354387674e+05
2.854829881011202233e+05
2.841104008072086144e+05
2.828864575272499933e+05
2.817970593934725621e+05
2.808290073233497678e+05
2.799706348075558199e+05
2.792104624751974479e+05
2.785344175037630484e+05
2.779227941919937730e+05
2.773483639180841856e+05
2.767767380498541170e+05
2.761693403766028350e+05
2.754884471298671560e+05
2.747030568316146382e+05
2.737941127042100998e+05
2.727578623231347301e+05
2.716067398811333114e+05
2.703678251459741150e+05
2.690794280202115769e+05
2.677865545176320011e+05
2.665359606634555385e+05
2.653713173464095453e+05
2.643288213234372088e+05
2.634334732376640895e+05
2.626962148780967109e+05
2.621121435326961800e+05
2.616600556471852760e+05
2.613035720432512753e+05
2.609940250681563921e+05
2.606751153433278087e+05
2.602890663354234421e+05
2.597836562334674236e+05
2.591191776573378593e+05
2.582741870954080368e+05
2.572489620944618655e+05
2.560659200403542491e+05
2.547668046172519680e+05
2.534070689722302486e+05
2.520484055988510372e+05
2.507506605018914561e+05
2.495643789800282102e+05
2.485250077418711735e+05
2.476494209756982164e+05
2.469350451516493340e+05
2.463614921660341206e+05
2.458942972947266535e+05
2.454901054891742824e+05
2.451024759540538362e+05
2.446874190003424010e+05
2.442078796063577465e+05
2.436366445366486441e+05
2.429575225907266722e+05
2.421650270830060763e+05
2.412630580528999853e+05
2.402631580591835664e+05
2.391827936298603890e+05
2.380438662166248541e+05
2.368713975815596641e+05
2.356921723459310888e+05
2.345331101455452153e+05
2.334192690060568857e+05
2.323715857107417542e+05
2.314046545393534761e+05
2.305249615060827055e+05
2.297299862072153483e+05
2.290084524335348397e+05
2.283417814247804927e+05
2.277065382242155320e+05
2.270774410850080894e+05
2.264303999770879745e+05
2.257450989393127966e+05
2.250068132992957835e+05
2.242073758943642024e+05
2.233453787783434091e+05
2.224257576835322252e+05
2.214588664294221962e+05
2.204590803085198568e+05
2.194429558755982143e+05
2.184270574643639848e+05
2.174257023354263802e+05
2.164489902169892448e+05
2.155014893870616506e+05
2.145818290235624881e+05
2.136832452283533348e+05
2.127949318043499952e+05
2.119039269386559317e+05
2.109972430266349111e+05
2.100639896704679704e+05
2.090973018248532026e+05
2.080959326977298479e+05
2.070653966595108504e+05
2.060185580700680439e+05
2.049755620882120857e+05
2.039629901275053271e+05
2.030120963088341814e+05
2.021559619792548183e+05
2.014254362251453567e+05
2.008438631224533601e+05
2.004208655862791347e+05
2.001458523162137717e+05
1.999823700873402995e+05
1.998648071453613811e+05
1.996990853874101304e+05
1.993686751236642594e+05
1.987464138673619309e+05
1.977112621413489396e+05
1.961675661744050449e+05
1.940631057160103228e+05
1.914017308898746560e+05
1.882471087395407085e+05
1.847159926318053913e+05
1.809620142826805823e+05
1.771534644682110520e+05
1.734500365818015416e+05
1.699835427658405970e+05
1.668462006182096666e+05
1.640877731645296444e+05
1.617204458134252054e+05
1.597285994842454966e+05
1.580800124931971950e+05
1.567354859241987288e+05
1.556550832889729063e+05
1.548006008526035585e+05
1.541350846364171884e+05
1.536209015868179849e+05
1.532179769527763419e+05
1.528834159604992601e+05
1.525730294653224992e+05
1.522445197158726805e+05
1.518614835562611988e+05
1.513971235067856614e+05
1.508366796578281501e+05
1.501780327837205550e+05
1.494304984289501153e+05
1.486123118245949736e+05
1.477475276150102727e+05
1.468629841720203985e+05
1.459857023520403600e+05
1.451407748643282393e+05
1.443496141344225907e+05
1.436284309373905417e+05
1.429869637082517147e+05
1.424276428482558113e+05
1.419454308011738758e+05
1.415284764596660098e+05
1.411595107563970960e+05
1.408177050890556711e+05
1.404806274924950558e+05
1.401260049588087713e+05
1.397331828903730493e+05
1.392843535537835560e+05
1.387657015805821866e+05
1.381685505432195496e+05
1.374904387180498452e+05
1.367359023005946365e+05
1.359166885183249833e+05
1.350511902969086659e+05
1.341630540520666109e+05
1.332790916060174932e+05
1.324267596374158165e+05
1.316315220318970387e+05
1.309143858170306776e+05
1.302898278394143708e+05
1.297642423502490856e+05
1.293349713492024312e+05
1.289899525468889187e+05
1.287080406482531107e+05
1.284601091022173350e+05
1.282110784463266173e+05
1.279229863183055422e+05
1.275590669395474106e+05
1.270885407471476210e+05
1.264914864384181856e+05
1.257628922828687646e+05
1.249148943980763725e+05
1.239764031271162239e+05
1.229898023572373058e+05
1.220050772089912643e+05
1.210723908878463553e+05
1.202345739442723425e+05
1.195210467558180389e+05
1.189443292164962622e+05
1.184996071043308475e+05
1.181670436558711808e+05
1.179159052056673536e+05
1.177093087641475431e+05
1.175085564632063906e+05
1.172764930621612439e+05
1.169798837458829657e+05
1.165912118331482488e+05
1.160903770971215708e+05
1.154665299099514232e+05
1.147198538920873543e+05
1.138627381662752741e+05
1.129196549015891069e+05
1.119252517500746035e+05
1.109206088789973583e+05
1.099481236634994857e+05
1.090458855491600116e+05
1.082425647055200534e+05
1.075537334744873224e+05
1.069802259865509259e+05
1.065087202347235143e+05
1.061143058313122456e+05
1.057644688580290967e+05
1.054237423579808237e+05
1.050582602117572969e+05
1.046395942296845897e+05
1.041474900820086477e+05
1.035713658326525911e+05
1.029106253785597801e+05
1.021739358693334943e+05
1.013776416298699332e+05
1.005434891149864561e+05
9.969586755320536031e+04
9.885884265154159220e+04
9.805334532904112712e+04
9.729491610407741973e+04
9.659234842360817129e+04
9.594741020120022586e+04
9.535559202764248766e+04
9.480760859117875225e+04
9.429124463568620558e+04
9.379313222753039736e+04
9.330016136520115833e+04
9.280040109312658024e+04
9.228356485586597410e+04
9.174113548899066518e+04
9.116626568093968672e+04
9.055353107196296332e+04
8.989859427090222016e+04
8.919787167410913389e+04
8.844836102864661370e+04
8.764782253550188034e+04
8.679544468366859655e+04
8.589295102807581134e+04
8.494587225425752695e+04
8.396452929976599989e+04
8.296425454100150091e+04
8.196455866029321624e+04
8.098727265961641388e+04
8.005402503723290283e+04
7.918361332563558244e+04
7.838982240215907223e+04
7.768005646534275729e+04
7.705489491543694749e+04
7.650847718894213904e+04
7.602953688401184627e+04
7.560292614759464050e+04
7.521152130805926572e+04
7.483840167721225589e+04
7.446911825328807754e+04
7.409375780183939787e+04
7.370843861021968769e+04
7.331591167864498857e+04
7.292509618949551077e+04
7.254960274715094420e+04
7.220551323676100583e+04
7.190882311519174254e+04
7.167297941940948658e+04
7.150687613891442015e+04
7.141353368005514494e+04
7.138953205229657760e+04
7.142512296736324788e+04
7.150484184001618996e+04
7.160839895454856742e+04
7.171166300675395178e+04
7.178765356454142602e+04
7.180759685125872784e+04
7.174221149946423247e+04
7.156341274185817747e+04
7.124651674152950000e+04
7.077280608218138514e+04
7.013205531141489337e+04
6.932441951983110630e+04
6.836105979894146731e+04
6.726306709485614556e+04
6.605862510894972365e+04
6.477882703070771095e+04
6.345299309254752006e+04
6.210459241073388694e+04
6.074886296005792974e+04
5.939292609824004467e+04
5.803865929217560915e+04
5.668793655571962881e+04
5.534921924696564383e+04
5.404402882766454422e+04
5.281167143829081033e+04
5.171076442403987312e+04
5.081662010280067625e+04
5.021429307265227544e+04
4.998797116466327861e+04
5.020823702560469246e+04
5.091938329936716764e+04
5.212926553077175777e+04
5.380398828590226185e+04
5.586898451184814621e+04
5.821684107528912136e+04
6.072077923781684513e+04
6.325137813299947447e+04
6.569331761624314822e+04
6.795888654815334303e+04
6.999579761652706657e+04
7.178825102583126863e+04
7.335178344361629570e+04
7.472376462664027349e+04
7.595211540096456883e+04
7.708479357326039462e+04
7.816194504464301281e+04
7.921162921932601603e+04
8.024903032795179752e+04
8.127832075734771206e+04
8.229597644167384715e+04
8.329434952860881458e+04
8.426458067402429879e+04
8.519835142055930919e+04
8.608841673397117120e+04
8.692822693369355693e+04
8.771117983714256843e+04
8.843009330525533005e+04
8.907734344920201693e+04
8.964581266674719518e+04
9.013042957002512412e+04
9.052979092295029841e+04
9.084725263372057816e+04
9.109101438226533355e+04
9.127305566816397186e+04
9.140718326558708213e+04
9.150676713087462122e+04
9.158285775600088527e+04
9.164325874742156884e+04
9.169282544572520419e+04
9.173487935786953312e+04
9.177328500938533398e+04
9.181452205237961607e+04
9.186905182818153116e+04
9.195143155950339860e+04
9.207893747520261968e+04
9.226884986153400678e+04
9.253493051605223445e+04
9.288388333772585611e+04
9.331265538639886654e+04
9.380728771719709039e+04
9.434370656660648820e+04
9.489044686214155809e+04
9.541292205346046831e+04
9.587857124266562460e+04
9.626205949469811458e+04
9.654968163754357374e+04
9.674221579068554274e+04
9.685568549305926717e+04
9.691980967985355528e+04
9.697431439637951553e+04
9.706367810140948859e+04
9.723118688839145761e+04
9.751329958009789698e+04
9.793522722952958429e+04
9.850834768679631816e+04
9.922969042349807569e+04
1.000833461847340077e+05
1.010433667758359225e+05
1.020775657922271785e+05
1.031516105604283512e+05
1.042328774439097324e+05
1.052936814487109805e+05
1.063136409343384730e+05
1.072810639524867875e+05
1.081933285734651145e+05
1.090562833767129923e+05
1.098827414431245998e+05
1.106902076607203926e+05
1.114980720625429967e+05
1.123246007432182087e+05
1.131841221414769680e+05
1.140848063350393932e+05
1.150273593728086998e+05
1.160048222225458012e+05
1.170035061377276143e+05
1.180049378134100698e+05
1.189885386379802949e+05
1.199346281488358218e+05
1.208272414129769022e+05
1.216562234202973923e+05
1.224181569552924630e+05
1.231159146256546373e+05
1.237569672129444662e+05
1.243509366586859542e+05
1.249071292632728582e+05
1.254328187697993417e+05
1.259328330372652417e+05
1.264105845545752818e+05
1.268702011752540711e+05
1.273190156069368823e+05
1.277694909618487145e+05
1.282397567336599022e+05
1.287522810372384265e+05
1.293307131304793729e+05
1.299954554923478136e+05
1.307589252668007975e+05
1.316216333128111146e+05
1.325700980227247346e+05
1.335772432601524051e+05
1.346053916796704289e+05
1.356113852385821519e+05
1.365528844170275843e+05
1.373946349844337383e+05
1.381135127666257322e+05
1.387014580309883750e+05
1.391659120180628670e+05
1.395279314722417621e+05
1.398186270052202453e+05
1.400748250335420889e+05
1.403348452157139836e+05
1.406350615749299468e+05
1.410075869406837446e+05
1.414791078614964208e+05
1.420706766365069197e+05
1.427981473630852124e+05
1.436728879910449032e+05
1.447023787905286590e+05
1.458903304247310443e+05
1.472360713324768585e+05
1.487332037267216074e+05
1.503678800578877854e+05
1.521173844451077457e+05
1.539498429758428538e+05
1.558257028449901845e+05
1.577011183971944265e+05
1.595327314848963579e+05
1.612828027649864089e+05
1.629234770913020766e+05
1.644392313143646170e+05
1.658271357808133471e+05
1.670952011582333071e+05
1.682595156109438976e+05
1.693409670897356700e+05
1.703621364086072717e+05
1.713446178342437488e+05
1.723067752422263729e+05
1.732618857934794796e+05
1.742167380197284219e+05
1.751709148020905559e+05
1.761170629302887828e+05
1.770423498499523266e+05
1.779310524501515029e+05
1.787679093966440414e+05
1.795416205578375084e+05
1.802477866347390227e+05
1.808906773552245868e+05
1.814834616536751273e+05
1.820468530627572618e+05
1.826064362049833580e+05
1.831891812899546348e+05
1.838197852757696819e+05
1.845174880765945127e+05
1.852939063747391629e+05
1.861522284728396917e+05
1.870878578337128856e+05
1.880903282125101250e+05
1.891460901427108038e+05
1.902416288381977938e+05
1.913663406936797255e+05
1.925146706063212769e+05
1.936871760735381977e+05
1.948904011721865681e+05
1.961356672900431731e+05
1.974370663554942294e+05
1.988090329735160340e+05
2.002638572533934785e+05
2.018094034631291579e+05
2.034471815251620428e+05
2.051708502061959007e+05
2.069652544185710722e+05
2.088061948275953182e+05
2.106612155695047986e+05
2.124916731349005713e+05
2.142561525924984890e+05
2.159149489850710670e+05
2.174349467633155000e+05
2.187939707756582357e+05
2.199836827032774454e+05
2.210103943582997308e+05
2.218936789226414403e+05
2.226632069145793212e+05
2.233546225494996470e+05
2.240053801532289945e+05
2.246512672222386464e+05
2.253239534695776820e+05
2.260494930040951585e+05
2.268474334737614263e+05
2.277301457668223593e+05
2.287021721121582959e+05
2.297596946547791886e+05
2.308904931012364686e+05
2.320748421452293114e+05
2.332876256713693147e+05
2.345015581836155034e+05
2.356909550940964546e+05
2.368351828603606264e+05
2.379209084390435310e+05
2.389425957691814401e+05
2.399012553076533368e+05
2.408020225826682872e+05
2.416514934878353379e+05
2.424557421889927064e+05
2.432196111578414275e+05
2.439473492386011931e+05
2.446441958119672490e+05
2.453182335085248342e+05
2.459818115872097842e+05
2.466520176353849238e+05
2.473499345380458690e+05
2.480986726202383288e+05
2.489203858276409446e+05
2.498326840284393402e+05
2.508450511036558019e+05
2.519560279512707202e+05
2.531519314177133492e+05
2.544076764877599780e+05
2.556898543663014425e+05
2.569617086155435245e+05
2.581892260579867288e+05
2.593473674323238374e+05
2.604255332725867920e+05
2.614315849474658316e+05
2.623939477270211210e+05
2.633613981399146141e+05
2.644001147711212980e+05
2.655876236683812458e+05
2.670036019120087731e+05
2.687182003518746351e+05
2.707794703937852173e+05
2.732022852899864665e+05
2.759614254349661060e+05
2.789909795833554817e+05
2.821909244480290217e+05
2.854400299717711750e+05
2.886126402999666170e+05
2.915959239577022381e+05
2.943041640636715456e+05
2.966875306109149824e+05
2.987342113423573901e+05
3.004663097898062551e+05
3.019311325905727572e+05
3.031901455399919651e+05
3.043079479675173643e+05
3.053432156602643663e+05
3.063428695405985927e+05
3.073399071630819817e+05
3.083545253478937084e+05
3.093974915078847553e+05
3.104743170006557484e+05
3.115887594170430093e+05
3.127445724529858562e+05
3.139451452122666524e+05
3.151915017443015822e+05
3.164797638877447462e+05
3.177993613036088645e+05
3.191329243109119707e+05
3.204580764645386371e+05
3.217505901831527590e+05
3.229879294929169118e+05
3.241522576806915458e+05
3.252324422232577926e+05
3.262251340025318787e+05
3.271352872139199171e+05
3.279763528802815708e+05
3.287699433776453370e+05
3.295443721902790712e+05
3.303314800918640103e+05
3.311617051541872788e+05
3.320582459761415957e+05
3.330319578708025510e+05
3.340788412738473853e+05
3.351813982834840426e+05
3.363138958727389690e+05
3.374501636557814199e+05
3.385715650883343187e+05
3.396726453174312483e+05
3.407627431295766728e+05
3.418632303076306125e+05
3.430014417996437405e+05
3.442032432530856458e+05
3.454862785455734120e+05
3.468553522666184581e+05
3.483005174900715938e+05
3.497976985367604648e+05
3.513113387933922932e+05
3.527985870985704241e+05
3.542146645022321027e+05
3.555190131428419263e+05
3.566815332900161739e+05
3.576878291713123326e+05
3.585422204078881769e+05
3.592675792575247469e+05
3.599018255663296441e+05
3.604918763818356674e+05
3.610865909710169653e+05
3.617304436566234217e+05
3.624592275381446234e+05
3.632982655508212047e+05
3.642627677191229304e+05
3.653594634228516370e+05
3.665885793766546412e+05
3.679455078565049917e+05
3.694218640055741998e+05
3.710058584001926356e+05
3.726819718623352237e+05
3.744299381652199663e+05
3.762231840300638578e+05
3.780272035907538375e+05
3.797987313863509335e+05
3.814867696672780439e+05
3.830362923907601507e+05
3.843947418659441755e+05
3.855204530144536984e+05
3.863912585368367727e+05
3.870111260040975758e+05
3.874129623855425161e+05
3.876566281870278181e+05
3.878224205790835549e+05
3.880013864510355634e+05
3.882844485216550529e+05
3.887523130967997131e+05
3.894675763211310841e+05
3.904696508868155070e+05
3.917724397634522174e+05
3.933643180726575665e+05
3.952099712051004753e+05
3.972538101142962114e+05
3.994248101865171338e+05
4.016425508276041364e+05
4.038239957616798929e+05
4.058903184328225907e+05
4.077730265738831949e+05
4.094188377838830929e+05
4.107930989096491248e+05
4.118818277589949430e+05
4.126925353970727301e+05
4.132538633632855490e+05
4.136138924647839740e+05
4.138369347139834426e+05
4.139987954735484673e+05
4.141808163307579234e+05
4.144632997320194263e+05
4.149190116349874297e+05
4.156073257621815428e+05
4.165693291523309890e+05
4.178240368422807660e+05
4.193658859469607123e+05
4.211638694811575115e+05
4.231628599064856535e+05
4.252876500837941421e+05
4.274498799267598079e+05
4.295573686016906868e+05
4.315246511285241577e+05
4.332830154552655295e+05
4.347882802417675848e+05
4.360250008465495775e+05
4.370065942548425519e+05
4.377717473786273622e+05
4.383781229283536086e+05
4.388946307380545768e+05
4.393934070124875871e+05
4.399423148730495595e+05
4.405984705734669697e+05
4.414031558597884141e+05
4.423784921151501476e+05
4.435262905386532657e+05
4.448293878488953924e+05
4.462554445772680338e+05
4.477626827698454726e+05
4.493065525204261066e+05
4.508460530531727127e+05
4.523485294026666088e+05
4.537922130809883820e+05
4.551664249455319368e+05
4.564699797713053413e+05
4.577087054524951964e+05
4.588929958759482834e+05
4.600359857061136281e+05
4.611524378046708880e+05
4.622580080525119556e+05
4.633683953218662064e+05
4.644980548222297220e+05
4.656585367616130970e+05
4.668568791339997551e+05
4.680946134204136906e+05
4.693677525388897629e+05
4.706677286587529816e+05
4.719828706243615597e+05
4.732998790316733066e+05
4.746049411599865416e+05
4.758844990071039065e+05
4.771259939749210025e+05
4.783189534380210680e+05
4.794565252591025783e+05
4.805371732814930147e+05
4.815659791278323391e+05
4.825550346140073380e+05
4.835227365397405229e+05
4.844922028604259249e+05
4.854892548046211014e+05
4.865403173103290028e+05
4.876702698005061829e+05
4.888999967100215144e+05
4.902434098463136470e+05
4.917041202163668931e+05
4.932725307709215558e+05
4.949245271039155778e+05
4.966228218485499965e+05
4.983212807099458296e+05
4.999714887617104105e+05
5.015299022069945931e+05
5.029636463039955124e+05
5.042535522644144366e+05
5.053941585607538000e+05
5.063916087060788996e+05
5.072610797639004886e+05
5.080252326628120500e+05
5.087142562534661847e+05
5.093668339824608411e+05
5.100304183402174967e+05
5.107590563250522828e+05
5.116078130644369521e+05
5.126242982503349776e+05
5.138392979261379805e+05
5.152593770610819338e+05
5.168641028107770835e+05
5.186092374150526593e+05
5.204353177294295747e+05
5.222792184463704471e+05
5.240853151128127356e+05
5.258131221221303567e+05
5.274396760258558206e+05
5.289568935833973810e+05
5.303658597691160394e+05
5.316708164490204072e+05
5.328752619976972928e+05
5.339812848807072733e+05
5.349916726263386663e+05
5.359131757133103674e+05
5.367590322129932465e+05
5.375494977499153465e+05
5.383102743344586343e+05
5.390697793040298857e+05
5.398566257652426139e+05
5.406983224978169892e+05
5.416212797406422906e+05
5.426512449719617143e+05
5.438128256777039496e+05
5.451270701131996466e+05
5.466070620872252621e+05
5.482526810954510001e+05
5.500464891725854250e+05
5.519526861035195179e+05
5.539201539228491019e+05
5.558891449217132758e+05
5.577997890445837984e+05
5.595999342938105110e+05
5.612502104627987137e+05
5.627254703969659749e+05
5.640133360453682253e+05
5.651117143559588585e+05
5.660272986503732391e+05
5.667761599065315677e+05
5.673860203253496438e+05
5.678984696104456671e+05
5.683689405886242166e+05
5.688629704741784371e+05
5.694488133162591839e+05
5.701880875142375007e+05
5.711270519135075156e+05
5.722908857273088070e+05
5.736821545537702041e+05
5.752830989029934863e+05
5.770602283735621022e+05
5.789694224378961371e+05
5.809603151818347396e+05
5.829797254400610691e+05
5.849746788883459521e+05
5.868957348010087153e+05
5.887008555020081112e+05
5.903592928312851582e+05
5.918544119636046235e+05
5.931843876514316071e+05
5.943603249721186003e+05
5.954022872296653222e+05
5.963345142113810871e+05
5.971814112054870930e+05
5.979655460610935697e+05
5.987080496118874289e+05
5.994308169624197762e+05
6.001591523236663779e+05
6.009232891135031823e+05
6.017576391262073303e+05
6.026975183488420444e+05
6.037741049221392022e+05
6.050090933070131578e+05
