6.105651420934565831e+05
6.084594884319392731e+05
6.066779642051049741e+05
6.052293697555969702e+05
6.040874707982445834e+05
6.031995648180774879e+05
6.024968801688918611e+05
6.019043378910324536e+05
6.013481689351877430e+05
6.007611220238641836e+05
6.000859325025442522e+05
5.992779824149347842e+05
5.983076749643494841e+05
5.971623156887234654e+05
5.958467156450217590e+05
5.943816724573012907e+05
5.928000186430654721e+05
5.911408131743511185e+05
5.894430583221531706e+05
5.877406314502286259e+05
5.860597285681054927e+05
5.844191410999143263e+05
5.828325277108495357e+05
5.813110086714881472e+05
5.798642957037136657e+05
5.784992720022877911e+05
5.772161972845286364e+05
5.760040176586996531e+05
5.748370519338361919e+05
5.736752350614810130e+05
5.724690988882496022e+05
5.711690910310941981e+05
5.697372359226145782e+05
5.681581063109154347e+05
5.664459780146935955e+05
5.646459288087105379e+05
5.628282131130665075e+05
5.610769744162565330e+05
5.594757041079766350e+05
5.580924572410967667e+05
5.569676284245289862e+05
5.561062895456028637e+05
5.554760535063418793e+05
5.550104764239437645e+05
5.546173026558429701e+05
5.541903732420554152e+05
5.536236553117348813e+05
5.528255467853355221e+05
5.517314220708576031e+05
5.503124534787071170e+05
5.485791974762583850e+05
5.465792805113717914e+05
5.443896010536678368e+05
5.421045170713103143e+05
5.398222380108772777e+05
5.376319018201652216e+05
5.356035385918294778e+05
5.337823795671476983e+05
5.321879388071097201e+05
5.308172158400595654e+05
5.296505097569901263e+05
5.286579357296063099e+05
5.278049173158636549e+05
5.270556288549201563e+05
5.263743195713362657e+05
5.257252872733860277e+05
5.250726514991057338e+05
5.243808750906928908e+05
5.236163466282747686e+05
5.227496186339801061e+05
5.217574797505356255e+05
5.206241326393822674e+05
5.193412801939856727e+05
5.179075763145146193e+05
5.163282882888771128e+05
5.146158968301407876e+05
5.127917487282690126e+05
5.108880595834477572e+05
5.089489446609613369e+05
5.070290644218534580e+05
5.051890127725373022e+05
5.034875908446891117e+05
5.019722464045428787e+05
5.006698162883488694e+05
4.995799742017641547e+05
4.986733351799202501e+05
4.978951024467863608e+05
4.971737614218907547e+05
4.964330401435208041e+05
4.956045591955264099e+05
4.946385260448850458e+05
4.935104782899125130e+05
4.922231882785010966e+05
4.908040057362564257e+05
4.892987617932201829e+05
4.877636964113531867e+05
4.862567542273372528e+05
4.848292549247417483e+05
4.835186513981830794e+05
4.823429941113063833e+05
4.812977848784118542e+05
4.803559368301164359e+05
4.794713409763675882e+05
4.785859707378620515e+05
4.776396306341885938e+05
4.765806468101761420e+05
4.753753334427434020e+05
4.740141769970055320e+05
4.725133746149791987e+05
4.709114396512259264e+05
4.692617184700931539e+05
4.676225341083104722e+05
4.660470901152782608e+05
4.645751865826704307e+05
4.632282877979729092e+05
4.620086656731950352e+05
4.609023879717112286e+05
4.598850222356056329e+05
4.589283064709649188e+05
4.580058897246007691e+05
4.570966486794272787e+05
4.561849347179090255e+05
4.552581168503166991e+05
4.543026039034849382e+05
4.532998822965773288e+05
4.522239275078758365e+05
4.510407944188019028e+05
4.497105432129055844e+05
4.481911591066528345e+05
4.464438692179485224e+05
4.444391749248075066e+05
4.421628536914417055e+05
4.396210463346475153e+05
4.368433799867602647e+05
4.338830534203897696e+05
4.308131159994401969e+05
4.277188729598433711e+05
4.246873201580185560e+05
4.217954506144482875e+05
4.190998289942017873e+05
4.166297451936244033e+05
4.143854977811014978e+05
4.123421268380275578e+05
4.104575850801681518e+05
4.086833064002004103e+05
4.069746907046923880e+05
4.052992600435349741e+05
4.036410280450452701e+05
4.020006871278855833e+05
4.003922345922740060e+05
3.988373666150643257e+05
3.973592332660740940e+05
3.959769781646707561e+05
3.947020088335333858e+05
3.935363411725782789e+05
3.924728133837134228e+05
3.914966018818811281e+05
3.905873526488915668e+05
3.897213485009138240e+05
3.888733844563950552e+05
3.880183017289045383e+05
3.871323211749513284e+05
3.861943519536355161e+05
3.851873399874311872e+05
3.840995457160850056e+05
3.829255154435754521e+05
3.816665196696458734e+05
3.803303814671813161e+05
3.789308288901957567e+05
3.774866531354453182e+05
3.760209379436226445e+05
3.745604292102114414e+05
3.731348244706906262e+05
3.717755353410335956e+05
3.705134593628270668e+05
3.693755506438176963e+05
3.683804336899443297e+05
3.675337921200356795e+05
3.668245900506498292e+05
3.662232205254848232e+05
3.656824078786631580e+05
3.651412027255038265e+05
3.645318207279546186e+05
3.637884943408697145e+05
3.628570093449755223e+05
3.617032684508842649e+05
3.603191744411626714e+05
3.587244659612927353e+05
3.569638959511518478e+05
3.551001764414939098e+05
3.532041202788391383e+05
3.513440357814628514e+05
3.495764446528337430e+05
3.479396212258397718e+05
3.464505640288000577e+05
3.451051801449207705e+05
3.438809625432544854e+05
3.427413231085955631e+05
3.416408624419123516e+05
3.405310017079871031e+05
3.393654484514119686e+05
3.381049429697501473e+05
3.367207562931173597e+05
3.351965884489935706e+05
3.335288429378522560e+05
3.317256144854077720e+05
3.298049654478182201e+05
3.277930765257867752e+05
3.257226415770431049e+05
3.236315372176347300e+05
3.215614866601623944e+05
3.195562874957679887e+05
3.176592515320218517e+05
3.159097903185251635e+05
3.143394725595483324e+05
3.129682333970305044e+05
3.118015887416941696e+05
3.108296149177234620e+05
3.100281011375912931e+05
3.093617700776414131e+05
3.087889502363794018e+05
3.082667355696065351e+05
3.077555918075158261e+05
3.072225845043263398e+05
3.066428379690942238e+05
3.059993455844933051e+05
3.052816764544384205e+05
3.044843269268337754e+05
3.036053921347210999e+05
3.026459284072055016e+05
3.016099775349535630e+05
3.005048999988289434e+05
2.993415496973968693e+05
2.981339509368060972e+05
2.968984276043811115e+05
2.956524285792818991e+05
2.944134403205317212e+05
2.931983025745241903e+05
2.920229823106276453e+05
2.909025409273719415e+05
2.898508094193247380e+05
2.888792899223055574e+05
2.879950695718610077e+05
2.871979985177371418e+05
2.864778898302307352e+05
2.858128375269094249e+05
2.851697348889032146e+05
2.845076275487501407e+05
2.837837374119992601e+05
2.829610912504352164e+05
2.820160140536294784e+05
2.809435836871351348e+05
2.797595890025511617e+05
2.784984461860397132e+05
2.772075785963492817e+05
2.759395820706087979e+05
2.747438305305306567e+05
2.736589968513036147e+05
2.727074523846517550e+05
2.718919462355066207e+05
2.711945872512997012e+05
2.705780396692274371e+05
2.699889077528649941e+05
2.693633338432815508e+05
2.686346901928410516e+05
2.677428453135633608e+05
2.666439231406062609e+05
2.653189598227532115e+05
2.637796386674572132e+05
2.620695164140567358e+05
2.602598695694015187e+05
2.584403576037116582e+05
2.567058707601812494e+05
2.551419044341259287e+05
2.538113080884027295e+05
2.527451221626710612e+05
2.519394212799526867e+05
2.513587826203400618e+05
2.509455085834820056e+05
2.506324517793888226e+05
2.503565829672809632e+05
2.500705085365351115e+05
2.497499285624411423e+05
2.493962224837644608e+05
2.490345094710057601e+05
2.487082511408914870e+05
2.484715657179070986e+05
2.483800350996586494e+05
2.484802890809204837e+05
2.487984827208287606e+05
2.493282053708311869e+05
2.500192949264080962e+05
2.507700586070090940e+05
2.514259348789225623e+05
2.517871898828932026e+05
2.516266978075189400e+05
2.507165293277524761e+05
2.488596380014294991e+05
2.459211664218594669e+05
2.418533819648528297e+05
2.367091955771324283e+05
2.306413755332223373e+05
2.238873675443260581e+05
2.167423683777731494e+05
2.095253495214799768e+05
2.025437022185066016e+05
1.960619812273207062e+05
1.902790335519294022e+05
1.853159618687062466e+05
1.812153165733476926e+05
1.779500404342197289e+05
1.754393212560721440e+05
1.735678268986442417e+05
1.722048445683805621e+05
1.712205225261515880e+05
1.704975009404779121e+05
1.699374356346683635e+05
1.694629811270842038e+05
1.690164982173963217e+05
1.685570006608182739e+05
1.680567007385376201e+05
1.674980944081451453e+05
1.668720142358421581e+05
1.661766169404136890e+05
1.654169500493571104e+05
1.646045921296527958e+05
1.637568807771044958e+05
1.628954091088820423e+05
1.620437425867303391e+05
1.612246145381636452e+05
1.604571064289446222e+05
1.597544119505295530e+05
1.591226671193874499e+05
1.585610253215461853e+05
1.580627749275227834e+05
1.576169921317024273e+05
1.572101235953815340e+05
1.568270441892407835e+05
1.564514649383910873e+05
1.560659271573892329e+05
1.556518558699452842e+05
1.551901675180670863e+05
1.546627383700050996e+05
1.540547248728987470e+05
1.533573994375652692e+05
1.525709196212444513e+05
1.517063374113184400e+05
1.507861930458659481e+05
1.498432201664995810e+05
1.489170020778944017e+05
1.480488305733490561e+05
1.472754631252263789e+05
1.466228470061249391e+05
1.461010599609428900e+05
1.457016148352978344e+05
1.453978725548147631e+05
1.451486815039019857e+05
1.449046668385125813e+05
1.446160138654195762e+05
1.442402763035628013e+05
1.437487651716242253e+05
1.431304139991328702e+05
1.423925678306064801e+05
1.415587615983769647e+05
1.406640949816977954e+05
1.397491728810343484e+05
1.388537196190399991e+05
1.380109050549149397e+05
1.372431946079097106e+05
1.365602181105842174e+05
1.359588025612818601e+05
1.354249755466160132e+05
1.349374553187604761e+05
1.344719354837728606e+05
1.340053809283234878e+05
1.335195979771768325e+05
1.330035190026984492e+05
1.324539099232954613e+05
1.318745071538727207e+05
1.312738599954959354e+05
1.306623591309052135e+05
1.300490608580097614e+05
1.294389680803505034e+05
1.288313903827089234e+05
1.282198500259015127e+05
1.275937088934551430e+05
1.269412858419985278e+05
1.262538008035923267e+05
1.255291570513628540e+05
1.247744898641494510e+05
1.240066355509713176e+05
1.232501689826866495e+05
1.225332795416018344e+05
1.218823169228553888e+05
1.213161774172692094e+05
1.208417381370252697e+05
1.204512998254405247e+05
1.201225626167751907e+05
1.198211582543216209e+05
1.195053094429229095e+05
1.191318568712093111e+05
1.186627180502625270e+05
1.180708152751859307e+05
1.173446076437785377e+05
1.164905527917040454e+05
1.155330811000241229e+05
1.145119705860223912e+05
1.134773504460866097e+05
1.124829134695639368e+05
1.115782411058357684e+05
1.108013772574491304e+05
1.101728572607156239e+05
1.096922542047335446e+05
1.093379377957233810e+05
1.090702027147155459e+05
1.088373178043840744e+05
1.085835049529003591e+05
1.082574985090929258e+05
1.078202417327326111e+05
1.072504632631457644e+05
1.065472958683156467e+05
1.057296527315987623e+05
1.048326403695008194e+05
1.039017486703441828e+05
1.029858430580146087e+05
1.021300701975185657e+05
1.013697026502681110e+05
1.007257389733289747e+05
1.002027909734283458e+05
9.978945983247824188e+04
9.946104780464524811e+04
9.918410066671417735e+04
9.892197944763957639e+04
9.864048724137256795e+04
9.831258840889832936e+04
9.792147128511733899e+04
9.746157852228511183e+04
9.693766643723312882e+04
9.636234369689841697e+04
9.575279171540467360e+04
9.512744640168432670e+04
9.450333762394584483e+04
9.389458494577709644e+04
9.331228685186077200e+04
9.276575428327366535e+04
9.226475245397596154e+04
9.182214951364909939e+04
9.145615911796252476e+04
9.119125513774910360e+04
9.105688960831287841e+04
9.108341249999226420e+04
9.129509841737760871e+04
9.170090292117792706e+04
9.228439868683415989e+04
9.299509568438872520e+04
9.374377993902025628e+04
9.440435051710924017e+04
9.482371717199924751e+04
9.483966357368454919e+04
9.430448444152055890e+04
9.311023346606812265e+04
9.121025239037939173e+04
8.863183426062570652e+04
8.547655786776989407e+04
8.190764325337955961e+04
7.812680435424309690e+04
7.434554316094485694e+04
7.075688713042237214e+04
6.751297167145623825e+04
6.471194167571491562e+04
6.239512203047948424e+04
6.055310189556595287e+04
5.913788246463279211e+04
5.807775642705497739e+04
5.729195792386204266e+04
5.670297693520941539e+04
5.624539260864059906e+04
5.587089400937789469e+04
5.554974038892590761e+04
5.526930685097547394e+04
5.503064584067890974e+04
5.484421466064650303e+04
5.472604561549122445e+04
5.469557743616610242e+04
5.477601955309341429e+04
5.499743235429509514e+04
5.540173756717517972e+04
5.604782801963160455e+04
5.701415521189526771e+04
5.839601288677044067e+04
6.029549683737956366e+04
6.280386119526838593e+04
6.597841573293216061e+04
6.981856654785621504e+04
7.424723023342367378e+04
7.910385885156506265e+04
8.415332456170860678e+04
8.911122234743252920e+04
9.368174030956925708e+04
9.760051589789785794e+04
1.006731498631080322e+05
1.028009743577822810e+05
1.039890200364706834e+05
1.043357829302942991e+05
1.040088052186639834e+05
1.032128848910044908e+05
1.021582423498361895e+05
1.010344067891376617e+05
9.999284305833447434e+04
9.913856194419825624e+04
9.852904340399248758e+04
9.817811336784913146e+04
9.806275005060889816e+04
9.813160818416740221e+04
9.831475539473810932e+04
9.853435072215556283e+04
9.871572765595061355e+04
9.879781862067054317e+04
9.874144079217498074e+04
9.853395901770897035e+04
9.818936223373802204e+04
9.774371676307031885e+04
9.724700282731889456e+04
9.675315793026416213e+04
9.631048149305352126e+04
9.595431111086366582e+04
9.570316774726528092e+04
9.555863255424857198e+04
9.550835213054285850e+04
9.553100131672737189e+04
9.560186266677695676e+04
9.569786718159972224e+04
9.580133911865530536e+04
9.590212732381348906e+04
9.599815487818616384e+04
9.609462405197099724e+04
9.620219577397356625e+04
9.633448334324975440e+04
9.650521545986126876e+04
9.672545428191951942e+04
9.700127989382766827e+04
9.733233205766486935e+04
9.771150042473567009e+04
9.812587238996107772e+04
9.855881427251108107e+04
9.899282901621038036e+04
9.941265734646598867e+04
9.980801149210939184e+04
1.001753726255669462e+05
1.005184444762376224e+05
1.008471142239269684e+05
1.011750850839105115e+05
1.015166513839329127e+05
1.018833134221131040e+05
1.022810073474662786e+05
1.027086127502987219e+05
1.031581040621012362e+05
1.036162969816058758e+05
1.040677233739971853e+05
1.044978795273333089e+05
1.048960336097746913e+05
1.052569721271240705e+05
1.055814401319244935e+05
1.058754411066615430e+05
1.061488517748580489e+05
1.064138736973676132e+05
1.066836895811592403e+05
1.069714191897637065e+05
1.072892256626374292e+05
1.076473291610667075e+05
1.080527796954483347e+05
1.085080693867385708e+05
1.090099105280224176e+05
1.095486496650985937e+05
1.101087546092066041e+05
1.106705944446528010e+05
1.112133901028863038e+05
1.117188451897542982e+05
1.121746873624346626e+05
1.125772573915679968e+05
1.129324290586842399e+05
1.132545137179047015e+05
1.135633098083898803e+05
1.138799551347951929e+05
1.142225723532034608e+05
1.146027550869094994e+05
1.150237023793702247e+05
1.154803518447671522e+05
1.159613362068984716e+05
1.164521563616452913e+05
1.169387439203214162e+05
1.174106148244322540e+05
1.178630509922879719e+05
1.182980964802044036e+05
1.187245143896861991e+05
1.191571351221844670e+05
1.196161781557977665e+05
1.201271130509392533e+05
1.207214206951391825e+05
1.214382247160280240e+05
1.223262339458498900e+05
1.234448921621055051e+05
1.248632699686591222e+05
1.266552854102894780e+05
1.288904712552024721e+05
1.316207110950826027e+05
1.348648935398361646e+05
1.385948135035309533e+05
1.427263257915777795e+05
1.471192996806755255e+05
1.515882412841033656e+05
1.559228958594052820e+05
1.599154502074685006e+05
1.633890075563804130e+05
1.662215003692253376e+05
1.683603613713193918e+05
1.698257197086573287e+05
1.707027916951068037e+05
1.711265167256143468e+05
1.712626161007851770e+05
1.712889170449084195e+05
1.713793522076013323e+05
1.716912653518086008e+05
1.723553184889895201e+05
1.734669059351773176e+05
1.750785628873195092e+05
1.771939901823243126e+05
1.797653497753345582e+05
1.826958250440116390e+05
1.858488047437373898e+05
1.890635774193241086e+05
1.921756084948786884e+05
1.950379658186893212e+05
1.975398180140139302e+05
1.996184127021064924e+05
2.012624246203292278e+05
2.025065960097518982e+05
2.034195623793761188e+05
2.040881048627275159e+05
2.046014627786582569e+05
2.050387604281861277e+05
2.054613296320837399e+05
2.059102025130503171e+05
2.064077800601172494e+05
2.069619807277704531e+05
2.075711315503802907e+05
2.082283342701541551e+05
2.089247216173134220e+05
2.096516023996623990e+05
2.104017830972406664e+05
2.111703324513838161e+05
2.119548612403378647e+05
2.127552159982037556e+05
2.135724727279604995e+05
2.144072840230174479e+05
2.152578878746583068e+05
2.161182933782439795e+05
2.169772199042088760e+05
2.178182639161065454e+05
2.186215467996149382e+05
2.193668163375238946e+05
2.200376673399892170e+05
2.206262278160930437e+05
2.211373631388238282e+05
2.215912765946309082e+05
2.220234660621322982e+05
2.224814345150729641e+05
2.230183213952658989e+05
2.236845280172951461e+05
2.245191388568766415e+05
2.255431889226635976e+05
2.267564499751354742e+05
2.281384980386358220e+05
2.296536817603849922e+05
2.312586163335324964e+05
2.329102856734502129e+05
2.345728671322802838e+05
2.362219186741028097e+05
2.378453734530318761e+05
2.394416200034689100e+05
2.410156002403631574e+05
2.425742052283285884e+05
2.441222463684596005e+05
2.456599582252023392e+05
2.471824486839222081e+05
2.486809108249997371e+05
2.501449325800661754e+05
2.515650346829147893e+05
2.529346859755769838e+05
2.542514088747942878e+05
2.555170161882453540e+05
2.567373144978063065e+05
2.579216486602188961e+05
2.590824631921303808e+05
2.602347599058447231e+05
2.613951248119760712e+05
2.625800174260460772e+05
2.638032787324915407e+05
2.650732105035306886e+05
2.663899275281698210e+05
2.677438190646003932e+05
2.691157986387329875e+05
2.704796130681774812e+05
2.718059584068775293e+05
2.730676826906228089e+05
2.742450805583374458e+05
2.753302652884311392e+05
2.763298209321040194e+05
2.772653151106155128e+05
2.781716904396571917e+05
2.790939469657184090e+05
2.800827898320641252e+05
2.811899828815973597e+05
2.824640056007444509e+05
2.839463133631806704e+05
2.856681763995426008e+05
2.876478819119594409e+05
2.898881466673287214e+05
2.923739072028923547e+05
2.950710842248685658e+05
2.979272051528021693e+05
3.008746753679768881e+05
3.038369255606818479e+05
3.067367710679583251e+05
3.095054403575088945e+05
3.120902623893826385e+05
3.144592115355157293e+05
3.166013823295321781e+05
3.185236988194912556e+05
3.202452800163549255e+05
3.217914500247088727e+05
3.231891982482267777e+05
3.244650757989228587e+05
3.256454232966169948e+05
3.267579045308838831e+05
3.278328982333142194e+05
3.289034725053748116e+05
3.300032964058422949e+05
3.311626586720067426e+05
3.324034868050462101e+05
3.337346999858843046e+05
3.351493059117090306e+05
3.366243661952381954e+05
3.381243574147773325e+05
3.396076389353150735e+05
3.410348620899359230e+05
3.423774478372844751e+05
3.436239786724824808e+05
3.447826801634094445e+05
3.458791097743215505e+05
3.469494915133962641e+05
3.480314181208270602e+05
3.491544419709146605e+05
3.503331003984034760e+05
3.515641606814406696e+05
3.528285998080144636e+05
3.540974966469155625e+05
3.553400370435988880e+05
3.565314716997571522e+05
3.576591390135802794e+05
3.587253838168354123e+05
3.597470837546865223e+05
3.607522718338000705e+05
3.617748480331090977e+05
3.628485579910295201e+05
3.640013343505887897e+05
3.652508491554883658e+05
3.666018183316974901e+05
3.680453031448557740e+05
3.695599948036746937e+05
3.711152399422770832e+05
3.726753534085864667e+05
3.742045784002266591e+05
3.756719310878348770e+05
3.770551618555065943e+05
3.783432161489796126e+05
3.795368756758363452e+05
3.806476397571178968e+05
3.816952632579828496e+05
3.827045978675943916e+05
3.837024228407702758e+05
3.847147978007334750e+05
3.857651854664743878e+05
3.868732810217877268e+05
3.880542611616229406e+05
3.893181130482028238e+05
3.906688396734910784e+05
3.921036001258738106e+05
3.936121023027492920e+05
3.951766801639401820e+05
3.967733753909933730e+05
3.983740360963325365e+05
3.999490880180165404e+05
4.014704154333788319e+05
4.029138353580919793e+05
4.042609380553259398e+05
4.055004289923124015e+05
4.066293139379337081e+05
4.076541708063122933e+05
4.085923790059321909e+05
4.094727355956828105e+05
4.103346501367487945e+05
4.112252617183789262e+05
4.121943522936379886e+05
4.132876380466507981e+05
4.145396181978412205e+05
4.159674216067604139e+05
4.175669459194810479e+05
4.193121208711524960e+05
4.211575178284232970e+05
4.230439315609593759e+05
4.249060757421665476e+05
4.266812062109928229e+05
4.283173444362310111e+05
4.297798471270067384e+05
4.310553646351964562e+05
4.321527019725529826e+05
4.331006299376114621e+05
4.339431582127530710e+05
4.347330931031298242e+05
4.355248601782760234e+05
4.363676320657219621e+05
4.372997979202633724e+05
4.383456964218672365e+05
4.395152004025088390e+05
4.408061226284221048e+05
4.422086026784616988e+05
4.437099198964746320e+05
4.452979272021523211e+05
4.469617624054232729e+05
4.486896050961382571e+05
4.504645976990626077e+05
4.522610405977257760e+05
4.540431062374292524e+05
4.557674636608726578e+05
4.573896854224384879e+05
4.588727607882862212e+05
4.601951177894548164e+05
4.613556344306883984e+05
4.623741316573953955e+05
4.632873433038855437e+05
4.641417490076307440e+05
4.649854401779072941e+05
4.658611633071742835e+05
4.668019737364650937e+05
4.678298886697121197e+05
4.689569619438155787e+05
4.701876270929928287e+05
4.715210912711771671e+05
4.729529327836552402e+05
4.744756416357413400e+05
4.760783857477647834e+05
4.777465838209662470e+05
4.794618464314176235e+05
4.812025807562064729e+05
4.829452096702129347e+05
4.846657098733789753e+05
4.863411243221030454e+05
4.879508298476253985e+05
4.894775285690362216e+05
4.909080570602473454e+05
4.922341133071221411e+05
4.934529257409097627e+05
4.945678204114499968e+05
4.955886435431130813e+05
4.965320458218117710e+05
4.974216402832565946e+05
4.982879244506239775e+05
4.991676233217691770e+05
5.001019037236306467e+05
5.011329361727475771e+05
5.022986746043386520e+05
5.036264391468304675e+05
5.051266635967199109e+05
5.067886352513951133e+05
5.085799056478043203e+05
5.104502194337365218e+05
5.123395298719283892e+05
5.141883967639830662e+05
5.159482735138535500e+05
5.175891775897084735e+05
5.191029916932356427e+05
5.205018708246524911e+05
5.218125077785969479e+05
5.230679579571803333e+05
5.242991381333778845e+05
5.255279830944917630e+05
5.267636931683256989e+05
5.280027077221886721e+05
5.292321643272199435e+05
5.304358085553143173e+05
5.316007598508718656e+05
5.327233501846907893e+05
5.338125036403646227e+05
5.348897707463533152e+05
5.359860021033099620e+05
5.371355007905496750e+05
5.383691058496685000e+05
5.397078906324065756e+05
5.411589817969225114e+05
5.427144787049877923e+05
5.443536958437585272e+05
5.460481170294911135e+05
5.477677277508559637e+05
5.494869854130876483e+05
5.511887608326878399e+05
5.528651793875939911e+05
5.545152638355179224e+05
5.561403213503367733e+05
5.577387528517855098e+05
5.593021195476873545e+05
5.608138315564705990e+05
5.622509280935421120e+05
5.635884542703314219e+05
5.648052518478456186e+05
5.658897560910806060e+05
5.668445940193911083e+05
5.676892094631851651e+05
5.684601584025846096e+05
5.692089811387469526e+05
5.699976855955889914e+05
5.708920154950944707e+05
5.719529855838412186e+05
5.732276786452534143e+05
5.747408617007968714e+05
5.764892973251640797e+05
5.784404169700806960e+05
5.805361893111974932e+05
5.827017436005438212e+05
5.848570165923216846e+05
5.869288585530304117e+05
5.888609722714216914e+05
5.906197748024810571e+05
5.921954708893334027e+05
5.935988639167654328e+05
5.948553121323927771e+05
5.959975779015535954e+05
5.970591665762966732e+05
5.980693106937345583e+05
5.990502389547708444e+05
6.000169003678554436e+05
6.009789053820902482e+05
6.019440640373298666e+05
6.029225505388310412e+05
6.039304883555206470e+05
6.049917597061251290e+05
6.061371864594414365e+05
6.074008735364164459e+05
6.088142824588643853e+05
6.103992707955774385e+05
6.121616843371519353e+05
6.140870316056058509e+05
6.161393511802759022e+05
6.182637408457784913e+05
6.203923151953752385e+05
6.224527260991487419e+05
6.243779065467417240e+05
6.261154426100545097e+05
6.276349844419740839e+05
6.289323952953122789e+05
6.300298822479058290e+05
6.309720699044220382e+05
6.318187364140556892e+05
6.326355771242460469e+05
6.334847530832377961e+05
6.344170115576755488e+05
6.354667830633383710e+05
6.366509033275338588e+05
6.379706416892237030e+05
6.394158243632626254e+05
6.409693545637829229e+05
6.426105878279833123e+05
6.443168079855052056e+05
6.460631495431055082e+05
6.478222091291478137e+05
6.495648123684518505e+05
6.512627926607830450e+05
6.528934650809962768e+05
6.544443333831230411e+05
6.559160646531549282e+05
6.573222117325270083e+05
6.586853843843882205e+05
6.600309933608423453e+05
6.613806410902820062e+05
6.627472790381006198e+05
6.641334249362649862e+05
6.655324873050011229e+05
6.669321991622067289e+05
6.683187651083018864e+05
6.696806259724856354e+05
6.710114031603761250e+05
6.723121033881976036e+05
6.735927047766010510e+05
6.748728375001923414e+05
6.761807927965086419e+05
6.775500219763650093e+05
6.790128855316918343e+05
6.805925319044929929e+05
6.822949102219699416e+05
6.841034394619975938e+05
6.859784001622250071e+05
