6.788212329762325389e+05
6.768682216175278882e+05
6.751414766558980336e+05
6.736347044684098801e+05
6.723148775762527948e+05
6.711291729815170402e+05
6.700155923093998572e+05
6.689152614193675108e+05
6.677836161552624544e+05
6.665975986325746635e+05
6.653568343176305061e+05
6.640784189091033768e+05
6.627869362433761125e+05
6.615029478165503824e+05
6.602337799710780382e+05
6.589696682145958766e+05
6.576864058092208579e+05
6.563532778334462782e+05
6.549431569289168110e+05
6.534409483171370812e+05
6.518473676530877128e+05
6.501769752858801512e+05
6.484516684416766511e+05
6.466925221961736679e+05
6.449133169546946883e+05
6.431181819025428267e+05
6.413039781523240963e+05
6.394661493313463870e+05
6.376055677443551831e+05
6.357338161575002596e+05
6.338752459591719089e+05
6.320654820076446049e+05
6.303471242362385383e+05
6.287637976619026158e+05
6.273534626141536282e+05
6.261414524327812251e+05
6.251335819932565792e+05
6.243101110327853821e+05
6.236221170435021631e+05
6.229923331832629628e+05
6.223221376080164919e+05
6.215049462838637410e+05
6.204441607188397320e+05
6.190718998794709332e+05
6.173638791985434946e+05
6.153464526158723747e+05
6.130938220292768674e+05
6.107160078203424346e+05
6.083404374556749826e+05
6.060912434191060020e+05
6.040703483045445755e+05
6.023434202611187939e+05
6.009323419791006017e+05
5.998144709432540694e+05
5.989279797151716193e+05
5.981819942088903626e+05
5.974699693768116413e+05
5.966846014871078078e+05
5.957324922566706082e+05
5.945467657949586865e+05
5.930959671575779794e+05
5.913879188325615833e+05
5.894678182519321563e+05
5.874107003434713697e+05
5.853093578396005323e+05
5.832597178989878157e+05
5.813462701375905890e+05
5.796301998387833592e+05
5.781422939932034351e+05
5.768815562412142754e+05
5.758191022412949242e+05
5.749057376261911122e+05
5.740810205458538840e+05
5.732817379615457030e+05
5.724484525581856724e+05
5.715297559270950733e+05
5.704846841842225986e+05
5.692841260987169808e+05
5.679119253453185083e+05
5.663659195757714333e+05
5.646586611478416016e+05
5.628172880610299762e+05
5.608820697513439227e+05
5.589034684157756856e+05
5.569379377359977225e+05
5.550429297334919684e+05
5.532716095185208833e+05
5.516676528184378985e+05
5.502603891822973965e+05
5.490606025234172121e+05
5.480575250778765185e+05
5.472178108201186405e+05
5.464873143740927335e+05
5.457961596565434011e+05
5.450668767053710762e+05
5.442245412845254177e+05
5.432071964636162156e+05
5.419746256582202623e+05
5.405138427256942960e+05
5.388403205515082227e+05
5.369947494452014798e+05
5.350357999411851633e+05
5.330298911817455664e+05
5.310393736443818780e+05
5.291108680513803847e+05
5.272657172819904517e+05
5.254944613159042783e+05
5.237567787657906301e+05
5.219874081399657298e+05
5.201073195065259933e+05
5.180381781175634824e+05
5.157173026358698844e+05
5.131101437125435332e+05
5.102178516340219066e+05
5.070785967796667246e+05
5.037626396794945467e+05
5.003623786960530560e+05
4.969794696831478504e+05
4.937114773544713971e+05
4.906403725197935710e+05
4.878246198128961259e+05
4.852957570580517058e+05
4.830594327776888385e+05
4.811000282555475133e+05
4.793874012959783431e+05
4.778840478955561412e+05
4.765511091936863377e+05
4.753521084929301869e+05
4.742539879741116310e+05
4.732257903211222729e+05
4.722360311372290598e+05
4.712502522359123686e+05
4.702302721361182630e+05
4.691361802380581503e+05
4.679312265025139786e+05
4.665886827678582049e+05
4.650988548198863282e+05
4.634740512396211852e+05
4.617496477435408742e+05
4.599803519535360392e+05
4.582320661388627486e+05
4.565709447841882356e+05
4.550519822825996671e+05
4.537095569928578916e+05
4.525518371503483504e+05
4.515600312116369605e+05
4.506924218072472140e+05
4.498922093244474963e+05
4.490975637323836563e+05
4.482519920729360310e+05
4.473131545626507141e+05
4.462585656574358582e+05
4.450871704017707962e+05
4.438165630494112265e+05
4.424765376450075419e+05
4.411005578034590581e+05
4.397173459349587793e+05
4.383448561454141163e+05
4.369882735344821122e+05
4.356424786401292076e+05
4.342979853983656503e+05
4.329481990871768212e+05
4.315953815218360396e+05
4.302531389128774754e+05
4.289444156266530044e+05
4.276954685176438070e+05
4.265276015527260606e+05
4.254491519460360287e+05
4.244501625257965643e+05
4.235014291708283126e+05
4.225584366872633691e+05
4.215694237206712714e+05
4.204857597886205767e+05
4.192722143737799488e+05
4.179146879317355342e+05
4.164235737235675915e+05
4.148319985465235077e+05
4.131894745899080881e+05
4.115526147883781814e+05
4.099751717590728076e+05
4.084995689335542265e+05
4.071513733734023990e+05
4.059371293245021952e+05
4.048450545577586163e+05
4.038476317891406361e+05
4.029051908283364028e+05
4.019699854354325798e+05
4.009906809253084939e+05
3.999172885069726035e+05
3.987063230248315376e+05
3.973254836925228592e+05
3.957567759165333700e+05
3.939969999043043354e+05
3.920550496140152682e+05
3.899463800885599339e+05
3.876860077424029587e+05
3.852821287313943612e+05
3.827325619789860793e+05
3.800256108663224149e+05
3.771456947835198953e+05
3.740825635892011924e+05
3.708415591031766380e+05
3.674517153565117624e+05
3.639688058039285243e+05
3.604717433568772394e+05
3.570526492714615888e+05
3.538028051773283514e+05
3.507979369611165021e+05
3.480864310464953305e+05
3.456831394589510164e+05
3.435697793322199141e+05
3.417011884515493875e+05
3.400154313707971596e+05
3.384452647957783774e+05
3.369287269824122777e+05
3.354173192037004046e+05
3.338810348314496223e+05
3.323101085640067467e+05
3.307137378000142635e+05
3.291162514136917889e+05
3.275513870015726425e+05
3.260555392214985914e+05
3.246610127114545321e+05
3.233903519416562049e+05
3.222526530062353122e+05
3.212424002199599636e+05
3.203409069346488686e+05
3.195199933747488540e+05
3.187471829906576895e+05
3.179914601219380274e+05
3.172284968369096168e+05
3.164442478145599016e+05
3.156360033649791148e+05
3.148104603259781725e+05
3.139791067910285783e+05
3.131520497587947757e+05
3.123320442453979631e+05
3.115106073874528520e+05
3.106675877691060305e+05
3.097745407936595147e+05
3.088010942576091620e+05
3.077225975083380472e+05
3.065270269828074961e+05
3.052194203489779611e+05
3.038228516174588585e+05
3.023758493530752603e+05
3.009269338330759783e+05
2.995274496459445800e+05
2.982240566341755330e+05
2.970521497362752561e+05
2.960311783918450237e+05
2.951624158027792000e+05
2.944292831910952227e+05
2.937999545378090115e+05
2.932317121682730503e+05
2.926763997776619508e+05
2.920862869752714178e+05
2.914196660843464779e+05
2.906455256841045339e+05
2.897467109891711734e+05
2.887211365452368045e+05
2.875808848698976217e+05
2.863493684369982220e+05
2.850570618821826647e+05
2.837365316475195577e+05
2.824175557678018231e+05
2.811230600794650381e+05
2.798664600771347177e+05
2.786508329860307276e+05
2.774701404409848619e+05
2.763124280461759190e+05
2.751645179072480532e+05
2.740172459070554469e+05
2.728699386385776452e+05
2.717327740261128638e+05
2.706260508138019941e+05
2.695761663004004513e+05
2.686090491321790614e+05
2.677425931065835175e+05
2.669800030275194440e+05
2.663057697083271923e+05
2.656853226179200574e+05
2.650685101221103105e+05
2.643962185189274023e+05
2.636088780339395162e+05
2.626553935423264047e+05
2.615011275920775079e+05
2.601338352937028976e+05
2.585667944910367951e+05
2.568387311835777655e+05
2.550105013199231471e+05
2.531588680288073665e+05
2.513681044531986117e+05
2.497205152995097160e+05
2.482872252985222440e+05
2.471206299527181836e+05
2.462496563425296918e+05
2.456784112364634639e+05
2.453879777690844494e+05
2.453402673397395411e+05
2.454822454781555571e+05
2.457488315635544132e+05
2.460634729058589437e+05
2.463366828535524837e+05
2.464642709267607424e+05
2.463279581368695071e+05
2.458010104248801072e+05
2.447602325659159396e+05
2.431034481786245306e+05
2.407692064173262042e+05
2.377538369698993338e+05
2.341208448282624595e+05
2.299991820927883382e+05
2.255697044377130806e+05
2.210421969667609374e+05
2.166277227374417707e+05
2.125119893913086271e+05
2.088347702607170213e+05
2.056785284356321499e+05
2.030669870012528263e+05
2.009722157936813892e+05
1.993273979246137897e+05
1.980419937188028416e+05
1.970164155782886664e+05
1.961542443488280114e+05
1.953710778892100498e+05
1.945999893138108309e+05
1.937941044508998748e+05
1.929269614701420651e+05
1.919911985044508474e+05
1.909959047593538708e+05
1.899628332898723311e+05
1.889216960954511596e+05
1.879049235959992220e+05
1.869424662034529319e+05
1.860573191209308861e+05
1.852623818909383845e+05
1.845590248611090356e+05
1.839374055856606865e+05
1.833782714363958221e+05
1.828557905239549582e+05
1.823409037312621076e+05
1.818047576503005694e+05
1.812218970443819126e+05
1.805730014119479165e+05
1.798470059452346177e+05
1.790424522531427501e+05
1.781678976681763015e+05
1.772412155630937486e+05
1.762876802940555790e+05
1.753368693502027891e+05
1.744186266179030354e+05
1.735585787528787332e+05
1.727739166001892008e+05
1.720702624688055075e+05
1.714403659944300598e+05
1.708650725950060878e+05
1.703165283156145888e+05
1.697630422030548216e+05
1.691745912898044044e+05
1.685277809849772020e+05
1.678092413400827500e+05
1.670169002882726199e+05
1.661591684268860845e+05
1.652525856149028696e+05
1.643187446252461523e+05
1.633812579998901929e+05
1.624632389227605308e+05
1.615853864527994010e+05
1.607644775501471013e+05
1.600119896809358615e+05
1.593327202638101589e+05
1.587235446466854773e+05
1.581727189985446748e+05
1.576602499412792968e+05
1.571597379834684252e+05
1.566417624648617057e+05
1.560784047223264934e+05
1.554480580952639284e+05
1.547394172436553927e+05
1.539535997699157742e+05
1.531037570824198774e+05
1.522121815462720988e+05
1.513056118375258811e+05
1.504099401165966701e+05
1.495456517386597698e+05
1.487250342217626167e+05
1.479515902975241188e+05
1.472214080146904162e+05
1.465257252086232184e+05
1.458537376227212371e+05
1.451948559646598005e+05
1.445399977651372028e+05
1.438819193284248176e+05
1.432148898737642739e+05
1.425341120207668864e+05
1.418352279373237106e+05
1.411141063542885531e+05
1.403669686893108883e+05
1.395908237625322072e+05
1.387841302945945645e+05
1.379475629123856197e+05
1.370847049681492499e+05
1.362024487619089778e+05
1.353108911084419815e+05
1.344225984924879449e+05
1.335512703699687263e+05
1.327099987943138403e+05
1.319094401378010516e+05
1.311562364728166722e+05
1.304519534397263778e+05
1.297926818440662173e+05
1.291693351116659178e+05
1.285685943442063435e+05
1.279744019240560738e+05
1.273698572214976739e+05
1.267393046779269644e+05
1.260703331792276731e+05
1.253553597721015394e+05
1.245924897377237794e+05
1.237854498960855854e+05
1.229425720091289404e+05
1.220750172783501766e+05
1.211946222908535565e+05
1.203118511573974974e+05
1.194343142151246866e+05
1.185661506447034772e+05
1.177083072828349686e+05
1.168594603448111593e+05
1.160171241245658166e+05
1.151784555110300134e+05
1.143404200953769905e+05
1.134992816532070283e+05
1.126496985899081483e+05
1.117839317180222861e+05
1.108916996277814324e+05
1.099610450553923292e+05
1.089802551748406695e+05
1.079405147550553083e+05
1.068386778011721908e+05
1.056794121539827902e+05
1.044760497776516422e+05
1.032497549416808761e+05
1.020270377025782072e+05
1.008360780676765426e+05
9.970265289145578572e+04
9.864655997160762490e+04
9.767926665709981171e+04
9.680312495650906931e+04
9.601203100615936273e+04
9.529303957008349244e+04
9.462831032451693318e+04
9.399689502826231183e+04
9.337618570659693796e+04
9.274316726455725438e+04
9.207578969162826252e+04
9.135471352910637506e+04
9.056542484880183474e+04
8.970039611146887182e+04
8.876074865337616939e+04
8.775686433859866520e+04
8.670761395377940789e+04
8.563823540601394780e+04
8.457726552066591103e+04
8.355316884256878984e+04
8.259133634356326365e+04
8.171195039482557331e+04
8.092890794860018650e+04
8.024967776595904434e+04
7.967574741415044991e+04
7.920325292324941256e+04
7.882347745881325682e+04
7.852310103948107280e+04
7.828430033333091706e+04
7.808495827583466598e+04
7.789929532524253591e+04
7.769916027615996427e+04
7.745603665114750038e+04
7.714357994645666622e+04
7.674027482713371865e+04
7.623167416344945377e+04
7.561172555841026769e+04
7.488293390877486672e+04
7.405550725182646420e+04
7.314606583658495219e+04
7.217678690499118238e+04
7.117584217313492263e+04
7.017957285857744864e+04
6.923608806416782318e+04
6.840907147255299788e+04
6.777985803576862963e+04
6.744563527233307832e+04
6.751216572857591382e+04
6.808073013343347702e+04
6.923078656929006684e+04
7.100161459934478626e+04
7.337734107346665405e+04
7.627970862885074166e+04
7.957155766603240045e+04
8.307151564173030783e+04
8.657751660689721757e+04
8.989441029265752877e+04
9.285984414969115460e+04
9.536316649494683952e+04
9.735408616003856878e+04
9.884053601100906963e+04
9.987773404469971138e+04
1.005520819745109475e+05
1.009639598723351228e+05
1.012127989148911001e+05
1.013864931710681703e+05
1.015557746923896630e+05
1.017730206079174968e+05
1.020742570392302296e+05
1.024828509649970947e+05
1.030134293785921036e+05
1.036748368372717232e+05
1.044713840282359160e+05
1.054022121911695431e+05
1.064592229832506564e+05
1.076245579777099192e+05
1.088688813362658839e+05
1.101515938795771945e+05
1.114235826280896727e+05
1.126323380904347578e+05
1.137285134455443476e+05
1.146725220402383420e+05
1.154397311285987962e+05
1.160231971716524131e+05
1.164335327344836696e+05
1.166961595688034431e+05
1.168466878148607502e+05
1.169253794131183968e+05
1.169716341976369295e+05
1.170192753039793606e+05
1.170931985537788132e+05
1.172077320205163269e+05
1.173668225904364954e+05
1.175659086061307607e+05
1.177950608111813344e+05
1.180427292730042100e+05
1.182992981856526603e+05
1.185596870998133963e+05
1.188244620693622710e+05
1.190992879075381643e+05
1.193929687246831891e+05
1.197146750056061283e+05
1.200711444494796742e+05
1.204646174706232705e+05
1.208920335577176738e+05
1.213456399635685084e+05
1.218147638246557472e+05
1.222882005588008033e+05
1.227565723229057912e+05
1.232141360606044182e+05
1.236598080309357028e+05
1.240974888350374677e+05
1.245359745001029514e+05
1.249887340493837255e+05
1.254736329586363863e+05
1.260123989795210364e+05
1.266294297433438478e+05
1.273495719977715053e+05
1.281948020833929186e+05
1.291802160004477191e+05
1.303102000631537521e+05
1.315758791842697829e+05
1.329547828607342672e+05
1.344131323291107255e+05
1.359104036396678712e+05
1.374051324172303721e+05
1.388605608121316473e+05
1.402488265105454775e+05
1.415529122811041016e+05
1.427663014269523846e+05
1.438909386484084534e+05
1.449344492292413488e+05
1.459075379879284883e+05
1.468221504822176939e+05
1.476905157459063339e+05
1.485247988422689668e+05
1.493369025211530388e+05
1.501379996529014315e+05
1.509375958150010265e+05
1.517422139551345026e+05
1.525540554599523311e+05
1.533701394888251962e+05
1.541824030743456970e+05
1.549790481390053756e+05
1.557470881158070988e+05
1.564756651675435714e+05
1.571593972863682720e+05
1.578008827605761180e+05
1.584115983588206582e+05
1.590107644353753421e+05
1.596222330776338640e+05
1.602699612729013606e+05
1.609730315002799907e+05
1.617413724350388220e+05
1.625732492996815126e+05
1.634552276533234399e+05
1.643647241125377477e+05
1.652745756111584196e+05
1.661584790493810724e+05
1.669958796473975817e+05
1.677750527763265127e+05
1.684937160938411544e+05
1.691573363632606342e+05
1.697760478137267637e+05
1.703614733990867971e+05
1.709245857355293992e+05
1.714751443303329579e+05
1.720224866630015604e+05
1.725768848559968465e+05
1.731505499601271877e+05
1.737576886704859789e+05
1.744135863459127722e+05
1.751331968006058014e+05
1.759299182600214262e+05
1.768150631388399925e+05
1.777981169475531788e+05
1.788874598889022600e+05
1.800909942791371141e+05
1.814161583957035036e+05
1.828690546875304717e+05
1.844527468868009746e+05
1.861650656746111927e+05
1.879964437921782373e+05
1.899283690012738516e+05
1.919330016466134985e+05
1.939743438056535670e+05
1.960110566776586929e+05
1.980006256133275747e+05
1.999041597798946896e+05
2.016908339367966691e+05
2.033409756694852258e+05
2.048471290426147752e+05
2.062130048120483989e+05
2.074508564701107971e+05
2.085782570555658313e+05
2.096153159397200216e+05
2.105830384548403963e+05
2.115029322546279000e+05
2.123973523708280991e+05
2.132897081130488659e+05
2.142036832845865283e+05
2.151610351473457995e+05
2.161781690103632864e+05
2.172622847933850717e+05
2.184082337705544487e+05
2.195971919810561230e+05
2.207978762516559800e+05
2.219704355522737605e+05
2.230725265442583186e+05
2.240665898019758170e+05
2.249270842903532030e+05
2.256464445231155260e+05
2.262387696205354878e+05
2.267406638815021142e+05
2.272091238610474393e+05
2.277167989681836043e+05
2.283452532567018643e+05
2.291769876736454607e+05
2.302869744264114997e+05
2.317343948327919934e+05
2.335552587014872988e+05
2.357566682330177282e+05
2.383136267634860124e+05
2.411693373503942275e+05
2.442397053872040997e+05
2.474221400103606866e+05
2.506077992714106513e+05
2.536954050596604066e+05
2.566040526823495165e+05
2.592824032147128019e+05
2.617124007231107098e+05
2.639070141450646333e+05
2.659030174269358977e+05
2.677509675978974556e+05
2.695049446641645627e+05
2.712142097814590088e+05
2.729179630241850391e+05
2.746432653796561062e+05
2.764053427370633581e+05
2.782091457070244942e+05
2.800511918717595981e+05
2.819211713013233384e+05
2.838032851516132359e+05
2.856775931660779170e+05
2.875216746650966816e+05
2.893127001810633228e+05
2.910297047170976875e+05
2.926556169014163315e+05
2.941785614207564504e+05
2.955921547854281962e+05
2.968948850647389190e+05
2.980890441111446708e+05
2.991798808181059430e+05
3.001755421631413628e+05
3.010879715795996017e+05
3.019343928754140506e+05
3.027385624235119903e+05
3.035308440427604946e+05
3.043464440817118739e+05
3.052217512613791041e+05
3.061894186203079880e+05
3.072733199321501888e+05
3.084846118120605825e+05
3.098198128413163358e+05
3.112612303644682397e+05
3.127794777501695207e+05
3.143374488309900626e+05
3.158950306011085631e+05
3.174139554920298979e+05
3.188623450058114249e+05
3.202185339833865291e+05
3.214736778556220233e+05
3.226325659580170177e+05
3.237121818185428274e+05
3.247379789587362902e+05
3.257385141161597567e+05
3.267397562118945643e+05
3.277607516004208010e+05
3.288121390476578381e+05
3.298982448840595316e+05
3.310223621183647192e+05
3.321936987819044734e+05
3.334337549167805118e+05
3.347798081457591034e+05
3.362837979016376194e+05
3.380060362948589027e+05
3.400045418743017945e+05
3.423220495607638732e+05
3.449735875982771395e+05
3.479377084683711291e+05
3.511539163086866611e+05
3.545276031974028447e+05
3.579421181002205121e+05
3.612758297367775231e+05
3.644206771833095700e+05
3.672981553333544289e+05
3.698691897572423331e+05
3.721358473008566652e+05
3.741349150385704124e+05
3.759254515285370871e+05
3.775738367408274789e+05
3.791401851113366429e+05
3.806691685259743244e+05
3.821866512468112633e+05
3.837016758696320467e+05
3.852119110428510467e+05
3.867101152392933145e+05
3.881895417398343561e+05
3.896471869930109824e+05
3.910848468009727658e+05
3.925086320996484719e+05
3.939277192019360373e+05
3.953528038206304191e+05
3.967943319123591646e+05
3.982604133746472071e+05
3.997545006930625532e+05
4.012732905011722469e+05
4.028055886706574238e+05
4.043328198845974403e+05
4.058314162445660913e+05
4.072766791422855458e+05
4.086471919920573127e+05
4.099287232807422406e+05
4.111168431741076056e+05
4.122179949623344000e+05
4.132492164540800150e+05
4.142368716906088521e+05
4.152146137567004189e+05
4.162205460318445112e+05
4.172934467043734621e+05
4.184681280473215156e+05
4.197704577979924507e+05
4.212130233173437882e+05
4.227925742971643340e+05
4.244900743051897734e+05
4.262734984004271100e+05
4.281027115784343332e+05
4.299351931081845541e+05
4.317312690368681215e+05
4.334578931752619683e+05
4.350906711456906050e+05
4.366144391120983055e+05
4.380230251771034673e+05
4.393187510006377124e+05
4.405118964608977549e+05
4.416200014564313460e+05
4.426667444292124128e+05
4.436802872369082761e+05
4.446912821139306179e+05
4.457309543779065716e+05
4.468296066804148140e+05
4.480155291592422873e+05
4.493138559296992607e+05
4.507446980577653740e+05
4.523201313364105881e+05
4.540402968626636430e+05
4.558896834565024474e+05
4.578351712476884713e+05
4.598272906649961951e+05
4.618053428046723129e+05
4.637058168869069777e+05
4.654724093909040093e+05
4.670653493902079063e+05
4.684678811537742149e+05
4.696885474479250261e+05
4.707590164307366358e+05
4.717282068519711611e+05
4.726541194225621293e+05
4.735950118597866385e+05
4.746014579529919429e+05
4.757105428166483180e+05
4.769430361722745001e+05
4.783038409979178105e+05
4.797853256015208899e+05
4.813724108238065382e+05
4.830477400665235473e+05
4.847951976220889483e+05
4.866006227564853616e+05
4.884496783666574047e+05
4.903240705728657194e+05
4.921981482560551958e+05
4.940379371739853523e+05
4.958038199921670603e+05
4.974566848360177246e+05
4.989659924231243203e+05
5.003173969312931295e+05
5.015175869422570686e+05
5.025948287909760838e+05
5.035949519036095589e+05
5.045737626938716276e+05
5.055877340129406657e+05
5.066851018397554290e+05
5.078992216130307643e+05
5.092453475257306709e+05
5.107211149387777550e+05
5.123101435255091637e+05
5.139875189996018889e+05
5.157255904500249308e+05
5.174986124530071393e+05
5.192852516660659458e+05
5.210687405032981769e+05
5.228352669644586858e+05
5.245717677846574225e+05
5.262644271013030084e+05
5.278988158987638308e+05
5.294618771469725762e+05
5.309451561151486821e+05
5.323481108892700868e+05
5.336802214032564079e+05
5.349609619404522236e+05
5.362173494828655384e+05
5.374794806926224846e+05
5.387750066067168955e+05
5.401237557712158887e+05
5.415337042281482136e+05
5.429992645735936239e+05
5.445024827852369053e+05
5.460172150421898114e+05
5.475157231544528622e+05
5.489764410943689290e+05
5.503910859264195897e+05
5.517690562218875857e+05
5.531374137043920346e+05
5.545357630221963627e+05
5.560068435049687978e+05
5.575851579292061506e+05
5.592868844286223175e+05
5.611041771408495260e+05
5.630056784321869491e+05
5.649430553403601516e+05
5.668614064519202802e+05
5.687102525241550757e+05
5.704519612543476978e+05
5.720657391344476491e+05
5.735471356533711078e+05
5.749045490381889977e+05
5.761548968632903416e+05
5.773202685741742607e+05
5.784263255289695226e+05
5.795020366542428965e+05
5.805795845123261679e+05
5.816932341660878155e+05
5.828765646067095222e+05
5.841583837159936083e+05
5.855584427935839631e+05
5.870843789885108126e+05
5.887310059528287966e+05
5.904822702701258240e+05
5.923152259212122299e+05
5.942046538572378922e+05
5.961267749217336532e+05
5.980609505440295907e+05
5.999891504601017805e+05
6.018939168721616734e+05
6.037561719199558720e+05
6.055542509308992885e+05
6.072650019487033132e+05
6.088669189901395002e+05
6.103444428579418454e+05
6.116920977372861234e+05
6.129171851449632086e+05
6.140402554989082273e+05
6.150932789961843519e+05
6.161160532514159568e+05
6.171517100277021527e+05
6.182421707473387942e+05
6.194241552464979468e+05
6.207260496340492973e+05
6.221657375612042379e+05
6.237494419005396776e+05
6.254716458797063679e+05
6.273161453929480631e+05
6.292581448523266008e+05
6.312670678105823463e+05
6.333095339548893971e+05
6.353519097422781633e+05
6.373620507219587453e+05
6.393102549493752886e+05
6.411698458007029258e+05
6.429179797722706571e+05
6.445371163530421909e+05
6.460171602831115015e+05
6.473578088044816395e+05
6.485703505421818700e+05
6.496781981447894359e+05
6.507157484340975061e+05
6.517255823945124866e+05
6.527543711027884856e+05
6.538480675805889769e+05
6.550470667732515140e+05
6.563820576550480910e+05
6.578712582499282435e+05
6.595195261415656423e+05
6.613194004624203080e+05
6.632535240934818285e+05
6.652973691426817095e+05
6.674210762936752290e+05
6.695897177471790928e+05
6.717622861182030756e+05
6.738907508759621996e+05
6.759210358961202437e+05
6.777973730816305615e+05
6.794702300997973653e+05
6.809063983404563041e+05
6.820985770434789592e+05
6.830714725619789679e+05
6.838821969755870523e+05
6.846142785128065152e+05
6.853662909857843770e+05
6.862373956962588709e+05
6.873126474896498257e+05
6.886507444711009739e+05
6.902762134487970034e+05
6.921770904046001378e+05
6.943081841860688291e+05
6.965991214477227768e+05
6.989656370010368992e+05
7.013220782896333840e+05
7.035929341281247325e+05
7.057214524710733676e+05
7.076740764560038224e+05
7.094403817662843503e+05
7.110292132018470438e+05
7.124625182887102710e+05
7.137687295239222003e+05
7.149773579200730892e+05
7.161158152351019671e+05
7.172086268686861731e+05
7.182784430162056815e+05
7.193478477081942838e+05
7.204409793646393809e+05
7.215842974744766252e+05
7.228062314937895862e+05
7.241357295464988565e+05
7.255998267463096417e+05
7.272203775619800435e+05
7.290102127930393908e+05
7.309692765571059426e+05
7.330816732681089779e+05
7.353147485035938444e+05
7.376210769733823836e+05
7.399434701421350474e+05
7.422220891337062931e+05
7.444019308164063841e+05
7.464388044377914630e+05
7.483025873420481803e+05
7.499777504052247386e+05
7.514622562709514750e+05
7.527663394733848982e+05
7.539121325312409317e+05
7.549339120407432783e+05
7.558776216388139874e+05
7.567980181825745385e+05
7.577525993914905703e+05
7.587930864846842596e+05
7.599568361117937602e+05
