6.112037424262268469e+05
6.098901937683670549e+05
6.087267423408072209e+05
6.076646069740263047e+05
6.066457274318690179e+05
6.056143862323621288e+05
6.045272716367025860e+05
6.033597095796454232e+05
6.021071589395744959e+05
6.007825487897377461e+05
5.994110396014675498e+05
5.980239775595965330e+05
5.966532671958773863e+05
5.953265548225438688e+05
5.940630385720888153e+05
5.928697373842404922e+05
5.917385977904950269e+05
5.906454657390433131e+05
5.895521566440645838e+05
5.884122858909821371e+05
5.871802713655169355e+05
5.858215077260382241e+05
5.843208343227434671e+05
5.826865924085174920e+05
5.809488525517223170e+05
5.791523327567900997e+05
5.773463404468215303e+05
5.755750035378364846e+05
5.738707227616441669e+05
5.722523357304011006e+05
5.707275583924317034e+05
5.692976773153713439e+05
5.679618561552636093e+05
5.667189975341212703e+05
5.655665502670878777e+05
5.644972819326993776e+05
5.634960985902900575e+05
5.625390137345413677e+05
5.615953610414203722e+05
5.606327999354037456e+05
5.596233156250355532e+05
5.585479033306696219e+05
5.573981886988779297e+05
5.561746018411535770e+05
5.548822430488439277e+05
5.535265423129316187e+05
5.521107867456001695e+05
5.506366093727380503e+05
5.491070778354929062e+05
5.475307652326598763e+05
5.459246745707744267e+05
5.443143078929996118e+05
5.427302966169691645e+05
5.412023476756119635e+05
5.397522852994059213e+05
5.383883341232319362e+05
5.371024285861549433e+05
5.358714330979593797e+05
5.346620484999653418e+05
5.334382080972128315e+05
5.321691865489785559e+05
5.308365682649314404e+05
5.294386084932039957e+05
5.279912101162936306e+05
5.265255107504654443e+05
5.250827157302874839e+05
5.237071856841025874e+05
5.224388707008947968e+05
5.213060670026810840e+05
5.203193083397517330e+05
5.194671218290050747e+05
5.187144009728307719e+05
5.180041638486135635e+05
5.172632686870812322e+05
5.164120806249353336e+05
5.153771221308007953e+05
5.141046404016293236e+05
5.125722205529371276e+05
5.107954986415275489e+05
5.088278920968652237e+05
5.067529035238837823e+05
5.046704612771844259e+05
5.026802917452507536e+05
5.008659652919663931e+05
4.992828547806002898e+05
4.979520108788135112e+05
4.968603666944607976e+05
4.959662544400509796e+05
4.952083223024451872e+05
4.945157147071347572e+05
4.938177282232103171e+05
4.930518307671713992e+05
4.921696351260481169e+05
4.911408972802420612e+05
4.899557387304508011e+05
4.886251121692265733e+05
4.871792401752123260e+05
4.856636306356305140e+05
4.841325246132354368e+05
4.826402875933357282e+05
4.812320964626694331e+05
4.799359134057924966e+05
4.787577922962735174e+05
4.776818635957534425e+05
4.766750553212472005e+05
4.756951914152120589e+05
4.747001264617328998e+05
4.736554275934915640e+05
4.725388456101565389e+05
4.713410937146234210e+05
4.700637225761946174e+05
4.687156393438882660e+05
4.673098346690965700e+05
4.658612789154328057e+05
4.643861061043451191e+05
4.629015466169237043e+05
4.614258597705357824e+05
4.599777537237391807e+05
4.585752386944168829e+05
4.572342387546777609e+05
4.559673734009319451e+05
4.547830880478277104e+05
4.536849252373322379e+05
4.526704412480689934e+05
4.517292998693963164e+05
4.508404785208616522e+05
4.499691739819991635e+05
4.490646254608564777e+05
4.480603778541692300e+05
4.468782754833876388e+05
4.454366769889889983e+05
4.436621951371445903e+05
4.415030330573917599e+05
4.389411121198427281e+05
4.359999987683053478e+05
4.327462864108851645e+05
4.292834704947422724e+05
4.257391222507184139e+05
4.222478176162881427e+05
4.189333130260446342e+05
4.158935550885702833e+05
4.131912430234476924e+05
4.108511267692936817e+05
4.088635290152266389e+05
4.071922550816598814e+05
4.057844499593401561e+05
4.045801300624896539e+05
4.035198322870310512e+05
4.025497147027893807e+05
4.016241776443935232e+05
4.007064867447018623e+05
3.997680027825520374e+05
3.987866074508861057e+05
3.977449015339086181e+05
3.966287800243606907e+05
3.954269763880701503e+05
3.941319864294403233e+05
3.927423618765755091e+05
3.912657748194166925e+05
3.897217069094183971e+05
3.881423792898638640e+05
3.865708045860572020e+05
3.850556171055105515e+05
3.836434018011040171e+05
3.823702163274273626e+05
3.812544926485682372e+05
3.802932836145174806e+05
3.794629253979190253e+05
3.787239253032101551e+05
3.780287060698255664e+05
3.773301482179455925e+05
3.765888705947056878e+05
3.757778053098681266e+05
3.748835720760229742e+05
3.739050774580205907e+05
3.728503658307329169e+05
3.717329035575461457e+05
3.705682362573641003e+05
3.693714975002984283e+05
3.681557852812286583e+05
3.669311398357975413e+05
3.657038331085513346e+05
3.644758749994870741e+05
3.632449133489926462e+05
3.620048758053169004e+05
3.607476403938063886e+05
3.594657078136461787e+05
3.581553904458989273e+05
3.568196232625294942e+05
3.554693343341241707e+05
3.541225023729658569e+05
3.528005680198754417e+05
3.515226280534541002e+05
3.502986202253018855e+05
3.491232647045277990e+05
3.479726565346792340e+05
3.468049798639334040e+05
3.455658649760111584e+05
3.441976439540776773e+05
3.426505506498910836e+05
3.408931785861671087e+05
3.389195662594465539e+05
3.367511667908517411e+05
3.344334018077310757e+05
3.320279927370795049e+05
3.296032789630753105e+05
3.272249474786907667e+05
3.249490242012323579e+05
3.228179337704288191e+05
3.208593860863195732e+05
3.190871834527431056e+05
3.175029179797515390e+05
3.160978372571137734e+05
3.148546240713697043e+05
3.137491863205297850e+05
3.127526426599788247e+05
3.118335529464885476e+05
3.109602374302006792e+05
3.101029193352253060e+05
3.092354822353537893e+05
3.083368013419470517e+05
3.073917561976263532e+05
3.063920495716288569e+05
3.053368259733513114e+05
3.042328908344538067e+05
3.030942141723564127e+05
3.019404588140497799e+05
3.007945028470516554e+05
2.996792305288472562e+05
2.986141070137763745e+05
2.976121293637049966e+05
2.966776473512338125e+05
2.958053449998230208e+05
2.949804723313421709e+05
2.941802871790207573e+05
2.933766065740017802e+05
2.925393108356806915e+05
2.916405171910794452e+05
2.906589254795003217e+05
2.895836077081511030e+05
2.884164035612638108e+05
2.871722251127859927e+05
2.858770010019988986e+05
2.845635965661457740e+05
2.832666120179895079e+05
2.820172516247668536e+05
2.808393455022739363e+05
2.797471455428706831e+05
2.787449225506470539e+05
2.778279282481217524e+05
2.769841288131363690e+05
2.761962606599990977e+05
2.754440327962500160e+05
2.747064782089365763e+05
2.739644037059585098e+05
2.732026426091123139e+05
2.724115662675657077e+05
2.715872762990863412e+05
2.707301867666797480e+05
2.698422373746492667e+05
2.689235313046087977e+05
2.679695134009210742e+05
2.669697461587044527e+05
2.659089178846930154e+05
2.647700845435759984e+05
2.635395128608462983e+05
2.622120314722140902e+05
2.607956030803414760e+05
2.593139197929854854e+05
2.578061616055550112e+05
2.563235815936126746e+05
2.549232055871547200e+05
2.536595501524913707e+05
2.525757467090169666e+05
2.516956973124847864e+05
2.510188074633151118e+05
2.505184397076705354e+05
2.501445793448263139e+05
2.498304302647350705e+05
2.495019254817114270e+05
2.490885994361063931e+05
2.485340435399525741e+05
2.478042979484005482e+05
2.468929787194868550e+05
2.458225771526035969e+05
2.446420283266709885e+05
2.434211693470035098e+05
2.422429980358705798e+05
2.411946928853788995e+05
2.403582355516599782e+05
2.398012932945773937e+05
2.395688624712825695e+05
2.396760950803796877e+05
2.401027345974501222e+05
2.407896532704913407e+05
2.416380739875523723e+05
2.425121234966754564e+05
2.432453254356649413e+05
2.436514105510950321e+05
2.435393246478343208e+05
2.427315518488952075e+05
2.410839609389705583e+05
2.385045673228389642e+05
2.349681834031081235e+05
2.305241522982095485e+05
2.252952970027356350e+05
2.194677064157886198e+05
2.132726545595752541e+05
2.069633629605224414e+05
2.007901043666284531e+05
1.949771556569075910e+05
1.897044334740352060e+05
1.850955633899809909e+05
1.812129701376674348e+05
1.780595889303783479e+05
1.755861080765835068e+05
1.737022614131934242e+05
1.722905346918069408e+05
1.712206706623290956e+05
1.703635143728775438e+05
1.696030059940350184e+05
1.688454644717479532e+05
1.680256546263537020e+05
1.671094375400796125e+05
1.660930452507459268e+05
1.649992176980244112e+05
1.638706435607364401e+05
1.627613972182401048e+05
1.617273518760133884e+05
1.608168016827315441e+05
1.600626322211489896e+05
1.594772389306658297e+05
1.590509712189122511e+05
1.587542373646505584e+05
1.585426939757345826e+05
1.583643611081921845e+05
1.581672207189657784e+05
1.579059456267977657e+05
1.575468106094832183e+05
1.570703893952900544e+05
1.564721394486393547e+05
1.557612766516390839e+05
1.549584176120338961e+05
1.540924020267392916e+05
1.531966270191582153e+05
1.523052125446369173e+05
1.514493651892432827e+05
1.506543402295246196e+05
1.499373392417667201e+05
1.493065058851806389e+05
1.487609583257782797e+05
1.482916247710798343e+05
1.478826024131955637e+05
1.475128387007945566e+05
1.471580646653813019e+05
1.467929959194663679e+05
1.463937944748385053e+05
1.459406575922652555e+05
1.454202331727813871e+05
1.448274430521067407e+05
1.441662942094065074e+05
1.434493934962857747e+05
1.426961228473541269e+05
1.419297135001281276e+05
1.411737049038493715e+05
1.404484251435943879e+05
1.397681488555317919e+05
1.391394682203170378e+05
1.385611710458456946e+05
1.380255985811825667e+05
1.375211175735752913e+05
1.370350669738167489e+05
1.365564144483518321e+05
1.360774430663028324e+05
1.355940885797726223e+05
1.351049874383643328e+05
1.346097301030253002e+05
1.341070778586550150e+05
1.335938808871814981e+05
1.330651301702388446e+05
1.325151093307036499e+05
1.319391816283392545e+05
1.313355305280155444e+05
1.307062447756241745e+05
1.300574406430714444e+05
1.293984876481443644e+05
1.287406804391256301e+05
1.280957810670571926e+05
1.274747532272853714e+05
1.268868175538688083e+05
1.263387887228102336e+05
1.258345830146374064e+05
1.253748134751710022e+05
1.249564725284203159e+05
1.245727813041035406e+05
1.242133252509507147e+05
1.238645910745122092e+05
1.235109816124335630e+05
1.231363226838246919e+05
1.227257911456740985e+05
1.222680879335185746e+05
1.217575667980502330e+05
1.211959374322914664e+05
1.205931274006292369e+05
1.199669416404425283e+05
1.193413147544010571e+05
1.187431998452370171e+05
1.181984425202288694e+05
1.177272879781248921e+05
1.173403797483266826e+05
1.170361442818199430e+05
1.168002586949285615e+05
1.166074769409895962e+05
1.164255336821740930e+05
1.162203135266658355e+05
1.159611386423767253e+05
1.156250079759968503e+05
1.151989279886167205e+05
1.146800053446816019e+05
1.140735504727677180e+05
1.133898886758122826e+05
1.126407781705730449e+05
1.118362765755389555e+05
1.109826519813800405e+05
1.100816175371844292e+05
1.091308810657206050e+05
1.081257915209968342e+05
1.070617224969583040e+05
1.059367233829640318e+05
1.047538741299290414e+05
1.035227316334670177e+05
1.022593255485576374e+05
1.009844116077905201e+05
9.972011624197229685e+04
9.848560381328292715e+04
9.729278945613384712e+04
9.614323108265455812e+04
9.502708085089205997e+04
9.392442313639044005e+04
9.280866687022891711e+04
9.165113653636703384e+04
9.042579819290658634e+04
8.911320346918440191e+04
8.770312327509305032e+04
8.619577392303619126e+04
8.460182668156154978e+04
8.294145649614516879e+04
8.124257931162370369e+04
7.953829414257015742e+04
7.786353262152614479e+04
7.625108877765192301e+04
7.472749791379139060e+04
7.330950666276660922e+04
7.200196411015347985e+04
7.079777447699217009e+04
6.968011143995227758e+04
6.862653659813677950e+04
6.761417353456847195e+04
6.662482338426056958e+04
6.564894475154635438e+04
6.468773471342822450e+04
6.375302864989868976e+04
6.286523466443886718e+04
6.204989531654359598e+04
6.133364256757234398e+04
6.074027525630474702e+04
6.028750537973139581e+04
5.998468888232475729e+04
5.983166675009561732e+04
5.981873242378641589e+04
5.992769175896774686e+04
6.013393425835455855e+04
6.040933645128036005e+04
6.072566155358710967e+04
6.105795215985488176e+04
6.138731840977470711e+04
6.170257820079430530e+04
6.200043323074631917e+04
6.228422032801790192e+04
6.256166205349838128e+04
6.284233808257947385e+04
6.313572061264837248e+04
6.345052881221805728e+04
6.379588083579133672e+04
6.418431382344547455e+04
6.463626675422419066e+04
6.518513446221002960e+04
6.588155990280593687e+04
6.679531737124685606e+04
6.801307933116715867e+04
6.963071479809733864e+04
7.173966830479614146e+04
7.440841111142160662e+04
7.766170482403360074e+04
8.146198431328716106e+04
8.569792128212396346e+04
9.018463304286588391e+04
9.467788299498666311e+04
9.890136276434207684e+04
1.025826530492477905e+05
1.054908673836107191e+05
1.074682216198669048e+05
1.084491691973648121e+05
1.084638602070385095e+05
1.076264847302016133e+05
1.061123362539031805e+05
1.041292696111561672e+05
1.018893336225183157e+05
9.958506730824765691e+04
9.737298203938624647e+04
9.536485778277531790e+04
9.362614050273224711e+04
9.218004743095283629e+04
9.101578710070205852e+04
9.009930458519948297e+04
8.938497420594943105e+04
8.882665237051657459e+04
8.838657747006154386e+04
8.804089968471582688e+04
8.778120356805523625e+04
8.761218010317254812e+04
8.754642383750285080e+04
8.759793935191001219e+04
8.777615004951454466e+04
8.808194025545741897e+04
8.850660377598514606e+04
8.903371295278337493e+04
8.964311061600176618e+04
9.031568673220867640e+04
9.103746476507464831e+04
9.180179999762715306e+04
9.260907880977269087e+04
9.346402524316302151e+04
9.437137197899897001e+04
9.533107563077630766e+04
9.633436241657330538e+04
9.736167737019041670e+04
9.838315164646813355e+04
9.936162007686881407e+04
1.002576512400360079e+05
1.010356146445033810e+05
1.016695860030705808e+05
1.021479160179648752e+05
1.024755463251000619e+05
1.026735919586058881e+05
1.027762357413832215e+05
1.028254936910234974e+05
1.028648117209223128e+05
1.029326634148831654e+05
1.030572937640842429e+05
1.032534984371611063e+05
1.035218956355881528e+05
1.038506332013148349e+05
1.042189960375964583e+05
1.046020506819138245e+05
1.049753584423809953e+05
1.053189152017004380e+05
1.056197756459579105e+05
1.058731857340793213e+05
1.060823655701607931e+05
1.062572759450087615e+05
1.064127469141561887e+05
1.065662869399605115e+05
1.067358003506698878e+05
1.069373861667915917e+05
1.071833986259715166e+05
1.074809923002638825e+05
1.078313909210514394e+05
1.082300512588475540e+05
1.086677275177410193e+05
1.091322238820158091e+05
1.096104410951882455e+05
1.100902610883392481e+05
1.105619037374416366e+05
1.110185918057752278e+05
1.114565825525652035e+05
1.118747741188656510e+05
1.122741253627448314e+05
1.126570590238870354e+05
1.130269158172132011e+05
1.133874598774320184e+05
1.137424363079760515e+05
1.140952332860379393e+05
1.144487569323228090e+05
1.148056408967367170e+05
1.151688661155528825e+05
1.155427762684522022e+05
1.159343802950375102e+05
1.163547738912961213e+05
1.168205058321682009e+05
1.173547514197887940e+05
1.179881982954624254e+05
1.187595534840704058e+05
1.197155113346455328e+05
1.209098811450345092e+05
1.224014114241722855e+05
1.242497631349444709e+05
1.265091961054662243e+05
1.292199312367189996e+05
1.323978374249293411e+05
1.360239360363074520e+05
1.400359598448872857e+05
1.443245296046221629e+05
1.487361583129868959e+05
1.530841805532532162e+05
1.571670100031631300e+05
1.607912725086890860e+05
1.637958908310762781e+05
1.660725995380996610e+05
1.675788973280451901e+05
1.683410098028461798e+05
1.684466205066137773e+05
1.680293195482588781e+05
1.672483158906241588e+05
1.662675703010138823e+05
1.652380672716658155e+05
1.642857113794025208e+05
1.635057573762639367e+05
1.629632286381158337e+05
1.626977656920962036e+05
1.627308795002191328e+05
1.630735844861378137e+05
1.637326959255553083e+05
1.647145628575601731e+05
1.660256109170188429e+05
1.676697708035270334e+05
1.696436155908731162e+05
1.719306830554364133e+05
1.744968047769536788e+05
1.772881116141331149e+05
1.802326913355128490e+05
1.832458158991395030e+05
1.862375970179600117e+05
1.891212744057754462e+05
1.918203471809766779e+05
1.942733968650448078e+05
1.964364096750197350e+05
1.982832420336211508e+05
1.998052294502936129e+05
2.010107202193231788e+05
2.019247203394172247e+05
2.025882302252821100e+05
2.030565622407069604e+05
2.033960699521297065e+05
2.036791764001764823e+05
2.039781085862937325e+05
2.043581083130475017e+05
2.048710166402960604e+05
2.055500800936511077e+05
2.064067038333590608e+05
2.074297217994864332e+05
2.085875170680676238e+05
2.098329314379061980e+05
2.111103541084316676e+05
2.123638148266605276e+05
2.135445614946552378e+05
2.146166788836986525e+05
2.155598437744111870e+05
2.163691397410376230e+05
2.170526554291771317e+05
2.176280550837113115e+05
2.181192879450063920e+05
2.185541649942342483e+05
2.189629217775217257e+05
2.193773923386178794e+05
2.198302342009095883e+05
2.203537881656518439e+05
2.209784926399244287e+05
2.217310953811193467e+05
2.226330528207400930e+05
2.236994307665676170e+05
2.249383932934326876e+05
2.263511269979880599e+05
2.279319196777156321e+05
2.296681491387256247e+05
2.315401108678599121e+05
2.335208419084186316e+05
2.355762907122189354e+05
2.376662650881699519e+05
2.397465174481519207e+05
2.417720877192933112e+05
2.437016558734020509e+05
2.455022538566646108e+05
2.471533960942310514e+05
2.486496541839237616e+05
2.500009946855769376e+05
2.512307541187564493e+05
2.523717474780525663e+05
2.534614527399510553e+05
2.545373137323553965e+05
2.556329494056512485e+05
2.567756043523582921e+05
2.579847511853595497e+05
2.592715326765022473e+05
2.606387419822084485e+05
2.620811802991939476e+05
2.635863548800538410e+05
2.651354995597357047e+05
2.667048401400506846e+05
2.682669890467593796e+05
2.697924198482498177e+05
2.712511263810065575e+05
2.726146961839517462e+05
2.738589868865117314e+05
2.749673402823020006e+05
2.759339018844114034e+05
2.767663360420866520e+05
2.774872196843164274e+05
2.781337002395890886e+05
2.787554746198324137e+05
2.794115437694388675e+05
2.801663215255956165e+05
2.810854914102545590e+05
2.822316594577168580e+05
2.836595904000777518e+05
2.854108375979351113e+05
2.875079261261556530e+05
2.899487874290633481e+05
2.927026294982479885e+05
2.957086222225070233e+05
2.988785506519126357e+05
3.021039496977233794e+05
3.052673174094289425e+05
3.082560216321179178e+05
3.109767033255427377e+05
3.133675600606895750e+05
3.154060296819607029e+05
3.171101450771460077e+05
3.185330981490873382e+05
3.197520603265236132e+05
3.208536552073436906e+05
3.219192547445198870e+05
3.230132096160185756e+05
3.241762284876832273e+05
3.254246719124116353e+05
3.267549831740396912e+05
3.281512991597729269e+05
3.295937646695966832e+05
3.310652676522271358e+05
3.325550624083933653e+05
3.340587808855043841e+05
3.355753690397117753e+05
3.371023026150069200e+05
3.386308824500006740e+05
3.401433945714586880e+05
3.416134231806632597e+05
3.430096992896016454e+05
3.443027545694208820e+05
3.454726456220108666e+05
3.465154713727349299e+05
3.474465773704339517e+05
3.482992412510628346e+05
3.491189911715942435e+05
3.499550442049420672e+05
3.508511729163441341e+05
3.518383312534973957e+05
3.529306465824586921e+05
3.541252633876192849e+05
3.554054708930927445e+05
3.567459116278009024e+05
3.581185385022141272e+05
3.594982028547771042e+05
3.608670565516388742e+05
3.622171675298319897e+05
3.635508965135199251e+05
3.648788161772338790e+05
3.662154064464521944e+05
3.675733956908512628e+05
3.689582013337050448e+05
3.703641361377730500e+05
3.717736838881858275e+05
3.731602689112760127e+05
3.744938674065524829e+05
3.757479584608763107e+05
3.769059991135436576e+05
3.779658826729123248e+05
3.789415043208825518e+05
3.798613067196484772e+05
3.807642706486582756e+05
3.816941723157997476e+05
3.826931030275676749e+05
3.837953165869700024e+05
3.850224449500081828e+05
3.863809361385501106e+05
3.878621529856248526e+05
3.894449579333776492e+05
3.910999665123272571e+05
3.927942292308228789e+05
3.944951007423331030e+05
3.961725108456152957e+05
3.977995896360608749e+05
3.993523042369970353e+05
4.008091289082182338e+05
4.021516421719014179e+05
4.033664023890229873e+05
4.044477641260342789e+05
4.054007811327348463e+05
4.062432100147689926e+05
4.070058891835188842e+05
4.077312396314043435e+05
4.084700671373833320e+05
4.092770693049348774e+05
4.102054656845112913e+05
4.113011229642142425e+05
4.125966138963427511e+05
4.141058880143520655e+05
4.158205240529859439e+05
4.177086367216617218e+05
4.197172144934055978e+05
4.217779474222123390e+05
4.238156838502428727e+05
4.257579052147362963e+05
4.275433658005660400e+05
4.291284238166471478e+05
4.304904106955023017e+05
4.316282574154748581e+05
4.325611262544754427e+05
4.333257980516257230e+05
4.339731619264786714e+05
4.345637062445664778e+05
4.351617998271026299e+05
4.358289483698743861e+05
4.366169363665264682e+05
4.375623701634013560e+05
4.386841492787752650e+05
4.399846096470952034e+05
4.414537473899312317e+05
4.430746597531009465e+05
4.448278122542899218e+05
4.466923243198319688e+05
4.486439704522496322e+05
4.506513282840534230e+05
4.526726127691753791e+05
4.546556447518846253e+05
4.565421310878678341e+05
4.582755860002516420e+05
4.598106702680882881e+05
4.611211555252157850e+05
4.622043120183294523e+05
4.630808907471290440e+05
4.637913359427394462e+05
4.643897966694844072e+05
4.649376375168109080e+05
4.654976298668322852e+05
4.661292527016371023e+05
4.668849639051455888e+05
4.678071321685467265e+05
4.689254934135398944e+05
4.702552859653428313e+05
4.717963827205396956e+05
4.735336549913826166e+05
4.754385208581702900e+05
4.774713241598808672e+05
4.795840500944177620e+05
4.817230086369437631e+05
4.838314515891252668e+05
4.858524399163412163e+05
4.877324107968187309e+05
4.894256655511888675e+05
4.908994590148674906e+05
4.921387626011478715e+05
4.931494283737004152e+05
4.939586422290860792e+05
4.946122283170284936e+05
4.951692979608667083e+05
4.956955187084045610e+05
4.962565578788970015e+05
4.969129071306976839e+05
4.977164945458016591e+05
4.987086280673051369e+05
4.999183081030654721e+05
5.013600493343585404e+05
5.030310269147639628e+05
5.049082964714883128e+05
5.069475689367461600e+05
5.090851406818500254e+05
5.112439186430072878e+05
5.133432108681072132e+05
5.153105426429372746e+05
5.170927877532828716e+05
5.186638153322254657e+05
5.200267392418049858e+05
5.212104058162578149e+05
5.222613769864534843e+05
5.232337577211704920e+05
5.241794359268617700e+05
5.251407006188924424e+05
5.261461619565234287e+05
5.272099044685777044e+05
5.283332080303231487e+05
5.295080267805731855e+05
5.307215255584332626e+05
5.319610568675763207e+05
5.332188592312316177e+05
5.344955365761931753e+05
5.358012825692170300e+05
5.371540984248548048e+05
5.385749973035460571e+05
5.400812050304142758e+05
5.416792570985418279e+05
5.433602292340972926e+05
5.450988838607124053e+05
5.468573535782590043e+05
5.485925145035817986e+05
5.502649781626160257e+05
5.518471171200919198e+05
5.533279179883679608e+05
5.547135506693541538e+05
5.560239111457219115e+05
5.572865257614629809e+05
5.585297340110547375e+05
5.597769087215047330e+05
5.610428155186466174e+05
5.623323991156418342e+05
5.636416385000427254e+05
5.649598128586204257e+05
5.662725449107047170e+05
5.675651715010853950e+05
5.688261320837896783e+05
5.700500468582462054e+05
5.712400090541400714e+05
5.724084984667699318e+05
5.735764205217842245e+05
5.747701702107556630e+05
5.760172154754325747e+05
5.773412371347543085e+05
5.787580739385455381e+05
5.802734619081341662e+05
5.818829217595719965e+05
5.835734277784241131e+05
5.853260138597792247e+05
5.871184186579000670e+05
5.889271834194409894e+05
5.907290514676732710e+05
5.925018190058083273e+05
5.942248415290400153e+05
5.958792963052501436e+05
5.974482337929490022e+05
5.989165536182316719e+05
6.002712664540956030e+05
6.015025411165794358e+05
6.026058654906779993e+05
6.035851250643990934e+05
6.044557373269485543e+05
6.052465532299361657e+05
6.059993663105900632e+05
6.067655927681450266e+05
6.076006941355903400e+05
6.085577074559055036e+05
6.096814184423589613e+05
6.110041938531643245e+05
6.125436033981790533e+05
6.143012352752588922e+05
6.162619583007287001e+05
6.183933627124320483e+05
6.206458845613502199e+05
6.229546608457830735e+05
6.252440745576254558e+05
6.274351884374762885e+05
6.294551696067418670e+05
6.312468977672926849e+05
6.327766569358821725e+05
6.340382601658742642e+05
6.350529338055772241e+05
6.358653733435116010e+05
6.365371684587781783e+05
6.371390622962670168e+05
6.377432957635901403e+05
6.384168220948758535e+05
6.392157440941745881e+05
6.401811184730886016e+05
6.413363038495453075e+05
6.426861509623220190e+05
6.442183283205907792e+05
6.459067965733824531e+05
6.477169164135376923e+05
6.496111083266689675e+05
6.515536776287825778e+05
6.535136055355374701e+05
6.554648078436576761e+05
6.573843445781811606e+05
6.592499216472308617e+05
6.610383582113792654e+05
6.627262967751906253e+05
6.642934176521678455e+05
6.657271938105830923e+05
6.670273330139247701e+05
6.682079435968353646e+05
6.692962428512537153e+05
6.703280007584507111e+05
6.713412654569364386e+05
6.723706064682682045e+05
6.734437821514559910e+05
6.745815225321131293e+05
6.757995982740103500e+05
6.771112703425644431e+05
6.785281212700445903e+05
6.800582066316457931e+05
6.817019669621882495e+05
6.834476630975671578e+05
6.852686012137213256e+05
