4.772366628145471332e+05
4.762286889073647908e+05
4.751333653512595920e+05
4.739751373059179168e+05
4.727851281803916208e+05
4.715960781748918816e+05
4.704375827407971956e+05
4.693323812268485199e+05
4.682940013115391484e+05
4.673255712265549228e+05
4.664193506830421975e+05
4.655566737845142488e+05
4.647084727913115639e+05
4.638370539667567937e+05
4.628999402196622686e+05
4.618561446458174032e+05
4.606742785867190687e+05
4.593408302419652464e+05
4.578663102063718834e+05
4.562871381649889518e+05
4.546621687061968842e+05
4.530642598173060105e+05
4.515686919303479954e+05
4.502410270862915204e+05
4.491269324895128375e+05
4.482457216666263994e+05
4.475882797416379908e+05
4.471190583815692808e+05
4.467812136940218625e+05
4.465037525267408928e+05
4.462096191005575820e+05
4.458238243256191490e+05
4.452808865434147301e+05
4.445309968070664909e+05
4.435444756136736250e+05
4.423142716733482084e+05
4.408564446912308922e+05
4.392087233508629724e+05
4.374273016408488620e+05
4.355820460119266063e+05
4.337502978685206617e+05
4.320095508714845637e+05
4.304295030199157191e+05
4.290642933086538687e+05
4.279460118421632214e+05
4.270806567897207569e+05
4.264474688329905039e+05
4.260019819115307764e+05
4.256823203848016565e+05
4.254175074340516003e+05
4.251361165095597971e+05
4.247736798770911410e+05
4.242778408013078151e+05
4.236110581987698097e+05
4.227513931436965358e+05
4.216922322228588746e+05
4.204416443557885941e+05
4.190215812933548004e+05
4.174666301603112370e+05
4.158218085418936680e+05
4.141390864327726886e+05
4.124728175871746498e+05
4.108747857424743706e+05
4.093898192453012452e+05
4.080527436497352901e+05
4.068869003620658186e+05
4.059038356896501500e+05
4.051033953710464993e+05
4.044735611488743452e+05
4.039899043233315460e+05
4.036152205235022120e+05
4.033003521983677056e+05
4.029871069997220766e+05
4.026135265076728538e+05
4.021208411355960416e+05
4.014607118821647018e+05
4.006011703237588517e+05
3.995301021213703207e+05
3.982559320428898791e+05
3.968059418836255209e+05
3.952230357153645018e+05
3.935616650620344444e+05
3.918832305905935355e+05
3.902509241566998535e+05
3.887239370075429324e+05
3.873512849301549140e+05
3.861659987659686594e+05
3.851807919894153019e+05
3.843863001296067378e+05
3.837525348716239678e+05
3.832334625317879254e+05
3.827738753150791163e+05
3.823172312410106533e+05
3.818130290061243577e+05
3.812225366827609832e+05
3.805221735291989753e+05
3.797043802902691532e+05
3.787762631195038557e+05
3.777565809084910434e+05
3.766717506223432720e+05
3.755515035883178934e+05
3.744247001252516056e+05
3.733156724031795748e+05
3.722413734013466164e+05
3.712095808742505033e+05
3.702184041030243970e+05
3.692572942467726534e+05
3.683095969149576267e+05
3.673563933310954017e+05
3.663810200423539500e+05
3.653733642944425810e+05
3.643329355612298823e+05
3.632698874008298153e+05
3.622035885795052163e+05
3.611589143844674109e+05
3.601609995588383172e+05
3.592296149698886438e+05
3.583744852940232377e+05
3.575926918201118824e+05
3.568688110249477904e+05
3.561777227243537782e+05
3.554892685936125927e+05
3.547733929609314073e+05
3.540042644222209346e+05
3.531622429779036320e+05
3.522333175525111728e+05
3.512065192601356539e+05
3.500704847093776334e+05
3.488105606239524786e+05
3.474075671523950296e+05
3.458387414926837664e+05
3.440807407281689811e+05
3.421141229883250198e+05
3.399285250639190199e+05
3.375277300664536306e+05
3.349338263487088261e+05
3.321896198191386648e+05
3.293584331154111424e+05
3.265205660086162388e+05
3.237661469864440733e+05
3.211848847637681756e+05
3.188541518593622604e+05
3.168275880903410143e+05
3.151266831816094927e+05
3.137374022944322787e+05
3.126128930208834936e+05
3.116819135081827408e+05
3.108612460312436451e+05
3.100694200379309477e+05
3.092388540551156620e+05
3.083241029740720987e+05
3.073050723874735413e+05
3.061854369209057768e+05
3.049876129200268188e+05
3.037461399077044334e+05
3.025011288609084440e+05
3.012927389015957597e+05
3.001568411235105013e+05
2.991215154096049955e+05
2.982040111710712081e+05
2.974082106504524709e+05
2.967231564634267124e+05
2.961234748186576180e+05
2.955723128811545903e+05
2.950267470223922282e+05
2.944447889328526799e+05
2.937924990259892074e+05
2.930495943874908262e+05
2.922123583923581755e+05
2.912934224195256829e+05
2.903187728211026988e+05
2.893228624258684576e+05
2.883428721792402794e+05
2.874130549743183656e+05
2.865598687897186610e+05
2.857984019920399878e+05
2.851304359380734968e+05
2.845443216561182053e+05
2.840166126529214089e+05
2.835151136887172470e+05
2.830027739978823811e+05
2.824417852402874269e+05
2.817973808904860052e+05
2.810411034187697805e+05
2.801535553566808812e+05
2.791267301816007821e+05
2.779658698063891497e+05
2.766904908346001175e+05
2.753339420580528677e+05
2.739408068439383060e+05
2.725617755994632607e+05
2.712462604286544956e+05
2.700338111934179324e+05
2.689460180312637822e+05
2.679807685552990879e+05
2.671103415931346244e+05
2.662839641644834192e+05
2.654344275712191011e+05
2.644875036907461472e+05
2.633724710293251555e+05
2.620320928439630952e+05
2.604307368987114460e+05
2.585597634580078884e+05
2.564396739384142857e+05
2.541187848212397366e+05
2.516684585241508612e+05
2.491752851907621953e+05
2.467310811585484189e+05
2.444220473524926056e+05
2.423187392711329740e+05
2.404684849868173769e+05
2.388914934698288562e+05
2.375811952429052035e+05
2.365085239204696554e+05
2.356290918152354134e+05
2.348917174512276833e+05
2.342466303213560604e+05
2.336519117665145895e+05
2.330772444372741738e+05
2.325046952463909402e+05
2.319268947682734288e+05
2.313434702770328440e+05
2.307568536569763091e+05
2.301685809051995166e+05
2.295769378983993083e+05
2.289763523211536813e+05
2.283584035391846264e+05
2.277138758492674096e+05
2.270350591848812182e+05
2.263175736534133903e+05
2.255613112035837839e+05
2.247704933891005639e+05
2.239531467051168438e+05
2.231203660780895443e+05
2.222855731614057731e+05
2.214637078874085855e+05
2.206701023361829575e+05
2.199188096493421181e+05
2.192204094917518669e+05
2.185796704817559512e+05
2.179937383357102517e+05
2.174515794599288784e+05
2.169351820589819981e+05
2.164225577407805831e+05
2.158920443705303769e+05
2.153269659439591633e+05
2.147195057221301831e+05
2.140727629812316736e+05
2.134003612432553491e+05
2.127235429527833476e+05
2.120662670374512381e+05
2.114492785654751642e+05
2.108843555892118893e+05
2.103699372857578273e+05
2.098891287402510643e+05
2.094107038793106622e+05
2.088932217395875778e+05
2.082917631978644058e+05
2.075661509842064697e+05
2.066889700569991546e+05
2.056514553898599115e+05
2.044655506644936104e+05
2.031612388760022877e+05
2.017794710118510120e+05
2.003623227944120299e+05
1.989429348305184103e+05
1.975379615803972702e+05
1.961445535225144122e+05
1.947425447785566212e+05
1.933009915514118329e+05
1.917870369265946210e+05
1.901746305692631286e+05
1.884509733818130044e+05
1.866194645436440478e+05
1.846990229484849842e+05
1.827205737804107775e+05
1.807220098107744125e+05
1.787430055375499069e+05
1.768207651436119340e+05
1.749872773210197920e+05
1.732681035438135732e+05
1.716822974518365518e+05
1.702428538802865951e+05
1.689571545440919872e+05
1.678271553271096782e+05
1.668494050564622739e+05
1.660152263491839112e+05
1.653114055488556623e+05
1.647215234621639538e+05
1.642277221306909341e+05
1.638124178709285625e+05
1.634593857643632800e+05
1.631538104384735634e+05
1.628812636673768575e+05
1.626259914303259575e+05
1.623692122941025009e+05
1.620882257841055107e+05
1.617569611809652706e+05
1.613482074393612857e+05
1.608372676891390001e+05
1.602063268948094919e+05
1.594485480452855700e+05
1.585709036007451650e+05
1.575950025362139277e+05
1.565556043731418904e+05
1.554969882629135100e+05
1.544677414295265626e+05
1.535147711283264216e+05
1.526774167090265255e+05
1.519824789777952246e+05
1.514408389109985728e+05
1.510461338150402298e+05
1.507756990300506295e+05
1.505936665092188050e+05
1.504557637537360715e+05
1.503150452123715950e+05
1.501276077441873203e+05
1.498573707068356161e+05
1.494792551393282483e+05
1.489805055154964793e+05
1.483603277556788235e+05
1.476283279998068756e+05
1.468023436279958405e+05
1.459061659565062728e+05
1.449674430821251590e+05
1.440158281461779843e+05
1.430812840535040596e+05
1.421924004346896836e+05
1.413746093543346506e+05
1.406482731709404616e+05
1.400267349954163656e+05
1.395145485870992416e+05
1.391062134094575886e+05
1.387857922043509025e+05
1.385277405187466356e+05
1.382991094065976795e+05
1.380630162600704643e+05
1.377829811223945871e+05
1.374274855654346466e+05
1.369740039202292101e+05
1.364118167168911896e+05
1.357431286806798889e+05
1.349823260324668081e+05
1.341535502578132146e+05
1.332870671205249382e+05
1.324151079608109430e+05
1.315679086782356899e+05
1.307705526586945198e+05
1.300409646622329165e+05
1.293890817474835494e+05
1.288169556184404064e+05
1.283194176592037838e+05
1.278850002103500592e+05
1.274970030298896600e+05
1.271348006905086950e+05
1.267755756213824061e+05
1.263965671987481473e+05
1.259776874929900223e+05
1.255040923496412433e+05
1.249681555689699308e+05
1.243703602004597487e+05
1.237188787203714455e+05
1.230279562246754940e+05
1.223154971369336854e+05
1.216003829577444412e+05
1.208999964547870622e+05
1.202282595003178576e+05
1.195943102068615990e+05
1.190018328179791570e+05
1.184490311749424000e+05
1.179292580398093996e+05
1.174323031706838665e+05
1.169462516204046406e+05
1.164596610551024060e+05
1.159636454652721732e+05
1.154533870391494565e+05
1.149286889792194706e+05
1.143934183571367466e+05
1.138539888334114512e+05
1.133172889691756573e+05
1.127885890012145101e+05
1.122699324514687614e+05
1.117593701585639064e+05
1.112511809931193129e+05
1.107369988111769635e+05
1.102075666409137630e+05
1.096546973615411553e+05
1.090729689255547273e+05
1.084607506900838926e+05
1.078203457610512123e+05
1.071572929731301556e+05
1.064791101546462742e+05
1.057938857479361177e+05
1.051090965099508321e+05
1.044308774465271563e+05
1.037637826210631756e+05
1.031109376502118394e+05
1.024744315180819394e+05
1.018558007958390372e+05
1.012564714657032600e+05
1.006780156747653091e+05
1.001220774110940692e+05
9.958987622310052393e+04
9.908134126618775190e+04
9.859412146553149796e+04
9.812286221724378993e+04
9.765913156947269454e+04
9.719218467727571260e+04
9.671044510560661729e+04
9.620330150992011477e+04
9.566270921878845547e+04
9.508420125068561174e+04
9.446718569568569364e+04
9.381468883377747261e+04
9.313285232521069702e+04
9.243044703111999843e+04
9.171847395869321190e+04
9.100970788778080896e+04
9.031792820726812351e+04
8.965663876970823912e+04
8.903727970355151047e+04
8.846718616144346015e+04
8.794774032388359774e+04
8.747321418252364674e+04
8.703069308916592854e+04
8.660124421432157396e+04
8.616222411124334030e+04
8.569038039168779505e+04
8.516524453654640820e+04
8.457225401291332673e+04
8.390507554316533788e+04
8.316671164213503653e+04
8.236914538264436123e+04
8.153150208397011738e+04
8.067696294780478638e+04
7.982891960700665368e+04
7.900705663626032765e+04
7.822413036009386997e+04
7.748412926968617830e+04
7.678224241041192727e+04
7.610666608765050478e+04
7.544183508883434115e+04
7.477229294072360790e+04
7.408623453888871882e+04
7.337783755901838595e+04
7.264784134698771231e+04
7.190233902331837453e+04
7.115026042735307419e+04
7.040036993232056557e+04
6.965866933821284329e+04
6.892687096986602410e+04
6.820218901341017045e+04
6.747825686456750554e+04
6.674668194551732449e+04
6.599869187596079428e+04
6.522649168138148525e+04
6.442422768815243035e+04
6.358868620553427900e+04
6.271992569302370248e+04
6.182192491350286582e+04
6.090310620585933793e+04
5.997640431727149553e+04
5.905852610491654923e+04
5.816823151870734000e+04
5.732379911047597852e+04
5.654017759384868987e+04
5.582651612640479289e+04
5.518471987287865340e+04
5.460940587621120358e+04
5.408924085291417578e+04
5.360927224603838113e+04
5.315364061520831456e+04
5.270804210600288934e+04
5.226147151941844641e+04
5.180703704048671352e+04
5.134189471458474145e+04
5.086652318384820683e+04
5.038361417887263087e+04
4.989681209499051329e+04
4.940945338963392715e+04
4.892339694585398684e+04
4.843804024748947995e+04
4.794968246883082611e+04
4.745148314148634381e+04
4.693430969311293302e+04
4.638870851605220378e+04
4.580804186696937541e+04
4.519252276757391519e+04
4.455351683647341270e+04
4.391716465738516854e+04
4.332622395237782621e+04
4.283913118156219571e+04
4.252567943208669749e+04
4.245936932455407805e+04
4.270729249939548026e+04
4.331916300125940325e+04
4.431760207537389942e+04
4.569182236536977871e+04
4.739636475219852582e+04
4.935557764821202727e+04
5.147330521371104987e+04
5.364607686387978174e+04
5.577728325209037575e+04
5.778960963481964427e+04
5.963343626565856539e+04
6.128988094948711660e+04
6.276837924570516770e+04
6.409984304433941725e+04
6.532722337805756979e+04
6.649557170562667307e+04
6.764345286328085058e+04
6.879696193301879975e+04
6.996686007642906043e+04
7.114868361427854688e+04
7.232523048922196904e+04
7.347061957659914333e+04
7.455510020851751324e+04
7.554987877373928495e+04
7.643135947418985597e+04
7.718433936285354139e+04
7.780385672955540940e+04
7.829557504289504141e+04
7.867478315075930732e+04
7.896427596553246258e+04
7.919151050997077255e+04
7.938548468266661803e+04
7.957376001986209303e+04
7.977996701667369052e+04
8.002202255922326003e+04
8.031117710663442267e+04
8.065190354517508240e+04
8.104253894214691536e+04
8.147649496283163899e+04
8.194377490336858318e+04
8.243250122286158148e+04
8.293019510893838014e+04
8.342466808068992395e+04
8.390455726372241043e+04
8.435969553081177582e+04
8.478157600304756488e+04
8.516409546929174394e+04
8.550455593150318600e+04
8.580465439326153137e+04
8.607102616881114955e+04
8.631493220248456055e+04
8.655091763844194065e+04
8.679463087283281493e+04
8.706031992342046578e+04
8.735866203162651800e+04
8.769546579241084692e+04
8.807146978008802398e+04
8.848309832284349250e+04
8.892378612705085834e+04
8.938543645624778583e+04
8.985970514788616856e+04
9.033899092790063878e+04
9.081713792277060566e+04
9.128986299610647256e+04
9.175484851774015988e+04
9.221139093692366441e+04
9.265955413564109767e+04
9.309895400732840062e+04
9.352751767278171610e+04
9.394069384464288305e+04
9.433154560104093980e+04
9.469192231038295722e+04
9.501456188495710376e+04
9.529564377764677920e+04
9.553711177196752396e+04
9.574807512020962895e+04
9.594477642831903358e+04
9.614893785095424391e+04
9.638468970695446478e+04
9.667465797421960451e+04
9.703604200456714898e+04
9.747756474558623449e+04
9.799798294335561513e+04
9.858644122791598784e+04
9.922446466751903063e+04
9.988898038698447635e+04
1.005555858733347850e+05
1.012013882349740888e+05
1.018070494682570861e+05
1.023580260595412692e+05
1.028452235667251516e+05
1.032653166091381281e+05
1.036208477603812207e+05
1.039200372595109075e+05
1.041761407812460966e+05
1.044062497503460327e+05
1.046296043988743622e+05
1.048656793201550754e+05
1.051323954060165415e+05
1.054447613662216900e+05
1.058140878877820214e+05
1.062477409684082813e+05
1.067492987188198458e+05
1.073189811127545108e+05
1.079542942928637494e+05
1.086508882706941513e+05
1.094036051609877613e+05
1.102075952030883491e+05
1.110592679178429244e+05
1.119568163739728625e+05
1.129001527254251414e+05
1.138902910370263271e+05
1.149284099228999839e+05
1.160149169782513927e+05
1.171487748901650048e+05
1.183271815255786205e+05
1.195455297689513536e+05
1.207975045824813424e+05
1.220752299515787308e+05
1.233694973341010336e+05
1.246701891334086831e+05
1.259669829102074291e+05
1.272502872151291667e+05
1.285121915827452467e+05
1.297471072861368157e+05
1.309517940773489099e+05
1.321246122983035166e+05
1.332640611275943229e+05
1.343668975682970777e+05
1.354263210782170354e+05
1.364308118857585359e+05
1.373641878221538209e+05
1.382072619308329013e+05
1.389411362739748438e+05
1.395517084611583850e+05
1.400345146641752217e+05
1.403987403512099409e+05
1.406692265642933489e+05
1.408856288318318257e+05
1.410984814138690126e+05
1.413626293209914293e+05
1.417291324342581211e+05
1.422371641540898709e+05
1.429075233106867527e+05
1.437391198214592005e+05
1.447092138826189330e+05
1.457773874585522863e+05
1.468923814338824304e+05
1.480002704790643184e+05
1.490521875226069533e+05
1.500100631093043776e+05
1.508495440021411050e+05
1.515601494038382662e+05
1.521434716241296555e+05
1.526105548244948732e+05
1.529794136515159043e+05
1.532731405979630363e+05
1.535184984289975546e+05
1.537445808612029941e+05
1.539811612465155486e+05
1.542566377856556501e+05
1.545958043586930435e+05
1.550178335545254813e+05
1.555347975120786286e+05
1.561508667555229331e+05
1.568621708291862160e+05
1.576572714412462083e+05
1.585182614812670508e+05
1.594225462433545908e+05
1.603452828598132473e+05
1.612622485605254478e+05
1.621526921327647578e+05
1.630016529542038916e+05
1.638013968569668359e+05
1.645519635832230852e+05
1.652611637724569009e+05
1.659444922172117513e+05
1.666252262375279679e+05
1.673345237124752020e+05
1.681108621429872001e+05
1.689979603928333672e+05
1.700405899483179965e+05
1.712783860270394944e+05
1.727386528328440618e+05
1.744298387225428596e+05
1.763375057469781023e+05
1.784241180979107157e+05
1.806329860257505206e+05
1.828955914741273155e+05
1.851406910400415654e+05
1.873033003519217600e+05
1.893319297240536544e+05
1.911930665026225906e+05
1.928725969431919511e+05
1.943744005357797723e+05
1.957166540971035429e+05
1.969265186540762370e+05
1.980339756157715747e+05
1.990657094939721865e+05
2.000400719875046925e+05
2.009641798140344908e+05
2.018339526197962696e+05
2.026373270340579329e+05
2.033600772249075235e+05
2.039928647992350743e+05
2.045376303619895480e+05
2.050114645798114943e+05
2.054467210245285241e+05
2.058871906248769374e+05
2.063812986927463207e+05
2.069741101763915503e+05
2.077001544817894173e+05
2.085786671242638258e+05
2.096120078775450820e+05
2.107871190182318387e+05
2.120792660523573868e+05
2.134571007782788074e+05
2.148882093259016110e+05
2.163445149228819646e+05
2.178069805444212398e+05
2.192689577555349679e+05
2.207374146975026815e+05
2.222313972521854739e+05
2.237775856171789928e+05
2.254036227695583366e+05
2.271307019001302833e+05
2.289673221833374992e+05
2.309059093533834966e+05
2.329231842117665510e+05
2.349840541544971056e+05
2.370478225115384557e+05
2.390749940650991921e+05
2.410330157627330336e+05
2.428998119302683626e+05
2.446647054273182002e+05
2.463270124253843678e+05
2.478930957073961617e+05
2.493728930519793939e+05
2.507769000724944635e+05
2.521143102587600588e+05
2.533925607326816826e+05
2.546180124008331914e+05
2.557970699136401818e+05
2.569368881154803676e+05
2.580450123307866743e+05
2.591278120285861078e+05
2.601881918231202581e+05
2.612235237942317035e+05
2.622248165125374799e+05
2.631777651217521634e+05
2.640656671471742447e+05
2.648735298431680421e+05
2.655923156317996909e+05
2.662223005323199322e+05
2.667748798993896926e+05
2.672726270248351502e+05
2.677477682300456217e+05
2.682393790236662608e+05
2.687895871386256185e+05
2.694390434608382639e+05
2.702220185389196267e+05
2.711617043141913600e+05
2.722665175776956021e+05
2.735282301266567665e+05
2.749224744853671873e+05
2.764116294148775632e+05
2.779494645170700969e+05
2.794864737403272884e+05
2.809747527002558345e+05
2.823716167635221500e+05
2.836417726209701505e+05
2.847584734938106267e+05
2.857044242931175395e+05
2.864730940608276869e+05
2.870705779624133138e+05
2.875174684862370486e+05
2.878496851840723539e+05
2.881171602333135670e+05
2.883797730334432563e+05
2.887008064333851798e+05
2.891391030155145563e+05
2.897416409796219086e+05
2.905381813744039391e+05
2.915389805906728143e+05
2.927355903794362675e+05
2.941038904626270523e+05
2.956080704796644859e+05
2.972044386687194929e+05
2.988445485967866844e+05
3.004778572446139297e+05
3.020545694417973282e+05
3.035292449492901796e+05
3.048651791694881977e+05
3.060388172335857525e+05
3.070429463521054713e+05
3.078874585367413820e+05
3.085971344115099055e+05
3.092068999798121513e+05
3.097558918856820674e+05
3.102820152729312540e+05
3.108183320276879240e+05
3.113917540711090551e+05
3.120235548308594152e+05
3.127305925235917675e+05
3.135261060064774938e+05
3.144194426887146547e+05
3.154148088603355573e+05
3.165097229399142088e+05
3.176940437989230268e+05
3.189502063045362011e+05
3.202548011530155200e+05
3.215811554008754320e+05
3.229023175867667887e+05
3.241938842774154036e+05
3.254363194685643539e+05
3.266166354191225255e+05
3.277293899241873296e+05
3.287769056480359868e+05
3.297685479920761427e+05
3.307189547428041697e+05
3.316453529940103181e+05
3.325644394938684418e+05
3.334895469899754389e+05
3.344287950051572407e+05
3.353845932548200362e+05
3.363543765389773762e+05
3.373320548837461974e+05
3.383095707793047768e+05
3.392781983967853594e+05
3.402296252017807565e+05
3.411571474345155293e+05
3.420572754784887657e+05
3.429316728608833509e+05
3.437888537435848848e+05
3.446447544993304182e+05
3.455214141351025319e+05
3.464435622408912168e+05
3.474336950480889645e+05
3.485068672105460428e+05
3.496666461053562234e+05
3.509033803965281695e+05
3.521952713782423525e+05
3.535119828630999546e+05
3.548199399845190346e+05
3.560881731650595320e+05
3.572935422115023248e+05
3.584243424842115492e+05
3.594815890758631285e+05
3.604776884034902323e+05
3.614327396351162461e+05
3.623692930784421042e+05
3.633068623137478135e+05
3.642576317966317292e+05
3.652244884907609667e+05
3.662017841515676118e+05
3.671783532450176426e+05
3.681416214426247170e+05
3.690814276942880242e+05
3.699925236013251124e+05
3.708754242361601209e+05
3.717360088749879505e+05
3.725846550367656164e+05
3.734355631243691314e+05
3.743063937964637298e+05
3.752177258096742444e+05
3.761915390639868565e+05
3.772481772805327200e+05
3.784019926929579815e+05
3.796567709752719384e+05
3.810025919408521149e+05
3.824156276189193013e+05
3.838614693626930239e+05
3.853012528825228219e+05
3.866987054055714398e+05
3.880258285731053911e+05
3.892654903105283738e+05
3.904105077357960981e+05
3.914602733098850003e+05
3.924169324680073769e+05
3.932831288023831439e+05
3.940624099929662189e+05
3.947619885472070309e+05
3.953963391565959901e+05
3.959896394753950881e+05
3.965755087855100282e+05
3.971936255594535032e+05
3.978840786881592358e+05
3.986811712289614952e+05
3.996085177433415083e+05
4.006766723328138469e+05
4.018835134142134339e+05
4.032166443863883032e+05
4.046565248013966484e+05
4.061790835903980187e+05
4.077570904855584959e+05
4.093603014075240935e+05
4.109550307788325008e+05
4.125041059182619210e+05
4.139680530032661045e+05
4.153079369666908169e+05
4.164897123078079894e+05
4.174894301206409000e+05
4.182983184602903202e+05
4.189266512888557627e+05
4.194054251127110911e+05
4.197851348557706806e+05
4.201313598959236406e+05
4.205174236167565687e+05
4.210150267363509629e+05
4.216843521705316380e+05
4.225655026524217683e+05
4.236730651234154939e+05
4.249950065399432206e+05
4.264960930350449635e+05
4.281248808294440969e+05
4.298224411232374841e+05
4.315306753377566929e+05
4.331984628749112017e+05
4.347848038220047019e+05
4.362592103617390967e+05
4.376004460187545046e+05
4.387950129075254663e+05
4.398364810379918199e+05
4.407260284697840689e+05
4.414737667821716750e+05
4.420999208387079416e+05
4.426349239147697226e+05
4.431179454895777162e+05
4.435940304674386280e+05
4.441105391011355678e+05
4.447136694231884903e+05
4.454454919337194297e+05
4.463413701660463121e+05
4.474272600812134915e+05
4.487164707577002700e+05
4.502060454954709858e+05
4.518736858860348002e+05
4.536766268294228939e+05
4.555537153291156283e+05
4.574311143460956519e+05
4.592308798199970042e+05
4.608806796368625946e+05
4.623225864181015058e+05
4.635193051530927187e+05
4.644571380482937675e+05
4.651459678543676855e+05
4.656171288320400054e+05
4.659200686129764072e+05
4.661183387060383102e+05
4.662850250113772345e+05
4.664975420801495202e+05
4.668318518723243033e+05
4.673564770470694639e+05
4.681268990106836427e+05
4.691808827091237181e+05
4.705349822541351314e+05
4.721821712427209713e+05
4.740904646038597566e+05
4.762026657293359167e+05
4.784378512807774823e+05
4.806955714882670436e+05
4.828636512849645223e+05
4.848297629883311456e+05
4.864957404405900743e+05
4.877923304331411491e+05
4.886912610080041923e+05
4.892115722527625621e+05
4.894182259202279965e+05
4.894128254279084504e+05
4.893182694901201176e+05
4.892606636913195834e+05
4.893523205302370479e+05
4.896790526137675624e+05
4.902934884570038994e+05
4.912143923892398016e+05
4.924305708946372033e+05
4.939073072225048672e+05
4.955934367615398951e+05
4.974278786526584299e+05
4.993452370583912125e+05
5.012806065939851105e+05
5.031738159943121136e+05
5.049731307170842774e+05
5.066381637715533725e+05
5.081416477459898451e+05
5.094698797732000821e+05
5.106219659124053433e+05
5.116082664729704848e+05
5.124485183399197413e+05
5.131699557209621998e+05
5.138054783452139818e+05
5.143916994470611098e+05
5.149666714878461789e+05
5.155672445976834279e+05
5.162262591248581302e+05
5.169699675496873679e+05
5.178161257523773820e+05
5.187730833314486081e+05
5.198400057360751089e+05
5.210081623495059903e+05
5.222630619575603632e+05
5.235871070124526741e+05
5.249623468528630910e+05
5.263728375125122257e+05
5.278061060561187332e+05
5.292533360583387548e+05
5.307081728242015233e+05
