6.101161867803804344e+05
6.091726851178347133e+05
6.083996797696058638e+05
6.077089445825908333e+05
6.070069183979659574e+05
6.062081996247539064e+05
6.052478515117424540e+05
6.040902685403126525e+05
6.027329736883818405e+05
6.012048234921119874e+05
5.995593321826091269e+05
5.978647568570582662e+05
5.961929260368172545e+05
5.946085454897920135e+05
5.931601517265990842e+05
5.918733788430338027e+05
5.907470014157546684e+05
5.897522796637655701e+05
5.888361806728369556e+05
5.879287486825116212e+05
5.869541086651392980e+05
5.858434987631918630e+05
5.845477906332565472e+05
5.830466579376283335e+05
5.813521476320781512e+05
5.795057754541598260e+05
5.775699557427200489e+05
5.756160096141773975e+05
5.737117150786477141e+05
5.719111915824993048e+05
5.702489865596361924e+05
5.687389135400418891e+05
5.673769166271027643e+05
5.661463716716878116e+05
5.650239744751546532e+05
5.639846894584735855e+05
5.630049266823452199e+05
5.620638690842979122e+05
5.611434036751277745e+05
5.602272869625290623e+05
5.593000570999523625e+05
5.583459906088995049e+05
5.573482889464403270e+05
5.562887380808783928e+05
5.551482070255135186e+05
5.539083382082132157e+05
5.525544909594937926e+05
5.510794701797898160e+05
5.494870381820390467e+05
5.477939706942153862e+05
5.460296687653162517e+05
5.442330319207787979e+05
5.424471635211351095e+05
5.407131576702982420e+05
5.390644424015609547e+05
5.375228757489252603e+05
5.360971759661595570e+05
5.347835923792369431e+05
5.335682363296000985e+05
5.324303077765132766e+05
5.313455374541981146e+05
5.302893865262191975e+05
5.292397634113273816e+05
5.281791433277277974e+05
5.270959993755434407e+05
5.259854220786557999e+05
5.248487847583870171e+05
5.236923586302293115e+05
5.225249170144762029e+05
5.213545828607844305e+05
5.201854292368391762e+05
5.190145727588037262e+05
5.178306160024701967e+05
5.166142015550293145e+05
5.153410750576626742e+05
5.139874376368878875e+05
5.125366346721347654e+05
5.109856096307183616e+05
5.093492990182064241e+05
5.076614171196425450e+05
5.059708619199094246e+05
5.043340652915813844e+05
5.028046962537947693e+05
5.014228941442467622e+05
5.002064532768677454e+05
4.991460484469600488e+05
4.982057668457052787e+05
4.973290786586942268e+05
4.964491743067684583e+05
4.955015841668803478e+05
4.944364255992340622e+05
4.932276655113559100e+05
4.918774707242050790e+05
4.904148804679012392e+05
4.888893528369575506e+05
4.873608333921349840e+05
4.858885799986094353e+05
4.845209579583753366e+05
4.832879082661579596e+05
4.821970352113614790e+05
4.812335082386597642e+05
4.803633808661735384e+05
4.795395273625190603e+05
4.787091431213335600e+05
4.778216103399731801e+05
4.768355142896117759e+05
4.757237634772645542e+05
4.744761490366984508e+05
4.730992158252016525e+05
4.716138575592044508e+05
4.700514118726245943e+05
4.684491125673693605e+05
4.668455875904792338e+05
4.652768225944872247e+05
4.637728125054584816e+05
4.623550780594590469e+05
4.610352721083830693e+05
4.598150935524769593e+05
4.586875442790939123e+05
4.576392161112398608e+05
4.566529357953945873e+05
4.557099391097106272e+05
4.547909232147283619e+05
4.538757971990242368e+05
4.529425081114603672e+05
4.519657067894324427e+05
4.509160715014802408e+05
4.497608422530909302e+05
4.484656988433789229e+05
4.469977414523689076e+05
4.453291201409045025e+05
4.434407974333137972e+05
4.413259284105544211e+05
4.389923407759714173e+05
4.364636148743181257e+05
4.337783853808795102e+05
4.309877700538883219e+05
4.281512265848962707e+05
4.253314895187134971e+05
4.225893749376336345e+05
4.199790977929915534e+05
4.175444266582069686e+05
4.153157123561736662e+05
4.133077483898942592e+05
4.115185728914581705e+05
4.099295440059358953e+05
4.085070754604368703e+05
4.072061545912630390e+05
4.059752327288493398e+05
4.047615249030321720e+05
4.035154940119097009e+05
4.021935219156567473e+05
4.007584499033005559e+05
3.991785358894859673e+05
3.974260489239994786e+05
3.954768926760343602e+05
3.933122152846659301e+05
3.909220733251984348e+05
3.883102141981835593e+05
3.854983210319643840e+05
3.825279259089594125e+05
3.794587266660901369e+05
3.763630765951173380e+05
3.733175987068532850e+05
3.703937870140029117e+05
3.676497722831692663e+05
3.651250470108769950e+05
3.628390238720246707e+05
3.607931953088312293e+05
3.589757615401550429e+05
3.573671702042103279e+05
3.559451152280928218e+05
3.546880232269998523e+05
3.535766619963667472e+05
3.525940186415711651e+05
3.517239104353910079e+05
3.509489212324464461e+05
3.502482685711664963e+05
3.495961607772100251e+05
3.489611201846472686e+05
3.483066217139321379e+05
3.475932180079973186e+05
3.467820970046896255e+05
3.458397563470983878e+05
3.447431973702617106e+05
3.434847741636664141e+05
3.420756532286619185e+05
3.405468533766394830e+05
3.389471376779297716e+05
3.373376285265914630e+05
3.357837899593551410e+05
3.343461349378005834e+05
3.330714198550609872e+05
3.319860340985003277e+05
3.310927974994292599e+05
3.303716123109440086e+05
3.297836127003275324e+05
3.292778136098645627e+05
3.287988934992898721e+05
3.282946773211573600e+05
3.277220900930843200e+05
3.270507734113981132e+05
3.262641160596777336e+05
3.253580285460395389e+05
3.243382477100099204e+05
3.232171657055463875e+05
3.220110830196249881e+05
3.207384362880894914e+05
3.194190853578118840e+05
3.180743285144994734e+05
3.167270816785395145e+05
3.154016574345491244e+05
3.141227787480166298e+05
3.129137691574241035e+05
3.117941683413970168e+05
3.107772383340058150e+05
3.098678977658010554e+05
3.090615416383286938e+05
3.083440084286005003e+05
3.076927118730952498e+05
3.070787369553499157e+05
3.064695659591330914e+05
3.058320718323486508e+05
3.051354733289413853e+05
3.043540425882828422e+05
3.034694378825701424e+05
3.024725643743265537e+05
3.013648361575867748e+05
3.001586504849591875e+05
2.988768431318895891e+05
2.975509306213633390e+05
2.962180947547735996e+05
2.949171130274985335e+05
2.936837166555180447e+05
2.925460664802616229e+05
2.915210882869861089e+05
2.906122698112446815e+05
2.898092312252745032e+05
2.890890341903666849e+05
2.884188999741180451e+05
2.877598420202072011e+05
2.870707045266623609e+05
2.863122041778966668e+05
2.854507309515431989e+05
2.844617984193500597e+05
2.833330767144697602e+05
2.820668572392666829e+05
2.806816087787340512e+05
2.792120818711619359e+05
2.777073457029614365e+05
2.762263331412354601e+05
2.748309645374494721e+05
2.735776087998229777e+05
2.725082786923870444e+05
2.716432751085013151e+05
2.709768283659840235e+05
2.704766673787957989e+05
2.700875978674261132e+05
2.697383786011554766e+05
2.693506706248779083e+05
2.688486638331011054e+05
2.681680818276370410e+05
2.672635006924567861e+05
2.661132016773247742e+05
2.647210977511564852e+05
2.631156512043884140e+05
2.613461221250077942e+05
2.594768725260713836e+05
2.575806718522296578e+05
2.557319147314348374e+05
2.540003871821175853e+05
2.524458421955995436e+05
2.511133713827210595e+05
2.500295428088176996e+05
2.491995319402300520e+05
2.486058494333848939e+05
2.482095058541394246e+05
2.479543093946661393e+05
2.477743810803454253e+05
2.476040270496529411e+05
2.473881504045739421e+05
2.470907982152735058e+05
2.466995076541103481e+05
2.462239098628139182e+05
2.456884012236557028e+05
2.451202523756762384e+05
2.445358834151499614e+05
2.439288195607612433e+05
2.432628034260271234e+05
2.424725914617236122e+05
2.414732180078622187e+05
2.401763109629478422e+05
2.385099340045354911e+05
2.364370572059499391e+05
2.339676669632706034e+05
2.311609278330223751e+05
2.281164166868931497e+05
2.249565028984804812e+05
2.218044527122584987e+05
2.187639404024069954e+05
2.159049922670361411e+05
2.132592500107990054e+05
2.108246113647608727e+05
2.085767619817690866e+05
2.064836234657962923e+05
2.045186130170534598e+05
2.026696421312250313e+05
2.009424362287842960e+05
1.993584145123607595e+05
1.979485605591046915e+05
1.967452398297192412e+05
1.957738440728298738e+05
1.950456954906796454e+05
1.945530968292218458e+05
1.942669703406453773e+05
1.941372637345785915e+05
1.940961611413558130e+05
1.940639926548127551e+05
1.939574667071102303e+05
1.936994229621084814e+05
1.932288125442015880e+05
1.925092481395092327e+05
1.915344333056868927e+05
1.903291933545051143e+05
1.889456453341582092e+05
1.874550590989082120e+05
1.859368862918363884e+05
1.844670039209453098e+05
1.831072869908111170e+05
1.818982017425037338e+05
1.808553450866352650e+05
1.799699681132792030e+05
1.792127372737073456e+05
1.785394809319168562e+05
1.778975337932502152e+05
1.772315217254423769e+05
1.764879224358602078e+05
1.756183176657963777e+05
1.745817209449707007e+05
1.733465664970440848e+05
1.718928275943718327e+05
1.702143685079540592e+05
1.683211883046055445e+05
1.662408757415115542e+05
1.640184996227387164e+05
1.617143479289250390e+05
1.593993425006574835e+05
1.571484703910890967e+05
1.550330480614171538e+05
1.531129532201092225e+05
1.514300490296505450e+05
1.500038665418750024e+05
1.488302353421454027e+05
1.478830377868595242e+05
1.471187204435790190e+05
1.464827475701897347e+05
1.459169218540755392e+05
1.453664698788855749e+05
1.447859708457771048e+05
1.441435203653477656e+05
1.434228685214602156e+05
1.426235699959747726e+05
1.417593910404048511e+05
1.408553342837422679e+05
1.399436963334458414e+05
1.390595970025845163e+05
1.382364292428572953e+05
1.375016708962621633e+05
1.368734572008671821e+05
1.363582269521243288e+05
1.359496361818906735e+05
1.356288121848356677e+05
1.353659309341465414e+05
1.351230513826360984e+05
1.348580993225683924e+05
1.345298007264770567e+05
1.341031711003667442e+05
1.335548867863323248e+05
1.328775964533394435e+05
1.320821347510649939e+05
1.311968143048614147e+05
1.302635270970930433e+05
1.293311566685670550e+05
1.284475402763179009e+05
1.276516564978520037e+05
1.269676810697744222e+05
1.264020607564286038e+05
1.259439779944801558e+05
1.255687777780453762e+05
1.252433363261407794e+05
1.249320958136388217e+05
1.246025716493296786e+05
1.242294652732867398e+05
1.237969536526912416e+05
1.232991516167926166e+05
1.227390646589862154e+05
1.221265233798884437e+05
1.214756195161393989e+05
1.208020912456811202e+05
1.201209963083704060e+05
1.194449184719233454e+05
1.187828896722396894e+05
1.181401459592088067e+05
1.175187220743647049e+05
1.169187072840950277e+05
1.163397752387048095e+05
1.157824576850764424e+05
1.152486537911214546e+05
1.147410916032201785e+05
1.142618279690299241e+05
1.138102519053432479e+05
1.133812916081947624e+05
1.129645204958928953e+05
1.125446136120475130e+05
1.121032134459264198e+05
1.116218593501435244e+05
1.110853410585422826e+05
1.104847261901203892e+05
1.098193920443064999e+05
1.090976199831235426e+05
1.083356160084498842e+05
1.075551314795186918e+05
1.067801158436515980e+05
1.060330023428142740e+05
1.053312895190124254e+05
1.046850291907125065e+05
1.040956674954840710e+05
1.035564254910152376e+05
1.030540888146211655e+05
1.025717685080923984e+05
1.020919801509224053e+05
1.015993375681643956e+05
1.010822978758525860e+05
1.005336888140540977e+05
9.995010130370744446e+04
9.933052114085071662e+04
9.867471104338040459e+04
9.798181062331690919e+04
9.724944498206782737e+04
9.647341959247905470e+04
9.564792763918561104e+04
9.476615639331781131e+04
9.382123136606067419e+04
9.280750425017823000e+04
9.172218485561142734e+04
9.056719270369876176e+04
8.935089231761686096e+04
8.808918179046417936e+04
8.680535768989005010e+04
8.552836991283745738e+04
8.428949799362843623e+04
8.311800181682546099e+04
8.203672733163661906e+04
8.105879339495657769e+04
8.018625821298675146e+04
7.941111953950618044e+04
7.871833051773639454e+04
7.808995607130206190e+04
7.750934668998284906e+04
7.696433081008378940e+04
7.644883866811322514e+04
7.596288560653127206e+04
7.551126786432279914e+04
7.510153796189182322e+04
7.474181801017910766e+04
7.443885513410017302e+04
7.419653412242360355e+04
7.401492320420144824e+04
7.388986694645082753e+04
7.381312979257015104e+04
7.377308429227586021e+04
7.375588801478664391e+04
7.374699155190183956e+04
7.373269141479309474e+04
7.370133694767800625e+04
7.364378002483422461e+04
7.355276923527836334e+04
7.342125192129008065e+04
7.323992122283090430e+04
7.299473650352180994e+04
7.266541747396437859e+04
7.222592771325474314e+04
7.164764157843893918e+04
7.090525602149707265e+04
6.998471429229788191e+04
6.889168647981545655e+04
6.765874075072081177e+04
6.634938596874258656e+04
6.505766390003913693e+04
6.390276077308634558e+04
6.301896181798998441e+04
6.254198856579919811e+04
6.259324935505053145e+04
6.326383011262191576e+04
6.460023501754803146e+04
6.659398098583112005e+04
6.917706480426533381e+04
7.222487850805894413e+04
7.556720016813393158e+04
7.900646199911060103e+04
8.234087603909992322e+04
8.538865755634903326e+04
8.800902483155050140e+04
9.011616512961503759e+04
9.168387812216619204e+04
9.274071753613321926e+04
9.335752057620247069e+04
9.363064601740716898e+04
9.366468648287472024e+04
9.355787787396722706e+04
9.339220501423542737e+04
9.322875871128907602e+04
9.310767038137160125e+04
9.305120677489538502e+04
9.306840679160197033e+04
9.315986798962866305e+04
9.332174102892608789e+04
9.354847431333805434e+04
9.383424604847627052e+04
9.417328543208180054e+04
9.455943303222952818e+04
9.498535393181975815e+04
9.544181591239085537e+04
9.591738114474168106e+04
9.639873117522422399e+04
9.687166338191095565e+04
9.732259896233734617e+04
9.774028204361560347e+04
9.811727744043435086e+04
9.845091470033250516e+04
9.874346281512097630e+04
9.900150498011570016e+04
9.923465682163261226e+04
9.945388946522172773e+04
9.966976413575849438e+04
9.989086754875200859e+04
1.001226793308880005e+05
1.003670236146275856e+05
1.006221675036817323e+05
1.008835353201405669e+05
1.011449186093516037e+05
1.013999931774209253e+05
1.016439218266685493e+05
1.018748305889460171e+05
1.020949855641673057e+05
1.023115420004850603e+05
1.025367635833394306e+05
1.027876140329634218e+05
1.030846289810955641e+05
1.034500257026242762e+05
1.039051347324290546e+05
1.044674344893915841e+05
1.051476780511845427e+05
1.059477233581229812e+05
1.068596252073381329e+05
1.078662901972617983e+05
1.089435950793064694e+05
1.100634621812576079e+05
1.111971312340331642e+05
1.123178725259863277e+05
1.134026555181217263e+05
1.144327138180783077e+05
1.153933601429286937e+05
1.162736396640250896e+05
1.170663787787467154e+05
1.177689101347984251e+05
1.183843512426593807e+05
1.189229463577892457e+05
1.194027930321871390e+05
1.198493375258998130e+05
1.202933165392448864e+05
1.207672488894291600e+05
1.213010054321180505e+05
1.219172838785472850e+05
1.226279073029172141e+05
1.234317321777896723e+05
1.243146330942261557e+05
1.252516087169755046e+05
1.262106282125644648e+05
1.271575049044273183e+05
1.280609121134573652e+05
1.288966718919064151e+05
1.296506351732213225e+05
1.303197828170982975e+05
1.309115418394986918e+05
1.314416520962398499e+05
1.319311608102654573e+05
1.324032079739633773e+05
1.328801748149381601e+05
1.333815357508398301e+05
1.339224729329817637e+05
1.345130996905590873e+05
1.351580869988183840e+05
1.358566103447057831e+05
1.366027531310967170e+05
1.373866755020635901e+05
1.381968520929666702e+05
1.390234471018013137e+05
1.398624897033539601e+05
1.407200811067330069e+05
1.416155689286929555e+05
1.425825805196333677e+05
1.436670521266976721e+05
1.449218945726255770e+05
1.463986254167319858e+05
1.481370692868448677e+05
1.501549384403903096e+05
1.524395597692668671e+05
1.549439952311485540e+05
1.575891566018278245e+05
1.602722664465575072e+05
1.628804372581473144e+05
1.653067081309901259e+05
1.674651098778581363e+05
1.693015518062532938e+05
1.707985018894989043e+05
1.719731590148532414e+05
1.728704771650373877e+05
1.735534414156378480e+05
1.740931462538951891e+05
1.745605871348765213e+05
1.750210208065795596e+05
1.755307313152212882e+05
1.761353959032689745e+05
1.768691035940831352e+05
1.777533613138063520e+05
1.787959291485112626e+05
1.799898324809466721e+05
1.813132198816266900e+05
1.827307627174313820e+05
1.841970071364819596e+05
1.856615692940571171e+05
1.870754742906824395e+05
1.883974886082133162e+05
1.895991707580546208e+05
1.906676464397601376e+05
1.916057278872686147e+05
1.924297244166040909e+05
1.931658547276250611e+05
1.938463548960409244e+05
1.945061264450767776e+05
1.951802267264027323e+05
1.959019397473265708e+05
1.967008531588953920e+05
1.976004527444182604e+05
1.986151799879940809e+05
1.997474617744739517e+05
2.009856302783872234e+05
2.023036904187312466e+05
2.036635126051315165e+05
2.050193663070343027e+05
2.063240242402280273e+05
2.075352239128038927e+05
2.086212303858261730e+05
2.095645846494291618e+05
2.103636701714865048e+05
2.110322414261036611e+05
2.115973427219919686e+05
2.120960616405832989e+05
2.125714259881031467e+05
2.130676607791271526e+05
2.136251142763748649e+05
2.142754284480664646e+05
2.150377995293622371e+05
2.159172184041342989e+05
2.169052538283281610e+05
2.179832904160303005e+05
2.191273919545983663e+05
2.203134392875318299e+05
2.215211211787929351e+05
2.227357749265681487e+05
2.239478170834381017e+05
2.251502926929646346e+05
2.263356330884038471e+05
2.274928874068996229e+05
2.286064686886126292e+05
2.296569412709051394e+05
2.306237474057968939e+05
2.314892102339454868e+05
2.322428020278873737e+05
2.328846070079479832e+05
2.334271294396289450e+05
2.338950146431330068e+05
2.343227303755635512e+05
2.347506675797579228e+05
2.352203781424385961e+05
2.357697539019882679e+05
2.364288962636927026e+05
2.372172741539732087e+05
2.381425504832992738e+05
2.392011893591889529e+05
2.403806598866580462e+05
2.416627763080652803e+05
2.430275296434107004e+05
2.444567330572735227e+05
2.459369303792656574e+05
2.474612452302666206e+05
2.490300761638298864e+05
2.506506855662456655e+05
2.523357687232291210e+05
2.541010852231745084e+05
2.559622861462979345e+05
2.579312423824102152e+05
2.600124469765895337e+05
2.622003081196869607e+05
2.644782103442888474e+05
2.668199872947171680e+05
2.691939233282275964e+05
2.715687155542944092e+05
2.739201956267298083e+05
2.762372410837645875e+05
2.785253283222148311e+05
2.808066047862997511e+05
2.831160892639225349e+05
2.854944782425731537e+05
2.879788481889698887e+05
2.905931132922922261e+05
2.933402815406105947e+05
2.961982780280874576e+05
2.991204055978953256e+05
3.020405371468298836e+05
3.048821187508125440e+05
3.075692687302267877e+05
3.100378817872955697e+05
3.122447554491133196e+05
3.141732689351583249e+05
3.158348828820371418e+05
3.172664924387724604e+05
3.185243078899022657e+05
3.196753891222908278e+05
3.207882182716768002e+05
3.219237719544697320e+05
3.231284466237062006e+05
3.244298763092854642e+05
3.258361565915186657e+05
3.273383084661980974e+05
3.289151190524099511e+05
3.305389780103415251e+05
3.321811728450238006e+05
3.338154021730208769e+05
3.354189508271672530e+05
3.369718314083836740e+05
3.384549383357829647e+05
3.398486149739346001e+05
3.411328671424138593e+05
3.422898189527241047e+05
3.433081173817554372e+05
3.441881515507976874e+05
3.449464395977263921e+05
3.456175193624167587e+05
3.462521788212116808e+05
3.469117558560399339e+05
3.476592964123347192e+05
3.485493026452633785e+05
3.496183514139908948e+05
3.508788185475976788e+05
3.523172563584435848e+05
3.538977916855351650e+05
3.555695784590498079e+05
3.572762850386833888e+05
3.589651891789950314e+05
3.605938333572883857e+05
3.621331971497026971e+05
3.635675609836298972e+05
3.648921879392450210e+05
3.661103063031857018e+05
3.672305952454569633e+05
3.682657037838640390e+05
3.692316489848151687e+05
3.701475536866841139e+05
3.710351936895020772e+05
3.719181024762204615e+05
3.728202927892982261e+05
3.737648124133395613e+05
3.747723191212228849e+05
3.758597387849058141e+05
3.770390036191429244e+05
3.783159265401851735e+05
3.796894061481049284e+05
3.811512502821477246e+05
3.826868462646081462e+05
3.842766819042154821e+05
3.858984333224876318e+05
3.875291359084358555e+05
3.891469554415144376e+05
3.907322830638955347e+05
3.922681857355353422e+05
3.937404975634866860e+05
3.951379153725198703e+05
3.964523392283263966e+05
3.976794560736282729e+05
3.988193422518468578e+05
3.998767834056411521e+05
4.008611237041107379e+05
4.017857033481816179e+05
4.026671897075323504e+05
4.035252044994567405e+05
4.043825052375656087e+05
4.052656105508583714e+05
4.062053020720861387e+05
4.072361066666117986e+05
4.083938756832895451e+05
4.097110430478147464e+05
4.112099886820679531e+05
4.128958879646013957e+05
4.147511020640372299e+05
4.167332039703493938e+05
4.187779956603841856e+05
4.208075217372254119e+05
4.227415765447861049e+05
4.245100996918498422e+05
4.260635914897971670e+05
4.273793547532096272e+05
4.284626968127745786e+05
4.293436619246210321e+05
4.300708590082122246e+05
4.307041954137653229e+05
4.313078853304424556e+05
4.319443408787362278e+05
4.326689408745773835e+05
4.335255181224524276e+05
4.345427088841049117e+05
4.357317693168885307e+05
4.370866708972520428e+05
4.385869632778144442e+05
4.402030746560248081e+05
4.419027594769044663e+05
4.436567944444530294e+05
4.454421367089716950e+05
4.472416338883836288e+05
4.490406896160789183e+05
4.508225005187725183e+05
4.525640883909050026e+05
4.542351119629433379e+05
4.558004594852427253e+05
4.572262746581381653e+05
4.584878355851407978e+05
4.595769929895265959e+05
4.605068860409769695e+05
4.613123642993583926e+05
4.620457235126692685e+05
4.627686556816224474e+05
4.635423367776235682e+05
4.644180267486649682e+05
4.654303099127419409e+05
4.665942568088156404e+05
4.679066337075994234e+05
4.693502082153730444e+05
4.708995347351536038e+05
4.725265185739812441e+05
4.742045005014060298e+05
4.759103444926321390e+05
4.776247477019057260e+05
4.793314714482679847e+05
4.810163025291365338e+05
4.826663441925432417e+05
4.842698684832833242e+05
4.858166246190266684e+05
4.872983190122375963e+05
4.887089861872746842e+05
4.900450956203388632e+05
4.913053996782646282e+05
4.924906624584977981e+05
4.936035011158954003e+05
4.946486158144022920e+05
4.956336510425028391e+05
4.965707606066919398e+05
4.974786072495202534e+05
4.983840823965982418e+05
4.993226796676524100e+05
5.003364588527148589e+05
5.014690692009810591e+05
5.027582984255243791e+05
5.042277326095768367e+05
5.058798497751519317e+05
5.076928100129095255e+05
5.096222553467259859e+05
5.116079129506458412e+05
5.135833115912785870e+05
5.154860778234803583e+05
5.172663837370257825e+05
5.188920406300405157e+05
5.203499882997972891e+05
5.216449444316960289e+05
5.227963844611585373e+05
5.238348174714340130e+05
5.247978220576922176e+05
5.257259169544413453e+05
5.266583171294912463e+05
5.276289265628424473e+05
5.286632620155856712e+05
5.297770601278507384e+05
5.309769354235805804e+05
5.322627480332470732e+05
5.336306440323559800e+05
5.350754209908663761e+05
5.365911549011877505e+05
5.381698319160040701e+05
5.397987334523397731e+05
5.414580852700388059e+05
5.431206350730612176e+05
5.447542411883953027e+05
5.463274145379266702e+05
5.478164863514913013e+05
5.492121927785183070e+05
5.505233686965297675e+05
5.517762200906310463e+05
5.530090334120948100e+05
5.542636591557589127e+05
5.555761144708758220e+05
5.569688260112175485e+05
5.584463673479084391e+05
5.599953558632620843e+05
5.615879527474698843e+05
5.631875924785370007e+05
5.647553603656020714e+05
5.662557624706347706e+05
5.676612168071450433e+05
5.689551242711204104e+05
5.701336504860698478e+05
5.712063483987452928e+05
5.721956130097176647e+05
5.731348707434944808e+05
5.740654871849440970e+05
5.750326183676378569e+05
5.760805100366710685e+05
5.772479137302923482e+05
5.785642489288812503e+05
5.800469189677373506e+05
5.816998956569916336e+05
5.835134512627762742e+05
5.854648105956632644e+05
5.875195144565147348e+05
5.896333687313219998e+05
5.917549364620171255e+05
5.938285775300596142e+05
5.957980447915140539e+05
5.976106062433916377e+05
5.992215727831509430e+05
6.005989654278713278e+05
6.017278746271093842e+05
6.026139035935378633e+05
6.032850221476929728e+05
6.037912436563537922e+05
6.042017815534604015e+05
6.045996963299361523e+05
6.050744319176507415e+05
6.057129880008104956e+05
6.065907292449134402e+05
6.077629609603083227e+05
6.092583807176366681e+05
6.110753326090553310e+05
6.131814502739910968e+05
6.155168149832455674e+05
6.180002502128480701e+05
6.205379187574953539e+05
6.230330715726190247e+05
6.253956794578866102e+05
6.275507777199536795e+05
6.294446428946928354e+05
6.310483303342693252e+05
6.323585335129278246e+05
6.333960782353334362e+05
6.342025672994751949e+05
6.348357339357064338e+05
6.353639982862276956e+05
6.358606333101683995e+05
6.363978989722789265e+05
6.370415078033100581e+05
6.378458035589194624e+05
6.388500181595771573e+05
6.400758973794591147e+05
6.415268674365769839e+05
6.431887827384730335e+05
6.450321636210510042e+05
6.470156909940807382e+05
6.490905607584994286e+05
6.512051397173928563e+05
6.533092810598728247e+05
6.553577409260685090e+05
6.573124236821298255e+05
6.591435966103344690e+05
6.608305714412805391e+05
6.623624419574349886e+05
6.637391863509470131e+05
6.649728805039360886e+05
6.660882072882297216e+05
6.671212363196633523e+05
6.681158067319404799e+05
6.691177047477549640e+05
6.701678234367987607e+05
6.712961265729077859e+05
6.725181462066100212e+05
6.738349081498472951e+05
6.752359693702090299e+05
6.767042354757995345e+05
6.782208671033427818e+05
6.797689815504231956e+05
6.813357022547764936e+05
6.829128801741381176e+05
6.844970878456120845e+05
