5.413661956783541245e+05
5.408192092512142844e+05
5.404210829942496493e+05
5.401118191994655645e+05
5.398328716296902858e+05
5.395314516690931050e+05
5.391624096117425943e+05
5.386877767827215139e+05
5.380749384926104685e+05
5.372949484180228319e+05
5.363224100694159279e+05
5.351376279724877095e+05
5.337306549280601321e+05
5.321058922451034887e+05
5.302854585829552962e+05
5.283098158751490992e+05
5.262349971751301782e+05
5.241268474611965357e+05
5.220535335594600765e+05
5.200779159228124772e+05
5.182511726389354444e+05
5.166085263164258795e+05
5.151673419329893659e+05
5.139274581294365926e+05
5.128734308633765904e+05
5.119782959339243243e+05
5.112083439751487458e+05
5.105281867908287095e+05
5.099051669878925895e+05
5.093121150284653995e+05
5.087277541321775061e+05
5.081347064755382016e+05
5.075158777113664546e+05
5.068506710272516939e+05
5.061126972794372705e+05
5.052702554317466565e+05
5.042899517315896228e+05
5.031427184893064550e+05
5.018105916752632475e+05
5.002922497534361901e+05
4.986056375473032240e+05
4.967868751670481288e+05
4.948857582709306735e+05
4.929591003454037709e+05
4.910636443168674596e+05
4.892501651645344100e+05
4.875597939853084390e+05
4.860227633075059857e+05
4.846589945588813862e+05
4.834794587360703154e+05
4.824871630608672858e+05
4.816769428132817848e+05
4.810338524278685800e+05
4.805306666358425282e+05
4.801256085236464860e+05
4.797617238582094433e+05
4.793691898510173196e+05
4.788712538928042632e+05
4.781935453765533748e+05
4.772754234623525408e+05
4.760811357050645165e+05
4.746081853031544597e+05
4.728906367251870688e+05
4.709961095823301584e+05
4.690166537797650672e+05
4.670551364507785765e+05
4.652097721422694158e+05
4.635597278819365893e+05
4.621543260963111534e+05
4.610074660243079416e+05
4.600977982879391639e+05
4.593741809232582455e+05
4.587651613985049189e+05
4.581907109912568121e+05
4.575742000565503258e+05
4.568526798590465332e+05
4.559839624235433294e+05
4.549497256219910923e+05
4.537547524315992487e+05
4.524231792703366373e+05
4.509930311843258096e+05
4.495102606381248916e+05
4.480230914882905781e+05
4.465769667099220096e+05
4.452100845817342633e+05
4.439495192025265424e+05
4.428081845298509579e+05
4.417831886097165989e+05
4.408561921000907896e+05
4.399961129334446741e+05
4.391639760854522465e+05
4.383191100791610661e+05
4.374254876278350130e+05
4.364569545551928459e+05
4.354003937914036214e+05
4.342564006461769459e+05
4.330376155958295567e+05
4.317653135279769194e+05
4.304651024628230371e+05
4.291626338957721018e+05
4.278801066761626862e+05
4.266341016342453077e+05
4.254349577582104830e+05
4.242875412852643640e+05
4.231929313797650393e+05
4.221503273029281409e+05
4.211584413697907003e+05
4.202158136799487984e+05
4.193198468068679213e+05
4.184648277035042993e+05
4.176396467981199967e+05
4.168261888996336493e+05
4.159993346076523303e+05
4.151291346627633320e+05
4.141850829094985384e+05
4.131417094566560118e+05
4.119841892548672622e+05
4.107125111391427345e+05
4.093430412429774296e+05
4.079069398143690196e+05
4.064456328444043756e+05
4.050041671177171520e+05
4.036236416726647294e+05
4.023339877475508256e+05
4.011482339478908107e+05
4.000591354646660620e+05
3.990387191682952689e+05
3.980409064136127708e+05
3.970069205123548745e+05
3.958727069869425031e+05
3.945771949091835413e+05
3.930700400665361085e+05
3.913176119653704809e+05
3.893064146803468466e+05
3.870437465299160103e+05
3.845560066085469443e+05
3.818854492096207687e+05
3.790862567637129687e+05
3.762205681637575035e+05
3.733547058650997351e+05
3.705554939107816899e+05
3.678864184828879079e+05
3.654035108376274584e+05
3.631511520423926995e+05
3.611583361081915209e+05
3.594360991682009771e+05
3.579767241690360825e+05
3.567549899577012402e+05
3.557312903485110146e+05
3.548560815093089477e+05
3.540749525560798356e+05
3.533336733994283131e+05
3.525827692844258272e+05
3.517813709383579553e+05
3.509001928219836554e+05
3.499234834786730935e+05
3.488497375592886820e+05
3.476909588581125136e+05
3.464703882021399331e+05
3.452188585802269517e+05
3.439702401257341262e+05
3.427566809895825572e+05
3.416044405653324211e+05
3.405310024514146498e+05
3.395438634542780346e+05
3.386409962934953510e+05
3.378125886136461049e+05
3.370433897865862236e+05
3.363149459783969796e+05
3.356072081754424726e+05
3.348994016455562669e+05
3.341704990893485956e+05
3.333999408901826246e+05
3.325692216431821580e+05
3.316645635685314774e+05
3.306802530960165896e+05
3.296216038911316427e+05
3.285062386105540791e+05
3.273626456747644697e+05
3.262257322044327157e+05
3.251300953486898798e+05
3.241025869158389396e+05
3.231561154943851870e+05
3.222863731635775184e+05
3.214723873661725083e+05
3.206807599634354701e+05
3.198724985416366253e+05
3.190107364357881597e+05
3.180675060148412012e+05
3.170280573103920906e+05
3.158918756144020590e+05
3.146703649061313481e+05
3.133819350696110632e+05
3.120457902283888543e+05
3.106759480759594589e+05
3.092768896711505949e+05
3.078417979939182987e+05
3.063537166547119268e+05
3.047893060298311757e+05
3.031243373293950572e+05
3.013397421591511229e+05
2.994269649535923963e+05
2.973915391693245620e+05
2.952541809857087792e+05
2.930491928991708555e+05
2.908204954953836277e+05
2.886160502160689211e+05
2.864817093473320710e+05
2.844555900055688689e+05
2.825639308687014272e+05
2.808191031404815731e+05
2.792200622456529527e+05
2.777550826065732399e+05
2.764061578871069360e+05
2.751540538729796535e+05
2.739827956188718672e+05
2.728824783823678736e+05
2.718497531091396813e+05
2.708860439194615465e+05
2.699942634255475714e+05
2.691752227766244323e+05
2.684249125051809824e+05
2.677333831323809572e+05
2.670852974190767854e+05
2.664616543670753599e+05
2.658419240002444712e+05
2.652059362974504475e+05
2.645352186972621712e+05
2.638138661990943365e+05
2.630292709023751086e+05
2.621730485325948684e+05
2.612423051093840331e+05
2.602410876492130628e+05
2.591815787435176899e+05
2.580844286702607642e+05
2.569776402135148819e+05
2.558936603039149777e+05
2.548647660849091772e+05
2.539173712358636549e+05
2.530663672379220661e+05
2.523108724056162755e+05
2.516326485954969830e+05
2.509979330450774287e+05
2.503626377220368013e+05
2.496800235298326006e+05
2.489093235656770994e+05
2.480235549972471199e+05
2.470149636815970298e+05
2.458970822379282326e+05
2.447030613025009516e+05
2.434805769927998772e+05
2.422841271912433731e+05
2.411658941103910329e+05
2.401665952094457461e+05
2.393078613752253586e+05
2.385876011069048545e+05
2.379794377882067347e+05
2.374366080625061004e+05
2.368997793757483014e+05
2.363073190520123171e+05
2.356059197220988281e+05
2.347593808044930338e+05
2.337538119931197434e+05
2.325984128251201473e+05
2.313220140005631838e+05
2.299664525706459244e+05
2.285783969730383542e+05
2.272013721767333045e+05
2.258695007988545112e+05
2.246039732180403080e+05
2.234126113027455867e+05
2.222922285087213968e+05
2.212329485243827803e+05
2.202233411392558482e+05
2.192552262434834847e+05
2.183272551893832569e+05
2.174467897074365173e+05
2.166300121339649486e+05
2.159004956773879239e+05
2.152865918296958262e+05
2.148179785028298793e+05
2.145216187741750909e+05
2.144172683307513362e+05
2.145125926537380728e+05
2.147979709777042153e+05
2.152412430604417459e+05
2.157830436297380365e+05
2.163339189352667308e+05
2.167749244349643704e+05
2.169635204693709384e+05
2.167459726012667816e+05
2.159759968148588378e+05
2.145373271958309342e+05
2.123658861718345142e+05
2.094661569885959325e+05
2.059168683699054236e+05
2.018633381410485890e+05
1.974972288851964113e+05
1.930279500325194676e+05
1.886522843208526901e+05
1.845291868759219651e+05
1.807649868958122388e+05
1.774110546632597689e+05
1.744724972846703895e+05
1.719237581074169721e+05
1.697258646693977353e+05
1.678406273395454336e+05
1.662388857160350017e+05
1.649021534012722550e+05
1.638189469751284632e+05
1.629781986569258152e+05
1.623623324807051686e+05
1.619420549626456341e+05
1.616740591228847625e+05
1.615020154299394344e+05
1.613606090621073381e+05
1.611819821840733930e+05
1.609036552687961375e+05
1.604767526451220911e+05
1.598731599506692437e+05
1.590902035133896279e+05
1.581516904090192111e+05
1.571047316094274283e+05
1.560126024875709263e+05
1.549447674350693414e+05
1.539658572972586262e+05
1.531256430162945762e+05
1.524518257037462899e+05
1.519468350178865076e+05
1.515889737982330262e+05
1.513373873335906828e+05
1.511396635667200026e+05
1.509405070738427457e+05
1.506899087673695467e+05
1.503495126316927781e+05
1.498963671928282129e+05
1.493238265245616203e+05
1.486399162946857105e+05
1.478639021693680552e+05
1.470220153657197952e+05
1.461432686484775331e+05
1.452560561081988853e+05
1.443858531581711140e+05
1.435539469351988519e+05
1.427768642495671811e+05
1.420661064286719193e+05
1.414279374221180042e+05
1.408632013794188679e+05
1.403673270505453402e+05
1.399307067318642803e+05
1.395395136470843572e+05
1.391768385526372585e+05
1.388239143061311916e+05
1.384612350957405579e+05
1.380695392973520211e+05
1.376307976081954257e+05
1.371294049557797553e+05
1.365536617039644916e+05
1.358974022543675965e+05
1.351614180442577344e+05
1.343542520924739365e+05
1.334920577277063858e+05
1.325974559887160722e+05
1.316975729143000790e+05
1.308215788800050650e+05
1.299980469487737864e+05
1.292523388520085427e+05
1.286041078792515182e+05
1.280649640328473324e+05
1.276364151018201374e+05
1.273083504147214844e+05
1.270584936991205032e+05
1.268533183533685369e+05
1.266508077842774364e+05
1.264051211150089803e+05
1.260727359256399068e+05
1.256191175108434109e+05
1.250245989139040612e+05
1.242881261729748221e+05
1.234279085025628883e+05
1.224787351970554446e+05
1.214865525558784429e+05
1.205015445897981263e+05
1.195712035129865253e+05
1.187346495796335803e+05
1.180188959772679955e+05
1.174371095988162269e+05
1.169884513377252297e+05
1.166589361547187873e+05
1.164229145929574734e+05
1.162450886833455006e+05
1.160832325357732043e+05
1.158918370691373275e+05
1.156266987341178465e+05
1.152501048153346928e+05
1.147358923960689717e+05
1.140734418447389326e+05
1.132697168899395037e+05
1.123487902413781703e+05
1.113488034747032798e+05
1.103168456986811361e+05
1.093026373408385116e+05
1.083520704082275042e+05
1.075015734922689880e+05
1.067740116393668723e+05
1.061765112455453054e+05
1.057003144623303961e+05
1.053225556993106147e+05
1.050096959796455922e+05
1.047222057738152507e+05
1.044199302367393684e+05
1.040674262159005739e+05
1.036384911814606457e+05
1.031191766195307137e+05
1.025088188232004759e+05
1.018189904826016864e+05
1.010706823455454578e+05
1.002903499113855069e+05
9.950561566018546000e+04
9.874137371659067867e+04
9.801684126548048516e+04
9.734382650632502919e+04
9.672622885618453438e+04
9.616061155880083970e+04
9.563759617992502172e+04
9.514379056144287460e+04
9.466394013354765775e+04
9.418297760060011933e+04
9.368766251428901160e+04
9.316758562210315722e+04
9.261547243574071035e+04
9.202691593175544403e+04
9.139982023090567964e+04
9.073386873679437849e+04
9.003021619603884756e+04
8.929139482329004386e+04
8.852122800310370803e+04
8.772447337319524377e+04
8.690602606049666065e+04
8.606976649025545339e+04
8.521741777458197612e+04
8.434793777964558103e+04
8.345790363781742053e+04
8.254304065682059445e+04
8.160060209267240134e+04
8.063189424562080239e+04
7.964403951649705414e+04
7.865018328195983486e+04
7.766776493621585541e+04
7.671505924217730353e+04
7.580675520096842956e+04
7.494968911085046420e+04
7.413987659282113600e+04
7.336169611663000251e+04
7.258956491243306664e+04
7.179187225779917208e+04
7.093644657034266856e+04
6.999653418532041542e+04
6.895619516248886066e+04
6.781415431999476277e+04
6.658543194299348397e+04
6.530045852808579366e+04
6.400179473112807318e+04
6.273897550423907524e+04
6.156231617831622134e+04
6.051669699981877784e+04
5.963633507593441027e+04
5.894134829972831358e+04
5.843655319744004373e+04
5.811250048934877123e+04
5.794834163573435217e+04
5.791582795390634419e+04
5.798362362505865894e+04
5.812116834781177749e+04
5.830151540347423725e+04
5.850283346961396455e+04
5.870853058802525629e+04
5.890618739639055275e+04
5.908565185640887648e+04
5.923675365693247295e+04
5.934716273461793025e+04
5.940095744928692875e+04
5.937847362602046633e+04
5.925793410666814452e+04
5.901915171868297330e+04
5.864921822913403594e+04
5.814955854325205291e+04
5.754314360738518008e+04
5.688018321635854227e+04
5.624044462503852264e+04
5.573060202500422020e+04
5.547575406047764409e+04
5.560536617387307342e+04
5.623519924860780884e+04
5.744798911310143740e+04
5.927642487236148736e+04
6.169205931895339745e+04
6.460301854273262143e+04
6.786181282794308208e+04
7.128248440016835229e+04
7.466426035340760427e+04
7.781738110698702803e+04
8.058629399681127688e+04
8.286609312098617374e+04
8.460974301309722068e+04
8.582574687938658462e+04
8.656790460335313401e+04
8.692015217605044018e+04
8.697994010675746540e+04
8.684324215194108547e+04
8.659335090815312287e+04
8.629445951015289756e+04
8.598995372303281329e+04
8.570453907581479871e+04
8.544887518352516054e+04
8.522526671091068420e+04
8.503310381419863552e+04
8.487307501380892063e+04
8.474960954094774206e+04
8.467145932107961562e+04
8.465071885536202171e+04
8.470083393062309187e+04
8.483423021987940592e+04
8.506011166496686928e+04
8.538279394519944617e+04
8.580073263225529809e+04
8.630625120768437046e+04
8.688590372218312405e+04
8.752140385752508882e+04
8.819106590452193632e+04
8.887168156197406643e+04
8.954067809414940712e+04
9.017829252224438824e+04
9.076941239099665836e+04
9.130473889338989102e+04
9.178105227328685578e+04
9.220057657913451840e+04
9.256967494228290161e+04
9.289726378707578988e+04
9.319334815707558300e+04
9.346794615718694695e+04
9.373045169324934250e+04
9.398928424529932090e+04
9.425158583361678757e+04
9.452278678126924206e+04
9.480603693873270822e+04
9.510169408808082517e+04
9.540717086734488839e+04
9.571739973569061840e+04
9.602598773602845904e+04
9.632687398502566793e+04
9.661608252726406499e+04
9.689307590885079117e+04
9.716129906157989171e+04
9.742772810356921400e+04
9.770152253418511827e+04
9.799212617350797518e+04
9.830729877383704297e+04
9.865155589863716159e+04
9.902536195798686822e+04
9.942520435514475685e+04
9.984443747353868093e+04
1.002745909030270559e+05
1.007067450380027585e+05
1.011326198128225660e+05
1.015451854277703969e+05
1.019388262159400911e+05
1.023092801313719538e+05
1.026536548070289718e+05
1.029707510558086069e+05
1.032617346012619673e+05
1.035309675509421941e+05
1.037866406583314965e+05
1.040408105339109607e+05
1.043085661151972890e+05
1.046062909640021971e+05
1.049492722918833315e+05
1.053491364437047014e+05
1.058116825745381648e+05
1.063356065571779036e+05
1.069123825029215368e+05
1.075272793632498069e+05
1.081612354492821614e+05
1.087931734975764266e+05
1.094023394101124868e+05
1.099703580414379248e+05
1.104828543123489071e+05
1.109306230495872005e+05
1.113104080137204146e+05
1.116253627764258417e+05
1.118852282553281402e+05
1.121061992567659909e+05
1.123103979626453947e+05
1.125248651146390912e+05
1.127800551602275082e+05
1.131079867782910151e+05
1.135404069225298736e+05
1.141074684369022434e+05
1.148373714750720683e+05
1.157571008787189057e+05
1.168938482713683625e+05
1.182761240974701941e+05
1.199332189273537515e+05
1.218918229995927250e+05
1.241693655469352962e+05
1.267648577755074075e+05
1.296493411050766299e+05
1.327589455964735243e+05
1.359935940006306337e+05
1.392233413434326940e+05
1.423024044957297447e+05
1.450886757030225708e+05
1.474646938865924603e+05
1.493553412872928311e+05
1.507382384790603537e+05
1.516447093892004341e+05
1.521516252506908786e+05
1.523665931914676039e+05
1.524101817295094079e+05
1.523989299279798288e+05
1.524319739344360132e+05
1.525827374586701335e+05
1.528958004324722860e+05
1.533881326764583937e+05
1.540534449392116221e+05
1.548683522794284509e+05
1.557991791136257525e+05
1.568084275384912034e+05
1.578601440587539109e+05
1.589236806364430522e+05
1.599756722005085903e+05
1.610004051531491859e+05
1.619890380067022343e+05
1.629382626432632678e+05
1.638489271510617982e+05
1.647249271443835169e+05
1.655724207289532933e+05
1.663992443420242926e+05
1.672143607177658996e+05
1.680272386457766406e+05
1.688471746967997169e+05
1.696826406712477037e+05
1.705407368762045226e+05
1.714267667181667348e+05
1.723438786541596637e+05
1.732927045985519653e+05
1.742709806130839861e+05
1.752732363766153867e+05
1.762907201235009125e+05
1.773117251690610428e+05
1.783223864682246058e+05
1.793078649950123508e+05
1.802537182216058427e+05
1.811472406235419621e+05
1.819786608126851788e+05
1.827422321268271480e+05
1.834373336162576743e+05
1.840696158708580188e+05
1.846519853824514139e+05
1.852049447735745925e+05
1.857556828920287662e+05
1.863354881758912816e+05
1.869755515936745796e+05
1.877018701460470038e+05
1.885304846487186733e+05
1.894644292295888590e+05
1.904934245152151270e+05
1.915966100954303984e+05
1.927477498292597884e+05
1.939216657764094998e+05
1.951003790743810532e+05
1.962775984642252151e+05
1.974606735003699432e+05
1.986697176697044924e+05
1.999341374761420884e+05
2.012872048119516694e+05
2.027595939656616538e+05
2.043729994532394630e+05
2.061350329600768746e+05
2.080364821522936109e+05
2.100516169431860617e+05
2.121415607228992740e+05
2.142599653406007565e+05
2.163596117454594350e+05
2.183983635200364806e+05
2.203432317267385952e+05
2.221720379862596164e+05
2.238729759847776731e+05
2.254429263112944318e+05
2.268854753762903565e+05
2.282092642983844853e+05
2.294267880070611718e+05
2.305533761693081469e+05
2.316060064231906144e+05
2.326018181738809217e+05
2.335565318437942187e+05
2.344832039708191587e+05
2.353917202168461808e+05
2.362891635768431006e+05
2.371808445063437684e+05
2.380715275132763491e+05
2.389663473231350654e+05
2.398710692018918926e+05
2.407916135385620873e+05
2.417330199736879149e+05
2.426982061334379832e+05
2.436869760817431088e+05
2.446957693370716879e+05
2.457185959934269486e+05
2.467494165000669018e+05
2.477858403052978683e+05
2.488334658512183232e+05
2.499096311379169929e+05
2.510450565371986013e+05
2.522820857356216584e+05
2.536690385337006883e+05
2.552513871280961903e+05
2.570616360089715745e+05
2.591104499568829488e+05
2.613814274691545870e+05
2.638309757355970214e+05
2.663933532109646476e+05
2.689896216253399616e+05
2.715384382909367559e+05
2.739665112191082444e+05
2.762170167513877386e+05
2.782550248787667369e+05
2.800696624867140781e+05
2.816731895219302387e+05
2.830973851704387343e+05
2.843877823447877308e+05
2.855964798021872411e+05
2.867745142446119571e+05
2.879649685100888601e+05
2.891979538713969523e+05
2.904882356335566146e+05
2.918356349012787105e+05
2.932276546679444145e+05
2.946433167237262242e+05
2.960571367222086992e+05
2.974424945653566974e+05
2.987741750244083232e+05
3.000302833874974167e+05
3.011938869649263215e+05
3.022545821914331755e+05
3.032098964828077005e+05
3.040662172661464429e+05
3.048389268750744523e+05
3.055515858125365921e+05
3.062342109889244311e+05
3.069208098380325246e+05
3.076463359155230573e+05
3.084432252977097523e+05
3.093377780416161404e+05
3.103468852439348120e+05
3.114758319283837918e+05
3.127179026996261673e+05
3.140561267251292593e+05
3.154667849308130099e+05
3.169235684976498596e+05
3.184009278782202746e+05
3.198754595395788783e+05
3.213250986507803900e+05
3.227270313662575791e+05
3.240560482103918912e+05
3.252850792872998863e+05
3.263887892818314722e+05
3.273497022705974523e+05
3.281649933893588604e+05
3.288514367855953751e+05
3.294463484114030143e+05
3.300035810341360047e+05
3.305852256964724511e+05
3.312510304942360963e+05
3.320481923877676600e+05
3.330039601443802239e+05
3.341225841974454233e+05
3.353869361888896092e+05
3.367639876434252365e+05
3.382125577567527071e+05
3.396914304878272233e+05
3.411660877617806545e+05
3.426128160448068520e+05
3.440196786692059250e+05
3.453846345094519202e+05
3.467117396613287856e+05
3.480067333236997365e+05
3.492732996229464188e+05
3.505109409693403286e+05
3.517148246291527757e+05
3.528773556397730717e+05
3.539907611554811010e+05
3.550497618000062066e+05
3.560534917582687922e+05
3.570061655951342545e+05
3.579164604590919917e+05
3.587960282023066538e+05
3.596578147712643840e+05
3.605148443378219381e+05
3.613798311435379437e+05
3.622655391440228559e+05
3.631854167904764181e+05
3.641538739004723611e+05
3.651857166366574820e+05
3.662946463494989439e+05
3.674911755312132882e+05
3.687806109700049274e+05
3.701617655991377542e+05
3.716267848936514347e+05
3.731620367214141879e+05
3.747496065383971436e+05
3.763687360497892369e+05
3.779966311429264606e+05
3.796084185273947660e+05
3.811765228412309662e+05
3.826701797099175164e+05
3.840560065935551538e+05
3.853003962696415838e+05
3.863739705472800415e+05
3.872575729261789820e+05
3.879485458823177614e+05
3.884656200405288255e+05
3.888508361927770893e+05
3.891675334360537818e+05
3.894943664891268709e+05
3.899162414234423195e+05
3.905136911827760050e+05
3.913524184816519846e+05
3.924745704449468758e+05
3.938929414025098667e+05
3.955888728750796872e+05
3.975141766062238021e+05
3.995969080663070781e+05
4.017502378120877547e+05
4.038830832861906965e+05
4.059107591288710828e+05
4.077638791530705057e+05
4.093941809866625699e+05
4.107767370042019757e+05
4.119088975482533569e+05
4.128069857089811121e+05
4.135020303474935354e+05
4.140356631128531881e+05
4.144568472181896796e+05
4.148195518669562298e+05
4.151810176813168800e+05
4.155999862966386136e+05
4.161342308738942374e+05
4.168369167041540495e+05
4.177517093737858813e+05
4.189070707773015602e+05
4.203107322278529173e+05
4.219457443696900737e+05
4.237695825956021436e+05
4.257173867470616824e+05
4.277095277341008768e+05
4.296625165200854535e+05
4.315011760774456197e+05
4.331694087995156879e+05
4.346370996299396502e+05
4.359016992087023682e+05
4.369845113183826325e+05
4.379231443823136506e+05
4.387624771093123127e+05
4.395465626729492797e+05
4.403132094258058351e+05
4.410918562172948150e+05
4.419042433354858658e+05
4.427666316651016823e+05
4.436921214010703261e+05
4.446919371998238494e+05
4.457751925567564904e+05
4.469473649104007636e+05
4.482082588881152333e+05
4.495504412131013814e+05
4.509589531090193777e+05
4.524126358301582513e+05
4.538868362193478388e+05
4.553568126941053779e+05
4.568009931626962498e+05
4.582033721251836978e+05
4.595546745208054781e+05
4.608522951892365818e+05
4.620993042446459294e+05
4.633029290344855399e+05
4.644729018822430517e+05
4.656199574245424592e+05
4.667546266103896196e+05
4.678863392102961079e+05
4.690227412298989366e+05
4.701690970957172103e+05
4.713277163621376967e+05
4.724975166452804697e+05
4.736740288090136601e+05
4.748502267891331576e+05
4.760183971109754639e+05
4.771728398788364721e+05
4.783126691881011357e+05
4.794436346198391402e+05
4.805779768938691705e+05
4.817319367682299344e+05
4.829214621586578432e+05
4.841574963186373934e+05
4.854425518361011636e+05
4.867698648098273552e+05
4.881254163024365553e+05
4.894919514493116876e+05
4.908533674614165211e+05
4.921978467944372096e+05
4.935188678112839116e+05
4.948143327711517341e+05
4.960849252500393777e+05
4.973329808607129962e+05
4.985625399924128433e+05
4.997802061129340436e+05
5.009955826685755164e+05
5.022199629010264180e+05
5.034627670714717242e+05
5.047266070493529551e+05
5.060030827508489601e+05
5.072717462149736821e+05
5.085037692812014138e+05
5.096699953758174088e+05
5.107510424712469685e+05
5.117459033143850975e+05
5.126756977292185184e+05
5.135808680677282391e+05
5.145125127482257085e+05
5.155207065987502574e+05
5.166436548326612101e+05
5.179009861546239117e+05
5.192927041126751574e+05
5.208030967199747101e+05
5.224071969105608296e+05
5.240768466295573744e+05
5.257841521044883411e+05
5.275016870793949347e+05
5.292004574387972243e+05
5.308476772288947832e+05
5.324064454959237482e+05
5.338385266941855662e+05
5.351100628925968194e+05
5.361987707551021595e+05
5.371004885463361861e+05
5.378330512731363997e+05
5.384362748981332406e+05
5.389679687327509746e+05
5.394969324926671106e+05
5.400944898766216356e+05
5.408261401670067571e+05
5.417444908387764590e+05
5.428840464059321675e+05
5.442579664283843013e+05
5.458567365538501181e+05
5.476487899854788557e+05
5.495832773500453914e+05
5.515951705231575761e+05
5.536125592743244488e+05
5.555654074622398475e+05
5.573944082717526471e+05
5.590582223010428715e+05
5.605375309344640700e+05
5.618350269995380659e+05
5.629715010540492367e+05
5.639792114088874077e+05
5.648943835000448162e+05
5.657507468746139202e+05
5.665754975129093509e+05
5.673881996046822751e+05
5.682022499747797847e+05
5.690279107761430787e+05
5.698757058596614515e+05
5.707591296725121792e+05
5.716959796059513465e+05
5.727080293164963368e+05
5.738191122533085290e+05
5.750519570785023971e+05
5.764243206613786751e+05
5.779450997116849758e+05
5.796111437538908795e+05
5.814054125045009423e+05
5.832969217059280491e+05
5.852426434033412952e+05
5.871912261621130165e+05
5.890881195643983083e+05
5.908814431378262816e+05
5.925277495234935777e+05
5.939967442363788141e+05
5.952741237226196099e+05
5.963620487619453343e+05
5.972773562356864568e+05
5.980482586668446893e+05
5.987107097660423024e+05
5.993055720366443275e+05
5.998771449052921962e+05
6.004727150455663214e+05
6.011420088797729695e+05
6.019352027736474993e+05
6.028986767483510775e+05
6.040687921235066606e+05
6.054651203716874588e+05
