6.111114968001156813e+05
6.097561670125953387e+05
6.086001310477869119e+05
6.075982003829631722e+05
6.066905191052097362e+05
6.058133427136481041e+05
6.049089633274647640e+05
6.039328093971660128e+05
6.028568592186167371e+05
6.016697102634925395e+05
6.003744462925015250e+05
5.989855734923939453e+05
5.975258383463562932e+05
5.960230680370738264e+05
5.945067395520025166e+05
5.930040571600435069e+05
5.915358369651904795e+05
5.901131045970877167e+05
5.887355684353166725e+05
5.873927791597656906e+05
5.860679134714675602e+05
5.847431177417803556e+05
5.834047005806444213e+05
5.820464877042426961e+05
5.806703379458636045e+05
5.792838564465530217e+05
5.778962977105533937e+05
5.765141821968847653e+05
5.751381257679992123e+05
5.737618889708219795e+05
5.723739094358051661e+05
5.709608287033028901e+05
5.695119670502748340e+05
5.680234696748293936e+05
5.665009925597900292e+05
5.649602605170336319e+05
5.634254512326258700e+05
5.619259118871625978e+05
5.604920017027528957e+05
5.591508065078299260e+05
5.579221963376805652e+05
5.568154203049927019e+05
5.558263644386488013e+05
5.549357914127251133e+05
5.541091804315258050e+05
5.532989065198518801e+05
5.524492042269117665e+05
5.515036312642141711e+05
5.504138328859421890e+05
5.491477205308935372e+05
5.476950782883092761e+05
5.460692046984216431e+05
5.443042717529905494e+05
5.424492123369314941e+05
5.405597135622544447e+05
5.386900859165425645e+05
5.368864623850177741e+05
5.351822095952008385e+05
5.335958685607674997e+05
5.321315225368352840e+05
5.307812017082307721e+05
5.295287056596645853e+05
5.283540317237769486e+05
5.272375076535418630e+05
5.261628375157875707e+05
5.251186010711024283e+05
5.240981886260569445e+05
5.230985146389612346e+05
5.221179898515813984e+05
5.211541508307293989e+05
5.202012040861359565e+05
5.192477274006156367e+05
5.182749528150375118e+05
5.172563127122838050e+05
5.161590163230942562e+05
5.149481296937806183e+05
5.135929383950271294e+05
5.120744925418027560e+05
5.103925226861771662e+05
5.085696999929297017e+05
5.066516442143471795e+05
5.047020686663466040e+05
5.027937042753019487e+05
5.009967849611041602e+05
4.993675581638155272e+05
4.979393009967284161e+05
4.967176715789321461e+05
4.956811127729169093e+05
4.947858046402476029e+05
4.939737109387454111e+05
4.931818475614089984e+05
4.923510653787181946e+05
4.914332101832511835e+05
4.903961879003715003e+05
4.892269280519372551e+05
4.879323565906406147e+05
4.865383233302374720e+05
4.850862093738960102e+05
4.836269437621069956e+05
4.822125649823684362e+05
4.808862416919883108e+05
4.796725541989412741e+05
4.785704221066448372e+05
4.775509596363389282e+05
4.765615890123256249e+05
4.755361325493194745e+05
4.744088425471077207e+05
4.731290481891646632e+05
4.716727885186540661e+05
4.700485867652131128e+05
4.682961201366589521e+05
4.664783958833992947e+05
4.646695765996369882e+05
4.629414127372950315e+05
4.613512311605244759e+05
4.599337370613451931e+05
4.586977935693504405e+05
4.576281595987696201e+05
4.566911609200875391e+05
4.558426303398976452e+05
4.550362624097161461e+05
4.542307506633316516e+05
4.533945769063506741e+05
4.525079289557719021e+05
4.515617977165718330e+05
4.505547894934934448e+05
4.494885891980928136e+05
4.483633202558092889e+05
4.471741924194630701e+05
4.459106706698048511e+05
4.445588253764496185e+05
4.431065730389560922e+05
4.415504376776175923e+05
4.399016588940292131e+05
4.381893311932759243e+05
4.364589530041622347e+05
4.347661335805671406e+05
4.331667941997608286e+05
4.317064267961475998e+05
4.304113716268528369e+05
4.292844822710633744e+05
4.283061667715704534e+05
4.274401235871180543e+05
4.266417281840696232e+05
4.258664463815963245e+05
4.250760272522196756e+05
4.242413632135152002e+05
4.233423038047866430e+05
4.223657844993025064e+05
4.213039543240769999e+05
4.201534815161501174e+05
4.189162004686454311e+05
4.176002877213925822e+05
4.162207296878588386e+05
4.147981746552473633e+05
4.133561391726994771e+05
4.119174602666148567e+05
4.105013271483309800e+05
4.091219365098504932e+05
4.077889503877883544e+05
4.065089714448388549e+05
4.052867196735008620e+05
4.041247944705458358e+05
4.030217432918067789e+05
4.019692063497458585e+05
4.009496373401834280e+05
3.999361514335124521e+05
3.988953941884657834e+05
3.977932471814023447e+05
3.966021313458296354e+05
3.953080263296506018e+05
3.939152827790238662e+05
3.924478252104292624e+05
3.909462267034669057e+05
3.894611241110719275e+05
3.880442920857119025e+05
3.867392189448492718e+05
3.855731133898737025e+05
3.845518993960390799e+05
3.836590248962640762e+05
3.828580266282529919e+05
3.820980212019899627e+05
3.813208505496536964e+05
3.804685834863680648e+05
3.794903817996950238e+05
3.783481768962214701e+05
3.770209523483112571e+05
3.755075552081351052e+05
3.738278694849858875e+05
3.720220067985873902e+05
3.701470876408954500e+05
3.682713614591230871e+05
3.664659049918436212e+05
3.647948626624270109e+05
3.633059238911641878e+05
3.620231566564182867e+05
3.609441460219685105e+05
3.600424945302850101e+05
3.592752699743261328e+05
3.585933545746956370e+05
3.579514404097520746e+05
3.573141641570205684e+05
3.566558432883543428e+05
3.559533139544472797e+05
3.551739106283982983e+05
3.542628377878070460e+05
3.531352282468618359e+05
3.516775123071931303e+05
3.497603121316189063e+05
3.472615201719595352e+05
3.440946148609083612e+05
3.402348759422050789e+05
3.357359546678570332e+05
3.307314829123355448e+05
3.254204312990534236e+05
3.200394122946414864e+05
3.148285445480726776e+05
3.099987475055365940e+05
3.057071693505704752e+05
3.020445119414630462e+05
2.990345057647842332e+05
2.966429268498484162e+05
2.947921048180586076e+05
2.933769575383597403e+05
2.922797550149360904e+05
2.913823515746347839e+05
2.905758791575031355e+05
2.897684901270771516e+05
2.888916400417593541e+05
2.879048499404973118e+05
2.867982666764101014e+05
2.855920210406318656e+05
2.843315953389130300e+05
2.830791561449102010e+05
2.819018531091940822e+05
2.808590508170709363e+05
2.799909680667285575e+05
2.793110257244003587e+05
2.788033810827406705e+05
2.784259223254128592e+05
2.781178018680592068e+05
2.778097516036187881e+05
2.774351237746376428e+05
2.769398012851998792e+05
2.762896267337724566e+05
2.754745775730771129e+05
2.745094082004675292e+05
2.734308587592435069e+05
2.722918623674697010e+05
2.711535432142866193e+05
2.700761827979794471e+05
2.691106247437387356e+05
2.682916161020576255e+05
2.676342224784244318e+05
2.671337364093889482e+05
2.667686318447361118e+05
2.665054123994586989e+05
2.663039241022176575e+05
2.661219445174211287e+05
2.659184833656483097e+05
2.656559375419361168e+05
2.653017191652742913e+05
2.648300295423676725e+05
2.642241004572137608e+05
2.634786665041446686e+05
2.626019496059509693e+05
2.616162634226304654e+05
2.605565692248714040e+05
2.594668481885286747e+05
2.583947792709623463e+05
2.573856751974303625e+05
2.564767566502047121e+05
2.556926138066555723e+05
2.550422517625729379e+05
2.545176704862985935e+05
2.540936952511855052e+05
2.537288230637821835e+05
2.533670849517028837e+05
2.529411253618487681e+05
2.523766604148841870e+05
2.515981323467486363e+05
2.505348686330808268e+05
2.491266681129538047e+05
2.473277510473942675e+05
2.451085231032391894e+05
2.424554436492022651e+05
2.393700718505724799e+05
2.358686731073952687e+05
2.319833730019349023e+05
2.277648429230409965e+05
2.232853001104266732e+05
2.186397563964593573e+05
2.139434009113728243e+05
2.093238859003459220e+05
2.049088485832520819e+05
2.008106993994157237e+05
1.971119147851707530e+05
1.938543353100759559e+05
1.910351708912550530e+05
1.886108083867376554e+05
1.865076180038977182e+05
1.846373394648442627e+05
1.829137309996455733e+05
1.812671497579383722e+05
1.796544862311239704e+05
1.780630914544818806e+05
1.765086531855625508e+05
1.750280996911865950e+05
1.736693639079377463e+05
1.724801694252217130e+05
1.714979206950488442e+05
1.707423501280116325e+05
1.702118830436317076e+05
1.698838598811078991e+05
1.697179803984220489e+05
1.696617950314794143e+05
1.696568991301443893e+05
1.696447042627977789e+05
1.695711463571872737e+05
1.693902265521880763e+05
1.690666476388247684e+05
1.685778815361130110e+05
1.679158026001311664e+05
1.670876967328722822e+05
1.661162061467550520e+05
1.650377470779496070e+05
1.638991821047962585e+05
1.627529550791920628e+05
1.616513396546562726e+05
1.606407392836294894e+05
1.597569962286615628e+05
1.590224091996513598e+05
1.584447132751593599e+05
1.580177954063569487e+05
1.577235654225003091e+05
1.575342880445255432e+05
1.574148294168184511e+05
1.573246091753758956e+05
1.572194333634913783e+05
1.570536538608190021e+05
1.567831362130442285e+05
1.563692844405026990e+05
1.557839325744830421e+05
1.550144122067997814e+05
1.540677204469464486e+05
1.529725956218195206e+05
1.517785345769965788e+05
1.505513263855109690e+05
1.493654035314108769e+05
1.482940328087913513e+05
1.473988933102199517e+05
1.467207875953801267e+05
1.462730718680285790e+05
1.460389351401193708e+05
1.459730277121221879e+05
1.460072646693876886e+05
1.460600094483479043e+05
1.460473392442329787e+05
1.458947552576556045e+05
1.455475775487008505e+05
1.449784084951200057e+05
1.441904827942987322e+05
1.432164005191838951e+05
1.421125367741406953e+05
1.409501586204980267e+05
1.398047886520510656e+05
1.387455385978066479e+05
1.378259991117176542e+05
1.370778964147491788e+05
1.365082238940033421e+05
1.361000194631489576e+05
1.358164452721657872e+05
1.356073757223842258e+05
1.354173617715004948e+05
1.351936772155260551e+05
1.348932173238879477e+05
1.344873124068303150e+05
1.339639681087200297e+05
1.333275287735805614e+05
1.325961593446549377e+05
1.317977866855702014e+05
1.309652350401536387e+05
1.301312800757117657e+05
1.293242785382760776e+05
1.285649206302217499e+05
1.278644859093001287e+05
1.272247499497100653e+05
1.266394107678002329e+05
1.260966401713768428e+05
1.255821842984387185e+05
1.250823818649814784e+05
1.245865362299304397e+05
1.240882339120601537e+05
1.235854083690787666e+05
1.230791790265680029e+05
1.225717379972754134e+05
1.220637872872918961e+05
1.215521988900770521e+05
1.210286127436462994e+05
1.204795497194714262e+05
1.198882928549328935e+05
1.192383381561193964e+05
1.185177470891488920e+05
1.177233770402378868e+05
1.168638369893821800e+05
1.159601788652069517e+05
1.150437873384831037e+05
1.141515903701132338e+05
1.133194250128336280e+05
1.125749601537427661e+05
1.119318152979394217e+05
1.113863177915936540e+05
1.109177369353717513e+05
1.104919857827180676e+05
1.100679402286849072e+05
1.096049385876713932e+05
1.090698498552266974e+05
1.084423477590887924e+05
1.077175752946858265e+05
1.069060276184285467e+05
1.060310240880037454e+05
1.051244667485412356e+05
1.042216854584454850e+05
1.033561269765296311e+05
1.025545581690225372e+05
1.018333822443285608e+05
1.011965979082541890e+05
1.006357948281626741e+05
1.001323066963280144e+05
9.966123194036488712e+04
9.919657181576026778e+04
9.871638447185987025e+04
9.820676837662971229e+04
9.766374631568491168e+04
9.709267341935586592e+04
9.650547478973300895e+04
9.591661105002019031e+04
9.533898362188041210e+04
9.478093527761174482e+04
9.424511258534132503e+04
9.372937793927302118e+04
9.322937901973292173e+04
9.274196817986610404e+04
9.226850241910862678e+04
9.181714201357954880e+04
9.140352618886900018e+04
9.104953434148897941e+04
9.078015793583937921e+04
9.061877469621972705e+04
9.058134088420894113e+04
9.067022548312321305e+04
9.086861256957067235e+04
9.113656567667161289e+04
9.140990799253736623e+04
9.160292893044726225e+04
9.161549949401394406e+04
9.134444461640389636e+04
9.069805924409360159e+04
8.961166230726770300e+04
8.806134614226412668e+04
8.607289969667875266e+04
8.372346209361190267e+04
8.113478696221724385e+04
7.845879405586789653e+04
7.585787267496860295e+04
7.348364843176718568e+04
7.145824300510605099e+04
6.986135478122133645e+04
6.872500677974364953e+04
6.803601774726102303e+04
6.774466835398919648e+04
6.777703411889330891e+04
6.804817611286220199e+04
6.847372417687729467e+04
6.897812382408225676e+04
6.949870058931890526e+04
6.998554923284359393e+04
7.039799769580909924e+04
7.069900151585527055e+04
7.084926562228625698e+04
7.080309643463157408e+04
7.050785100455627253e+04
6.990828228130297794e+04
6.895608369504849543e+04
6.762365995821940305e+04
6.591987754976860015e+04
6.390461657887986075e+04
6.169862968784074474e+04
5.948562104823342088e+04
5.750450271687415079e+04
5.603124630301100842e+04
5.535137989015919447e+04
5.572579684955419361e+04
5.735401591955237382e+04
6.034020827355714573e+04
6.466792086561948236e+04
7.018909693037372199e+04
7.663137933758897998e+04
8.362471829212173179e+04
9.074442177585528407e+04
9.756392101715458557e+04
1.037078583564341970e+05
1.088956220550044090e+05
1.129674887050385296e+05
1.158895795008269779e+05
1.177386921078893793e+05
1.186722983374031901e+05
1.188914631960550032e+05
1.186046858104658895e+05
1.179989778553864890e+05
1.172216929742912325e+05
1.163736607777904428e+05
1.155118279251672939e+05
1.146582599194265204e+05
1.138120312800552638e+05
1.129609961919893831e+05
1.120913508824284800e+05
1.111939506414296047e+05
1.102672826119444653e+05
1.093176705904986738e+05
1.083576435973201878e+05
1.074034578702463914e+05
1.064725994749700039e+05
1.055818142150128260e+05
1.047459090812453069e+05
1.039773124541068537e+05
1.032862005532963231e+05
1.026809001750496682e+05
1.021682558649839921e+05
1.017536961657159118e+05
1.014408415972914809e+05
1.012306524803052598e+05
1.011202886489323573e+05
1.011020023983977444e+05
1.011624645684425632e+05
1.012828987253029336e+05
1.014402631211853586e+05
1.016094966171905689e+05
1.017665787028569030e+05
1.018919053825276496e+05
1.019733177207930712e+05
1.020080979276431026e+05
1.020034049746822566e+05
1.019749479328088782e+05
1.019441196901843359e+05
1.019342128715258150e+05
1.019665759621228790e+05
1.020575468250369886e+05
1.022167213732225355e+05
1.024466784980449011e+05
1.027438542533004220e+05
1.030999973965213139e+05
1.035036270041443058e+05
1.039411244946520019e+05
1.043974102631061542e+05
1.048564298392684141e+05
1.053017908285561425e+05
1.057178143627679528e+05
1.060910443032470066e+05
1.064120009821812855e+05
1.066767861653787259e+05
1.068881121837827232e+05
1.070554439402824646e+05
1.071941513787123258e+05
1.073237893503430532e+05
1.074657832840054180e+05
1.076408749250893306e+05
1.078666849603178853e+05
1.081557078670265910e+05
1.085139882496554201e+05
1.089406364693623327e+05
1.094282164631375490e+05
1.099638889866619720e+05
1.105310573901611788e+05
1.111111948835692456e+05
1.116855684469136177e+05
1.122367023746940977e+05
1.127495794698735408e+05
1.132126766633701773e+05
1.136189211938793160e+05
1.139665442071459402e+05
1.142596699238863948e+05
1.145083964943631436e+05
1.147281522644366487e+05
1.149382420096450514e+05
1.151596779347139527e+05
1.154125560106741614e+05
1.157133495251290587e+05
1.160725405305552558e+05
1.164930025618877262e+05
1.169694825384182186e+05
1.174893907799308508e+05
1.180348860510033992e+05
1.185859618736283883e+05
1.191239708093712106e+05
1.196348603311909246e+05
1.201114142659098434e+05
1.205540138635154872e+05
1.209697931716880703e+05
1.213704523395175347e+05
1.217692914261249534e+05
1.221781581196252664e+05
1.226049512286971440e+05
1.230521315954903985e+05
1.235164378332348133e+05
1.239897594135088584e+05
1.244609327393975109e+05
1.249181125551858859e+05
1.253513207994332624e+05
1.257547680622613407e+05
1.261285692689123534e+05
1.264795460638757795e+05
1.268209498704467114e+05
1.271711697255506151e+05
1.275517863490587042e+05
1.279856191219421744e+05
1.284955611999519460e+05
1.291048888053826813e+05
1.298393126532573951e+05
1.307303817175943404e+05
1.318191444529839791e+05
1.331584799062968232e+05
1.348124628619019641e+05
1.368516321137093473e+05
1.393440193184435193e+05
1.423430253701931215e+05
1.458743522409826692e+05
1.499248559744275990e+05
1.544361304076906235e+05
1.593048019814840518e+05
1.643900848859943508e+05
1.695274863139239897e+05
1.745461393786005501e+05
1.792865017690114037e+05
1.836153111857703479e+05
1.874356537249935500e+05
1.906914164560937788e+05
1.933667532957643562e+05
1.954820458419408533e+05
1.970879798055546125e+05
1.982588867484385264e+05
1.990857659204288211e+05
1.996688160168657487e+05
2.001091628296961135e+05
2.004998171881939052e+05
2.009165508805968275e+05
2.014100136744386400e+05
2.020007183149822522e+05
2.026783075240761100e+05
2.034057885391998279e+05
2.041283543364445213e+05
2.047853028957462229e+05
2.053227463054857799e+05
2.057045365632757312e+05
2.059192400553217740e+05
2.059819801413215173e+05
2.059312575273173861e+05
2.058220655243827205e+05
2.057173858454852307e+05
2.056802837821650610e+05
2.057683451644779998e+05
2.060313249634110252e+05
2.065119008049642725e+05
2.072485940007943718e+05
2.082793770166121831e+05
2.096442739097905578e+05
2.113853877061820531e+05
2.135432755220980616e+05
2.161494525055920822e+05
2.192159709933314298e+05
2.227242623703911668e+05
2.266163533462209161e+05
2.307917353202395316e+05
2.351122894392599119e+05
2.394158107337716501e+05
2.435363028785096249e+05
2.473270873879519058e+05
2.506816493810134125e+05
2.535474774546113622e+05
2.559298869025487511e+05
2.578853848730405734e+05
2.595067101188986853e+05
2.609034776743374532e+05
2.621829298002713476e+05
2.634346364024255890e+05
2.647214751513067749e+05
2.660774086394545157e+05
2.675109835447848891e+05
2.690124462030743016e+05
2.705620213074044441e+05
2.721371757836255711e+05
2.737174167082126951e+05
2.752861259168758988e+05
2.768298744057042641e+05
2.783363605265947408e+05
2.797924049617319833e+05
2.811832435521784937e+05
2.824937575021439698e+05
2.837114750996388611e+05
2.848304486109931022e+05
2.858547062269908492e+05
2.868000321035058005e+05
2.876933014468546608e+05
2.885693137298650108e+05
2.894657813820644515e+05
2.904176238130964921e+05
2.914518575068585342e+05
2.925841477240304812e+05
2.938175876167577226e+05
2.951436620367978467e+05
2.965448292249967926e+05
2.979978759908059728e+05
2.994772418295703828e+05
3.009578076808534097e+05
3.024170360972718336e+05
3.038366252564219176e+05
3.052038642458710819e+05
3.065126672677199822e+05
3.077639856964388746e+05
3.089651727390832966e+05
3.101280516056830529e+05
3.112658852905427339e+05
3.123899623903055908e+05
3.135068292662376771e+05
3.146171239160839468e+05
3.157164935920528951e+05
3.167983852802031324e+05
3.178578585693604546e+05
3.188952212379398989e+05
3.199183343016327708e+05
3.209428287013281952e+05
3.219900702231529285e+05
3.230833229477438144e+05
3.242430405967412516e+05
3.254824523209416075e+05
3.268045459458680125e+05
3.282011849157946999e+05
3.296544998426528182e+05
3.311400362607798888e+05
3.326306429536114447e+05
3.340999559513762943e+05
3.355246526903665508e+05
3.368853065538853407e+05
3.381663812914427253e+05
3.393563326379678911e+05
3.404487041833268013e+05
3.414445168902430451e+05
3.423553975353010464e+05
3.432061505751832156e+05
3.440352043019102421e+05
3.448917319930164376e+05
3.458291861925736303e+05
3.468961865478385007e+05
3.481267482159884530e+05
3.495323408553838963e+05
3.510980132008357905e+05
3.527838475818950683e+05
3.545316150708678178e+05
3.562751276692384854e+05
3.579518608493562788e+05
3.595132123021068983e+05
3.609312818991427193e+05
3.622010808414305793e+05
3.633382564760336536e+05
3.643734177676375257e+05
3.653447445009179646e+05
3.662906880458521191e+05
3.672442707458129153e+05
3.682298863279094221e+05
3.692627567651219433e+05
3.703504959001396201e+05
3.714957511407551938e+05
3.726987790633858531e+05
3.739590872760966886e+05
3.752758252020283835e+05
3.766471937355343834e+05
3.780695123981719371e+05
3.795365850893894676e+05
3.810396825802855310e+05
3.825680205592295388e+05
3.841093175860057236e+05
3.856500345600573928e+05
3.871752069216066157e+05
3.886681931415809668e+05
3.901109288826489355e+05
3.914852250586671871e+05
3.927752760693098535e+05
3.939710093260314898e+05
3.950714423008483718e+05
3.960870160183161497e+05
3.970400251753428602e+05
3.979627126531005488e+05
3.988931938492889749e+05
3.998699474262499716e+05
4.009260018488203059e+05
4.020840649640322081e+05
4.033536556625667145e+05
4.047308372456937213e+05
4.062005199263231480e+05
4.077406463930182508e+05
4.093270769396391697e+05
4.109378070196508197e+05
4.125553651765602408e+05
4.141668245237932424e+05
4.157616645858877455e+05
4.173284988004797488e+05
4.188521693639231962e+05
4.203127042484729318e+05
4.216870785360390437e+05
4.229537631416889490e+05
4.240989868687440176e+05
4.251228634344227612e+05
4.260433535642151255e+05
4.268965477026780718e+05
4.277328042259397916e+05
4.286094825236479519e+05
4.295819300109817996e+05
4.306947082591783837e+05
4.319747354455075110e+05
4.334273147221464897e+05
4.350352849821482087e+05
4.367610749538627570e+05
4.385513280484887655e+05
4.403437991871953709e+05
4.420761011300106184e+05
4.436954162158485269e+05
4.451676043107942096e+05
4.464836215824639075e+05
4.476612723901955178e+05
4.487412701078094542e+05
4.497781781112139579e+05
4.508284503863767022e+05
4.519387873245583614e+05
4.531378998970271205e+05
4.544335507203802699e+05
4.558149138842842658e+05
4.572586144782034680e+05
4.587359221108166967e+05
4.602187487175854039e+05
4.616831385855120607e+05
4.631102936344796908e+05
4.644862274767170893e+05
4.658014639309640625e+05
4.670517331397677190e+05
4.682396801633441355e+05
4.693766983880465850e+05
4.704835998922866420e+05
4.715891379952027346e+05
4.727262466456099646e+05
4.739268253196942969e+05
4.752164924418434384e+05
4.766106710036821896e+05
4.781127235878544161e+05
4.797139991501134355e+05
4.813950675627369201e+05
4.831273998402845464e+05
4.848752460438151029e+05
4.865980856144077843e+05
4.882542947299188818e+05
4.898063141001546755e+05
4.912267275692687836e+05
4.925037545099722920e+05
4.936442915591063211e+05
4.946731438555023633e+05
4.956283346092669526e+05
4.965538234542460414e+05
4.974919042423991486e+05
4.984775239014518447e+05
4.995357784557143459e+05
5.006823913455306902e+05
5.019257761298469268e+05
5.032688974041428883e+05
5.047097064939014381e+05
5.062400934402593412e+05
5.078444251895181369e+05
5.094992366758626304e+05
5.111752527185589424e+05
5.128418452654922148e+05
5.144728110890282551e+05
5.160515876015351387e+05
5.175740725928043830e+05
5.190480422045847517e+05
5.204893754392695846e+05
5.219163504543887684e+05
5.233437577494863654e+05
5.247783692972029094e+05
5.262166297192596830e+05
5.276446897915527225e+05
5.290404235432802234e+05
5.303769671435228083e+05
5.316274405950977234e+05
5.327705787408770993e+05
5.337967900698203593e+05
5.347136866017214488e+05
5.355496355830722023e+05
5.363537416038452648e+05
5.371911562919986900e+05
5.381337464832077967e+05
5.392476209344345843e+05
5.405802829479265492e+05
5.421506939412085339e+05
5.439449896053837147e+05
5.459190767994673224e+05
5.480073501356102061e+05
5.501350189625804778e+05
5.522306710591956507e+05
5.542360082019662950e+05
5.561109788166760700e+05
5.578342237185538979e+05
5.594001472743088380e+05
5.608145371613319730e+05
5.620903987813466229e+05
5.632448630905641476e+05
5.642971826709068846e+05
5.652673773360459600e+05
5.661751600814593257e+05
5.670391738359424053e+05
5.678769282688389067e+05
5.687058282081423094e+05
5.695452578852237202e+05
5.704190386025473708e+05
5.713570835243575275e+05
5.723950532231541583e+05
5.735713563765075523e+05
5.749217421079236083e+05
5.764726128430466633e+05
5.782346855915094493e+05
5.801985767743069446e+05
5.823333659535803599e+05
5.845884624248048058e+05
5.868984228135958547e+05
5.891898982525006868e+05
5.913896363494171528e+05
5.934323692003545584e+05
5.952674567764635431e+05
5.968633608638425358e+05
5.982094411492451327e+05
5.993151476512919180e+05
6.002072582266685786e+05
6.009261364490846172e+05
6.015219020578886848e+05
6.020509560531640891e+05
6.025727422850135481e+05
6.031462957147627603e+05
6.038262420185524970e+05
6.046584245227311039e+05
6.056759364683002932e+05
6.068966362587496405e+05
6.083229731897931779e+05
6.099442057191147469e+05
6.117401957881373819e+05
6.136853620502938284e+05
6.157513901359436568e+05
6.179079446146495175e+05
6.201216100119890179e+05
6.223541536838964093e+05
6.245615646781978430e+05
6.266950390681358986e+05
6.287043079134785803e+05
6.305427951164458646e+05
6.321734293174673803e+05
6.335737506853895029e+05
6.347392521748217987e+05
6.356844750623704167e+05
6.364419558280601632e+05
6.370594714552690275e+05
6.375960881609895732e+05
6.381173879567339318e+05
6.386901192508030217e+05
6.393765457355042454e+05
6.402289697540218476e+05
6.412851476780475350e+05
6.425653880365032237e+05
6.440718799805460731e+05
6.457902597272059647e+05
6.476927900476014474e+05
6.497420985203540185e+05
6.518944254650716903e+05
6.541018051081744488e+05
6.563133427278262097e+05
6.584764070914636832e+05
6.605387976679221028e+05
6.624526119183857227e+05
6.641797288093832321e+05
6.656978654579201248e+05
6.670054760026358999e+05
6.681236896504333708e+05
6.690941429948956938e+05
6.699727644507139921e+05
6.708208784656903008e+05
6.716958894879663130e+05
6.726438950290019857e+05
6.736958063772103051e+05
6.748672460930136731e+05
6.761612092217165045e+05
6.775717622590764659e+05
6.790871620245449012e+05
6.806915504677080316e+05
6.823653613828370580e+05
6.840852597529225750e+05
6.858245481751412153e+05
