5.414950795910232700e+05
5.411126360865588067e+05
5.409208267434450099e+05
5.408316829227143899e+05
5.407519314257546794e+05
5.405901978800030192e+05
5.402639227110303473e+05
5.397059560393122956e+05
5.388705837375164265e+05
5.377383346512173302e+05
5.363185749551542103e+05
5.346488725289071444e+05
5.327905502028614283e+05
5.308206686120098457e+05
5.288216176130761160e+05
5.268701958851886448e+05
5.250282403687267797e+05
5.233364496780927293e+05
5.218121844405673328e+05
5.204510436447064276e+05
5.192312503274258343e+05
5.181195452214172692e+05
5.170773903292164905e+05
5.160666538081328035e+05
5.150543434333286132e+05
5.140162016989653930e+05
5.129390356363594765e+05
5.118216214268629556e+05
5.106740343411387294e+05
5.095153910711805802e+05
5.083702339772355044e+05
5.072640366719768499e+05
5.062184638971776003e+05
5.052470339290725533e+05
5.043517450651820982e+05
5.035211121734207263e+05
5.027299597309660167e+05
5.019412119102802826e+05
5.011097358834002516e+05
5.001879744015173637e+05
4.991326747511592112e+05
4.979116173646392999e+05
4.965090612163315527e+05
4.949288037991098245e+05
4.931943062036598567e+05
4.913460837681447738e+05
4.894372161044650129e+05
4.875281121387214516e+05
4.856814657414774993e+05
4.839577810033593560e+05
4.824112440947341966e+05
4.810854133909766679e+05
4.800083857418313855e+05
4.791877115944128018e+05
4.786060753209099639e+05
4.782192346760567161e+05
4.779576270293729031e+05
4.777323461251845583e+05
4.774450929433479905e+05
4.770006065577118425e+05
4.763193842531783157e+05
4.753484300325086224e+05
4.740682926512616687e+05
4.724955124700061860e+05
4.706804535253554350e+05
4.687011029216751922e+05
4.666537166792341159e+05
4.646413044295366853e+05
4.627610644992035232e+05
4.610921103131247219e+05
4.596850990441004396e+05
4.585554708825817215e+05
4.576817089274132159e+05
4.570092568412994733e+05
4.564596292020707624e+05
4.559431396695677540e+05
4.553729067274799454e+05
4.546775993542430224e+05
4.538107685284867184e+05
4.527554080102230073e+05
4.515233590636320878e+05
4.501501105527998297e+05
4.486863147102157818e+05
4.471878556465880829e+05
4.457064924285608577e+05
4.442828708281605504e+05
4.429430326563889394e+05
4.416985585452424712e+05
4.405494341247521224e+05
4.394880014115212252e+05
4.385022542636370636e+05
4.375773332631238736e+05
4.366951350668054074e+05
4.358330056729266071e+05
4.349630479597809026e+05
4.340533751315020490e+05
4.330717790137359407e+05
4.319911682972412673e+05
4.307952869865345419e+05
4.294830132024422055e+05
4.280700035334668937e+05
4.265873122718260856e+05
4.250774581483532675e+05
4.235888988551458460e+05
4.221699112686456647e+05
4.208626136128047947e+05
4.196975725388468127e+05
4.186893257023920305e+05
4.178332603283261997e+05
4.171044850785004091e+05
4.164593946261485689e+05
4.158403737068583141e+05
4.151834826474257279e+05
4.144281485593476100e+05
4.135271298159377184e+05
4.124546355314707616e+05
4.112106854663717095e+05
4.098206115511631360e+05
4.083298171823236626e+05
4.067951347608377691e+05
4.052749343287590891e+05
4.038202593727833009e+05
4.024686896456243703e+05
4.012416173843992874e+05
4.001445871578172664e+05
3.991696696862586541e+05
3.982986971343533369e+05
3.975065059679581318e+05
3.967638496058949968e+05
3.960400554055714747e+05
3.953056213189585833e+05
3.945347791763156420e+05
3.937077577559973579e+05
3.928122773503029021e+05
3.918438472343197209e+05
3.908047239903996233e+05
3.897017924491718877e+05
3.885439650026222807e+05
3.873398155637044110e+05
3.860960398792620981e+05
3.848170464829505072e+05
3.835056674372331472e+05
3.821647396862450405e+05
3.807991673808355699e+05
3.794179821489109891e+05
3.780358167324117385e+05
3.766731123803933733e+05
3.753543989176329342e+05
3.741042603753880248e+05
3.729411946362778544e+05
3.718703897191499127e+05
3.708771936519318842e+05
3.699233986297518131e+05
3.689481384902363061e+05
3.678741968876411556e+05
3.666191069166177185e+05
3.651090436223121942e+05
3.632926276218642597e+05
3.611516542682155268e+05
3.587064467915572459e+05
3.560147578703752952e+05
3.531645307074668817e+05
3.502620124861005461e+05
3.474174550993961166e+05
3.447308724228152423e+05
3.422801121359428507e+05
3.401129631941443658e+05
3.382442766617587185e+05
3.366582282007914619e+05
3.353149947033678181e+05
3.341603775733485818e+05
3.331364229891728610e+05
3.321909880943384487e+05
3.312845299869619776e+05
3.303930885453110677e+05
3.295073271747924737e+05
3.286283670607646345e+05
3.277617962479845737e+05
3.269115217670701095e+05
3.260750216613198281e+05
3.252410924383114907e+05
3.243904938094948884e+05
3.234991331128167803e+05
3.225427959845081205e+05
3.215020888816773077e+05
3.203663108187447069e+05
3.191353927658163593e+05
3.178196800903242547e+05
3.164379519391019130e+05
3.150144506857297383e+05
3.135757225253436482e+05
3.121477910907327314e+05
3.107537736710242461e+05
3.094117234860322787e+05
3.081324060230362811e+05
3.069169331322284415e+05
3.057545875526858144e+05
3.046215756822996191e+05
3.034816257408225792e+05
3.022891427854249487e+05
3.009950218332484947e+05
2.995543639412890188e+05
2.979345444257743075e+05
2.961216962262615561e+05
2.941239295042613521e+05
2.919704963294424815e+05
2.897073279131694580e+05
2.873904443110381835e+05
2.850792194589373539e+05
2.828311825397184584e+05
2.806991042724788422e+05
2.787299869261824060e+05
2.769647540443871985e+05
2.754372607015569811e+05
2.741717520518304082e+05
2.731788270634240471e+05
2.724509037941642455e+05
2.719587561471967492e+05
2.716507000495250686e+05
2.714554702612840338e+05
2.712889426058962708e+05
2.710638961995918071e+05
2.707012394924375694e+05
2.701407272909060703e+05
2.693492472424158477e+05
2.683252134601892903e+05
2.670983397686221288e+05
2.657248932754307752e+05
2.642792720540776500e+05
2.628432810130146681e+05
2.614947435789927549e+05
2.602970939828503178e+05
2.592913889613122446e+05
2.584918033993172867e+05
2.578851666555438424e+05
2.574344925016441266e+05
2.570858197786864184e+05
2.567771174395451962e+05
2.564476486099832400e+05
2.560461517007938819e+05
2.555365308524803841e+05
2.549003889374822902e+05
2.541365050217130920e+05
2.532580135031261598e+05
2.522883756692256138e+05
2.512571660093986138e+05
2.501963173079361441e+05
2.491370036151949316e+05
2.481070299798870983e+05
2.471285743613014056e+05
2.462163444481302577e+05
2.453764784012286109e+05
2.446066124630476115e+05
2.438973417778154544e+05
2.432348707712800824e+05
2.426041897207256407e+05
2.419918642797813518e+05
2.413876314007087203e+05
2.407844350046543113e+05
2.401771266883131466e+05
2.395605516626215540e+05
2.389279392058115627e+05
2.382703582059353066e+05
2.375775724502974772e+05
2.368401241830728832e+05
2.360520780657538853e+05
2.352136832426589972e+05
2.343332631963754247e+05
2.334278457021953363e+05
2.325223021120731719e+05
2.316470117694944493e+05
2.308342865896197327e+05
2.301139909920244827e+05
2.295089690519593714e+05
2.290310042831129686e+05
2.286780239445695479e+05
2.284330704268391128e+05
2.282652068335570511e+05
2.281320886049860273e+05
2.279835576846419135e+05
2.277654366604555980e+05
2.274227875979754317e+05
2.269022224900293513e+05
2.261532885577217967e+05
2.251293447868876683e+05
2.237885665604369715e+05
2.220957029254749650e+05
2.200249780508570257e+05
2.175641340900078067e+05
2.147191373165254772e+05
2.115186072492713283e+05
2.080166951981193852e+05
2.042930690358042775e+05
2.004489735495652421e+05
1.965990666617710376e+05
1.928597723088173370e+05
1.893359741783925856e+05
1.861086414392776787e+05
1.832261054966482625e+05
1.807010509824110777e+05
1.785139636255064979e+05
1.766221595176476694e+05
1.749721016510229965e+05
1.735119405350208108e+05
1.722013342944468895e+05
1.710165490646796243e+05
1.699502787478231767e+05
1.690070750616872683e+05
1.681962980257440940e+05
1.675248267829910037e+05
1.669914167306911550e+05
1.665837847532719898e+05
1.662785913703611586e+05
1.660437711855983653e+05
1.658423029402315151e+05
1.656365003393406223e+05
1.653921169217673887e+05
1.650818307116265059e+05
1.646878866628825781e+05
1.642037817150969058e+05
1.636348993948124407e+05
1.629979930631328316e+05
1.623194366792545188e+05
1.616322510565312405e+05
1.609720886216583312e+05
1.603726040001994988e+05
1.598608940645379771e+05
1.594538652494352427e+05
1.591563739651541109e+05
1.589617229832455341e+05
1.588546062251818948e+05
1.588160043244159897e+05
1.588290367503070156e+05
1.588845465377641958e+05
1.589852964128064050e+05
1.591480109098110988e+05
1.594029264985834889e+05
1.597908330048687931e+05
1.603577384902772319e+05
1.611473530660530378e+05
1.621917466301890090e+05
1.635009374709029507e+05
1.650527965234658041e+05
1.667852837857681152e+05
1.685933207682729990e+05
1.703322408537789306e+05
1.718286596669206629e+05
1.728979822950195230e+05
1.733660724382323970e+05
1.730913860189623956e+05
1.719835245150563715e+05
1.700148177657735650e+05
1.672230146643500193e+05
1.637050235665895161e+05
1.596034022367273865e+05
1.550885239397049299e+05
1.503397992974518856e+05
1.455289948145112139e+05
1.408077431226004846e+05
1.363001045237508661e+05
1.320998677736169775e+05
1.282714583614360017e+05
1.248529994910650857e+05
1.218602165369792056e+05
1.192903206842815416e+05
1.171255211518056603e+05
1.153361998415951239e+05
1.138839396015658131e+05
1.127245451964073291e+05
1.118110324797665089e+05
1.110964036054540338e+05
1.105359576481841505e+05
1.100889308328543702e+05
1.097193901725220203e+05
1.093964626487404603e+05
1.090941124165049114e+05
1.087907412763425382e+05
1.084688674926905514e+05
1.081150441296854988e+05
1.077200406092653720e+05
1.072791740508104849e+05
1.067925854341966333e+05
1.062652409578039224e+05
1.057065053496738255e+05
1.051292552025272307e+05
1.045486295638055890e+05
1.039806027112483571e+05
1.034405786388240376e+05
1.029421471328077751e+05
1.024960380495355203e+05
1.021092153360645461e+05
1.017840189824597910e+05
1.015173231758412876e+05
1.012998224365641072e+05
1.011157263089301996e+05
1.009432464986383711e+05
1.007562124579353549e+05
1.005269180308042123e+05
1.002299314504280919e+05
9.984621935084681900e+04
9.936669719147185970e+04
9.879433685970213264e+04
9.814425254733134352e+04
9.744165532934250950e+04
9.671805689254797471e+04
9.600646235039492603e+04
9.533643842776867677e+04
9.472988143560146273e+04
9.419810481808912300e+04
9.374059630292530346e+04
9.334551401004788931e+04
9.299172613916185219e+04
9.265197046624886570e+04
9.229655215016799048e+04
9.189695686706934066e+04
9.142886029002994474e+04
9.087424496645545878e+04
9.022261381364328554e+04
8.947150595970224822e+04
8.862658598676444672e+04
8.770147123289642332e+04
8.671724828427065222e+04
8.570143158725765534e+04
8.468605667647164955e+04
8.370474070418773044e+04
8.278885439767854405e+04
8.196331975100278214e+04
8.124282714251284779e+04
8.062933013787490199e+04
8.011147937541868305e+04
7.966624864377370977e+04
7.926251213287614519e+04
7.886590213780375780e+04
7.844402918319411401e+04
7.797112946821784135e+04
7.743139081896549033e+04
7.682052111032778339e+04
7.614547231019867468e+04
7.542254507718016976e+04
7.467432767443612101e+04
7.392604879535504733e+04
7.320194422500779910e+04
7.252216212411811284e+04
7.190058281191262358e+04
7.134373858215738437e+04
7.085082515613111900e+04
7.041463334122882225e+04
7.002312032339256257e+04
6.966129328581305163e+04
6.931309042265301105e+04
6.896300572919845581e+04
6.859730005629516381e+04
6.820475332692048687e+04
6.777701771341192944e+04
6.730870251745809219e+04
6.679733759676762566e+04
6.624331888891794370e+04
6.564985541727252712e+04
6.502285030065585306e+04
6.437060174310922594e+04
6.370323105965054128e+04
6.303182918528521259e+04
6.236742333190580393e+04
6.171994688607519493e+04
6.109740397941964329e+04
6.050534670512576849e+04
5.994666335313219315e+04
5.942157544316208805e+04
5.892772100978048547e+04
5.846028311268994730e+04
5.801226909579811036e+04
5.757517342632799409e+04
5.714027181203459622e+04
5.670064382530218427e+04
5.625372858858702966e+04
5.580388503609794134e+04
5.536420032391575660e+04
5.495679651248614391e+04
5.461118118782938836e+04
5.436071994726067351e+04
5.423792842354093591e+04
5.426979056651474093e+04
5.447452726203135535e+04
5.486105887521448312e+04
5.543182432365626300e+04
5.618873449077577970e+04
5.714102051851289434e+04
5.831280732613882719e+04
5.974764815812797315e+04
6.150725219255884440e+04
6.366243575947147474e+04
6.627600236570218112e+04
6.937962428184691817e+04
7.294933757568463625e+04
7.688615675313156680e+04
8.100867463695167680e+04
8.506274023214219778e+04
8.874946570906194393e+04
9.176779885113117052e+04
9.386325598356955743e+04
9.487180975916507305e+04
9.474847067210677778e+04
9.357381212597832200e+04
9.153742079673154512e+04
8.890311972207885992e+04
8.596493198440367996e+04
8.300398209874342137e+04
8.025482935248395370e+04
7.788603936256203451e+04
7.599556617531826487e+04
7.461806621782410366e+04
7.373938038450598833e+04
7.331321136058474076e+04
7.327607807706814492e+04
7.355830300782287668e+04
7.409047333196341060e+04
7.480610289411769190e+04
7.564193028295015392e+04
7.653742916245490778e+04
7.743480621582330787e+04
7.828019802788081870e+04
7.902613732276893279e+04
7.963480625081519247e+04
8.008125172101854696e+04
8.035566671303396288e+04
8.046403459918679437e+04
8.042681875580575434e+04
8.027584079468902200e+04
8.004989892770776351e+04
7.978992713858638308e+04
7.953452974485509912e+04
7.931655100082721037e+04
7.916102040002915601e+04
7.908445489127089968e+04
7.909521115388661565e+04
7.919444934818707407e+04
7.937732273356524820e+04
7.963420447431760840e+04
7.995200729593893629e+04
8.031582873872743221e+04
8.071117901397595415e+04
8.112689814113418106e+04
8.155859131564490963e+04
8.201209736154625716e+04
8.250625102093561145e+04
8.307407851759158075e+04
8.376162033240040182e+04
8.462382877646783891e+04
8.571745001739659347e+04
8.709144955934643804e+04
8.877629005067888647e+04
9.077404213934668223e+04
9.305165203326279880e+04
9.553946327282438870e+04
9.813618938363050984e+04
1.007200909029982286e+05
1.031645082476915122e+05
1.053546643802542676e+05
1.072022373443072429e+05
1.086548011305942928e+05
1.096986594293753587e+05
1.103553542318745604e+05
1.106736156180112011e+05
1.107192683622728073e+05
1.105654827979998663e+05
1.102849544558054768e+05
1.099445414537423057e+05
1.096020182626123715e+05
1.093041928960115474e+05
1.090857111346828751e+05
1.089682585330765432e+05
1.089603003032106062e+05
1.090577411658371420e+05
1.092458380328713392e+05
1.095023988504875451e+05
1.098018960539714753e+05
1.101197895262651145e+05
1.104362281920008681e+05
1.107384307469609485e+05
1.110213865149440826e+05
1.112869471724348550e+05
1.115417562790499069e+05
1.117946736156002007e+05
1.120543505159629858e+05
1.123274328444233834e+05
1.126175984815067204e+05
1.129253812946592807e+05
1.132485739991286682e+05
1.135829666476052953e+05
1.139232387796182447e+05
1.142639180561691755e+05
1.146003791182590940e+05
1.149298443332741881e+05
1.152522704271533585e+05
1.155709119093664776e+05
1.158923121590123919e+05
1.162255381871949648e+05
1.165806520724654110e+05
1.169666524415739113e+05
1.173893353529302258e+05
1.178496240054641676e+05
1.183428459924354247e+05
1.188592041118973866e+05
1.193853645808306464e+05
1.199067833328884735e+05
1.204102076673424308e+05
1.208857809269914869e+05
1.213283327753282501e+05
1.217376951852613274e+05
1.221181596223904635e+05
1.224774079028383712e+05
1.228253607534438197e+05
1.231733820899482671e+05
1.235341714661228471e+05
1.239225094198093284e+05
1.243568324575840961e+05
1.248614353875292290e+05
1.254689326519556489e+05
1.262224401698079164e+05
1.271767543399517308e+05
1.283976416083397344e+05
1.299583179138008127e+05
1.319324467722616973e+05
1.343836366227414692e+05
1.373524473052863614e+05
1.408430835650880472e+05
1.448128398337284452e+05
1.491675123507795506e+05
1.537651404578315269e+05
1.584286618416643178e+05
1.629658356121648394e+05
1.671928083388565865e+05
1.709566417827111727e+05
1.741523500828983379e+05
1.767314221663808858e+05
1.787009452521564963e+05
1.801146164205831883e+05
1.810585148238579277e+05
1.816351526872633549e+05
1.819490059382216132e+05
1.820956987956642115e+05
1.821556827875328599e+05
1.821920193110329565e+05
1.822510542107928195e+05
1.823645064693034219e+05
1.825517447277007741e+05
1.828216085872170806e+05
1.831737783456599573e+05
1.836001491500726261e+05
1.840867644898605649e+05
1.846166025476692594e+05
1.851730280576283985e+05
1.857432494526724622e+05
1.863208761819192441e+05
1.869067778512730729e+05
1.875078845665808767e+05
1.881341818879978382e+05
1.887947189570710761e+05
1.894937587828019168e+05
1.902281487795762368e+05
1.909866082073883153e+05
1.917510669688289345e+05
1.924996503712495614e+05
1.932105595659512910e+05
1.938660245568279643e+05
1.944556691008116177e+05
1.949789067034539767e+05
1.954462498097667121e+05
1.958795704605335486e+05
1.963113838692625577e+05
1.967831815894188185e+05
1.973427868832121603e+05
1.980406980905027885e+05
1.989254554574887443e+05
2.000382193846253213e+05
2.014069740190943121e+05
2.030410393812124094e+05
2.049268223782489658e+05
2.070258579027900996e+05
2.092760700549425965e+05
2.115967505579351564e+05
2.138970416493796220e+05
2.160868845389893686e+05
2.180886963342864474e+05
2.198477048646294279e+05
2.213390325177760096e+05
2.225702455792523688e+05
2.235789958056512114e+05
2.244263245983008528e+05
2.251869487484835263e+05
2.259382663346241461e+05
2.267498919107573456e+05
2.276753142915099452e+05
2.287468574562545400e+05
2.299745856855350430e+05
2.313491682619854109e+05
2.328480433656544774e+05
2.344435694385500683e+05
2.361113600007221394e+05
2.378368364748488239e+05
2.396183413698962540e+05
2.414659488244616950e+05
2.433962334933062957e+05
2.454243995127131057e+05
2.475559627515817410e+05
2.497803467087682220e+05
2.520682304231313174e+05
2.543734528079174634e+05
2.566390760997300968e+05
2.588062081654982758e+05
2.608236279735682183e+05
2.626562140113708447e+05
2.642905473468386335e+05
2.657366856363582192e+05
2.670258343054198776e+05
2.682043778673571069e+05
2.693254032692144392e+05
2.704393545083689969e+05
2.715856799845384667e+05
2.727871611298408825e+05
2.740480198756454629e+05
2.753560087208889308e+05
2.766877292855253909e+05
2.780156825967149925e+05
2.793152374278903590e+05
2.805698756634069141e+05
2.817736448082802817e+05
2.829305272670288105e+05
2.840512148162320955e+05
2.851483861436289153e+05
2.862319156397571787e+05
2.873054330898996559e+05
2.883652913239912596e+05
2.894023281006553443e+05
2.904059641034037923e+05
2.913693884754386963e+05
2.922941174912116840e+05
2.931922824488988845e+05
2.940856515563250869e+05
2.950014344484810717e+05
2.959659953248701640e+05
2.969983120344600175e+05
2.981050990599353681e+05
2.992789494964263286e+05
3.004998840211291099e+05
3.017396984059710521e+05
3.029678161338699283e+05
3.041571507109592785e+05
3.052887273075573030e+05
3.063543237338975305e+05
3.073569508554428467e+05
3.083094463310660794e+05
3.092317389358351938e+05
3.101474565742564737e+05
3.110805251811228809e+05
3.120522633652144577e+05
3.130792522664851276e+05
3.141720120083508664e+05
3.153343299742090749e+05
3.165630348780329223e+05
3.178481074041232350e+05
3.191731948966796044e+05
3.205167338123057852e+05
3.218538741718993988e+05
3.231592181670412538e+05
3.244100993919664761e+05
3.255898664178404142e+05
3.266905113910182845e+05
3.277140543986364501e+05
3.286723345898676198e+05
3.295851945945110638e+05
3.304773855057106703e+05
3.313747862009630771e+05
3.323006645120849134e+05
3.332726753853421542e+05
3.343010936253167456e+05
3.353884627478972543e+05
3.365304991152192233e+05
3.377178350449239952e+05
3.389381031873919419e+05
3.401779706839059363e+05
3.414249469842154649e+05
3.426689744917601347e+05
3.439038407556795282e+05
3.451282936475948081e+05
3.463464979386575287e+05
3.475673362715539988e+05
3.488022064699332695e+05
3.500614387548211380e+05
3.513500917234271183e+05
3.526643822325025685e+05
3.539900670379181392e+05
3.553036072211388382e+05
3.565760609602002078e+05
3.577787288072928786e+05
3.588890161020430387e+05
3.598950092742102570e+05
3.607978332897566725e+05
3.616116669880204136e+05
3.623619610324793612e+05
3.630826651676093461e+05
3.638130999034777633e+05
3.645946987399433274e+05
3.654674933601932717e+05
3.664661434560621856e+05
3.676155769205458928e+05
3.689267690637080814e+05
3.703936043521178653e+05
3.719918912052038941e+05
3.736813112609277596e+05
3.754104158618817455e+05
3.771239277342605055e+05
3.787708533199285739e+05
3.803115472801752039e+05
3.817220732150218682e+05
3.829949609168046736e+05
3.841365450266517000e+05
3.851621061330939410e+05
3.860906329373656772e+05
3.869409449192574248e+05
3.877301911275232560e+05
3.884746791645672056e+05
3.891920433456732426e+05
3.899033258424248197e+05
3.906337649153937236e+05
3.914117917983064544e+05
3.922665461356675951e+05
3.932247345102023100e+05
3.943076831550366478e+05
3.955290697825896204e+05
3.968933653480085777e+05
3.983947879425594001e+05
4.000166915737577365e+05
4.017316429701854941e+05
4.035026756962930085e+05
4.052860930989654735e+05
4.070356914289061096e+05
4.087076365739873145e+05
4.102648337338253623e+05
4.116797619815496146e+05
4.129353996595647768e+05
4.140247250838156324e+05
4.149498759592372808e+05
4.157220386153906584e+05
4.163624815824974794e+05
4.169041669173694099e+05
4.173925820525555755e+05
4.178842805543994182e+05
4.184422469009440974e+05
4.191283716834221268e+05
4.199945307752795634e+05
4.210744666526670917e+05
4.223785596151137142e+05
4.238927075554238399e+05
4.255812926503088675e+05
4.273931231803970295e+05
4.292687001437535509e+05
4.311472750685439096e+05
4.329727304389302153e+05
4.346979589486877667e+05
4.362878298906724085e+05
4.377209113432584563e+05
4.389899925666026538e+05
4.401013513888470479e+05
4.410727972975132288e+05
4.419307798697604449e+05
4.427071185838558013e+05
4.434359882417046465e+05
4.441515965322226984e+05
4.448866011374676600e+05
4.456709425767719513e+05
4.465306250775329536e+05
4.474861463776853052e+05
4.485506690570056671e+05
4.497284257915369235e+05
4.510140352956991410e+05
4.523932601515212446e+05
4.538453121410091990e+05
4.553462879169407533e+05
4.568729184953884105e+05
4.584056944544981234e+05
4.599306132325573126e+05
4.614391961960709305e+05
4.629268944317771820e+05
4.643904098880906240e+05
4.658247230407304014e+05
4.672207115469232085e+05
4.685641608915328979e+05
4.698367041320338030e+05
4.710187920362619334e+05
4.720942429873056826e+05
4.730553831568911555e+05
4.739074451143598417e+05
4.746709131074969773e+05
4.753809421258541406e+05
4.760837277383264154e+05
4.768305179123616545e+05
4.776705530846843030e+05
4.786444032048017834e+05
4.797789191525755450e+05
4.810844765071961447e+05
4.825545903252103017e+05
4.841675203047696850e+05
4.858892613123336923e+05
4.876773042172129499e+05
4.894846672036419041e+05
4.912638456077227602e+05
4.929704561241404153e+05
4.945664491570610553e+05
4.960228368613076746e+05
4.973219251045103301e+05
4.984590156414317898e+05
4.994434366752395290e+05
5.002985901831693482e+05
5.010605686773288762e+05
5.017749337486443110e+05
5.024915736401390168e+05
5.032581532790684141e+05
5.041133519174966495e+05
5.050815375386974192e+05
5.061704498879633611e+05
5.073727325898989220e+05
5.086709394262776477e+05
5.100443804755215533e+05
5.114754111597963492e+05
5.129528957609622157e+05
5.144716383015846368e+05
5.160281986401174800e+05
5.176150514215722797e+05
5.192158421012448380e+05
5.208041703943150351e+05
5.223469689064593986e+05
5.238116673970248667e+05
5.251746997516771080e+05
5.264282025908578653e+05
5.275822901573214913e+05
5.286618861898627365e+05
5.296991297170604812e+05
5.307240380646541016e+05
5.317567375084031373e+05
5.328039107711564284e+05
5.338604412511124974e+05
5.349152516737800324e+05
5.359588523799036629e+05
5.369897071025737096e+05
5.380172793566093314e+05
5.390611151283587096e+05
5.401468281099559972e+05
5.413007271890887059e+05
5.425447873698519543e+05
5.438929283188467380e+05
5.453486756546606775e+05
5.469037880329241743e+05
5.485375742622918915e+05
5.502172011110173771e+05
5.518998097402409185e+05
5.535372358958547702e+05
5.550833959854139248e+05
5.565032139192096656e+05
5.577808799107775558e+05
5.589248267950242152e+05
5.599673844903678400e+05
5.609585110344880959e+05
5.619548095513115404e+05
5.630065701926625334e+05
5.641462689253430581e+05
5.653815651670665247e+05
5.666945145671733189e+05
5.680469232558601070e+05
5.693901248957088683e+05
5.706764772449203301e+05
5.718697880834465614e+05
5.729525869898371166e+05
5.739292912475779885e+05
5.748254154177162563e+05
5.756836935906092403e+05
5.765581976794470102e+05
5.775073601835198933e+05
5.785865093787705991e+05
5.798403663161605364e+05
5.812960732290938031e+05
5.829576573506826535e+05
5.848031385901793838e+05
5.867854538780087605e+05
5.888377859581776429e+05
5.908827904024651507e+05
5.928439505521481624e+05
5.946563901525762631e+05
5.962744310521217994e+05
5.976741826837420231e+05
5.988512080559011083e+05
5.998151385707922745e+05
6.005841961657280335e+05
6.011823788224760210e+05
6.016405856644192245e+05
6.020008115568473004e+05
6.023206865847710287e+05
6.026749439564173808e+05
6.031512456365033286e+05
6.038398729612121824e+05
6.048192434207863407e+05
