4.775201247632782906e+05
4.758726472936222563e+05
4.742485694055341301e+05
4.727252594416029751e+05
4.713725440832609893e+05
4.702407666908241226e+05
4.693521674045601976e+05
4.686972344012423418e+05
4.682364664075961336e+05
4.679067090599429794e+05
4.676303011744613759e+05
4.673249770286125131e+05
4.669128407768432517e+05
4.663275149192202953e+05
4.655193773922143737e+05
4.644592935413803207e+05
4.631412652734280564e+05
4.615840458984033903e+05
4.598312660477481550e+05
4.579492877807613695e+05
4.560220697919435916e+05
4.541428417188482126e+05
4.524032246610248112e+05
4.508813296697724145e+05
4.496309838817197597e+05
4.486742901919061551e+05
4.479991032168172533e+05
4.475618345936229452e+05
4.472946594573864131e+05
4.471151741300825379e+05
4.469362497355845990e+05
4.466743431166019291e+05
4.462556024791914970e+05
4.456202132457415573e+05
4.447260253979418776e+05
4.435522996703903773e+05
4.421035324869498145e+05
4.404122589539869805e+05
4.385391037480044179e+05
4.365685746267834911e+05
4.346001774540568586e+05
4.327359436503603356e+05
4.310667399593121372e+05
4.296602128551088972e+05
4.285527153187781223e+05
4.277463341692184913e+05
4.272107432866345043e+05
4.268886185566742788e+05
4.267030636106122402e+05
4.265658341205698671e+05
4.263857517958283424e+05
4.260771468195471098e+05
4.255682016750086332e+05
4.248087063805249054e+05
4.237762280106818071e+05
4.224793910545373801e+05
4.209571248812307604e+05
4.192734213769106427e+05
4.175081825244190404e+05
4.157457721629705047e+05
4.140635278429960017e+05
4.125224705482819700e+05
4.111617522362449672e+05
4.099972572357633617e+05
4.090236542866892996e+05
4.082185024324943079e+05
4.075469645835114061e+05
4.069661931305266335e+05
4.064291852845444810e+05
4.058884497869018232e+05
4.052999078170566936e+05
4.046270692041580915e+05
4.038449396875513485e+05
4.029426949716497911e+05
4.019241817675593193e+05
4.008058214269635500e+05
3.996122952120508417e+05
3.983711360579124885e+05
3.971077184286802658e+05
3.958419708223012276e+05
3.945875032536100480e+05
3.933529934738564189e+05
3.921449280029430520e+05
3.909704063817283022e+05
3.898387999687247793e+05
3.887615467040291987e+05
3.877500634080028394e+05
3.868124193654645351e+05
3.859498305685674422e+05
3.851540983052034862e+05
3.844068470736533636e+05
3.836809305113033624e+05
3.829438290468450286e+05
3.821624052250905079e+05
3.813081066773798084e+05
3.803616441173779313e+05
3.793163015915717115e+05
3.781793055423441110e+05
3.769710226477925899e+05
3.757221098415328888e+05
3.744690495803182712e+05
3.732487319921301678e+05
3.720928755254996358e+05
3.710231092005596147e+05
3.700474806214409764e+05
3.691590077758601983e+05
3.683366509628945496e+05
3.675487330104869907e+05
3.667583933662422933e+05
3.659301887995419675e+05
3.650365754475976573e+05
3.640628793473484111e+05
3.630096030334323877e+05
3.618915271197212278e+05
3.607338970146271167e+05
3.595667651377641596e+05
3.584190028000077000e+05
3.573134346009962028e+05
3.562640183086971520e+05
3.552752293986682780e+05
3.543431380744767375e+05
3.534573503527661087e+05
3.526030980973911355e+05
3.517631630968038226e+05
3.509197304181572399e+05
3.500564268358998233e+05
3.491606114736869931e+05
3.482255661469321931e+05
3.472518587567613577e+05
3.462471086557129165e+05
3.452237944985686336e+05
3.441954899300906691e+05
3.431726579299736186e+05
3.421594972694893368e+05
3.411530806779431296e+05
3.401452052418921376e+05
3.391263198477451806e+05
3.380900566726395627e+05
3.370366376728070900e+05
3.359738573320734431e+05
3.349152679399360204e+05
3.338762281916436623e+05
3.328692199949328206e+05
3.319000396592713660e+05
3.309661014015679248e+05
3.300573307549621677e+05
3.291592637625060743e+05
3.282572963681000983e+05
3.273407457614874002e+05
3.264055450952159008e+05
3.254549012197482516e+05
3.244979047639171476e+05
3.235466669399603270e+05
3.226128918779129162e+05
3.217048064621971571e+05
3.208251088876198046e+05
3.199701967792522628e+05
3.191305584206460626e+05
3.182919850638416247e+05
3.174372383246354875e+05
3.165479419300751761e+05
3.156066491316948668e+05
3.145991352408868843e+05
3.135168941127468133e+05
3.123595881392703741e+05
3.111369257689006627e+05
3.098692868093739962e+05
3.085865229415536160e+05
3.073247572127506137e+05
3.061215760676051723e+05
3.050105315873679356e+05
3.040161269914144068e+05
3.031503273031034041e+05
3.024111681766517577e+05
3.017834245540909469e+05
3.012407969027712243e+05
3.007488633748619468e+05
3.002681719479327439e+05
2.997571911918924889e+05
2.991751936439755955e+05
2.984853175640970003e+05
2.976579542576576350e+05
2.966742969463283080e+05
2.955295308947395533e+05
2.942349337969006156e+05
2.928182098006234737e+05
2.913216932344822562e+05
2.897985055971913971e+05
2.883071582136768266e+05
2.869053276442816714e+05
2.856435567989241681e+05
2.845595232534062234e+05
2.836733907069296692e+05
2.829847111085219076e+05
2.824713684259892325e+05
2.820910437485355069e+05
2.817854914745291462e+05
2.814874673256118549e+05
2.811295033939641435e+05
2.806530943087551277e+05
2.800165184437364805e+05
2.791996766388949472e+05
2.782050109047335573e+05
2.770545708652461180e+05
2.757842820093699847e+05
2.744370880517155747e+05
2.730566833954349277e+05
2.716830407814409700e+05
2.703501053275729064e+05
2.690852109237497207e+05
2.679092885491446941e+05
2.668369353500700672e+05
2.658758460427037207e+05
2.650257426565318601e+05
2.642774653636022704e+05
2.636130530868227361e+05
2.630073633329712320e+05
2.624311813460977864e+05
2.618551300199287653e+05
2.612533204805456335e+05
2.606057628175240825e+05
2.598990559940285457e+05
2.591255628185659880e+05
2.582818318747411540e+05
2.573672086535769922e+05
2.563833279218411190e+05
2.553346473169767414e+05
2.542296300887732650e+05
2.530818500998452655e+05
2.519102814931003959e+05
2.507383027583756193e+05
2.495913489474643720e+05
2.484935382228360686e+05
2.474638855671556084e+05
2.465128633089419454e+05
2.456400691312874260e+05
2.448336104883886292e+05
2.440715069193535310e+05
2.433249832980156352e+05
2.425630760607227567e+05
2.417576457606828772e+05
2.408878096730004472e+05
2.399430119217513711e+05
2.389243461952998186e+05
2.378441647631836240e+05
2.367242841811963299e+05
2.355931679753779026e+05
2.344823910148616997e+05
2.334226070987550193e+05
2.324392711474829994e+05
2.315485347870722471e+05
2.307539498678714153e+05
2.300447265633557981e+05
2.293961730195145647e+05
2.287725616577536857e+05
2.281321144537694345e+05
2.274332541132051847e+05
2.266409211128056340e+05
2.257317327160859422e+05
2.246970672745259653e+05
2.235436853909119382e+05
2.222920676384180551e+05
2.209730780161227740e+05
2.196237464553551399e+05
2.182829019642702769e+05
2.169871721642329358e+05
2.157676253896391427e+05
2.146471713499171019e+05
2.136387866646757466e+05
2.127446490776634309e+05
2.119562698233799892e+05
2.112556479839097592e+05
2.106173321922467148e+05
2.100111192763484432e+05
2.094050214934081014e+05
2.087681398788108781e+05
2.080731799671830377e+05
2.072984795258444792e+05
2.064295190721314575e+05
2.054599195387878863e+05
2.043919098920658580e+05
2.032362149970924947e+05
2.020113127731368004e+05
2.007420521674978372e+05
1.994576881150948175e+05
1.981894403308882029e+05
1.969676977081670484e+05
1.958189806508368347e+05
1.947627807048220129e+05
1.938084649385816883e+05
1.929525754308536998e+05
1.921770315165326465e+05
1.914488636467160541e+05
1.907220676538171538e+05
1.899418997167490015e+05
1.890514505732354010e+05
1.879997515061231097e+05
1.867501468070021074e+05
1.852873936436727818e+05
1.836220356276924722e+05
1.817910524681508250e+05
1.798545152795211470e+05
1.778887918731928221e+05
1.759775342056553636e+05
1.742020598711620842e+05
1.726327210418876202e+05
1.713224699082289881e+05
1.703032228918864857e+05
1.695849964667533932e+05
1.691573139886017889e+05
1.689921585489330464e+05
1.690477583193845057e+05
1.692726484788120433e+05
1.696096495013979438e+05
1.699995591889737116e+05
1.703844489701140556e+05
1.707104927215761854e+05
1.709302579458103864e+05
1.710043702309640357e+05
1.709024385732240917e+05
1.706031274885534658e+05
1.700933164673997962e+05
1.693664222499916796e+05
1.684201626375015767e+05
1.672542521023246518e+05
1.658686464034833189e+05
1.642629093357907550e+05
1.624370250673852279e+05
1.603935693996436894e+05
1.581407023689190682e+05
1.556951082978216000e+05
1.530839208754033025e+05
1.503448863821492123e+05
1.475244876792264404e+05
1.446743280238239677e+05
1.418465619162296061e+05
1.390893895450290584e+05
1.364435257993231353e+05
1.339401674295900157e+05
1.316004755793114309e+05
1.294361676536898449e+05
1.274506237330188014e+05
1.256399946216530807e+05
1.239940666614517540e+05
1.224969424397921975e+05
1.211278019024554087e+05
1.198620557409107278e+05
1.186731148294185550e+05
1.175348401390953659e+05
1.164245613541607454e+05
1.153263800223862345e+05
1.142343077672427607e+05
1.131546536369199457e+05
1.121070261735773092e+05
1.111234305338084523e+05
1.102452581032447924e+05
1.095184403151533916e+05
1.089875333064012084e+05
1.086898351240404008e+05
1.086506687663499906e+05
1.088806575276922958e+05
1.093752716544879077e+05
1.101163294110652932e+05
1.110746964520070615e+05
1.122132782715438661e+05
1.134895550132717035e+05
1.148572679132553167e+05
1.162672768740736065e+05
1.176679267405482242e+05
1.190054066016211000e+05
1.202245569280667260e+05
1.212704187020022364e+05
1.220905856347548688e+05
1.226381640377849253e+05
1.228749051285160094e+05
1.227738992488742806e+05
1.223211746061474551e+05
1.215156875642562518e+05
1.203675470376278245e+05
1.188948170131485385e+05
1.171197306019682292e+05
1.150654218413367635e+05
1.127541766028800193e+05
1.102076947938037774e+05
1.074490916013207461e+05
1.045056306761253800e+05
1.014107862860901514e+05
9.820437378543670638e+04
9.493016108147412888e+04
9.163135246756163542e+04
8.834525517799600493e+04
8.509893252104931162e+04
8.190749217827971734e+04
7.877586629058394465e+04
7.570376557147903077e+04
7.269234511197758547e+04
6.975042657919754856e+04
6.689815163219626993e+04
6.416670591487889033e+04
6.159399126582283498e+04
5.921740021423048165e+04
5.706572077819544938e+04
5.515239639731339412e+04
5.347187385248521605e+04
5.199982438572241517e+04
5.069697911160861258e+04
4.951550773036829924e+04
4.840646910294926056e+04
4.732687334789590386e+04
4.624519274902631150e+04
4.514458693260515429e+04
4.402355403160625428e+04
4.289413469163420086e+04
4.177816410162363172e+04
4.070236348720834212e+04
3.969323363226051879e+04
3.877269905775578809e+04
3.795522874866190250e+04
3.724677223467882141e+04
3.664540682107577595e+04
3.614322437111487670e+04
3.572879435452534381e+04
3.538955413123263861e+04
3.511365396646831505e+04
3.489103364110903931e+04
3.471373700459123211e+04
3.457562005643264274e+04
3.447166445987763291e+04
3.439709965895931964e+04
3.434650859316007700e+04
3.431308032237896259e+04
3.428818374134565238e+04
3.426144251222292951e+04
3.422144775569266494e+04
3.415712035169874434e+04
3.405953903620518395e+04
3.392384458305781300e+04
3.375070496685335820e+04
3.354685874224246800e+04
3.332446327426307107e+04
3.309930268335252185e+04
3.288824061163231818e+04
3.270651029915778781e+04
3.256544321170006515e+04
3.247105555115714014e+04
3.242362562918935146e+04
3.241812633316637584e+04
3.244522589340875129e+04
3.249257077845058666e+04
3.254617471443710383e+04
3.259186760311348189e+04
3.261682007737228196e+04
3.261111487214850786e+04
3.256921354950503519e+04
3.249104417816176283e+04
3.238239606966805877e+04
3.225439629188364779e+04
3.212204206458599219e+04
3.200200362618252984e+04
3.191010655460582348e+04
3.185898575981864997e+04
3.185635661326414265e+04
3.190419882809479168e+04
3.199894870576100948e+04
3.213259979941349229e+04
3.229446075818740064e+04
3.247323303253236372e+04
3.265905565790574474e+04
3.284521334268039936e+04
3.302930123746645404e+04
3.321375997189679765e+04
3.340580963369616074e+04
3.361690025095567398e+04
3.386185429952027334e+04
3.415791646431839035e+04
3.452396735394923599e+04
3.498021217553063616e+04
3.554871166940293915e+04
3.625514575703663286e+04
3.713213929427428957e+04
3.822428001962068083e+04
3.959457672346567415e+04
4.133151949137555494e+04
4.355513824409971130e+04
4.641961809183564765e+04
5.010935014788953413e+04
5.482513792457986710e+04
6.075807930556741485e+04
6.805075481874844991e+04
7.674880691216982086e+04
8.675027765373760485e+04
9.776403978483841638e+04
1.092907245281718206e+05
1.206381945484161115e+05
1.309780573033574765e+05
1.394405449465797283e+05
1.452344311684192508e+05
1.477697359885525657e+05
1.467570492832675227e+05
1.422603902159890858e+05
1.346903879539093468e+05
1.247386006115053024e+05
1.132677921631135687e+05
1.011827065706845315e+05
8.930856454537701211e+04
7.829986207698828366e+04
6.859216545017094177e+04
6.039798980141773063e+04
5.373805357314288267e+04
4.849357304172529257e+04
4.446441017398668919e+04
4.142086279463407118e+04
3.914186792231352592e+04
3.743750067742127430e+04
3.615755958750830905e+04
3.519017518026986363e+04
3.445487439467514923e+04
3.389387999022290751e+04
3.346421770019725955e+04
3.313193321054590342e+04
3.286868760194283823e+04
3.265032855528204891e+04
3.245672564941046585e+04
3.227214064424338358e+04
3.208557457051538222e+04
3.189078326193908651e+04
3.168588686933799545e+04
3.147265518378089837e+04
3.125561147983095361e+04
3.104108562676154179e+04
3.083630644592323370e+04
3.064859330086265618e+04
3.048470302520926634e+04
3.035039802399604378e+04
3.025029764011270163e+04
3.018803700764759924e+04
3.016668729030276518e+04
3.018931397618449773e+04
3.025950182791104817e+04
3.038168231185826153e+04
3.056116242760026216e+04
3.080384634657709830e+04
3.111572396918957384e+04
3.150224410734621779e+04
3.196769223517078353e+04
3.251467834987621973e+04
3.314384172866120934e+04
3.385390828049027186e+04
3.464226731977883901e+04
3.550621347123045416e+04
3.644487649309354310e+04
3.746163346997050394e+04
3.856652783842844656e+04
3.977802265164952405e+04
4.112340552096383908e+04
4.263739277686833520e+04
4.435890551792022598e+04
4.632647649118462869e+04
4.857312470666335139e+04
5.112167113428702578e+04
5.398132257423927513e+04
5.714598636745873227e+04
6.059433357574127149e+04
6.429125192820936354e+04
6.819012360434781294e+04
7.223534918142826064e+04
7.636466972574882675e+04
8.051103436112400959e+04
8.460395453062614251e+04
8.857045171430852497e+04
9.233584856635160395e+04
9.582478178088412096e+04
9.896290502433174697e+04
1.016797401007508597e+05
1.039129527948945324e+05
1.056139485340892570e+05
1.067541625815844454e+05
1.073309140921086946e+05
1.073714034671341215e+05
1.069335215858531737e+05
1.061026546086348390e+05
1.049845037652847386e+05
1.036948660025025019e+05
1.023480645063335978e+05
1.010460570554453006e+05
9.987009138463102863e+04
9.887617846673607710e+04
9.809479792948688555e+04
9.753437321218621219e+04
9.718737772470661730e+04
9.703759771030500997e+04
9.706711290674594056e+04
9.726188794109763694e+04
9.761535346045225742e+04
9.812984034681235789e+04
9.881609460788239085e+04
9.969129425827741215e+04
1.007760310696556990e+05
1.020906726191737689e+05
1.036514572859198088e+05
1.054666515127618768e+05
1.075331336143570370e+05
1.098338396819399204e+05
1.123365571141034015e+05
1.149945038250093930e+05
1.177489231846346374e+05
1.205335474094399833e+05
1.232803124535686366e+05
1.259253042455770628e+05
1.284137657526377006e+05
1.307032206687290018e+05
1.327643511197228800e+05
1.345800128528007772e+05
1.361433831844234373e+05
1.374564368318849592e+05
1.385296134994927852e+05
1.393827932388478948e+05
1.400468473207927018e+05
1.405644692592218926e+05
1.409889932107868080e+05
1.413805157655532821e+05
1.417996240557343990e+05
1.422999964461049822e+05
1.429216830636478553e+05
1.436867716322566557e+05
1.445984487873133039e+05
1.456434635926003393e+05
1.467970725092701905e+05
1.480290073288342974e+05
1.493089841474504792e+05
1.506106785603325407e+05
1.519137117718675872e+05
1.532037869172857900e+05
1.544715216040091473e+05
1.557106872174264281e+05
1.569165200753844401e+05
1.580845856113007467e+05
1.592104275189329637e+05
1.602899800908249454e+05
1.613205146690508700e+05
1.623017715941549977e+05
1.632369191663294914e+05
1.641330695827536692e+05
1.650012224273025058e+05
1.658556376649680606e+05
1.667127184272894810e+05
1.675895077061426418e+05
1.685019106962481746e+05
1.694627926136897586e+05
1.704801852092487970e+05
1.715559267515935062e+05
1.726850880858230812e+05
1.738564413348490198e+05
1.750540053298424464e+05
1.762594210444821510e+05
1.774546789321309770e+05
1.786246286512725637e+05
1.797587770126471587e+05
1.808520781667283445e+05
1.819046602956975112e+05
1.829206457857807400e+05
1.839063765063350729e+05
1.848684528160559712e+05
1.858120353988032439e+05
1.867398239916858438e+05
1.876519879431987647e+05
1.885470780626653868e+05
1.894236517224272247e+05
1.902820984896430746e+05
1.911260695179241011e+05
1.919630395590771222e+05
1.928038210994083784e+05
1.936611849039353838e+05
1.945479844588208653e+05
1.954752513448228128e+05
1.964506312513831654e+05
1.974773463022719079e+05
1.985536998854115955e+05
1.996730526419319795e+05
2.008241990223100001e+05
2.019921187732912949e+05
2.031591076895961305e+05
2.043062689174932893e+05
2.054152712927909452e+05
2.064701898358478502e+05
2.074591831402319658e+05
2.083757676326102228e+05
2.092195238554068492e+05
2.099961859415346407e+05
2.107171725936203438e+05
2.113986701734835806e+05
2.120603597633613681e+05
2.127238180533541890e+05
2.134105794796557748e+05
2.141398890925820742e+05
2.149263257110309205e+05
2.157776857946501987e+05
2.166936794002335810e+05
2.176659755962432246e+05
2.186798777861440904e+05
2.197174531434128585e+05
2.207614416341310134e+05
2.217989371390577289e+05
2.228238266791072965e+05
2.238373225866424327e+05
2.248465021102824248e+05
2.258613570244943257e+05
2.268912361393035972e+05
2.279416229791211372e+05
2.290119593968846311e+05
2.300948449195014837e+05
2.311765835446528508e+05
2.322388344728872762e+05
2.332610723313456983e+05
2.342236062058247917e+05
2.351109347954534169e+05
2.359151420598539116e+05
2.366388559872414917e+05
2.372970874510566646e+05
2.379171836537645722e+05
2.385363121555973776e+05
2.391963904956403421e+05
2.399371036264215945e+05
2.407883787165300746e+05
2.417641229270686454e+05
2.428589430033714452e+05
2.440489011198326480e+05
2.452962915547579760e+05
2.465572965857847885e+05
2.477905879494035617e+05
2.489647531976038008e+05
2.500628857564131322e+05
2.510835882806674927e+05
2.520386637461844948e+05
2.529485724822288030e+05
2.538371053276126331e+05
2.547266273336613085e+05
2.556347955426487606e+05
2.565730409575856174e+05
2.575465325900955359e+05
2.585549770444298629e+05
2.595935478575326561e+05
2.606534858861186949e+05
2.617223541488403280e+05
2.627843632054396439e+05
2.638213814848693437e+05
2.648150731449676678e+05
2.657501067187812296e+05
2.666177770942643983e+05
2.674189885581691051e+05
2.681655824911849340e+05
2.688794714254002320e+05
2.695897457432114170e+05
2.703285240692962543e+05
2.711265667277883040e+05
2.720095101754507050e+05
2.729951673040450551e+05
2.740919285646787612e+05
2.752980845200284384e+05
2.766019024841014761e+05
2.779824128815514850e+05
2.794109391517034383e+05
2.808533568972172216e+05
2.822729295790051692e+05
2.836334444235710544e+05
2.849023440477018012e+05
2.860536107661540154e+05
2.870702338711525663e+05
2.879461001132033998e+05
2.886870918523647706e+05
2.893111340610537445e+05
2.898469964482054347e+05
2.903318604224431328e+05
2.908079293209373718e+05
2.913185599794285954e+05
2.919044214663573075e+05
2.926000466680505779e+05
2.934309461286772275e+05
2.944113433499403181e+05
2.955426371782528586e+05
2.968128436579722329e+05
2.981973660173792741e+05
2.996613428642725339e+05
3.011634971786647802e+05
3.026609671233778936e+05
3.041142527996394201e+05
3.054913458715102170e+05
3.067703725042448496e+05
3.079405555625585839e+05
3.090017630855967291e+05
3.099631480886978679e+05
3.108413251517804456e+05
3.116582704398183268e+05
3.124388835864482098e+05
3.132081067200491671e+05
3.139877181558820303e+05
3.147932900445479900e+05
3.156320881015584455e+05
3.165026777458441793e+05
3.173966062424925622e+05
3.183018755051689222e+05
3.192072781567443162e+05
3.201063353545560967e+05
3.209997162440349930e+05
3.218955838025079574e+05
3.228080461398860207e+05
3.237544631307978416e+05
3.247525239591187565e+05
3.258177482459601015e+05
3.269615769807437318e+05
3.281898250878150575e+05
3.295012067330010468e+05
3.308859401154710795e+05
3.323248779540191754e+05
3.337898723098566406e+05
3.352459356766830315e+05
3.366552089119299781e+05
3.379820391401829547e+05
3.391979619872504263e+05
3.402853347399685299e+05
3.412388100076396950e+05
3.420645665389052010e+05
3.427779054489909904e+05
3.434002109134031343e+05
3.439562656046105549e+05
3.444725769885338959e+05
3.449768799275234342e+05
3.454985016451750998e+05
3.460689213070346159e+05
3.467216940638319356e+05
3.474909841469198000e+05
3.484082940889668535e+05
3.494975659482168267e+05
3.507695418023025268e+05
3.522168692975304439e+05
3.538116450514760218e+05
3.555067132470103679e+05
3.572411009021795471e+05
3.589487488537291065e+05
3.605686251619181130e+05
3.620538006440106547e+05
3.633773300779251149e+05
3.645337203306923620e+05
3.655360291708207224e+05
3.664097864145978238e+05
3.671856167173806462e+05
3.678925339160115691e+05
3.685534465623211581e+05
3.691836699857289786e+05
3.697924137344952906e+05
3.703864899703215342e+05
3.709749886550948722e+05
3.715734585253027617e+05
3.722062506676363409e+05
3.729061123778753099e+05
3.737107901288055582e+05
3.746571704251667252e+05
3.757741664415305713e+05
3.770759578275056556e+05
3.785571842211314361e+05
3.801912650237261551e+05
3.819322831915463903e+05
3.837200454896017909e+05
3.854872646537083783e+05
3.871674900681715808e+05
3.887024969832287752e+05
3.900482264325802680e+05
3.911788408439788036e+05
3.920888196817169082e+05
3.927931710019066231e+05
3.933258336297413334e+05
3.937363406878228416e+05
3.940849376590599422e+05
3.944366064400862087e+05
3.948547172768141609e+05
3.953951409347471781e+05
3.961015078386117239e+05
3.970019553188033751e+05
3.981073386727349716e+05
3.994106854536914034e+05
4.008877196062922012e+05
4.024984853946425137e+05
4.041902711595917935e+05
4.059020023214759422e+05
4.075700005944884033e+05
4.091345977164997021e+05
4.105467317371049430e+05
4.117735022619292140e+05
4.128017809822669369e+05
4.136393223510076059e+05
4.143132884766270872e+05
4.148665694752949057e+05
4.153526378481821157e+05
4.158298405510697048e+05
4.163559602003279724e+05
4.169835841963446001e+05
4.177564083070371416e+05
4.187062417914503603e+05
4.198503538890741765e+05
4.211889977088682353e+05
4.227033985038876417e+05
4.243549754580542212e+05
4.260867964090064052e+05
4.278280440408171853e+05
4.295015983575298451e+05
4.310339284457293688e+05
4.323656764436894446e+05
4.334609183863206999e+05
4.343132439982757787e+05
4.349474384811974014e+05
4.354164415566145908e+05
4.357941306514007156e+05
4.361651295991576044e+05
4.366132109930517618e+05
4.372099687186750816e+05
4.380053484209649032e+05
4.390213742442762014e+05
4.402500023189598578e+05
4.416554663990943809e+05
4.431808013032802846e+05
4.447575345269049285e+05
4.463169590409972006e+05
4.478010666044884711e+05
4.491712149308494991e+05
4.504129534215466119e+05
4.515361152857417474e+05
4.525702112893244484e+05
4.535561690468303859e+05
4.545363147993083112e+05
4.555449289639636409e+05
4.566015315666067763e+05
4.577082600176634151e+05
4.588515151037098258e+05
4.600068745430665440e+05
4.611455269312441233e+05
4.622404080499729607e+05
4.632707780790618854e+05
4.642248430004371330e+05
4.651007669143739040e+05
4.659067215166501701e+05
4.666604185195530299e+05
4.673880974789368338e+05
4.681225691300159669e+05
4.688999447076147771e+05
4.697551615824511391e+05
4.707170938599564834e+05
4.718044956065231818e+05
4.730239220287603093e+05
4.743700646100311424e+05
4.758279356210985570e+05
4.773755763091795961e+05
4.789858957795900642e+05
4.806269760373633471e+05
4.822613575441883295e+05
4.838458132246996975e+05
4.853333351398622617e+05
4.866782789452019497e+05
4.878441336832342204e+05
4.888118907946469262e+05
4.895862110612723045e+05
4.901969558741518413e+05
4.906950660490795271e+05
4.911436696963307331e+05
4.916069030231731012e+05
4.921395973350722925e+05
4.927804956199204316e+05
4.935502714580905158e+05
4.944539326913719997e+05
4.954858667344129644e+05
4.966352703649549512e+05
4.978900757096119924e+05
4.992384546467664768e+05
5.006680914455336169e+05
5.021642285904368036e+05
5.037077797085554921e+05
5.052745732952378457e+05
5.068362277036530431e+05
5.083625164579325356e+05
5.098245879046100308e+05
5.111981914027877501e+05
5.124661633556532906e+05
5.136197661468273727e+05
5.146588956297690747e+05
5.155914909063056693e+05
5.164325528834840516e+05
5.172029892424487625e+05
5.179281899644002551e+05
5.186360318514514947e+05
5.193541086562347482e+05
5.201064088225012529e+05
5.209102142910132534e+05
5.217743290621173801e+05
5.226995701637299499e+05
5.236817101711611613e+05
5.247160107863915619e+05
5.258016151800509542e+05
5.269438470226421487e+05
5.281531078732846072e+05
5.294403830518263858e+05
5.308108281089303782e+05
5.322578730225035688e+05
