6.814325508871483617e+05
6.794516957256196765e+05
6.775066495252370369e+05
6.756347544498981442e+05
6.738656705921707908e+05
6.722191808963763760e+05
6.707055334602057701e+05
6.693273175866109086e+05
6.680811624125854578e+05
6.669577913904216839e+05
6.659400679083863506e+05
6.650000695120673627e+05
6.640971971438403707e+05
6.631793282426365186e+05
6.621879950018255040e+05
6.610669492826799396e+05
6.597719877182270866e+05
6.582792171734396834e+05
6.565893356151193148e+05
6.547267909106559819e+05
6.527342936728531495e+05
6.506644507393335225e+05
6.485708242422603071e+05
6.465004605748814065e+05
6.444891580770929577e+05
6.425598568093744107e+05
6.407238356886997353e+05
6.389839723395416513e+05
6.373390784356243676e+05
6.357881743634720333e+05
6.343335221003282350e+05
6.329814066138380440e+05
6.317401476993077667e+05
6.306156046222539153e+05
6.296052954745622119e+05
6.286928793725465657e+05
6.278448753904673504e+05
6.270110269474500092e+05
6.261287952135064406e+05
6.251313758922195993e+05
6.239577200549091212e+05
6.225625572478170507e+05
6.209244575302450685e+05
6.190504433386859018e+05
6.169763748649725458e+05
6.147630755617431132e+05
6.124888038681370672e+05
6.102391778390959371e+05
6.080960342798472848e+05
6.061269346873601899e+05
6.043770254538381705e+05
6.028646005903607002e+05
6.015809674485560972e+05
6.004942266953623621e+05
5.995556689215693623e+05
5.987070229264369700e+05
5.978869690851798514e+05
5.970360666424272349e+05
5.961001749158635503e+05
5.950331187853968004e+05
5.937994452601235826e+05
5.923776334630160127e+05
5.907633508309570607e+05
5.889717274642521515e+05
5.870374896441882011e+05
5.850122312429745216e+05
5.829589005327059422e+05
5.809443714599333471e+05
5.790314219948991667e+05
5.772714258430240443e+05
5.756986864228940103e+05
5.743268615417643450e+05
5.731475863744381350e+05
5.721312895277525531e+05
5.712302122262023622e+05
5.703835835126882885e+05
5.695246267449120060e+05
5.685886007797594648e+05
5.675206249442555709e+05
5.662818842514009448e+05
5.648531402015470667e+05
5.632352243529564003e+05
5.614470650697696256e+05
5.595223890755412867e+05
5.575062601905716583e+05
5.554520654157013632e+05
5.534187387832567329e+05
5.514673897488361690e+05
5.496564520535069751e+05
5.480350748808745993e+05
5.466354802631566999e+05
5.454659342834420968e+05
5.445063730211373186e+05
5.437083733887292910e+05
5.430001715110399527e+05
5.422961620917302789e+05
5.415091902267498663e+05
5.405633007190810749e+05
5.394045697304256028e+05
5.380081441875429591e+05
5.363804641210944392e+05
5.345566106030049268e+05
5.325936004215102876e+05
5.305610873291515745e+05
5.285312411832464859e+05
5.265695344513311284e+05
5.247278025227679173e+05
5.230403462799200206e+05
5.215231430948314955e+05
5.201755820618764265e+05
5.189836936884237803e+05
5.179237161446043174e+05
5.169650641340286820e+05
5.160722721939663752e+05
5.152060979684774065e+05
5.143244594005425461e+05
5.133840349098052830e+05
5.123430926563577377e+05
5.111655331322164857e+05
5.098254890486546792e+05
5.083114342332290253e+05
5.066288017289864365e+05
5.048005645612771623e+05
5.028658344771930133e+05
5.008769511298325378e+05
4.988955591483144090e+05
4.969878591341604479e+05
4.952188670577281737e+05
4.936454788088963251e+05
4.923085883797397837e+05
4.912253052352834493e+05
4.903830452721689362e+05
4.897374683017388452e+05
4.892156565195751027e+05
4.887246924258306390e+05
4.881643382077344577e+05
4.874413824256514781e+05
4.864827965910955099e+05
4.852452252976385644e+05
4.837193178287096671e+05
4.819286364931313437e+05
4.799239901869590394e+05
4.777747928633776028e+05
4.755593240087532322e+05
4.733555773903268273e+05
4.712338265856436337e+05
4.692512967616034439e+05
4.674486563296397217e+05
4.658476668380872579e+05
4.644493876691642799e+05
4.632327746496751788e+05
4.621541086529476452e+05
4.611481292791863088e+05
4.601317851569636259e+05
4.590110878210194642e+05
4.576908170707506360e+05
4.560860380958661553e+05
4.541338077407649835e+05
4.518032114940026077e+05
4.491019980668234057e+05
4.460785002762660151e+05
4.428181698094978929e+05
4.394348406863166019e+05
4.360576928935630713e+05
4.328156887784257997e+05
4.298218247136735590e+05
4.271597001570055145e+05
4.248745523683216306e+05
4.229700762008529273e+05
4.214112350499426830e+05
4.201321576985344291e+05
4.190473902098000399e+05
4.180644155657113879e+05
4.170954929156548460e+05
4.160673768146403600e+05
4.149281345370703493e+05
4.136508606389056658e+05
4.122344450092656771e+05
4.107016638525426388e+05
4.090948354624888161e+05
4.074692818793459446e+05
4.058850050591781619e+05
4.043973537409205455e+05
4.030479120237356983e+05
4.018571642249455326e+05
4.008204598939097486e+05
3.999083082136110170e+05
3.990711490318202414e+05
3.982477272538401303e+05
3.973753609122532653e+05
3.964000033440579427e+05
3.952841569639755762e+05
3.940113157698321738e+05
3.925864834711333388e+05
3.910331873971448513e+05
3.893880826969325426e+05
3.876945922587372479e+05
3.859970068583303364e+05
3.843360981282966677e+05
3.827466707128718845e+05
3.812567789396448061e+05
3.798877930521925446e+05
3.786543324408169719e+05
3.775633699178114184e+05
3.766124344969994854e+05
3.757875145289055072e+05
3.750616681212264230e+05
3.743952971452421625e+05
3.737385814807284623e+05
3.730359443806378404e+05
3.722319154508742504e+05
3.712775399690223858e+05
3.701365221408286016e+05
3.687904231053201947e+05
3.672423117681577569e+05
3.655182669043256319e+05
3.636661682399647543e+05
3.617514439669490675e+05
3.598499197327855509e+05
3.580385393585439888e+05
3.563852877019654261e+05
3.549399330388809321e+05
3.537271231037037214e+05
3.527429608223688556e+05
3.519555901052014669e+05
3.513096850503493915e+05
3.507341568924894673e+05
3.501519236070053303e+05
3.494902661710297689e+05
3.486901775375850266e+05
3.477132561366212321e+05
3.465451295385601697e+05
3.451950602040016674e+05
3.436921392378676101e+05
3.420791201951866387e+05
3.404053063603877672e+05
3.387198900981703191e+05
3.370667793269920512e+05
3.354813685529803042e+05
3.339891138398107141e+05
3.326053408604713622e+05
3.313355762069298653e+05
3.301758636899931589e+05
3.291129158775228425e+05
3.281243785898109199e+05
3.271797540056348662e+05
3.262425000800812268e+05
3.252734933202620596e+05
3.242355453007886535e+05
3.230982231137437630e+05
3.218420400899684755e+05
3.204612298156392644e+05
3.189647050294564106e+05
3.173752353537125164e+05
3.157271608292441815e+05
3.140630106246863143e+05
3.124292850248374161e+05
3.108715459716611658e+05
3.094289975092419190e+05
3.081289659903281718e+05
3.069820174175914726e+05
3.059786937371821841e+05
3.050888363576300326e+05
3.042641165388563531e+05
3.034437701362303924e+05
3.025628142886600108e+05
3.015614237294063787e+05
3.003938409006129368e+05
2.990352642644604202e+05
2.974855677096293657e+05
2.957693295088240993e+05
2.939323327253814205e+05
2.920352901583370985e+05
2.901459369960937183e+05
2.883307706065186067e+05
2.866476043900233344e+05
2.851397972124333610e+05
2.838326143444842310e+05
2.827317785815507523e+05
2.818239783915294684e+05
2.810789708262732602e+05
2.804529473534735735e+05
2.798929541205917485e+05
2.793422654842621414e+05
2.787465924147521728e+05
2.780608089703255100e+05
2.772555343183730729e+05
2.763225438845879398e+05
2.752777861172815319e+05
2.741609173738955287e+05
2.730308024499756284e+05
2.719572756157923723e+05
2.710103846789561212e+05
2.702490443597966223e+05
2.697112446901287767e+05
2.694075901238059741e+05
2.693190916997432942e+05
2.693990840955824824e+05
2.695782469981865142e+05
2.697712559989099391e+05
2.698836655688244500e+05
2.698181157856516656e+05
2.694795921173950192e+05
2.687799753422552021e+05
2.676423238948878716e+05
2.660052214465517318e+05
2.638272171329941484e+05
2.610910489665687783e+05
2.578070978159634396e+05
2.540154184681886109e+05
2.497857274824134074e+05
2.452148771804133721e+05
2.404216138670663058e+05
2.355388146549243247e+05
2.307038886215270031e+05
2.260485050765778869e+05
2.216891040076020581e+05
2.177195941628694127e+05
2.142072032829976524e+05
2.111917240343331941e+05
2.086876393902366690e+05
2.066880769674529438e+05
2.051693965158330684e+05
2.040954500089789799e+05
2.034210106215770356e+05
2.030943297105444944e+05
2.030590837562068482e+05
2.032560587998232222e+05
2.036248311803325778e+05
2.041055317671115627e+05
2.046406143575951573e+05
2.051764468044987589e+05
2.056645351047754521e+05
2.060622779487377265e+05
2.063333014276436879e+05
2.064475745181224192e+05
2.063815712001204665e+05
2.061186642672723392e+05
2.056497184948320792e+05
2.049735905698981369e+05
2.040970809681677783e+05
2.030339322946380416e+05
2.018027468272882979e+05
2.004241051185264951e+05
1.989175385353216261e+05
1.972991834379630454e+05
1.955808476760676713e+05
1.937708820248260745e+05
1.918767791459744330e+05
1.899089539717506850e+05
1.878848045171203557e+05
1.858319844096128072e+05
1.837898748088893190e+05
1.818085287412551406e+05
1.799448422271784511e+05
1.782563026193715341e+05
1.767932473722518189e+05
1.755909877010186901e+05
1.746632885511170025e+05
1.739984975413986540e+05
1.735591232919810864e+05
1.732850015216676693e+05
1.730995197818178567e+05
1.729178518344030308e+05
1.726558799177884939e+05
1.722384828935213154e+05
1.716060971628012776e+05
1.707188284317593207e+05
1.695578098632591718e+05
1.681238908845061378e+05
1.664340620655101666e+05
1.645162677316101908e+05
1.624034338165094669e+05
1.601276377524564741e+05
1.577153425730020972e+05
1.551844703090825060e+05
1.525437779806107574e+05
1.497945476704285538e+05
1.469340961014181667e+05
1.439601807373012998e+05
1.408751640029503324e+05
1.376888800936825864e+05
1.344195257903831953e+05
1.310924671393038589e+05
1.277374503917214024e+05
1.243851474618090579e+05
1.210641162519199715e+05
1.177990636966166785e+05
1.146108176157482667e+05
1.115177893354562257e+05
1.085381444293831446e+05
1.056915899326794752e+05
1.029997552650876314e+05
1.004845886826089845e+05
9.816487614385155030e+04
9.605169010817115486e+04
9.414405768736124446e+04
9.242624006254947744e+04
9.086770164954449865e+04
8.942620770505888504e+04
8.805370018126783543e+04
8.670387294242902135e+04
8.533988756797878887e+04
8.394056661137565970e+04
8.250370796743764367e+04
8.104581185137883585e+04
7.959833437261074141e+04
7.820135733382849139e+04
7.689608416231469891e+04
7.571771180408496002e+04
7.468998758016496140e+04
7.382225298727890186e+04
7.310917758581782982e+04
7.253285820949572371e+04
7.206660101301668328e+04
7.167954036490118597e+04
7.134125155619134603e+04
7.102563944689993514e+04
7.071359438494929054e+04
7.039416898071410833e+04
7.006430870214580500e+04
6.972741735025330854e+04
6.939120248343249841e+04
6.906528990280826110e+04
6.875902180367715482e+04
6.847970322376964032e+04
6.823140351184339670e+04
6.801431444559303054e+04
6.782463919346136390e+04
6.765501405404639081e+04
6.749549094599045929e+04
6.733507360130239977e+04
6.716367826214955130e+04
6.697420924273625133e+04
6.676427957965384121e+04
6.653706268712597375e+04
6.630089749164516979e+04
6.606758150159848446e+04
6.584968653056683252e+04
6.565757845697032462e+04
6.549697528892290575e+04
6.536776011734595522e+04
6.526440197913716838e+04
6.517784971940846299e+04
6.509832291837603407e+04
6.501818206177339744e+04
6.493409082928662247e+04
6.484795683906885824e+04
6.476653988843998377e+04
6.470000292155347415e+04
6.465993052477647871e+04
6.465739710426344391e+04
6.470154796624011942e+04
6.479892771282473404e+04
6.495353490499658074e+04
6.516737047564191744e+04
6.544112287314957939e+04
6.577461024824989727e+04
6.616667390758253168e+04
6.661437103902496165e+04
6.711152437006009859e+04
6.764691926808912831e+04
6.820264949680784775e+04
6.875324277253574110e+04
6.926618342209074763e+04
6.970424568586367241e+04
7.002965692819136893e+04
7.020959318249739590e+04
7.022200745276194357e+04
7.006047880196016922e+04
6.973679908150275878e+04
6.928044478622978204e+04
6.873483934194582980e+04
6.815119140471848368e+04
6.758142323191631294e+04
6.707203333086836210e+04
6.666054635066018091e+04
6.637554423763370141e+04
6.624036101664623129e+04
6.627965287645490025e+04
6.652747870182004408e+04
6.703534997594635934e+04
6.787884771085136163e+04
6.916162656357906235e+04
7.101568340899077884e+04
7.359655442810918612e+04
7.707178181385771313e+04
8.160098935475297912e+04
8.730677366895790328e+04
9.423773408164938155e+04
1.023282212753415224e+05
1.113629942242881516e+05
1.209575499276686169e+05
1.305648708314954129e+05
1.395156601397036575e+05
1.470919095733946306e+05
1.526244531159406179e+05
1.555967814445325930e+05
1.557328876102084178e+05
1.530484139745688008e+05
1.478520649161415058e+05
1.406961073722067231e+05
1.322871859428992611e+05
1.233777679078124202e+05
1.146616522629355313e+05
1.066936146516036242e+05
9.984507471974930377e+04
9.429766703595768195e+04
9.006788456035719719e+04
8.705069072015014535e+04
8.506882932629174320e+04
8.391682446674058156e+04
8.339290349350939505e+04
8.331672702229372226e+04
8.353466061917503248e+04
8.391671232161374064e+04
8.435003844058136747e+04
8.473330782611413451e+04
8.497465665942091437e+04
8.499401158923374896e+04
8.472875857143486792e+04
8.414053251716955856e+04
8.322054268032853724e+04
8.199132293045301049e+04
8.050386657782252587e+04
7.883039553962234640e+04
7.705413582032846170e+04
7.525814178229364916e+04
7.351531385890388628e+04
7.188133944276283728e+04
7.039152677223921637e+04
6.906162215432348603e+04
6.789191684432962211e+04
6.687341985001807916e+04
6.599467363215125806e+04
6.524791107135700440e+04
6.463361079166298441e+04
6.416297765376153984e+04
6.385832770515691664e+04
6.375170081386613310e+04
6.388222584715923585e+04
6.429283791872806614e+04
6.502692648735997500e+04
6.612538901845893997e+04
6.762435954396870511e+04
6.955355665322777350e+04
7.193478976160164166e+04
7.477981361783863395e+04
7.808664734203471744e+04
8.183387765455342014e+04
8.597338923864274693e+04
9.042318435152324673e+04
9.506298923173244111e+04
9.973562724854856788e+04
1.042562789973812760e+05
1.084297857472769683e+05
1.120736316509296448e+05
1.150420573158653715e+05
1.172457998796389438e+05
1.186627062057104777e+05
1.193367658577887196e+05
1.193661952716901433e+05
1.188840151556050550e+05
1.180361764913293591e+05
1.169622722338664025e+05
1.157824013996095455e+05
1.145914892626613291e+05
1.134601477116766764e+05
1.124396705624735332e+05
1.115683228074337676e+05
1.108766144502607203e+05
1.103903612796447851e+05
1.101315280651587236e+05
1.101177049884243897e+05
1.103613721104057477e+05
1.108698830072658602e+05
1.116465511697298207e+05
1.126926247330868500e+05
1.140095151793191326e+05
1.156005137743371597e+05
1.174713656198774988e+05
1.196293687403970544e+05
1.220809991927570954e+05
1.248283442730691022e+05
1.278648233010056720e+05
1.311707996562638436e+05
1.347097576028264011e+05
1.384257337953103124e+05
1.422426350327444088e+05
1.460659151829124021e+05
1.497868195735389891e+05
1.532890625004030007e+05
1.564574388084610982e+05
1.591875479425174126e+05
1.613955807599637483e+05
1.630270176568608149e+05
1.640631268819269899e+05
1.645243416534266144e+05
1.644699332409283088e+05
1.639938653587912559e+05
1.632172610646690591e+05
1.622784469339488423e+05
1.613219454622741614e+05
1.604879545261260355e+05
1.599037115220933338e+05
1.596776882937194314e+05
1.598968825964707648e+05
1.606267186041223758e+05
1.619124428187336307e+05
1.637805965239085490e+05
1.662392877137411560e+05
1.692765767891696305e+05
1.728571837764850934e+05
1.769186467733783647e+05
1.813686909579921339e+05
1.860856501514918054e+05
1.909232348657167167e+05
1.957198975904887775e+05
2.003118263765752781e+05
2.045475904656346538e+05
2.083019818565618189e+05
2.114867711661444337e+05
2.140568275826610334e+05
2.160110734434515180e+05
2.173887307040271407e+05
2.182620121246066992e+05
2.187267011591153278e+05
2.188919913329416304e+05
2.188706611670460261e+05
2.187703121178645524e+05
2.186861184540669201e+05
2.186953748924139654e+05
2.188540515984395752e+05
2.191955071841367753e+05
2.197314005830759997e+05
2.204546503035074275e+05
2.213440336819759686e+05
2.223697616752289759e+05
2.234991869474728883e+05
2.247017723053953378e+05
2.259525930220279843e+05
2.272339519484056218e+05
2.285350884727376106e+05
2.298503713418069528e+05
2.311766838931540260e+05
2.325108554997398169e+05
2.338479174248775817e+05
2.351806709428348986e+05
2.365006203785054095e+05
2.377998696677230764e+05
2.390732581614454102e+05
2.403199411517446861e+05
2.415438413690607995e+05
2.427528354196260625e+05
2.439570243730022630e+05
2.451667702000463614e+05
2.463912156889582402e+05
2.476377268632804335e+05
2.489122267724451376e+05
2.502199409687382285e+05
2.515658559949533956e+05
2.529543103491518996e+05
2.543875500141277153e+05
2.558636133501334989e+05
2.573743333906349435e+05
2.589043728864657460e+05
2.604319719982864335e+05
2.619315676551237120e+05
2.633778249317994923e+05
2.647501274716316257e+05
2.660363798020787654e+05
2.672351417821290670e+05
2.683555785280009150e+05
2.694153064491584082e+05
2.704367563926201547e+05
2.714430074560017674e+05
2.724541026055709226e+05
2.734846590906880447e+05
2.745432090610524756e+05
2.756332452120056259e+05
2.767554979889799142e+05
2.779106275138835190e+05
2.791013667098800652e+05
2.803332759906360880e+05
2.816136795745227137e+05
2.829489635815552901e+05
2.843410358571108081e+05
2.857841386698779534e+05
2.872631885714086238e+05
2.887543731313697062e+05
2.902280331866375054e+05
2.916531926037485246e+05
2.930027312822648673e+05
2.942582333188260673e+05
2.954138705091892625e+05
2.964790541147092008e+05
2.974797765831676079e+05
2.984585011187277269e+05
2.994722686731853173e+05
3.005886140293425415e+05
3.018791002047278453e+05
3.034108054886118043e+05
3.052367550517870695e+05
3.073868138721797150e+05
3.098607339711300447e+05
3.126248074255709071e+05
3.156130005371097941e+05
3.187327005100558163e+05
3.218744581607102882e+05
3.249244718962789048e+05
3.277780961409566808e+05
3.303524222818576964e+05
3.325960250360708451e+05
3.344943321142587811e+05
3.360697497576295282e+05
3.373765689148582751e+05
3.384916136262120563e+05
3.395023604331528768e+05
3.404946629329832504e+05
3.415421510002914001e+05
3.426988563557160669e+05
3.439957895769317402e+05
3.454412924181856797e+05
3.470242648667381145e+05
3.487190027595357387e+05
3.504904308266024454e+05
3.522988827094910084e+05
3.541040683864446473e+05
3.558682728032105369e+05
3.575590149938216200e+05
3.591513521638316452e+05
3.606298289559757104e+05
3.619898803563904949e+05
3.632384010294520995e+05
3.643932295719451504e+05
3.654814339860053733e+05
3.665364657787062461e+05
3.675944249007187318e+05
3.686898244943254394e+05
3.698513610679568374e+05
3.710982765420260839e+05
3.724379164883979829e+05
3.738649990127550554e+05
3.753628751327097416e+05
3.769066915685437270e+05
3.784679315762977349e+05
3.800194327853526920e+05
3.815397982102340320e+05
3.830162189455118496e+05
3.844451187614976079e+05
3.858306182590711396e+05
3.871814331081198761e+05
3.885072778960167198e+05
3.898159883594370913e+05
3.911123265675952425e+05
3.923988370729410672e+05
3.936783413567350362e+05
3.949569526796705322e+05
3.962461458044481114e+05
3.975626212607433554e+05
3.989254628331069252e+05
4.003511599111407413e+05
4.018480347209213069e+05
4.034120492448060540e+05
4.050256338431761251e+05
4.066601752790197497e+05
4.082815309181415359e+05
4.098569292828523321e+05
4.113612766560862074e+05
4.127812976425780216e+05
4.141168376730917371e+05
4.153796075790072791e+05
4.165902688066185219e+05
4.177748899357276387e+05
4.189615577312647365e+05
4.201775442199065001e+05
4.214471257350748638e+05
4.227899882274735137e+05
4.242200774730149424e+05
4.257446879810965038e+05
4.273635395025630132e+05
4.290676648721972597e+05
4.308382186163881561e+05
4.326457666707470198e+05
4.344510055412146030e+05
4.362078715403272654e+05
4.378694399499622523e+05
4.393959739783869009e+05
4.407633714384702034e+05
4.419696199985642452e+05
4.430371092062056996e+05
4.440097747787191765e+05
4.449456563178019132e+05
4.459068797496498446e+05
4.469497493635828723e+05
4.481173181271588546e+05
4.494357053945020307e+05
4.509140659170947038e+05
4.525470466135673923e+05
4.543181508202417172e+05
4.562026855129935429e+05
4.581696405536440434e+05
4.601825825503566302e+05
4.622001602066969499e+05
4.641770063491337933e+05
4.660657267713905894e+05
4.678203850402749376e+05
4.694014945331404451e+05
4.707820435741254478e+05
4.719535539475923288e+05
4.729307374692329904e+05
4.737531810167282820e+05
4.744828545428583166e+05
4.751971396367757698e+05
4.759783085263875546e+05
4.769015212497237371e+05
4.780239864985845634e+05
4.793776693062016857e+05
4.809668884075221140e+05
4.827707232272491674e+05
4.847488954055931536e+05
4.868491512892085011e+05
4.890142984001126024e+05
4.911877497590578860e+05
4.933173055300324922e+05
4.953575601038133027e+05
4.972715599326980300e+05
4.990321888010434341e+05
5.006234195852861740e+05
5.020412624857120682e+05
5.032940882005294552e+05
5.044020259462015820e+05
5.053952785981478519e+05
5.063114022665178054e+05
5.071918266322186100e+05
5.080781090870525804e+05
5.090085591554659186e+05
5.100158566940827295e+05
5.111260565410464187e+05
5.123589424406398321e+05
5.137291920552168158e+05
5.152474482686630799e+05
5.169203565749618574e+05
5.187490094168463256e+05
5.207259438412348391e+05
5.228316111264132778e+05
5.250317488578126067e+05
5.272770852966307430e+05
5.295062433412551181e+05
5.316517812916125404e+05
5.336483707457395503e+05
5.354415277800080366e+05
5.369952662297866773e+05
5.382974566610114416e+05
5.393622772346726852e+05
5.402296312143802643e+05
5.409616334995834623e+05
5.416363227070108987e+05
5.423388793151744176e+05
5.431510322615592740e+05
5.441400052599128103e+05
5.453490076633433346e+05
5.467914861780441133e+05
5.484507980722569628e+05
5.502856475700179581e+05
5.522399480585304555e+05
5.542543915526804049e+05
5.562765347639325773e+05
5.582669024665493052e+05
5.602002064862491097e+05
5.620626075329931919e+05
5.638472237748177722e+05
5.655502984882201999e+05
5.671695798647911288e+05
5.687050439005813096e+05
5.701608440950926160e+05
5.715468849752242677e+05
5.728788334541288204e+05
5.741763642434377689e+05
5.754603850439880043e+05
5.767503934148001717e+05
5.780628269916959107e+05
5.794105358043402666e+05
5.808028099081496475e+05
5.822451548850692343e+05
5.837383485606971662e+05
5.852770202254165197e+05
5.868486499880276388e+05
5.884340998939804267e+05
5.900103980873898836e+05
5.915556428131462308e+05
5.930549408187288791e+05
5.945056611211156705e+05
5.959202494410360232e+05
5.973254395558375400e+05
5.987576976179034682e+05
6.002557892173819710e+05
6.018521293547329260e+05
6.035648673912715167e+05
6.053924607827053405e+05
6.073119291423923569e+05
6.092812288763496326e+05
6.112453996432186104e+05
6.131454163709448185e+05
6.149281279476874042e+05
6.165553818348771892e+05
6.180105285923224874e+05
6.193010191789037781e+05
6.204566741035900777e+05
6.215241980660406407e+05
6.225593368573471671e+05
6.236184652599978726e+05
6.247512537515854929e+05
6.259954921313073719e+05
6.273744078662466491e+05
6.288961926527657779e+05
6.305551259432166116e+05
6.323336709426048910e+05
6.342050847297799774e+05
6.361362557871735189e+05
6.380905572926345048e+05
6.400305082759369398e+05
6.419200812051717658e+05
6.437266769959573867e+05
6.454230716729738051e+05
6.469898359276389237e+05
6.484185984727604082e+05
6.497159478446943685e+05
6.509068963442409877e+05
6.520360895206775749e+05
6.531648546719804872e+05
6.543630638244752772e+05
6.556965176970624598e+05
6.572125284960722784e+05
6.589277206062481273e+05
6.608220510524973506e+05
6.628414747622071300e+05
6.649090270968986442e+05
6.669413663070460316e+05
6.688660912510325434e+05
6.706350970528777689e+05
6.722308157091316534e+05
6.736646977180871181e+05
6.749696885283411248e+05
6.761898639198435703e+05
6.773704662147935014e+05
6.785505952713177539e+05
6.797594083072881913e+05
6.810155275131906383e+05
6.823287819514079019e+05
6.837033467982779257e+05
6.851414630193331977e+05
6.866469315171077615e+05
6.882274370979602681e+05
6.898946967544457875e+05
6.916617513323919848e+05
6.935375562581274426e+05
6.955201643993339967e+05
6.975907416974771768e+05
6.997108933631728869e+05
7.018250506242590491e+05
7.038681543070670450e+05
7.057771242953804322e+05
7.075032942452944117e+05
7.090226011341456324e+05
7.103409443825952476e+05
7.114934774751861114e+05
7.125381606419312302e+05
7.135452020505184773e+05
7.145847569852179149e+05
7.157153872127995128e+05
7.169754210417090217e+05
7.183786677544675767e+05
7.199150715507213026e+05
7.215559454295843607e+05
7.232625121854448225e+05
7.249957503094532294e+05
7.267251923372658202e+05
7.284345271622905275e+05
7.301226720438700868e+05
7.318002607536005089e+05
7.334828909199174959e+05
7.351835206219975371e+05
7.369066902857541572e+05
7.386465947606109548e+05
7.403896113800688181e+05
7.421201942155963043e+05
7.438277185347321210e+05
7.455114461399218999e+05
7.471814816535626305e+05
7.488551465268045431e+05
7.505499864450617461e+05
7.522759161095761228e+05
7.540292791706038406e+05
7.557907991778661963e+05
7.575279307395713404e+05
7.592006606872620760e+05
7.607689552101278678e+05
7.622000420312746428e+05
7.634743574261368485e+05
7.645897880649308208e+05
