6.810084638760348316e+05
6.789219842138740933e+05
6.768702062609395944e+05
6.748761581004051259e+05
6.729594831787892617e+05
6.711394912601170363e+05
6.694372906062032562e+05
6.678756245724477340e+05
6.664758854640852660e+05
6.652527953283699462e+05
6.642080899499339284e+05
6.633249924115485046e+05
6.625652413063721033e+05
6.618699893522853963e+05
6.611651126465116395e+05
6.603704945579018677e+05
6.594118286770547275e+05
6.582326376269110478e+05
6.568037951864834176e+05
6.551281105452560587e+05
6.532385754585026298e+05
6.511905092773321085e+05
6.490495996342138387e+05
6.468791093192852568e+05
6.447297762339708861e+05
6.426349944605678320e+05
6.406120258380468003e+05
6.386679339836244471e+05
6.368074408829782624e+05
6.350395221947256941e+05
6.333803456250079907e+05
6.318516990827514092e+05
6.304756761363775004e+05
6.292674812098129187e+05
6.282285101279310184e+05
6.273414654592477018e+05
6.265685373714086600e+05
6.258529807167967083e+05
6.251239268750761403e+05
6.243039458489099052e+05
6.233185740916111972e+05
6.221066547602060018e+05
6.206299611059819581e+05
6.188803802754979115e+05
6.168831174576129997e+05
6.146950002741607605e+05
6.123978903972129337e+05
6.100881748135497328e+05
6.078640332564578857e+05
6.058124936844084878e+05
6.039981890702430392e+05
6.024553328964717221e+05
6.011838861279049888e+05
6.001502999650350539e+05
5.992926312865911750e+05
5.985292646682505729e+05
5.977699867254601559e+05
5.969278342401112895e+05
5.959300644723977894e+05
5.947268001379799098e+05
5.932963189574249554e+05
5.916464671320859343e+05
5.898121706965249032e+05
5.878494613037644885e+05
5.858268476379461354e+05
5.838152672385098413e+05
5.818781852199101122e+05
5.800635212645370048e+05
5.783988335648505017e+05
5.768905261207332369e+05
5.755269089254223509e+05
5.742840076676693279e+05
5.731323935807290254e+05
5.720431805048817769e+05
5.709917339790359838e+05
5.699584162603509612e+05
5.689266238388762577e+05
5.678792156561833108e+05
5.667949633260762785e+05
5.656467187468445627e+05
5.644025269566752249e+05
5.630299972820526455e+05
5.615031341933847871e+05
5.598098830841401359e+05
5.579582096277928213e+05
5.559787806064998731e+05
5.539231709279238712e+05
5.518576854809159413e+05
5.498539692993200151e+05
5.479782781268141698e+05
5.462814707217514515e+05
5.447915238866151776e+05
5.435098189569149399e+05
5.424117584940752713e+05
5.414515421194813680e+05
5.405702195334779099e+05
5.397055209909499390e+05
5.388015652194637805e+05
5.378165111780494917e+05
5.367266486560975900e+05
5.355262729727859842e+05
5.342237570512314560e+05
5.328352081459377659e+05
5.313776732493544696e+05
5.298638608589824289e+05
5.282997918385573430e+05
5.266858653441781644e+05
5.250208062061636010e+05
5.233071224376492319e+05
5.215562454239843064e+05
5.197915474551541847e+05
5.180479277995362645e+05
5.163675355544903432e+05
5.147922756047210423e+05
5.133547658579846611e+05
5.120700791679188260e+05
5.109306483369201887e+05
5.099060224498191383e+05
5.089478662565542618e+05
5.079990750217753812e+05
5.070046611268954584e+05
5.059216122930735000e+05
5.047253956149853766e+05
5.034119723708993406e+05
5.019955859803099302e+05
5.005036321428635274e+05
4.989702860755503061e+05
4.974302880674820044e+05
4.959137162234866992e+05
4.944421061127681169e+05
4.930261213225994725e+05
4.916650489348988049e+05
4.903484046599849244e+05
4.890596324456007569e+05
4.877812575688741053e+05
4.865001616241397569e+05
4.852112860017383937e+05
4.839183307987336302e+05
4.826309133283568081e+05
4.813588940074624261e+05
4.801056987663645414e+05
4.788630215537328040e+05
4.776090346118524321e+05
4.763112122387675918e+05
4.749333982450128533e+05
4.734452953131071408e+05
4.718316148168100044e+05
4.700980370520573924e+05
4.682719582861869130e+05
4.663974932578360895e+05
4.645258738457587315e+05
4.627036898987862514e+05
4.609619559265888529e+05
4.593086472062019748e+05
4.577263264750753297e+05
4.561751651878310950e+05
4.546004543099153670e+05
4.529428724064370617e+05
4.511494265534069273e+05
4.491830585899735452e+05
4.470293105554021313e+05
4.446990616142046638e+05
4.422270835304479115e+05
4.396669000797035405e+05
4.370830481057198485e+05
4.345422064214870916e+05
4.321047226277116570e+05
4.298178485653794487e+05
4.277115790834733052e+05
4.257974813806947204e+05
4.240703876225018175e+05
4.225123590946885524e+05
4.210979687749447767e+05
4.197997588438235107e+05
4.185927796415297198e+05
4.174574312234077952e+05
4.163803411314902478e+05
4.153535601241763798e+05
4.143727404088780168e+05
4.134350344498100458e+05
4.125372132300186204e+05
4.116741063093596022e+05
4.108371576155878138e+05
4.100128763636069489e+05
4.091812822358205449e+05
4.083149250748152263e+05
4.073793851730916649e+05
4.063360353603806579e+05
4.051471755455696257e+05
4.037826321629983140e+05
4.022259819852880901e+05
4.004781869093410205e+05
3.985568959297594847e+05
3.964909173313341453e+05
3.943109812691915431e+05
3.920393148768035462e+05
3.896812119514269289e+05
3.872214294108685572e+05
3.846269608205942204e+05
3.818559046015797067e+05
3.788703139655211708e+05
3.756496442529268097e+05
3.722011023204698577e+05
3.685639749709042953e+05
3.648066597417094163e+05
3.610171438514119945e+05
3.572894412730547483e+05
3.537094540107559878e+05
3.503436113208123716e+05
3.472325809129811241e+05
3.443907729364975821e+05
3.418108219314153539e+05
3.394711794078570674e+05
3.373445763114839792e+05
3.354053554030242376e+05
3.336343010733361589e+05
3.320203534494803171e+05
3.305593002883755835e+05
3.292501058441064088e+05
3.280899360005475464e+05
3.270691622488403227e+05
3.261676467591144028e+05
3.253533927150113159e+05
3.245841816286206013e+05
3.238121684145453619e+05
3.229906933785697329e+05
3.220819707692101365e+05
3.210639903036474716e+05
3.199350206698975526e+05
3.187145345140048303e+05
3.174400899569320027e+05
3.161605478150655981e+05
3.149267982439862681e+05
3.137817508069585892e+05
3.127515806276260410e+05
3.118400491114242468e+05
3.110271361361747840e+05
3.102723313264978351e+05
3.095219274173510494e+05
3.087187868311242783e+05
3.078125455314452411e+05
3.067682105148760602e+05
3.055715827744965791e+05
3.042307341764740413e+05
3.027736406861713622e+05
3.012427937691214611e+05
2.996880344722170848e+05
2.981589573603527388e+05
2.966980840285310987e+05
2.953357145380679867e+05
2.940870194784477935e+05
2.929515851660650223e+05
2.919152887459908379e+05
2.909540714887623908e+05
2.900389217039627256e+05
2.891412084247369785e+05
2.882374548520367243e+05
2.873127216304600006e+05
2.863619816453085514e+05
2.853891960521594156e+05
2.844042217816437478e+05
2.834181487253479427e+05
2.824380969690826605e+05
2.814627778452595230e+05
2.804801064155521453e+05
2.794677704784763046e+05
2.783969516824763268e+05
2.772385345615935512e+05
2.759703980109123513e+05
2.745840195973005029e+05
2.730887719309289823e+05
2.715128989917414729e+05
2.699010056410473771e+05
2.683086805493125576e+05
2.667953643528759130e+05
2.654166875246647396e+05
2.642173203079789528e+05
2.632250811980034341e+05
2.624468073247703142e+05
2.618663639613720588e+05
2.614451077676410787e+05
2.611250069247976935e+05
2.608343796274749911e+05
2.604958505724838760e+05
2.600357388460223156e+05
2.593937991041734349e+05
2.585321132789236144e+05
2.574419691339540004e+05
2.561477166680064402e+05
2.547068293932222587e+05
2.532057308704579482e+05
2.517514232465862297e+05
2.504595831013683637e+05
2.494404813280767121e+05
2.487846458495649567e+05
2.485503952075877460e+05
2.487550872181629529e+05
2.493711854474197025e+05
2.503272710655028059e+05
2.515132482207747526e+05
2.527885009758754459e+05
2.539917838167550217e+05
2.549520623804501083e+05
2.555000784521572932e+05
2.554807500590993150e+05
2.547663931636893540e+05
2.532701471286977758e+05
2.509581299694050103e+05
2.478581339708648738e+05
2.440624940958152583e+05
2.397233485164251179e+05
2.350398099592757353e+05
2.302382454112617415e+05
2.255484222815153189e+05
2.211792430005708011e+05
2.172978743879350659e+05
2.140152903632932866e+05
2.113798628709845652e+05
2.093790803235734929e+05
2.079481559131458926e+05
2.069834736581060570e+05
2.063585686910874210e+05
2.059405353087870462e+05
2.056051959538221126e+05
2.052498462136823800e+05
2.048027898127366207e+05
2.042291673561259813e+05
2.035328169444405066e+05
2.027541693613000680e+05
2.019645360637790000e+05
2.012575830834627268e+05
2.007391936789205938e+05
2.005171310057366500e+05
2.006917406942485250e+05
2.013483052534034941e+05
2.025507010446669010e+05
2.043350714489501261e+05
2.067018254086553352e+05
2.096048532173687418e+05
2.129385553960822872e+05
2.165257163541153423e+05
2.201115047903073428e+05
2.233697701181004813e+05
2.259263821350116050e+05
2.274004400988194975e+05
2.274586248286057380e+05
2.258725716454575304e+05
2.225660076857233944e+05
2.176390811758965719e+05
2.113620767891066789e+05
2.041382817565061268e+05
1.964437327703712508e+05
1.887573168503086490e+05
1.814964205191243964e+05
1.749707033783015795e+05
1.693608040121378726e+05
1.647219836506792926e+05
1.610070392484806071e+05
1.580997112481803342e+05
1.558496185904093145e+05
1.541018366017119552e+05
1.527174130731748010e+05
1.515842046312153398e+05
1.506196058387274970e+05
1.497677683672924468e+05
1.489939466153642861e+05
1.482780667131084192e+05
1.476089025785078993e+05
1.469796112206663238e+05
1.463849083910875197e+05
1.458198200680851296e+05
1.452796711230999790e+05
1.447607622221616039e+05
1.442610855084285722e+05
1.437804970040479675e+05
1.433200146578903950e+05
1.428802879957119876e+05
1.424596682687929133e+05
1.420525589553095342e+05
1.416487450258043536e+05
1.412341631624530710e+05
1.407931506855332991e+05
1.403117331222629873e+05
1.397811380990103935e+05
1.392005858332846547e+05
1.385785571064139658e+05
1.379321332222472120e+05
1.372845099762662430e+05
1.366612442736641970e+05
1.360860616851053783e+05
1.355770796143206244e+05
1.351441199883580266e+05
1.347874952221144049e+05
1.344983560200908396e+05
1.342604532456865418e+05
1.340529978959276632e+05
1.338541794255766144e+05
1.336448041803407250e+05
1.334114544008971134e+05
1.331485847558748792e+05
1.328591090313571913e+05
1.325532918954139459e+05
1.322461038174612040e+05
1.319535308776058664e+05
1.316885537177157239e+05
1.314575509315552772e+05
1.312577345077019418e+05
1.310759499307131045e+05
1.308888763848617527e+05
1.306644460259764310e+05
1.303642189557854290e+05
1.299464818568835326e+05
1.293699017471749830e+05
1.285975670808457653e+05
1.276011372974708356e+05
1.263646331205791066e+05
1.248872419550624763e+05
1.231845122820368415e+05
1.212875377262623224e+05
1.192401472615102684e+05
1.170945822754664550e+05
1.149064745101231238e+05
1.127300113545995409e+05
1.106139712242913956e+05
1.085989369401356671e+05
1.067156199505136028e+05
1.049840053375717398e+05
1.034130222816453024e+05
1.020006147875702154e+05
1.007343141777314158e+05
9.959256383213805384e+04
9.854702753126989410e+04
9.756591255724495568e+04
9.661802170530374860e+04
9.567692902955453610e+04
9.472447649845114211e+04
9.375280484924138000e+04
9.276438990622406709e+04
9.177000502350858005e+04
9.078505110751112807e+04
8.982513182655780111e+04
8.890196163987980981e+04
8.802060211674457241e+04
8.717864776059283759e+04
8.636743849604247953e+04
8.557482772217399906e+04
8.478864301154190616e+04
8.399984348127286648e+04
8.320452050477410376e+04
8.240424504203557444e+04
8.160472704082794371e+04
8.081320329722139286e+04
8.003531165596070059e+04
7.927237146008371201e+04
7.851993057977654098e+04
7.776814732641157752e+04
7.700408599018325913e+04
7.621541587642995000e+04
7.539447773403782048e+04
7.454140956792437646e+04
7.366515604456971050e+04
7.278175167779307230e+04
7.191013104917932651e+04
7.106659896695088537e+04
7.025966063439508434e+04
6.948692254559681169e+04
6.873518222816508205e+04
6.798381530681272852e+04
6.721049750494025648e+04
6.639755418036796618e+04
6.553707487828396552e+04
6.463340351068454765e+04
6.370252096432951657e+04
6.276883513867833244e+04
6.186063793912560504e+04
6.100576106038222497e+04
6.022873866330032615e+04
5.955021763060103694e+04
5.898868697357743804e+04
5.856404977707214130e+04
5.830225438857147674e+04
5.824012823740330350e+04
5.842961160897330410e+04
5.894063306236878270e+04
5.986180975642875273e+04
6.129800079730461584e+04
6.336361431886388891e+04
6.617068471876182593e+04
6.981132554301146592e+04
7.433535865171789192e+04
7.972563985707078245e+04
8.587547836235527939e+04
9.257395868432901625e+04
9.950519726780695783e+04
1.062660470350377727e+05
1.124034062544768676e+05
1.174676492601706559e+05
1.210739543554015399e+05
1.229599585760965419e+05
1.230275306997826847e+05
1.213591069530031527e+05
1.182045050620849652e+05
1.139409479892952368e+05
1.090151820170571591e+05
1.038802348477081832e+05
9.893953585391383967e+04
9.450798922288660833e+04
9.079436809135496151e+04
8.790383029619290028e+04
8.585506827102880925e+04
8.460457814461649104e+04
8.407089396364618733e+04
8.415377711033623200e+04
8.474627908802501042e+04
8.574030216329831455e+04
8.702805140409045271e+04
8.850231628127892327e+04
9.005796504828488105e+04
9.159579367946415732e+04
9.302847199925662426e+04
9.428724779428671172e+04
9.532760003606120881e+04
9.613223206528161245e+04
9.671050421933426696e+04
9.709432925574154069e+04
9.733138210902565334e+04
9.747698407531314297e+04
9.758612972722592531e+04
9.770688914670464874e+04
9.787597684018711152e+04
9.811678108085511485e+04
9.843970101575033914e+04
9.884429616238114249e+04
9.932253110739345721e+04
9.986230841842228256e+04
1.004505421664427122e+05
1.010752410286613886e+05
1.017264128466212424e+05
1.023959853575819434e+05
1.030772366650090262e+05
1.037643333938086143e+05
1.044524443714277004e+05
1.051385906029992475e+05
1.058230399655711080e+05
1.065107996782928822e+05
1.072126859236984019e+05
1.079455518278536911e+05
1.087314542762674246e+05
1.095957431653735403e+05
1.105642110499379924e+05
1.116595559886168630e+05
1.128975307428040687e+05
1.142833047858281498e+05
1.158087188602802489e+05
1.174511713623262767e+05
1.191747348475418548e+05
1.209337101789191656e+05
1.226782454953568085e+05
1.243610464243414754e+05
1.259438013126484730e+05
1.274019152533515735e+05
1.287265371482411429e+05
1.299235647152368911e+05
1.310100923794386763e+05
1.320093661953776900e+05
1.329455436083587119e+05
1.338393858868776297e+05
1.347055518754727091e+05
1.355516198125755764e+05
1.363785415023894748e+05
1.371820425821084646e+05
1.379545119581697218e+05
1.386870646455235546e+05
1.393715831897447060e+05
1.400025630690143444e+05
1.405785180822047987e+05
1.411026317919850408e+05
1.415823798272648128e+05
1.420280542503807810e+05
1.424504584757343691e+05
1.428583815846371581e+05
1.432566414458411746e+05
1.436453904194281495e+05
1.440210016730912903e+05
1.443783211850484367e+05
1.447135818091747351e+05
1.450270227165018732e+05
1.453243370704550762e+05
1.456164475729919213e+05
1.459176399244504864e+05
1.462425842043058074e+05
1.466030922592704883e+05
1.470055213727333175e+05
1.474495502672592120e+05
1.479286953471442393e+05
1.484325106236612482e+05
1.489500410188684473e+05
1.494738757984031399e+05
1.500041287552085414e+05
1.505518307132353948e+05
1.511414547870584065e+05
1.518124605927662342e+05
1.526197262442116335e+05
1.536325276114186854e+05
1.549314492418432492e+05
1.566024904171102098e+05
1.587278743170519010e+05
1.613737644875946571e+05
1.645761288077429344e+05
1.683270651920334494e+05
1.725646163913342170e+05
1.771691012081030931e+05
1.819681130044593592e+05
1.867506962368333479e+05
1.912891907851797296e+05
1.953653803147804574e+05
1.987964346865065745e+05
2.014560467841550417e+05
2.032871682313235942e+05
2.043045589429601678e+05
2.045874715328605380e+05
2.042646326095325057e+05
2.034948266631627048e+05
2.024466502908857947e+05
2.012804741462756938e+05
2.001346228138140286e+05
1.991166335336003685e+05
1.982995001346723875e+05
1.977222115722098970e+05
1.973936431024190097e+05
1.972988212438430346e+05
1.974066098101008974e+05
1.976778691190576355e+05
1.980731373173398606e+05
1.985589465724149195e+05
1.991120832013443287e+05
1.997214302257521194e+05
2.003874239695060533e+05
2.011195156358566601e+05
2.019322819837996212e+05
2.028409552186126530e+05
2.038571571947887714e+05
2.049855458082393743e+05
2.062219119308478257e+05
2.075529955682559812e+05
2.089579386235129496e+05
2.104109296328565397e+05
2.118843362255651737e+05
2.133515698372043844e+05
2.147891211760824663e+05
2.161775766541016055e+05
2.175018228317842877e+05
2.187508991676153673e+05
2.199179677908023878e+05
2.210006503013268521e+05
2.220016610882562818e+05
2.229294090301131655e+05
2.237981622625463351e+05
2.246274891811105772e+05
2.254409212262701476e+05
2.262640082877388340e+05
2.271220666979661328e+05
2.280379367853490985e+05
2.290300200317952549e+05
2.301108215693638485e+05
2.312862178792049235e+05
2.325556849293464038e+05
2.339137013898347213e+05
2.353524228463120235e+05
2.368654749674299092e+05
2.384523583510336466e+05
2.401225750058545091e+05
2.418983025079575018e+05
2.438144027792013367e+05
2.459148783933733939e+05
2.482456154099587584e+05
2.508442738554740208e+05
2.537292458222114656e+05
2.568903339180600015e+05
2.602838653441416391e+05
2.638341781165990396e+05
2.674419135960023850e+05
2.709977374253111775e+05
2.743985717088695965e+05
2.775626847361993860e+05
2.804403101565361139e+05
2.830177340145829367e+05
2.853145469085899531e+05
2.873754243456142722e+05
2.892588827599296928e+05
2.910257380448715412e+05
2.927295445962288650e+05
2.944104027042642119e+05
2.960925367315986077e+05
2.977852383047137409e+05
2.994862717517577112e+05
3.011866556998934830e+05
3.028757852085659979e+05
3.045460374251045287e+05
3.061962218706702115e+05
3.078334456844975357e+05
3.094731607819864876e+05
3.111373711416258011e+05
3.128512328108618967e+05
3.146385720448201755e+05
3.165171210058738943e+05
3.184944285915227956e+05
3.205653543047233252e+05
3.227117634385384736e+05
3.249045705495788134e+05
3.271077588805427658e+05
3.292835890039247461e+05
3.313980068691110937e+05
3.334252907099913573e+05
3.353511815596531960e+05
3.371740345377591439e+05
3.389038370036482811e+05
3.405592378702036804e+05
3.421630233602043008e+05
3.437367560078282841e+05
3.452955268783887732e+05
3.468438799847654300e+05
3.483738738565049716e+05
3.498659140114009497e+05
3.512924632507690112e+05
3.526241256364288274e+05
3.538370469713833882e+05
3.549202049223620561e+05
3.558810536021876032e+05
3.567481676364594023e+05
3.575699868764130515e+05
3.584094477257179096e+05
3.593351087641544291e+05
3.604101885852517444e+05
3.616815378412980353e+05
3.631707724547663238e+05
3.648694840078013949e+05
3.667396410257043317e+05
3.687191839221028495e+05
3.707316885153391631e+05
3.726981313201268204e+05
3.745484455368050840e+05
3.762307658470526803e+05
3.777169223320767051e+05
3.790036535033376422e+05
3.801099276594491093e+05
3.810714828032872174e+05
3.819340783285410143e+05
3.827469417714846204e+05
3.835575277327407384e+05
3.844081087763294927e+05
3.853340809811850777e+05
3.863633958058350254e+05
3.875163732391189551e+05
3.888053357577979332e+05
3.902339161410207744e+05
3.917963293304793769e+05
3.934771535816603573e+05
3.952521266412845580e+05
3.970901557456220035e+05
3.989563110793727683e+05
4.008152114024554030e+05
4.026340696653478080e+05
4.043848020124133909e+05
4.060449636775024119e+05
4.075977249252880574e+05
4.090314690343004186e+05
4.103397320347265922e+05
4.115220322546800599e+05
4.125856869890725939e+05
4.135481282810976845e+05
4.144387316837488324e+05
4.152989837205950753e+05
4.161800677359708934e+05
4.171376168724734453e+05
4.182242704672746477e+05
4.194814710821519839e+05
4.209323536789204227e+05
4.225774327937731869e+05
4.243941178216146654e+05
4.263401084406523150e+05
4.283597780302879401e+05
4.303920505155126448e+05
4.323781713675768697e+05
4.342681175517178490e+05
4.360249721396306413e+05
4.376271467945798649e+05
4.390686881227722042e+05
4.403580235072788200e+05
4.415154955503130332e+05
4.425700494058392360e+05
4.435555489668175578e+05
4.445073471552432165e+05
4.454597634970385116e+05
4.464448830145489192e+05
4.474925765081187128e+05
4.486310369859983912e+05
4.498867390797296539e+05
4.512828292295233114e+05
4.528356062431496684e+05
4.545497301672709291e+05
4.564136698767009657e+05
4.583972320768847130e+05
4.604525973129334743e+05
4.625192578526932630e+05
4.645320287647889345e+05
4.664303829818860395e+05
4.681670720377585967e+05
4.697143576211028849e+05
4.710669419874590239e+05
4.722414912580096861e+05
4.732732310815876699e+05
4.742103933169625816e+05
4.751074049377501360e+05
4.760177746009276598e+05
4.769877008247369668e+05
4.780514254146860330e+05
4.792291511221651454e+05
4.805278523180133780e+05
4.819445952997585991e+05
4.834712638684062404e+05
4.850991322279996239e+05
4.868217500823443406e+05
4.886351419059869950e+05
4.905352157680690289e+05
4.925132355125502218e+05
4.945509224055592204e+05
4.966169961764676846e+05
4.986666690193604445e+05
5.006448541210448602e+05
5.024928487598561915e+05
5.041572743613641360e+05
5.055993778215417988e+05
5.068026242559494567e+05
5.077769032475203858e+05
5.085585104732970940e+05
5.092060830940393498e+05
5.097935346630731365e+05
5.104015040200033691e+05
5.111088261966073187e+05
5.119851586298921029e+05
5.130853660511079943e+05
5.144457886975024594e+05
5.160822090550745488e+05
5.179892085540583357e+05
5.201406236110122409e+05
5.224909170829333598e+05
5.249774364875522442e+05
5.275236950308389496e+05
5.300439259064767975e+05
5.324491442681399640e+05
5.346547359994801227e+05
5.365891695377342403e+05
5.382028837786118966e+05
5.394759195548362331e+05
5.404226502694514347e+05
5.410921971618974349e+05
5.415638228010775056e+05
5.419376447795201093e+05
5.423221135999513790e+05
5.428205110826442251e+05
5.435189726280570030e+05
5.444781159355352866e+05
5.457293846729599172e+05
5.472759854514413746e+05
5.490971949112288421e+05
5.511541886134083616e+05
5.533955894703064114e+05
5.557616156125874259e+05
5.581867521953528048e+05
5.606018441653406480e+05
5.629369707757993601e+05
5.651261706264659297e+05
5.671141203881006222e+05
5.688636443048674846e+05
5.703620235181429889e+05
5.716239563675280660e+05
5.726898160992679186e+05
5.736192568345576292e+05
5.744816417935554637e+05
5.753456227950592292e+05
5.762701867081896635e+05
5.772987130045610247e+05
5.784564838950870326e+05
5.797511538689436857e+05
5.811752386727265548e+05
5.827097413712207926e+05
5.843283597237275681e+05
5.860020016442165943e+05
5.877033697314893361e+05
5.894111654802958947e+05
5.911131941327407258e+05
5.928075679744302761e+05
5.945014714739030460e+05
5.962075502118903678e+05
5.979387194739611587e+05
5.997027633540781680e+05
6.014982536420902470e+05
6.033129599515977316e+05
6.051251593499830924e+05
6.069073644406445092e+05
6.086313020969040226e+05
6.102727290721886093e+05
6.118149187928487081e+05
6.132502567289958242e+05
6.145800835765245138e+05
6.158134653860859107e+05
6.169657771578427637e+05
6.180578224814686691e+05
6.191157589959413745e+05
6.201715229429177707e+05
6.212629499712552642e+05
6.224325721959810471e+05
6.237242728207814507e+05
6.251776164446837502e+05
6.268205911510393489e+05
6.286623802513998235e+05
6.306882429733742028e+05
6.328583408526896965e+05
6.351113815651306650e+05
6.373725732978677843e+05
6.395641242638977710e+05
6.416159006339834305e+05
6.434741093236743473e+05
6.451068229564760113e+05
6.465063070807687473e+05
6.476888804916276131e+05
6.486931250331575284e+05
6.495767661340708146e+05
6.504119183524532709e+05
6.512781525094906101e+05
6.522532755945250392e+05
6.534026958457613364e+05
6.547692995644713519e+05
6.563663204004423460e+05
6.581753586181416176e+05
6.601505127924028784e+05
6.622279065383470152e+05
6.643383255814793520e+05
6.664197857911330648e+05
6.684269401577195385e+05
6.703352597147196066e+05
6.721395304457262391e+05
6.738478612927937647e+05
6.754735805582415778e+05
6.770277792658520630e+05
6.785147887362149777e+05
6.799317705716344062e+05
6.812722329741944559e+05
6.825320802288505947e+05
6.837160730140868109e+05
6.848424859161566710e+05
6.859442818315080367e+05
6.870661197288442636e+05
6.882577060555096250e+05
6.895650715873206500e+05
6.910219997514192946e+05
6.926438411872829311e+05
6.944252898923325120e+05
6.963425501494103810e+05
6.983590504103304120e+05
7.004328838788010180e+05
7.025238055706482846e+05
7.045979953041169792e+05
7.066297365060389275e+05
7.086002894862780813e+05
7.104951336318083340e+05
7.123011170018728590e+05
7.140048189292646712e+05
7.155927741763669765e+05
7.170534386195607949e+05
7.183802004532479914e+05
7.195745254083033651e+05
7.206484508092917968e+05
7.216259492559217615e+05
7.225429691653684713e+05
7.234461015170719475e+05
7.243898276710661594e+05
7.254322907066443004e+05
7.266296464722227538e+05
7.280293609623911325e+05
7.296632670455231564e+05
7.315415989425142761e+05
7.336493732667485019e+05
7.359462341229117010e+05
7.383702267127468949e+05
7.408450750174211571e+05
7.432896951895189704e+05
7.456281684036273509e+05
7.477984060505497037e+05
7.497582495516149793e+05
7.514885329894850729e+05
7.529933579477581661e+05
7.542981900103520602e+05
7.554462946791301947e+05
7.564936684341103537e+05
7.575023554183448432e+05
7.585322111637792550e+05
7.596318640830386430e+05
7.608305538235933054e+05
7.621331568096128758e+05
