6.819097295388031052e+05
6.800918660866802093e+05
6.782592068047760986e+05
6.764230661755750189e+05
6.745977961425578687e+05
6.728011979644985404e+05
6.710535681918710470e+05
6.693756042556994362e+05
6.677855954789977986e+05
6.662963859614335233e+05
6.649125873215907486e+05
6.636285046596542234e+05
6.624272360693830997e+05
6.612813762936978601e+05
6.601556222135777352e+05
6.590112709579251241e+05
6.578121134500481421e+05
6.565306598842100939e+05
6.551532004045755602e+05
6.536821542517811758e+05
6.521346590251049493e+05
6.505373592717245920e+05
6.489185850868801353e+05
6.473001158223183593e+05
6.456910674199337373e+05
6.440859108465260360e+05
6.424673519574798411e+05
6.408132213205270236e+05
6.391052167079910869e+05
6.373367885140475119e+05
6.355178337671626359e+05
6.336749742401812691e+05
6.318475756070694188e+05
6.300807994627085282e+05
6.284175205140854232e+05
6.268908385885907337e+05
6.255183923467125278e+05
6.242990750034516677e+05
6.232123168664480327e+05
6.222198903887920314e+05
6.212700863218032755e+05
6.203039321107973810e+05
6.192628031993057812e+05
6.180964038163496880e+05
6.167698573792721145e+05
6.152687068895008415e+05
6.136009997538833413e+05
6.117961848817050923e+05
6.099010870355163934e+05
6.079736061218368122e+05
6.060749974174859235e+05
6.042616876205633162e+05
6.025776328129679896e+05
6.010482212839993881e+05
5.996766023452467052e+05
5.984430313703829888e+05
5.973073903653632151e+05
5.962145795270217350e+05
5.951020943805589341e+05
5.939088531774827279e+05
5.925841858881001826e+05
5.910957866221605800e+05
5.894353815471522976e+05
5.876209852682653582e+05
5.856950429818572011e+05
5.837185098094401183e+05
5.817618379123607883e+05
5.798946080906820716e+05
5.781758367160032503e+05
5.766466691030925140e+05
5.753263618932078825e+05
5.742114973999514477e+05
5.732776463368438417e+05
5.724824502148058964e+05
5.717693398501327028e+05
5.710716290418407880e+05
5.703172047470451798e+05
5.694342065213797614e+05
5.683578447356082033e+05
5.670379513293611817e+05
5.654462445084460778e+05
5.635819101157030091e+05
5.614741495472071692e+05
5.591808272903308971e+05
5.567831043433166342e+05
5.543767140276604332e+05
5.520611059552868828e+05
5.499279540444922168e+05
5.480505232171147363e+05
5.464752071925519267e+05
5.452162610304419650e+05
5.442543776287083747e+05
5.435392882259739563e+05
5.429960207901007961e+05
5.425339095608675852e+05
5.420570462202503113e+05
5.414747183138584951e+05
5.407105339543133741e+05
5.397093153395027621e+05
5.384413101227652514e+05
5.369036646825514035e+05
5.351193391239678022e+05
5.331337364891672041e+05
5.310093675297691952e+05
5.288189904821377713e+05
5.266378957616572734e+05
5.245362731923877727e+05
5.225727347346257884e+05
5.207899015056571807e+05
5.192124574416117393e+05
5.178473748455542955e+05
5.166854330079586362e+05
5.157029843184316996e+05
5.148632949640164734e+05
5.141175384051364381e+05
5.134062610683256644e+05
5.126624514946510899e+05
5.118170047523942776e+05
5.108064885900521185e+05
5.095820719821280800e+05
5.081177399879444856e+05
5.064158124107092735e+05
5.045083379707082058e+05
5.024539047261797241e+05
5.003304160817401134e+05
4.982251121009555645e+05
4.962234332336367806e+05
4.943982868993414450e+05
4.928010495985712623e+05
4.914553615957415896e+05
4.903544891123970156e+05
4.894626830423790962e+05
4.887204758301021648e+05
4.880532293768042000e+05
4.873816034473372274e+05
4.866321709387105657e+05
4.857463575151601690e+05
4.846862882456888910e+05
4.834368643887182698e+05
4.820042281006344710e+05
4.804114574251840822e+05
4.786927267489832011e+05
4.768872565673427889e+05
4.750342231673873030e+05
4.731694633357847342e+05
4.713243192421323620e+05
4.695263623539704713e+05
4.678011286724373349e+05
4.661735997321520117e+05
4.646681954294165480e+05
4.633065958616705611e+05
4.621036322370179696e+05
4.610624153975991649e+05
4.601703813547452446e+05
4.593977687555440934e+05
4.586992638630909496e+05
4.580185164892057655e+05
4.572944218394822092e+05
4.564678139453137410e+05
4.554875442649052711e+05
4.543155301733233500e+05
4.529308309025982744e+05
4.513328481435731519e+05
4.495433612065324560e+05
4.476065939061385579e+05
4.455862899995504995e+05
4.435591346774634439e+05
4.416047885680127656e+05
4.397939755934571149e+05
4.381770052369650220e+05
4.367753946913757245e+05
4.355787133618243970e+05
4.345475384747576318e+05
4.336218715130839846e+05
4.327330052868803614e+05
4.318160628563737264e+05
4.308204578570494195e+05
4.297162919607993681e+05
4.284959187032741029e+05
4.271711542115645716e+05
4.257675277410611161e+05
4.243173263487727381e+05
4.228530085301949293e+05
4.214020339415888884e+05
4.199835449279677705e+05
4.186068546159674297e+05
4.172714366536082816e+05
4.159680435058458825e+05
4.146806124165678630e+05
4.133886681179082370e+05
4.120699649038108764e+05
4.107031394052283140e+05
4.092701969106015749e+05
4.077587400004279916e+05
4.061639474463241640e+05
4.044903721761165652e+05
4.027535860759030911e+05
4.009815116135904100e+05
3.992149565038355649e+05
3.975065040050562820e+05
3.959166898520014947e+05
3.945065369864150416e+05
3.933261832553974236e+05
3.924005187166784308e+05
3.917142018401214154e+05
3.911996817703841371e+05
3.907323618588396930e+05
3.901363623742199270e+05
3.892023719618364703e+05
3.877161626004825230e+05
3.854932393477046862e+05
3.824127687922203331e+05
3.784432302767219953e+05
3.736535757836740813e+05
3.682068445849536220e+05
3.623373150210967869e+05
3.563161806245648186e+05
3.504132476288100006e+05
3.448625563840789255e+05
3.398381221097545931e+05
3.354428452514744131e+05
3.317101425173936877e+05
3.286150799879711121e+05
3.260904551333524287e+05
3.240435015660912613e+05
3.223702604704410187e+05
3.209664430179109331e+05
3.197350684844044154e+05
3.185918505097900634e+05
3.174691769268485368e+05
3.163189086811621673e+05
3.151136025411369046e+05
3.138455526567870984e+05
3.125233872324941913e+05
3.111666683242247091e+05
3.097996402719104663e+05
3.084455802909344202e+05
3.071229543908474152e+05
3.058438866393070784e+05
3.046146288975900970e+05
3.034371211683051079e+05
3.023105717094951542e+05
3.012322614635471255e+05
3.001973176639346057e+05
2.991977696275033522e+05
2.982215939016133780e+05
2.972525608186629252e+05
2.962714861973134684e+05
2.952590268594992231e+05
2.941995669005987584e+05
2.930852148879853776e+05
2.919186807533759857e+05
2.907139735186867183e+05
2.894944563975071651e+05
2.882886271915455582e+05
2.871247407644350315e+05
2.860257438735019532e+05
2.850057974565899931e+05
2.840690086776964599e+05
2.832101823673163890e+05
2.824167875593294157e+05
2.816711623320697690e+05
2.809522635429427028e+05
2.802368036125811632e+05
2.795001034005621332e+05
2.787171904343049973e+05
2.778645219012835878e+05
2.769223331600310630e+05
2.758772260474578943e+05
2.747244131407706882e+05
2.734691000928740832e+05
2.721267508632189129e+05
2.707222820839995402e+05
2.692884169226872036e+05
2.678634248514652718e+05
2.664883290589500684e+05
2.652035114198579686e+05
2.640446268934779218e+05
2.630379194482465391e+05
2.621953559567696066e+05
2.615103150485359947e+05
2.609547227201588685e+05
2.604784282653606788e+05
2.600112939317816927e+05
2.594680516446002293e+05
2.587555936571550264e+05
2.577820793656747264e+05
2.564670390586360882e+05
2.547514775047057774e+05
2.526068028052573500e+05
2.500412897729220567e+05
2.471028555791131803e+05
2.438772834254731715e+05
2.404816784575472411e+05
2.370537458921684010e+05
2.337382257460441324e+05
2.306722959821641562e+05
2.279718621669719578e+05
2.257204134050300636e+05
2.239616605780032114e+05
2.226966234649540856e+05
2.218852993271152955e+05
2.214525722520754207e+05
2.212976194888038735e+05
2.213057435223191569e+05
2.213613258052417950e+05
2.213604893943267525e+05
2.212220983076395059e+05
2.208959189940566721e+05
2.203671094178818166e+05
2.196566472517989168e+05
2.188178027808915940e+05
2.179292294186746876e+05
2.170856059675158467e+05
2.163869597983710992e+05
2.159278129434687144e+05
2.157871616893644677e+05
2.160200999984747032e+05
2.166517021928300965e+05
2.176736247533860733e+05
2.190437495520180091e+05
2.206890148202140990e+05
2.225113169114074553e+05
2.243960134427636513e+05
2.262221726946154959e+05
2.278733878905950696e+05
2.292477996137006558e+05
2.302660036823343253e+05
2.308757790224736964e+05
2.310530236843676539e+05
2.307988779804157093e+05
2.301336535031748354e+05
2.290887609263054910e+05
2.276982107617436850e+05
2.259913408692366793e+05
2.239881529337280954e+05
2.216980576827516197e+05
2.191220666126850992e+05
2.162577139637753717e+05
2.131054320857102575e+05
2.096748621374423674e+05
2.059896937536192127e+05
2.020900345796131587e+05
1.980318946328968159e+05
1.938839898862027621e+05
1.897225922304729174e+05
1.856254761793278449e+05
1.816660760469062661e+05
1.779087669048765965e+05
1.744057816461909970e+05
1.711958000618796796e+05
1.683038474964599591e+05
1.657419454585254134e+05
1.635100061460987781e+05
1.615966947746593505e+05
1.599802623961234931e+05
1.586295386215140170e+05
1.575052959794769704e+05
1.565620803765191522e+05
1.557504415017859719e+05
1.550193960235890700e+05
1.543189616182233149e+05
1.536026778255168174e+05
1.528300956189142598e+05
1.519691959920630907e+05
1.509985765439318202e+05
1.499090878378022171e+05
1.487045125555146951e+05
1.474009430761367839e+05
1.460247378646692669e+05
1.446092526627701882e+05
1.431908306174383615e+05
1.418046892900117964e+05
1.404813154836614558e+05
1.392438001551091438e+05
1.381062982185198925e+05
1.370735755884133396e+05
1.361414726711772382e+05
1.352980839543068432e+05
1.345254949981005047e+05
1.338019731145383557e+05
1.331045208735199703e+05
1.324116442304381635e+05
1.317060728967010800e+05
1.309770519413781876e+05
1.302217712030514085e+05
1.294455689701141819e+05
1.286607491416455159e+05
1.278841400428939669e+05
1.271338106543536996e+05
1.264255554200593324e+05
1.257698068688848871e+05
1.251695352359534299e+05
1.246194900153832132e+05
1.241068900282605609e+05
1.236134252366791770e+05
1.231182231350362126e+05
1.226012705830190971e+05
1.220466868111633667e+05
1.214452428907538269e+05
1.207956442165903718e+05
1.201043392113159935e+05
1.193839497698505147e+05
1.186507513529991265e+05
1.179218548618662317e+05
1.172127704646615457e+05
1.165358418766597897e+05
1.158996912377121043e+05
1.153094428734754038e+05
1.147672493168961810e+05
1.142726258018366643e+05
1.138223131501020835e+05
1.134097353555838927e+05
1.130244412459083542e+05
1.126520745826101920e+05
1.122753308432102931e+05
1.118760560952300148e+05
1.114382298102681380e+05
1.109511930946498178e+05
1.104122687617915799e+05
1.098279516703433328e+05
1.092131373251994664e+05
1.085883396226030891e+05
1.079753981404635415e+05
1.073926314986244688e+05
1.068506072882226290e+05
1.063495844918224757e+05
1.058792560585573956e+05
1.054207996489404468e+05
1.049506267376035248e+05
1.044447996249807329e+05
1.038829874020087445e+05
1.032510662507365632e+05
1.025419368864620774e+05
1.017546683808630914e+05
1.008925184897029394e+05
9.996061332822701661e+04
9.896405658210988622e+04
9.790701313392964948e+04
9.679295442233761423e+04
9.562586534833660698e+04
9.441189685379198636e+04
9.316078664126417425e+04
9.188640881355173769e+04
9.060604820470488630e+04
8.933837000363940024e+04
8.810046848973448505e+04
8.690470791932087741e+04
8.575620519245725882e+04
8.465169007282487291e+04
8.358013427688527736e+04
8.252506654213118600e+04
8.146804051399303717e+04
8.039244738699920708e+04
7.928685309851297643e+04
7.814727482521120692e+04
7.697818150746515312e+04
7.579235273975011660e+04
7.460993431855026574e+04
7.345704606202649302e+04
7.236417770964668307e+04
7.136445019391391543e+04
7.049170965866482584e+04
6.977839586075452098e+04
6.925316858932180912e+04
6.893834837823074486e+04
6.884730734259866585e+04
6.898203225844253029e+04
6.933118011725078395e+04
6.986903869416029193e+04
7.055583949735376518e+04
7.133978133117724792e+04
7.216086953455882031e+04
7.295628350125659199e+04
7.366655365808881470e+04
7.424150751876914001e+04
7.464487498486440745e+04
7.485670153443618619e+04
7.487327471717841399e+04
7.470498783483316947e+04
7.437323811943104374e+04
7.390786999870800355e+04
7.334666736137107364e+04
7.273791200486001617e+04
7.214611235810385551e+04
7.165982247114923666e+04
7.139924949999497039e+04
7.152037819051457336e+04
7.221194873488465964e+04
7.368213175573816989e+04
7.613338307097108918e+04
7.972673208464108757e+04
8.454027426528853539e+04
9.053004806712424033e+04
9.750357512996371952e+04
1.051159308638909715e+05
1.128946282136243535e+05
1.202931998399987351e+05
1.267656937033387803e+05
1.318477205590691883e+05
1.352265784734182525e+05
1.367847254634604033e+05
1.366072261524178612e+05
1.349528499639983929e+05
1.321973711817016301e+05
1.287635841960211546e+05
1.250540295515587786e+05
1.213994967627543665e+05
1.180305199831487262e+05
1.150724897413697909e+05
1.125596579995401116e+05
1.104603872878391558e+05
1.087056527906170231e+05
1.072144224804956466e+05
1.059121247702231340e+05
1.047410293998144334e+05
1.036633897759411047e+05
1.026593705566359713e+05
1.017221529174410971e+05
1.008523721589668421e+05
1.000534440734395612e+05
9.932860187881995807e+04
9.867977127972370363e+04
9.810788126147234289e+04
9.761391157267085509e+04
9.719992664129260811e+04
9.686949977945903083e+04
9.662721484458848136e+04
9.647725748588638089e+04
9.642139831925315957e+04
9.645687203382421285e+04
9.657473769699178229e+04
9.675925150915300765e+04
9.698859603562446136e+04
9.723701617290792638e+04
9.747807107342321251e+04
9.768841109904072073e+04
9.785132371629172121e+04
9.795932536035896919e+04
9.801530669794969435e+04
9.803209155950944114e+04
9.803062134568885085e+04
9.803720650888814998e+04
9.808033303606357367e+04
9.818740119199537730e+04
9.838160634333654889e+04
9.867906733707201784e+04
9.908633907230295881e+04
9.959859354139212519e+04
1.001989122815375740e+05
1.008591655933438451e+05
1.015427677623468771e+05
1.022092033150432399e+05
1.028197361921604897e+05
1.033433184801268217e+05
1.037615609783410910e+05
1.040717746139318624e+05
1.042874864704281936e+05
1.044363457750306115e+05
1.045558207654394791e+05
1.046874499933994230e+05
1.048706182461479766e+05
1.051368851750622998e+05
1.055058128446262999e+05
1.059830080168009008e+05
1.065607072059727943e+05
1.072207195091998001e+05
1.079390065552027663e+05
1.086907799691273540e+05
1.094548896674217103e+05
1.102165333728026599e+05
1.109678774544157204e+05
1.117068559705045336e+05
1.124349694758396363e+05
1.131551433960897848e+05
1.138705573223414249e+05
1.145848997623235628e+05
1.153039259251751646e+05
1.160377159539281565e+05
1.168028070054622513e+05
1.176234515221190377e+05
1.185315665381568106e+05
1.195653427265206556e+05
1.207668278853703378e+05
1.221789874549150554e+05
1.238427471312916459e+05
1.257943751276650291e+05
1.280633340837901924e+05
1.306705037232586619e+05
1.336265186042939895e+05
1.369299410625854798e+05
1.405651307225915953e+05
1.444999611412427912e+05
1.486838847955095407e+05
1.530471145008041058e+05
1.575017192566070880e+05
1.619451414583129517e+05
1.662660789508821617e+05
1.703520261584255204e+05
1.740972879414441995e+05
1.774101706732225139e+05
1.802183618679109495e+05
1.824720887984313013e+05
1.841452361907010782e+05
1.852349593943674117e+05
1.857603508839805145e+05
1.857604861757110339e+05
1.852918904699415143e+05
1.844253218337694416e+05
1.832418365294412069e+05
1.818283206562006671e+05
1.802728934102042695e+05
1.786606864008573466e+05
1.770704472197411815e+05
1.755722587959250086e+05
1.742264904674949066e+05
1.730839427900439186e+05
1.721869949886582617e+05
1.715713690477720520e+05
1.712678910024600918e+05
1.713034472998051497e+05
1.717003514195434400e+05
1.724736761098077986e+05
1.736267675096112653e+05
1.751459645626508573e+05
1.769961961105598311e+05
1.791193075753978628e+05
1.814365081554322969e+05
1.838552956882767030e+05
1.862799144937471719e+05
1.886232675011830579e+05
1.908176397934236447e+05
1.928218099014967447e+05
1.946230710445698060e+05
1.962340504724574275e+05
1.976855561158995260e+05
1.990175713006808655e+05
2.002707046446372697e+05
2.014798818066858803e+05
2.026710821119970933e+05
2.038608649297437805e+05
2.050576779085651215e+05
2.062637163312738412e+05
2.074764009505435533e+05
2.086891416883798665e+05
2.098916408385650429e+05
2.110702988883868675e+05
2.122092225930628774e+05
2.132919950269868423e+05
2.143039698808337271e+05
2.152346130440512497e+05
2.160794338621927018e+05
2.168412708349946188e+05
2.175309594131216290e+05
2.181675494913790899e+05
2.187781922885041276e+05
2.193976490987249126e+05
2.200672408145120135e+05
2.208330920791722892e+05
2.217437511535339872e+05
2.228475716558219574e+05
2.241904302286520833e+05
2.258142603220054298e+05
2.277564758570511476e+05
2.300497815983593173e+05
2.327213871824448579e+05
2.357905389101273904e+05
2.392637204154323554e+05
2.431278037128029682e+05
2.473425839272105950e+05
2.518350788323407469e+05
2.564982835695139365e+05
2.611964707146710134e+05
2.657776472439846257e+05
2.700917948540315847e+05
2.740116447626841255e+05
2.774516199950223672e+05
2.803806453893794678e+05
2.828258088567206869e+05
2.848659705772257876e+05
2.866167095909881755e+05
2.882098099072821205e+05
2.897713881801378448e+05
2.914026613278276636e+05
2.931664547432271647e+05
2.950812197076429147e+05
2.971229071550011286e+05
2.992337666788515635e+05
3.013361232289845357e+05
3.033484942227467545e+05
3.052011163924866123e+05
3.068481346486635739e+05
3.082744021951183095e+05
3.094959751923182630e+05
3.105547310234656907e+05
3.115087645920494106e+05
3.124209932190045947e+05
3.133485290832653409e+05
3.143348694744064705e+05
3.154060187336957897e+05
3.165706061866097152e+05
3.178231950987178134e+05
3.191494647002816782e+05
3.205318216833659098e+05
3.219541837878895458e+05
3.234050609798258520e+05
3.248785360775183071e+05
3.263732390682587866e+05
3.278898504615399870e+05
3.294279844960740302e+05
3.309834173503902275e+05
3.325464937309962697e+05
3.341021895106744487e+05
3.356318298701127642e+05
3.371160131227236125e+05
3.385380105696347309e+05
3.398868705432714778e+05
3.411596194318635389e+05
3.423622183282420156e+05
3.435091828142615850e+05
3.446219389385225950e+05
3.457260850183813600e+05
3.468478269114841241e+05
3.480100161630040966e+05
3.492284360831997474e+05
3.505091482569136424e+05
3.518476821538948570e+05
3.532305197438508621e+05
3.546387243920069886e+05
3.560528746742777294e+05
3.574579655690788641e+05
3.588468684606518364e+05
3.602213687150275800e+05
3.615905818520311150e+05
3.629673870683090645e+05
3.643640908795024734e+05
3.657886469444193062e+05
3.672424124030398089e+05
3.687197973028365523e+05
3.702095278197167208e+05
3.716968300527621177e+05
3.731657643639061134e+05
3.746011682647632551e+05
3.759900494846973452e+05
3.773226145395100466e+05
3.785932627528847079e+05
3.798017637092632358e+05
3.809545342794904718e+05
3.820656001683911891e+05
3.831566475111946929e+05
3.842556597510778811e+05
3.853939908486469649e+05
3.866022224935209961e+05
3.879055961253677378e+05
3.893200201819982613e+05
3.908495390585642308e+05
3.924857499454712379e+05
3.942091165884584188e+05
3.959916572267653537e+05
3.978002497959220200e+05
3.995998696729515796e+05
4.013563857554285787e+05
4.030389121691897744e+05
4.046219428204086144e+05
4.060874623497904395e+05
4.074269609042613301e+05
4.086429577370914631e+05
4.097494858507703175e+05
4.107711460467213183e+05
4.117407601594939479e+05
4.126961226467277156e+05
4.136765972669436596e+05
4.147201752438198891e+05
4.158611696635683766e+05
4.171282340139243752e+05
4.185421758873758372e+05
4.201132619594999705e+05
4.218382893645868753e+05
4.236983167733384762e+05
4.256582337834399659e+05
4.276690793927213526e+05
4.296732591229943209e+05
4.316118704470126540e+05
4.334326349664636073e+05
4.350967476074350416e+05
4.365833322289410862e+05
4.378909336832491681e+05
4.390362479702904820e+05
4.400508122438664432e+05
4.409765354474933702e+05
4.418608283142512082e+05
4.427518718597434927e+05
4.436944051221535774e+05
4.447263582536672475e+05
4.458766283009865438e+05
4.471641729575364152e+05
4.485983281863963930e+05
4.501799114885776071e+05
4.519024254421986407e+05
4.537526939295845223e+05
4.557105969267634791e+05
4.577481033955531893e+05
4.598283049974171445e+05
4.619054010330174351e+05
4.639264725283879088e+05
4.658354643110610778e+05
4.675792254772808519e+05
4.691149030901697697e+05
4.704175406082891277e+05
4.714864441266358481e+05
4.723487911732110078e+05
4.730591592068374157e+05
4.736942476693536737e+05
4.743430697953685885e+05
4.750941135315072024e+05
4.760220269704674720e+05
4.771768171423497261e+05
4.785780659064644133e+05
4.802153190831834218e+05
4.820540341307232738e+05
4.840449295368702151e+05
4.861338368889045669e+05
4.882694449408625951e+05
4.904074463909372571e+05
4.925110489623708418e+05
4.945490331224207766e+05
4.964931487168214517e+05
4.983165484418059350e+05
4.999943123035757453e+05
5.015062059508681414e+05
5.028409296928194817e+05
5.040004936730967020e+05
5.050031613913741894e+05
5.058837055968730710e+05
5.066904556274898350e+05
5.074795737411801820e+05
5.083078602180431481e+05
5.092258326122273575e+05
5.102726725066576619e+05
5.114739373551436001e+05
5.128419739310633158e+05
5.143781268034388195e+05
5.160754279091983917e+05
5.179205991168253240e+05
5.198947797844414599e+05
5.219731224029324949e+05
5.241239701324594789e+05
5.263085341881430941e+05
5.284817983315245947e+05
5.305949300630106591e+05
5.325989951170200948e+05
5.344494478897119407e+05
5.361107848524785368e+05
5.375608414858408505e+05
5.387943391324999975e+05
5.398253126189330360e+05
5.406879462113836780e+05
5.414352279302325333e+05
5.421348968521081842e+05
5.428625607789980713e+05
5.436925941435081186e+05
5.446882666417869041e+05
5.458931361196184298e+05
5.473257225304601016e+05
5.489787331446774770e+05
5.508228233501719078e+05
5.528135229850596515e+05
5.548990948594955262e+05
5.570271071525418665e+05
5.591484037624289049e+05
5.612185407795528881e+05
5.631979730151324766e+05
5.650527365369519684e+05
5.667568573029454565e+05
5.682964846237060847e+05
5.696744264404163696e+05
5.709130229309303686e+05
5.720535130063371034e+05
5.731511275889105164e+05
5.742665870648538694e+05
5.754558664375175722e+05
5.767605849137918558e+05
5.782011005565837258e+05
5.797735896134383511e+05
5.814514376662076684e+05
5.831904615507529816e+05
5.849369332094866550e+05
5.866370594620282063e+05
5.882464171314737760e+05
5.897378328791505191e+05
5.911063742895829491e+05
5.923705313996699406e+05
5.935693021937685553e+05
5.947556484898537165e+05
5.959874945223298855e+05
5.973179290987305576e+05
5.987864228395108366e+05
6.004126442306842655e+05
6.021938981040071230e+05
6.041064406653421465e+05
6.061101235974716255e+05
6.081551794981034473e+05
6.101896394305144204e+05
6.121659407868371345e+05
6.140456957901596325e+05
6.158022034746018471e+05
6.174209081216623308e+05
6.188984590694867074e+05
6.202412024469015887e+05
6.214638154037281638e+05
6.225884420440775575e+05
6.236442355860165553e+05
6.246668167918486288e+05
6.256969824075889774e+05
6.267781359491684707e+05
6.279523471477659186e+05
6.292555194340015296e+05
6.307126095610407647e+05
6.323339718529899837e+05
6.341136102604091866e+05
6.360295467768257950e+05
6.380459504278558306e+05
6.401164155232605990e+05
6.421879454818341183e+05
6.442056228343433468e+05
6.461182528640524251e+05
6.478850999530408299e+05
6.494831044919281267e+05
6.509129807041808963e+05
6.522019446361567825e+05
6.534010753226210363e+05
6.545766608033681987e+05
6.557969441670618253e+05
6.571176184010950383e+05
6.585702930259368150e+05
6.601574296287707984e+05
6.618550841342235217e+05
6.636220543153990293e+05
6.654118777586658252e+05
6.671834832004735945e+05
6.689073956150508020e+05
6.705666493815372232e+05
6.721538726523567457e+05
6.736673065696522826e+05
6.751083188155852258e+05
6.764815506474807626e+05
6.777970696709631011e+05
6.790727356543508358e+05
6.803349405691537540e+05
6.816168098483035574e+05
6.829541995313365478e+05
6.843806722342850408e+05
6.859227186143953586e+05
6.875959684364476707e+05
6.894025153525864007e+05
6.913292441475840751e+05
6.933473251665044809e+05
6.954135264660158427e+05
6.974741779861636460e+05
6.994721407118018251e+05
7.013560434143677121e+05
7.030898370450276416e+05
7.046600439824053319e+05
7.060784078244583216e+05
7.073789629059917061e+05
7.086103251383361639e+05
7.098254913100590929e+05
7.110719944430072792e+05
7.123847230045601027e+05
7.137824239802096272e+05
7.152675497481210623e+05
7.168283082546257647e+05
7.184417951896772720e+05
7.200777027902724221e+05
7.217027667673351243e+05
7.232862962975646369e+05
7.248066273747690720e+05
7.262573983458129223e+05
7.276517433054252760e+05
7.290224170864433981e+05
7.304167648508177372e+05
7.318870950293494388e+05
7.334787544673231896e+05
7.352192625970036024e+05
7.371117066879261984e+05
7.391342183112022467e+05
7.412452790781147778e+05
7.433927016024948098e+05
7.455231886116765672e+05
7.475897330591476057e+05
7.495555180985424668e+05
7.513946679309463361e+05
7.530913570754004177e+05
7.546389126968841301e+05
7.560397324875902850e+05
7.573056870498192729e+05
7.584579274036963470e+05
7.595251339756577509e+05
7.605401328321377514e+05
7.615358940136841265e+05
7.625425090598750394e+05
