5.430614821449476294e+05
5.426760580164745916e+05
5.424072158930350561e+05
5.421825651730000973e+05
5.419296845410072710e+05
5.415786199562627589e+05
5.410642628081883304e+05
5.403298869002199499e+05
5.393324466253194259e+05
5.380490980702462839e+05
5.364833066050761845e+05
5.346683619970653672e+05
5.326664212163409684e+05
5.305622722331547411e+05
5.284524767803917639e+05
5.264318840717620915e+05
5.245802656204268569e+05
5.229517913198355818e+05
5.215693100548621151e+05
5.204241858546290896e+05
5.194811408967438038e+05
5.186865212439696188e+05
5.179778799513862468e+05
5.172928582938453183e+05
5.165759538196932990e+05
5.157826519777021604e+05
5.148812439441987080e+05
5.138531694087018841e+05
5.126927679899066570e+05
5.114069560500771040e+05
5.100147946278415038e+05
5.085464679622201947e+05
5.070410702790040523e+05
5.055428582125062821e+05
5.040961458511778037e+05
5.027395622586372192e+05
5.015007166464021429e+05
5.003922871538473992e+05
4.994101896218049806e+05
4.985339600067447755e+05
4.977290232030351181e+05
4.969502939334459370e+05
4.961465996162710944e+05
4.952656243536593392e+05
4.942592631673629512e+05
4.930892886473644758e+05
4.917330222238348797e+05
4.901883564087321865e+05
4.884771648924360052e+05
4.866460371767809265e+05
4.847634829347293708e+05
4.829132638486492215e+05
4.811842325755251222e+05
4.796578414512503077e+05
4.783951601862366078e+05
4.774256494499054388e+05
4.767399400961202336e+05
4.762883891033573891e+05
4.759862454244973487e+05
4.757250109245383064e+05
4.753882887411804404e+05
4.748693948920227704e+05
4.740875496322168037e+05
4.729997074663938838e+05
4.716059812871502363e+05
4.699479366481734323e+05
4.681004367759246961e+05
4.661588672873490141e+05
4.642242254200705793e+05
4.623886499183383421e+05
4.607235820199975860e+05
4.592720687522906228e+05
4.580459375115564908e+05
4.570278136915022042e+05
4.561772704821377993e+05
4.554398041866180138e+05
4.547568610366585199e+05
4.540749137430047849e+05
4.533517529413356096e+05
4.525588262170458329e+05
4.516795689742143149e+05
4.507049479835635284e+05
4.496284309304430499e+05
4.484428540273823892e+05
4.471409552406217554e+05
4.457198247357575456e+05
4.441877315032395418e+05
4.425704452135736938e+05
4.409138991702135536e+05
4.392810416930663632e+05
4.377426765303993598e+05
4.363642589704796555e+05
4.351921484195488738e+05
4.342431326417759992e+05
4.335000472442922764e+05
4.329144451972999377e+05
4.324152567429640912e+05
4.319209281512624584e+05
4.313520426874313271e+05
4.306418953890241100e+05
4.297435631594925071e+05
4.286331971393923741e+05
4.273101574840687681e+05
4.257950100935151568e+05
4.241263293964919285e+05
4.223568727691489039e+05
4.205492430870428216e+05
4.187708523144291248e+05
4.170879855610113591e+05
4.155590735524884076e+05
4.142278056755062426e+05
4.131172246639467194e+05
4.122261576662856969e+05
4.115290571337771253e+05
4.109795550353747676e+05
4.105170304901024792e+05
4.100746674794680439e+05
4.095872093186100246e+05
4.089970283223360893e+05
4.082580162251469446e+05
4.073377147476584651e+05
4.062185903100316064e+05
4.048991974219132680e+05
4.033953155562688480e+05
4.017404029487881926e+05
3.999843431859381380e+05
3.981897047631462920e+05
3.964254858044937719e+05
3.947592001631141175e+05
3.932487479939013720e+05
3.919355548981258180e+05
3.908400072607008042e+05
3.899595443332174327e+05
3.892692287311106338e+05
3.887244005119762151e+05
3.882650848089325591e+05
3.878219524321735371e+05
3.873235965029675863e+05
3.867045999283662532e+05
3.859134446005137870e+05
3.849190009784331778e+05
3.837143642976708361e+05
3.823172438276545727e+05
3.807668379808692262e+05
3.791178821362287854e+05
3.774330790579515160e+05
3.757752743648688775e+05
3.742005463406294002e+05
3.727529856010515941e+05
3.714615159785854048e+05
3.703387629652905744e+05
3.693817302894893801e+05
3.685738648121997830e+05
3.678879518449410098e+05
3.672892173242198187e+05
3.667380894903923036e+05
3.661923368613136699e+05
3.656087068230834557e+05
3.649445860324187670e+05
3.641603812655102811e+05
3.632231214833161794e+05
3.621112086760133388e+05
3.608194886921509169e+05
3.593631975142041338e+05
3.577791807217036257e+05
3.561232425486819120e+05
3.544634631079929532e+05
3.528705025866911164e+05
3.514068595575605868e+05
3.501174138755616732e+05
3.490232364819541108e+05
3.481197362819201080e+05
3.473790840946304961e+05
3.467558935874613817e+05
3.461946210420163115e+05
3.456371384817309445e+05
3.450293165945800720e+05
3.443260018967019278e+05
3.434942705288293655e+05
3.425151561422727536e+05
3.413841536228076438e+05
3.401107468094016658e+05
3.387170863515956444e+05
3.372358386517072213e+05
3.357071938822874799e+05
3.341750770121108508e+05
3.326827328766476130e+05
3.312680155102130375e+05
3.299588585901768529e+05
3.287694995344944182e+05
3.276980459136100835e+05
3.267258881274076412e+05
3.258192628819679376e+05
3.249329611421417212e+05
3.240157893630935578e+05
3.230170155931971385e+05
3.218927748572741402e+05
3.206113729133830057e+05
3.191566536238220287e+05
3.175290287366111879e+05
3.157442750271131517e+05
3.138306225834054057e+05
3.118248740734614548e+05
3.097682823842850048e+05
3.077027353062907350e+05
3.056675584067607997e+05
3.036970480616623536e+05
3.018187344569340930e+05
3.000523427531875204e+05
2.984094275690861396e+05
2.968936539432130521e+05
2.955016589759959606e+05
2.942243559165759361e+05
2.930484681560209137e+05
2.919580474436313380e+05
2.909357693006174522e+05
2.899639073188572656e+05
2.890250283124284470e+05
2.881025633628643700e+05
2.871814463554983959e+05
2.862489571384137962e+05
2.852957858755212510e+05
2.843171945139034651e+05
2.833140310394051485e+05
2.822932735540017020e+05
2.812677549551761476e+05
2.802547658468927257e+05
2.792733907871743431e+05
2.783407310862381710e+05
2.774675815084076021e+05
2.766545440296432935e+05
2.758897905026571243e+05
2.751495421031612204e+05
2.744017425493632909e+05
2.736124786235192441e+05
2.727537398187435465e+05
2.718104780875633587e+05
2.707849146658018581e+05
2.696967127018453320e+05
2.685788002619350445e+05
2.674699038809047779e+05
2.664058082103708875e+05
2.654116778541812673e+05
2.644973745433034492e+05
2.636567367142899893e+05
2.628706023485926562e+05
2.621123482078988454e+05
2.613542012127160560e+05
2.605726678836530482e+05
2.597520143264891813e+05
2.588855281009541359e+05
2.579749726541564451e+05
2.570289684123707993e+05
2.560609576262366027e+05
2.550870834153972683e+05
2.541239907491796766e+05
2.531864533217681164e+05
2.522849054927935940e+05
2.514232888864379202e+05
2.505978752407833817e+05
2.497976926307019894e+05
2.490067999239734490e+05
2.482080496523776092e+05
2.473874037761750224e+05
2.465375733328427013e+05
2.456598782854415476e+05
2.447637337725978286e+05
2.438638850609902001e+05
2.429761941659942095e+05
2.421132107299262425e+05
2.412808121458739042e+05
2.404768633461077407e+05
2.396922281915723579e+05
2.389137499776223558e+05
2.381282303922612628e+05
2.373261617195257568e+05
2.365040901099253388e+05
2.356649515706268139e+05
2.348163494052305468e+05
2.339673097557514557e+05
2.331243904947937699e+05
2.322880767581676482e+05
2.314502416093138163e+05
2.305932059650405718e+05
2.296906924453481333e+05
2.287107477727180521e+05
2.276204554059371876e+05
2.263919201617472863e+05
2.250085951095370692e+05
2.234706516529566434e+05
2.217979430164021906e+05
2.200293369586304470e+05
2.182178477487828932e+05
2.164219783729298215e+05
2.146947460471112572e+05
2.130726851506656094e+05
2.115674047497407591e+05
2.101618578719745856e+05
2.088124006169574277e+05
2.074562509530390380e+05
2.060225329599484394e+05
2.044441735646325396e+05
2.026678259775724728e+05
2.006597703202645644e+05
1.984071143386128533e+05
1.959150862043439411e+05
1.932022444728763367e+05
1.902956789601892524e+05
1.872277209702465916e+05
1.840346320859316329e+05
1.807566915915865684e+05
1.774385053331568197e+05
1.741284236837315839e+05
1.708765724734432879e+05
1.677318107396655832e+05
1.647385151890086418e+05
1.619341793895775627e+05
1.593483981948134315e+05
1.570031290927589289e+05
1.549135425344396208e+05
1.530885851014809450e+05
1.515306670966956299e+05
1.502344965297498275e+05
1.491857100141643314e+05
1.483602942040780908e+05
1.477256863381783187e+05
1.472439308152997110e+05
1.468765626992577163e+05
1.465902673590092163e+05
1.463620536214195017e+05
1.461827657415742578e+05
1.460581842782644962e+05
1.460075562189823249e+05
1.460599490104731231e+05
1.462491872994278965e+05
1.466082454120317998e+05
1.471638714839995373e+05
1.479320124925696291e+05
1.489144028936298564e+05
1.500965404843846918e+05
1.514472032882856438e+05
1.529196091481476324e+05
1.544542196080847352e+05
1.559830063345512608e+05
1.574347534651174501e+05
1.587407360857872991e+05
1.598399842304136837e+05
1.606833771795796929e+05
1.612360198384067917e+05
1.614776759992782027e+05
1.614013820959578443e+05
1.610106546481998521e+05
1.603158866342853289e+05
1.593305976935958024e+05
1.580681811615184997e+05
1.565396964728108142e+05
1.547530894901572610e+05
1.527139766096616804e+05
1.504278083416954905e+05
1.479028843443245860e+05
1.451534202464570408e+05
1.422017785928074736e+05
1.390791465254992945e+05
1.358243597259253438e+05
1.324811205968648719e+05
1.290943509680299030e+05
1.257066666566885106e+05
1.223558551655041665e+05
1.190738080428305984e+05
1.158867724090572156e+05
1.128162832644118898e+05
1.098799347573210252e+05
1.070913372669156961e+05
1.044591106864836038e+05
1.019853625506137760e+05
9.966452243551240826e+04
9.748344978812713816e+04
9.542335877043417713e+04
9.346344888169485785e+04
9.158545383131050039e+04
8.977789428060085629e+04
8.803881243486875610e+04
8.637618172301904997e+04
8.480586740385694429e+04
8.334771908322293893e+04
8.202086808071997075e+04
8.083943910876756127e+04
7.980965783332561841e+04
7.892885448491890565e+04
7.818630633085311274e+04
7.756540504546910233e+04
7.704639798114965379e+04
7.660896831939532422e+04
7.623413883778658055e+04
7.590530426998221083e+04
7.560850106797751505e+04
7.533221866233601759e+04
7.506710075473602046e+04
7.480579243139611208e+04
7.454301644327523536e+04
7.427578677010734100e+04
7.400355811739974888e+04
7.372810403575989767e+04
7.345301003752656106e+04
7.318281943859001331e+04
7.292201514796314586e+04
7.267409969208994880e+04
7.244101479269620904e+04
7.222302820647176122e+04
7.201905501995068335e+04
7.182723805385286687e+04
7.164554373074768228e+04
7.147215957979021186e+04
7.130558995932045218e+04
7.114448776413474116e+04
7.098737202125400654e+04
7.083241966415487695e+04
7.067747262746295019e+04
7.052029385332370293e+04
7.035898883826352539e+04
7.019243755496622180e+04
7.002058791437196487e+04
6.984454055392666487e+04
6.966646155338014069e+04
6.948943326180869190e+04
6.931734810911034583e+04
6.915486431341587740e+04
6.900732372279820265e+04
6.888045529701677151e+04
6.877971299133417779e+04
6.870923280824288668e+04
6.867058807839093788e+04
6.866168504519748967e+04
6.867619110797288886e+04
6.870379324806531076e+04
6.873137525045944494e+04
6.874495563981172745e+04
6.873202768176054815e+04
6.868384481179239810e+04
6.859721309093989839e+04
6.847546481874537130e+04
6.832845628917172144e+04
6.817162112928212446e+04
6.802428908147741458e+04
6.790762099283451971e+04
6.784258144218353846e+04
6.784833330237165501e+04
6.794126531682795030e+04
6.813456102901979466e+04
6.843785190834860259e+04
6.885620332574112399e+04
6.938763264673812955e+04
7.001870018198332400e+04
7.071847643827952561e+04
7.143221751965866133e+04
7.207702797964189085e+04
7.254220878552203067e+04
7.269650108918349724e+04
7.240293664476851700e+04
7.153978219672957493e+04
7.002378054772525502e+04
6.783037970667498303e+04
6.500558839801127760e+04
6.166572630417750042e+04
5.798426495103466732e+04
5.416828274864274863e+04
5.042970319050903345e+04
4.695760063008207362e+04
4.389715436943884561e+04
4.133866524697591376e+04
3.931723994440882234e+04
3.782123007669393701e+04
3.680597725034770701e+04
3.620910363530762697e+04
3.596429502302961191e+04
3.601177054162933200e+04
3.630490482216940291e+04
3.681340572362040257e+04
3.752393290732467722e+04
3.843915208311947208e+04
3.957613417648276663e+04
4.096487883664077526e+04
4.264760844406969409e+04
4.467925819059072091e+04
4.712913040208142775e+04
5.008288602341387741e+04
5.364298799897197750e+04
5.792472199678463949e+04
6.304455895250086905e+04
6.909849958355008857e+04
7.613050493225383980e+04
8.409493779250772786e+04
9.282112955833521846e+04
1.019911473931645596e+05
1.111418823075630644e+05
1.196986993145708111e+05
1.270404279041001282e+05
1.325863299934761308e+05
1.358878489408348687e+05
1.367043973931335204e+05
1.350449020137050247e+05
1.311649059548483638e+05
1.255202672683749697e+05
1.186892483916870842e+05
1.112816847374561912e+05
1.038550917814817658e+05
9.685326518963302078e+04
9.057517972398837446e+04
8.517364355387644900e+04
8.067673325809299422e+04
7.702190658593615808e+04
7.409289807212731102e+04
7.175205126781806757e+04
6.986421412189345574e+04
6.831146928013529396e+04
6.700005492713312560e+04
6.586170162979899033e+04
6.485154031552998640e+04
6.394418198306307022e+04
6.312895076047252951e+04
6.240482474381210341e+04
6.177546976365271257e+04
6.124476258372042503e+04
6.081325147135722364e+04
6.047596749678776541e+04
6.022182041077347094e+04
6.003451453554105683e+04
5.989459679124323156e+04
5.978201979676779592e+04
5.967855880111095757e+04
5.956958185049601889e+04
5.944497323417829466e+04
5.929932575073922635e+04
5.913171672063576989e+04
5.894538978993624914e+04
5.874749544081636122e+04
5.854879966093081748e+04
5.836309115902382473e+04
5.820600953159693745e+04
5.809320011576840625e+04
5.803799760780677025e+04
5.804911006260140130e+04
5.812888422556329169e+04
5.827262043714581523e+04
5.846911039663086558e+04
5.870221615041691257e+04
5.895304038706482970e+04
5.920215941667851439e+04
5.943151528399279050e+04
5.962581591094339092e+04
5.977354498991430592e+04
5.986781978359418281e+04
5.990730069314491993e+04
5.989717983236942382e+04
5.985004975192331040e+04
5.978628993408114184e+04
5.973358928819522407e+04
5.972536666323025565e+04
5.979811189768170880e+04
5.998795868602586415e+04
6.032702396128041437e+04
6.084014179378797417e+04
6.154256547819513071e+04
6.243903747098156600e+04
6.352438811945478665e+04
6.478557774844797677e+04
6.620488261976711510e+04
6.776376160192585667e+04
6.944683258392511925e+04
7.124534299701545388e+04
7.315955282745354634e+04
7.519957692186813802e+04
7.738445425418805098e+04
7.973949229588359594e+04
8.229221530447776604e+04
8.506746295018706587e+04
8.808230055428961350e+04
9.134141162949219870e+04
9.483357156714353187e+04
9.852967379042996617e+04
1.023826036628788424e+05
1.063290233358719124e+05
1.102928468866868207e+05
1.141898944981561945e+05
1.179330058319710661e+05
1.214368636690336716e+05
1.246219770568019158e+05
1.274176504941666790e+05
1.297641789272940514e+05
1.316147756403983221e+05
1.329377275245570054e+05
1.337189649980006507e+05
1.339647536408892192e+05
1.337037714971381647e+05
1.329876385643333197e+05
1.318891299880419101e+05
1.304978056140865956e+05
1.289134642605879053e+05
1.272384458859181323e+05
1.255701390217853332e+05
1.239949837076573021e+05
1.225848155826287984e+05
1.213957337339213118e+05
1.204690261899612378e+05
1.198332698303994839e+05
1.195066553948335641e+05
1.194988528052195034e+05
1.198121819376727071e+05
1.204422842149053031e+05
1.213787230508252687e+05
1.226058977416012058e+05
1.241043844295745657e+05
1.258524684345181740e+05
1.278273870284287405e+05
1.300057975407238555e+05
1.323632548674006539e+05
1.348729349422060477e+05
1.375042926954574941e+05
1.402225828544430551e+05
1.429900435235322220e+05
1.457690193556939485e+05
1.485265222771257686e+05
1.512389717867865984e+05
1.538954499779380276e+05
1.564979887051690312e+05
1.590582095732537855e+05
1.615908355295754154e+05
1.641057622997608851e+05
1.666010571484808752e+05
1.690591365991342464e+05
1.714474573921201227e+05
1.737236468576532789e+05
1.758436089867062110e+05
1.777702717524258769e+05
1.794805809041344619e+05
1.809690684669728216e+05
1.822475132269198366e+05
1.833414030505234841e+05
1.842846895772768476e+05
1.851144816851862706e+05
1.858669029354752856e+05
1.865745968861244037e+05
1.872656415475804824e+05
1.879632082153640804e+05
1.886852870010434999e+05
1.894441320604706998e+05
1.902455486663166084e+05
1.910885086000506999e+05
1.919656611378883244e+05
1.928650596788805269e+05
1.937729519112575508e+05
1.946769900294117688e+05
1.955689299059595505e+05
1.964459514189223119e+05
1.973101527559564274e+05
1.981664059273621824e+05
1.990193681184411980e+05
1.998707812711443985e+05
2.007181155385987950e+05
2.015551358082598599e+05
2.023742664846105909e+05
2.031699615507686685e+05
2.039419062361982942e+05
2.046969248672386457e+05
2.054489232093345199e+05
2.062168752055640798e+05
2.070215139357012813e+05
2.078817679998091480e+05
2.088119765059566125e+05
2.098205556069926242e+05
2.109102456018099329e+05
2.120795588973336562e+05
2.133247499801222584e+05
2.146416047896657838e+05
2.160265487333997444e+05
2.174768792859732057e+05
2.189902149653318920e+05
2.205634383854193438e+05
2.221914804769299808e+05
2.238662739323037385e+05
2.255761367490178673e+05
2.273057588107578049e+05
2.290368644744249759e+05
2.307495128331152082e+05
2.324238818769026839e+05
2.340422825169701828e+05
2.355910878947286983e+05
2.370622590793194540e+05
2.384542003154121921e+05
2.397717720561278402e+05
2.410254117068320920e+05
2.422294486852812697e+05
2.433998427215832053e+05
2.445517050582683005e+05
2.456970497951773286e+05
2.468432283014784625e+05
2.479923970985834603e+05
2.491421644715483999e+05
2.502872955798835610e+05
2.514220953298529203e+05
2.525428981336000143e+05
2.536500213754866272e+05
2.547486085342243023e+05
2.558479997189052810e+05
2.569595997774974094e+05
2.580936144519554218e+05
2.592554044639263593e+05
2.604424510328402393e+05
2.616429262505446677e+05
2.628365644501136267e+05
2.639979760694161523e+05
2.651018728046115721e+05
2.661290830110285897e+05
2.670719215927720070e+05
2.679375493110320531e+05
2.687483980696023791e+05
2.695394196167467744e+05
2.703526394851857913e+05
2.712300782070899149e+05
2.722064157149272505e+05
2.733027864582541515e+05
2.745228374825160136e+05
2.758517350491590914e+05
2.772582581023898674e+05
2.786995650209450396e+05
2.801277611362007447e+05
2.814971153761764290e+05
2.827707271032458520e+05
2.839256225403515855e+05
2.849555980344170239e+05
2.858715273112556897e+05
2.866992272016157513e+05
2.874752900732032722e+05
2.882415400443813996e+05
2.890389583772032056e+05
2.899020269120375160e+05
2.908544006573037477e+05
2.919065898945244844e+05
2.930559144378696801e+05
2.942884819944584160e+05
2.955824996676943847e+05
2.969120117980281939e+05
2.982502467141770758e+05
2.995721012557009235e+05
3.008557369314871612e+05
3.020836094946099329e+05
3.032433624199279584e+05
3.043288598360896576e+05
3.053413148200971773e+05
3.062901539695170359e+05
3.071931061188378371e+05
3.080750868296744302e+05
3.089657373033543699e+05
3.098958503582875128e+05
3.108932368707543937e+05
3.119787494461836177e+05
3.131631520252964692e+05
3.144453391802042606e+05
3.158121422074388829e+05
3.172396910449416609e+05
3.186960900782895624e+05
3.201450375945492997e+05
3.215499675249285647e+05
3.228782916500286665e+05
3.241053370640066569e+05
3.252175829414682230e+05
3.262148016996277147e+05
3.271107311946339905e+05
3.279319946670773206e+05
3.287151841428106418e+05
3.295023306741365814e+05
3.303353407552095014e+05
3.312502724296431406e+05
3.322724396933724638e+05
3.334132011010595015e+05
3.346689281526137493e+05
3.360221706689034472e+05
3.374445966729436768e+05
3.389010211610489059e+05
3.403538125061765313e+05
3.417671374437801423e+05
3.431107562366647762e+05
3.443632654142007814e+05
3.455147074000264402e+05
3.465683219276253367e+05
3.475410093049847055e+05
3.484619833345210063e+05
3.493692666633703047e+05
3.503041643912434229e+05
3.513045151216781233e+05
3.523980938326559262e+05
3.535977339401606005e+05
3.548993818354508257e+05
3.562834716168930754e+05
3.577190221710724873e+05
3.591691250615845202e+05
3.605963178848990356e+05
3.619667648721293081e+05
3.632529420071022469e+05
3.644352336439786595e+05
3.655031371331552509e+05
3.664565346529912786e+05
3.673069179153249715e+05
3.680779144614002435e+05
3.688043066302984371e+05
3.695290794767154730e+05
3.702987230146856746e+05
3.711576973679522634e+05
3.721432958931483445e+05
3.732819426437133807e+05
3.745873339007686591e+05
3.760600894793448970e+05
3.776880871609823080e+05
3.794466613579650875e+05
3.812983624164021458e+05
3.831927522037103772e+05
3.850673634790191427e+05
3.868511089594347868e+05
3.884709201391983079e+05
3.898613430047063157e+05
3.909755932490271516e+05
3.917956640477740439e+05
3.923388780209679971e+05
3.926589099915696424e+05
3.928405848812694312e+05
3.929892449610325275e+05
3.932167007716213702e+05
3.936263914667963400e+05
3.943002980160924490e+05
3.952895296955594094e+05
3.966096173604632495e+05
3.982406592325798701e+05
4.001317399937057635e+05
4.022085409004634130e+05
4.043827808869187720e+05
4.065620730798706645e+05
4.086589477663278230e+05
4.105981564877794590e+05
4.123218513754018932e+05
4.137926948524076724e+05
4.149952564484586474e+05
4.159361127317625796e+05
4.166429019335094490e+05
4.171623127608281211e+05
4.175567701765974052e+05
4.178995586687871837e+05
4.182683518634209177e+05
4.187375446758395992e+05
4.193702673599819536e+05
4.202113146674106247e+05
4.212822876573725953e+05
4.225799474769582739e+05
4.240781683848018874e+05
4.257331125149633735e+05
4.274905513929473818e+05
4.292938305587398354e+05
4.310909280897065764e+05
4.328393906548805535e+05
4.345085324648973765e+05
4.360789846276863245e+05
4.375403094962104224e+05
4.388878027208325802e+05
4.401197044083538931e+05
4.412358060604203492e+05
4.422379247358486755e+05
4.431320516443097731e+05
4.439313580488963053e+05
4.446588522650374216e+05
4.453484614207920386e+05
4.460436781262283912e+05
4.467935559929987649e+05
4.476465642520533875e+05
4.486434136161903152e+05
4.498102925190103706e+05
4.511539446397803258e+05
4.526596983295167447e+05
4.542930031095231534e+05
4.560043413298244122e+05
4.577366838114464190e+05
4.594340826327095856e+05
4.610496867134998902e+05
4.625515480703361100e+05
4.639251026544806082e+05
4.651720732465676847e+05
4.663065220201869961e+05
4.673495542243692908e+05
4.683244437648877501e+05
4.692535801139423274e+05
4.701577396861925954e+05
4.710571154297473258e+05
4.719727509486348135e+05
4.729268786086879554e+05
4.739412429469286581e+05
4.750335592686269665e+05
4.762133325799886952e+05
4.774788353872969747e+05
4.788168110596510815e+05
4.802054848186981981e+05
4.816201288152323687e+05
4.830393242495710729e+05
4.844496955394826364e+05
4.858474464603686938e+05
4.872362794870933285e+05
4.886226838284818805e+05
4.900105279903064948e+05
4.913970070053421077e+05
4.927712906809455599e+05
4.941160851503714803e+05
4.954112960143289529e+05
4.966384786611541640e+05
4.977848727386061801e+05
4.988463180563328788e+05
4.998288686605547555e+05
5.007491772428620025e+05
5.016336682219789946e+05
5.025163415229573147e+05
5.034350252469736151e+05
5.044261995927826501e+05
5.055190982020681258e+05
5.067303877839600318e+05
5.080609720703279600e+05
5.094961030045111547e+05
5.110090186009345925e+05
5.125670884466788848e+05
5.141384673824971542e+05
5.156970346782521810e+05
5.172241271815819782e+05
5.187070047950455337e+05
5.201354792284588329e+05
5.214989664370244136e+05
5.227859470310907345e+05
5.239865320822712383e+05
5.250971477440620074e+05
5.261251053025758592e+05
5.270906440607105615e+05
5.280250257947981590e+05
5.289649473707496654e+05
5.299451167595359730e+05
5.309915737690621754e+05
5.321179208555454388e+05
5.333253046546715777e+05
5.346054095702205086e+05
5.359446289219358005e+05
5.373274402932014782e+05
5.387378294848114019e+05
5.401589251199603314e+05
5.415721383172029164e+05
5.429574661388113163e+05
5.442960143776435871e+05
5.455745091179470764e+05
5.467902349023713032e+05
5.479541470609302633e+05
5.490902597238970920e+05
5.502307267413518857e+05
5.514077700061172945e+05
5.526450126945016673e+05
5.539512110158388969e+05
5.553186165911124554e+05
5.567265140508459881e+05
5.581485268739330349e+05
5.595608535063967574e+05
5.609482774905232945e+05
5.623057460371190682e+05
5.636351729666441679e+05
5.649391458683199016e+05
5.662145593941881089e+05
5.674492731802577619e+05
5.686236482341110241e+05
5.697167675365203759e+05
5.707151696040770039e+05
5.716208573957064655e+05
5.724556113815207500e+05
5.732600558680506656e+05
5.740878283907187870e+05
5.749967544895167230e+05
5.760395455704248743e+05
5.772561183004614431e+05
5.786685661697520409e+05
5.802787230649434496e+05
5.820676710360039724e+05
5.839966314374133945e+05
5.860092083612642018e+05
5.880354558644643985e+05
5.899982867901703576e+05
5.918221831716950983e+05
5.934432202359980438e+05
5.948185406864549732e+05
5.959330848909134511e+05
5.968018358899706509e+05
5.974669631779307965e+05
5.979906328337826999e+05
5.984453708831620170e+05
5.989043199900819454e+05
5.994333981865240494e+05
6.000864446860725293e+05
6.009033209626746830e+05
6.019100546195433708e+05
6.031197605030641425e+05
6.045333047574134544e+05
6.061393166940780357e+05
6.079138789218299789e+05
