6.123544367043337552e+05
6.114511324597318890e+05
6.105422163223022362e+05
6.095424213310831692e+05
6.083813831571784103e+05
6.070169321252549998e+05
6.054425512129504932e+05
6.036875228142125998e+05
6.018103453510736581e+05
5.998876771850268124e+05
5.980017934520646231e+05
5.962291843704329804e+05
5.946318091598975006e+05
5.932512599479851779e+05
5.921052740887446562e+05
5.911859469908783212e+05
5.904595065087184776e+05
5.898681601297089364e+05
5.893348044642118039e+05
5.887710039239820326e+05
5.880876956693127286e+05
5.872069906752550742e+05
5.860727579473301303e+05
5.846577731997494120e+05
5.829660970752447611e+05
5.810306679714962374e+05
5.789073083845687797e+05
5.766669819646392716e+05
5.743880189561242005e+05
5.721493212538732914e+05
5.700246850166385993e+05
5.680777935558633180e+05
5.663574066850565141e+05
5.648927681012907997e+05
5.636899518470629118e+05
5.627303349873404950e+05
5.619722805609805509e+05
5.613563855491996510e+05
5.608135596419221256e+05
5.602742269023881527e+05
5.596765411726632155e+05
5.589718883419695776e+05
5.581269653991878731e+05
5.571229318707927596e+05
5.559529961955199251e+05
5.546199764470258961e+05
5.531348536926305387e+05
5.515164402984566987e+05
5.497914855164625915e+05
5.479942055393119808e+05
5.461644464573033620e+05
5.443442735730127897e+05
5.425734029583645752e+05
5.408842919294033200e+05
5.392978135069553973e+05
5.378203479574031662e+05
5.364429557641090360e+05
5.351430828318563290e+05
5.338889154488259228e+05
5.326459708441395778e+05
5.313848314072012436e+05
5.300883387201218866e+05
5.287563735677889781e+05
5.274067699904234614e+05
5.260718896348997951e+05
5.247915819675995735e+05
5.236042158968326403e+05
5.225378391033257358e+05
5.216032396142062498e+05
5.207899847118756152e+05
5.200657717530061491e+05
5.193789370309808874e+05
5.186637862268369063e+05
5.178483533744707238e+05
5.168640089985408122e+05
5.156558968279656256e+05
5.141926070526143303e+05
5.124731201750512118e+05
5.105292185306027532e+05
5.084223928082379280e+05
5.062355746135215741e+05
5.040613500583257992e+05
5.019891528220562031e+05
5.000939916391954175e+05
4.984285649321838864e+05
4.970194869687852915e+05
4.958672586159834755e+05
4.949489374439783278e+05
4.942223357064118027e+05
4.936308843974880874e+05
4.931087769477060065e+05
4.925863745577937807e+05
4.919959613811188610e+05
4.912777811946949223e+05
4.903859799039576319e+05
4.892937673348874669e+05
4.879969183511397569e+05
4.865147332639365923e+05
4.848878115530855721e+05
4.831724720845763804e+05
4.814323367287061992e+05
4.797283544899135595e+05
4.781091563867478399e+05
4.766038353296429850e+05
4.752188565359836794e+05
4.739398371754571563e+05
4.727376463060294045e+05
4.715770917537408532e+05
4.704257976588102756e+05
4.692609648701330298e+05
4.680724914520083112e+05
4.668621096117813722e+05
4.656393589375852607e+05
4.644160126243213308e+05
4.632008201276060427e+05
4.619961334580047405e+05
4.607972957000525203e+05
4.595948110227597062e+05
4.583785139927860582e+05
4.571424020196985803e+05
4.558886076002572081e+05
4.546291966592516983e+05
4.533850245093696867e+05
4.521816292792688473e+05
4.510429257531241165e+05
4.499841118467580527e+05
4.490055699238713714e+05
4.480895264905604417e+05
4.472007703267004108e+05
4.462918491631387733e+05
4.453120170161248534e+05
4.442180652289871941e+05
4.429843948299515760e+05
4.416095936989972834e+05
4.401175100895776995e+05
4.385522315493387869e+05
4.369680861198226921e+05
4.354172407743456424e+05
4.339381966890859767e+05
4.325482285346073331e+05
4.312416709421831183e+05
4.299942928788014688e+05
4.287723346803907189e+05
4.275435865676411195e+05
4.262874500298427301e+05
4.250012898910592776e+05
4.237013889272491797e+05
4.224181676528320531e+05
4.211867091202941374e+05
4.200347516630953760e+05
4.189709737514223671e+05
4.179764706315845251e+05
4.170017800500366138e+05
4.159707273352185730e+05
4.147909172534642275e+05
4.133691932112046052e+05
4.116291581354532391e+05
4.095272185919773765e+05
4.070637615704553900e+05
4.042869962765870732e+05
4.012884831264823442e+05
3.981910744851736818e+05
3.951315084375182632e+05
3.922408970231205458e+05
3.896266493718131096e+05
3.873589560498760547e+05
3.854639699239662150e+05
3.839244820835451828e+05
3.826874770981063484e+05
3.816767188729981426e+05
3.808076824227123871e+05
3.800018550047983881e+05
3.791977371219322085e+05
3.783567236567540094e+05
3.774632649505280424e+05
3.765200273022128385e+05
3.755398781723462162e+05
3.745371345883166068e+05
3.735204755120924092e+05
3.724892509211819852e+05
3.714338253997707507e+05
3.703393982525470201e+05
3.691917903543045977e+05
3.679832349052174250e+05
3.667163465593905421e+05
3.654050839624806540e+05
3.640724384730041493e+05
3.627454870116715902e+05
3.614490742068599793e+05
3.601995775103759952e+05
3.589999553291241173e+05
3.578367404420558596e+05
3.566790792003776296e+05
3.554795801959091914e+05
3.541767381565325777e+05
3.526989498835149570e+05
3.509703819394311286e+05
3.489188985193681438e+05
3.464857701748313266e+05
3.436360697979379911e+05
3.403678591510956176e+05
3.367178896405144478e+05
3.327618697590467636e+05
3.286083994113575318e+05
3.243871556080011069e+05
3.202333685467935284e+05
3.162715820391335292e+05
3.126018446427528979e+05
3.092907909481962561e+05
3.063687781082889996e+05
3.038327551559659187e+05
3.016533147072870051e+05
2.997837446634415537e+05
2.981689692473853938e+05
2.967528988884435967e+05
2.954835762539259740e+05
2.943162614908972173e+05
2.932150120360298315e+05
2.921533438393607503e+05
2.911143415206806385e+05
2.900903098214828642e+05
2.890818775038352469e+05
2.880964273632891127e+05
2.871458012093216530e+05
2.862433639832630870e+05
2.854006764217887539e+05
2.846242079952511704e+05
2.839126862924173474e+05
2.832557425692674005e+05
2.826343725242007640e+05
2.820233392428010702e+05
2.813950823675537249e+05
2.807241759880952304e+05
2.799911511979877832e+05
2.791847205675762380e+05
2.783020541050289758e+05
2.773474945050608367e+05
2.763306154567396152e+05
2.752645742131364532e+05
2.741652826361347106e+05
2.730512626092914725e+05
2.719435238235431025e+05
2.708646883751681889e+05
2.698369419394759461e+05
2.688790186514554080e+05
2.680029937270578230e+05
2.672118795562721789e+05
2.664988062452443410e+05
2.658480483888263116e+05
2.652375979957997333e+05
2.646426175588425249e+05
2.640390331931999535e+05
2.634066778030269197e+05
2.627316140545995440e+05
2.620074303927489382e+05
2.612353866011052742e+05
2.604233567176470242e+05
2.595836594442222849e+05
2.587300953432221431e+05
2.578747495044992538e+05
2.570252466405355663e+05
2.561830791556332842e+05
2.553433778296971286e+05
2.544961544801343989e+05
2.536287343366071582e+05
2.527288877053918550e+05
2.517880739146223350e+05
2.508041950966583681e+05
2.497833024191112781e+05
2.487398166635352245e+05
2.476950476667062321e+05
2.466741227878638601e+05
2.457018025120418752e+05
2.447979616171237431e+05
2.439736374505916901e+05
2.432284392359685735e+05
2.425498028137409128e+05
2.419141587312431948e+05
2.412896754446962150e+05
2.406399417640740867e+05
2.399278234168335330e+05
2.391187902908907854e+05
2.381832523113186762e+05
2.370978108941713581e+05
2.358457261313484050e+05
2.344171729013640434e+05
2.328098751823073835e+05
2.310304129628220981e+05
2.290959773031469958e+05
2.270358265829021693e+05
2.248914347408264293e+05
2.227144941496099636e+05
2.205625221303777362e+05
2.184926012777651777e+05
2.165544408447536989e+05
2.147842166149523982e+05
2.132004461141652137e+05
2.118026042881524190e+05
2.105725250051878975e+05
2.094781017099008604e+05
2.084785193935142597e+05
2.075302025334007922e+05
2.065927430960490892e+05
2.056341694075781852e+05
2.046349848116093199e+05
2.035904753704312898e+05
2.025109268777465040e+05
2.014196491036806256e+05
2.003490597982821637e+05
1.993354451433814538e+05
1.984132704962567659e+05
1.976099763949177868e+05
1.969420421143087151e+05
1.964127934234665590e+05
1.960120803306828893e+05
1.957176572058972379e+05
1.954979166560923622e+05
1.953155555751811189e+05
1.951317446999092645e+05
1.949103876588647836e+05
1.946220719457699452e+05
1.942473391584448109e+05
1.937789520765369234e+05
1.932229202138120309e+05
1.925981575715348299e+05
1.919347743398901366e+05
1.912711407108589483e+05
1.906500036323171225e+05
1.901140774564362364e+05
1.897016371819310589e+05
1.894426667316621169e+05
1.893560025616668863e+05
1.894476495910199592e+05
1.897100851991776726e+05
1.901220340246632404e+05
1.906480558003812039e+05
1.912374750671875954e+05
1.918227231669100584e+05
1.923179282126662729e+05
1.926192924865079985e+05
1.926090789229635557e+05
1.921645958025048021e+05
1.911723514276288624e+05
1.895458006111415161e+05
1.872433722614321159e+05
1.842824296389405790e+05
1.807450091175396228e+05
1.767727515120915486e+05
1.725510123770369682e+05
1.682849286905550107e+05
1.641723144304336747e+05
1.603789707365839859e+05
1.570211386039522476e+05
1.541577584063301911e+05
1.517926755963327014e+05
1.498847535753994016e+05
1.483625877076941251e+05
1.471403166821928462e+05
1.461316797452046012e+05
1.452605495601591829e+05
1.444672691868041293e+05
1.437109802919270587e+05
1.429686734245307744e+05
1.422319649145801668e+05
1.415026828706105007e+05
1.407882733919563179e+05
1.400978351841823314e+05
1.394392794085696514e+05
1.388177501400377660e+05
1.382351194956298859e+05
1.376901768888070073e+05
1.371791044540867151e+05
1.366959453112485062e+05
1.362329531064170005e+05
1.357808754988500441e+05
1.353293146975491254e+05
1.348673120536606002e+05
1.343842406890961283e+05
1.338709893756396777e+05
1.333213062276669953e+05
1.327330624834720802e+05
1.321091220058182080e+05
1.314574986030724249e+05
1.307905840273896465e+05
1.301234372623974050e+05
1.294713939174984989e+05
1.288474938360648812e+05
1.282603375889882882e+05
1.277129080922905996e+05
1.272026416755672253e+05
1.267226830335703708e+05
1.262639280747832090e+05
1.258172559509321873e+05
1.253753359568926535e+05
1.249335610709033499e+05
1.244899466088401823e+05
1.240441489889302029e+05
1.235960152839790098e+05
1.231442028163663199e+05
1.226853813963248831e+05
1.222143611299354234e+05
1.217252210439420305e+05
1.212132125989335036e+05
1.206769475065966981e+05
1.201202155548583833e+05
1.195527657150302693e+05
1.189895496010364732e+05
1.184482615864636464e+05
1.179454583003766020e+05
1.174919965462002147e+05
1.170888570283060544e+05
1.167244948744158173e+05
1.163746088875610585e+05
1.160046793099823990e+05
1.155749226718621212e+05
1.150466566676208604e+05
1.143886666297144839e+05
1.135821551518513588e+05
1.126232485233529587e+05
1.115227023824641510e+05
1.103031747428731178e+05
1.089949837359776720e+05
1.076314798080629553e+05
1.062450090438663610e+05
1.048640327075085952e+05
1.035114885840202915e+05
1.022041220066994865e+05
1.009523890200992464e+05
9.976063461416716746e+04
9.862746978487736487e+04
9.754646743178943871e+04
9.650735554197065358e+04
9.549777404341725924e+04
9.450543486216921883e+04
9.352029551593378710e+04
9.253624077806361311e+04
9.155183260706628789e+04
9.056992743987371796e+04
8.959629116101122054e+04
8.863764484065516444e+04
8.769973662775194680e+04
8.678599802618894319e+04
8.589712248188455123e+04
8.503158353111927863e+04
8.418680288417819247e+04
8.336048633184001665e+04
8.255161916610003391e+04
8.176074469767916889e+04
8.098938471316279902e+04
8.023872596112312749e+04
7.950792607061559102e+04
7.879253983697641524e+04
7.808360482945501280e+04
7.736783707935470738e+04
7.662916764934433741e+04
7.585151735545492556e+04
7.502231906722518033e+04
7.413596012559466180e+04
7.319616062499245163e+04
7.221643049089878332e+04
7.121818150935771700e+04
7.022671632102076546e+04
6.926597965606895741e+04
6.835340459812118206e+04
6.749623849979382067e+04
6.669034193654579576e+04
6.592173533064447111e+04
6.517036446168008115e+04
6.441494777637482184e+04
6.363756257495872705e+04
6.282687614882076741e+04
6.197950943268101400e+04
6.109969089084876759e+04
6.019785608927065914e+04
5.928900494769841316e+04
5.839143365110495506e+04
5.752605322615259502e+04
5.671611164480928710e+04
5.598694424706050631e+04
5.536546826912323741e+04
5.487944678649659181e+04
5.455689996425044956e+04
5.442622983813007158e+04
5.451749906582125550e+04
5.486483742956601054e+04
5.550926037436181650e+04
5.650050789916111535e+04
5.789613778550610732e+04
5.975628304042119998e+04
6.213332384881411417e+04
6.505713743324357347e+04
6.851825683819105325e+04
7.245270091152362875e+04
7.673289903437718749e+04
8.116862820915743941e+04
8.552011782061730628e+04
8.952277220864556148e+04
9.291999119188111217e+04
9.549819451413958450e+04
9.711714303297805600e+04
9.772939044337189989e+04
9.738505167726904619e+04
9.622138423517384217e+04
9.443999740599896177e+04
9.227691213884139142e+04
8.997160738358432718e+04
8.774052554385336407e+04
8.575866362110959017e+04
8.415052497417158156e+04
8.298955172207308351e+04
8.230370788501320931e+04
8.208434334234253038e+04
8.229575186950837087e+04
8.288365941640469828e+04
8.378188510317522741e+04
8.491728748475394968e+04
8.621363249054507469e+04
8.759512813400309824e+04
8.899012914215553610e+04
9.033508029661602632e+04
9.157833226357294188e+04
9.268319056923718017e+04
9.362953438904607901e+04
9.441356245321137249e+04
9.504560685311106499e+04
9.554637845411503804e+04
9.594234671734219592e+04
9.626112324863451067e+04
9.652767689291345596e+04
9.676197804894449655e+04
9.697831305542583868e+04
9.718611158290744061e+04
9.739178146807332814e+04
9.760082675997169281e+04
9.781949340153919184e+04
9.805536355812015245e+04
9.831667359383018629e+04
9.861057419621522422e+04
9.894095268534423667e+04
9.930666078615875449e+04
9.970094766660833557e+04
1.001125889388165087e+05
1.005287234081562638e+05
1.009389126620094175e+05
1.013395687225206639e+05
1.017377353165724489e+05
1.021532657349384972e+05
1.026186715733305609e+05
1.031762718851871614e+05
1.038727200430321827e+05
1.047515013811630779e+05
1.058445232352402236e+05
1.071643457997326477e+05
1.086987677417107916e+05
1.104092437587986205e+05
1.122339336978655774e+05
1.140951829426657496e+05
1.159101730426154245e+05
1.176026785331495048e+05
1.191135751413581165e+05
1.204080576394995878e+05
1.214783394343889668e+05
1.223416687259682949e+05
1.230345037469591916e+05
1.236043883399656770e+05
1.241013244213252328e+05
1.245702540493586421e+05
1.250457592147143878e+05
1.255494427910938830e+05
1.260898528001639934e+05
1.266643890538398409e+05
1.272624415327376337e+05
1.278690267447473889e+05
1.284683292688824004e+05
1.290467266487032030e+05
1.295950137246472295e+05
1.301096369061093719e+05
1.305928329432226456e+05
1.310516844746642601e+05
1.314962734635507804e+05
1.319373041837812634e+05
1.323837124306385231e+05
1.328408062607812462e+05
1.333093621593971620e+05
1.337858563720089442e+05
1.342637241682590393e+05
1.347353052699261752e+05
1.351940163588813157e+05
1.356362985465804231e+05
1.360629759560074890e+05
1.364797750483867421e+05
1.368968643839450961e+05
1.373273948952689534e+05
1.377851846554683289e+05
1.382819066360697616e+05
1.388243507021199912e+05
1.394124394784396864e+05
1.400385836579912866e+05
1.406886419120501378e+05
1.413442920418879075e+05
1.419861983163045079e+05
1.425971545239512925e+05
1.431644823157691862e+05
1.436813169548076403e+05
1.441468460587883601e+05
1.445658790044268535e+05
1.449481861488915456e+05
1.453078646531834092e+05
1.456626931640113471e+05
1.460332115029369597e+05
1.464412359071315150e+05
1.469077134305918589e+05
1.474501346610350884e+05
1.480800112275191932e+05
1.488010600965049234e+05
1.496086788577453990e+05
1.504910849072940764e+05
1.514322002255095285e+05
1.524160451042199566e+05
1.534320720268351724e+05
1.544805302970759512e+05
1.555766549248902884e+05
1.567523453249303275e+05
1.580542018379824294e+05
1.595374219900132739e+05
1.612560641309350904e+05
1.632513072570651129e+05
1.655401874318478513e+05
1.681075138653996401e+05
1.709030965056126588e+05
1.738451783116326842e+05
1.768294462067474378e+05
1.797416921382797882e+05
1.824715146783281816e+05
1.849245455946845177e+05
1.870314133947574010e+05
1.887526691173469590e+05
1.900798149708847632e+05
1.910331400910072844e+05
1.916572375126357656e+05
1.920149889841312543e+05
1.921806597836760338e+05
1.922326832961378968e+05
1.922467472674565215e+05
1.922898283256911964e+05
1.924157455468635017e+05
1.926625700300068420e+05
1.930518894716555369e+05
1.935896083401182259e+05
1.942677858891664655e+05
1.950670257899987919e+05
1.959590893076230132e+05
1.969096026978238660e+05
1.978808610372892872e+05
1.988347405065136845e+05
1.997356392412946734e+05
2.005532484080532740e+05
2.012648945484122378e+05
2.018572377355902863e+05
2.023272403512424207e+05
2.026824665876875515e+05
2.029408476871998864e+05
2.031300064833252109e+05
2.032861070642211416e+05
2.034520818391723733e+05
2.036751064850850671e+05
2.040034000135034148e+05
2.044827620271248161e+05
2.051535509773148515e+05
2.060488540738309093e+05
2.071942865747841715e+05
2.086092468309123651e+05
2.103087834370660130e+05
2.123048220111690171e+05
2.146055964921851119e+05
2.172127714770400780e+05
2.201167204720920708e+05
2.232913644363451458e+05
2.266904889901229180e+05
2.302473115985358309e+05
2.338782729131543019e+05
2.374908301902720123e+05
2.409938293818840466e+05
2.443082219977189379e+05
2.473757384396653797e+05
2.501636829230228905e+05
2.526651003553133050e+05
2.548948343071404088e+05
2.568830371540572378e+05
2.586681731228845601e+05
2.602913329696119472e+05
2.617928708149026788e+05
2.632113132394871791e+05
2.645836023526263307e+05
2.659453596972584492e+05
2.673301125047685928e+05
2.687671531181574101e+05
2.702785561305686715e+05
2.718764707411387935e+05
2.735618863823596621e+05
2.753256184191723587e+05
2.771514799313242547e+05
2.790208154591494240e+05
2.809170717683942639e+05
2.828290362263276475e+05
2.847517799269633251e+05
2.866850513756409055e+05
2.886296539048108971e+05
2.905829805775292916e+05
2.925351997467327164e+05
2.944674896958990139e+05
2.963532155641634017e+05
2.981621314701645169e+05
2.998667727607117267e+05
3.014494324515041080e+05
3.029077417067635688e+05
3.042570611805064254e+05
3.055286473557858262e+05
3.067637090754378587e+05
3.080046838794174255e+05
3.092859527579659480e+05
3.106264616107140318e+05
3.120262127089433488e+05
3.134674733300628723e+05
3.149201860338141560e+05
3.163499104992329376e+05
3.177260516921983799e+05
3.190282802136687678e+05
3.202498056757674203e+05
3.213972008334731217e+05
3.224874172618490411e+05
3.235432040412699571e+05
3.245882460351013578e+05
3.256430667140443111e+05
3.267222858856171952e+05
3.278333822056856588e+05
3.289768077132134349e+05
3.301471624277612427e+05
3.313351125779978465e+05
3.325297518978603766e+05
3.337211067267476465e+05
3.349024597278843285e+05
3.360721396075231023e+05
3.372344370983138215e+05
3.383993923594864318e+05
3.395813603608928388e+05
3.407964744861761574e+05
3.420593526347719599e+05
3.433795799963624449e+05
3.447586207920855377e+05
3.461878280684092897e+05
3.476481127033774974e+05
3.491115872316949535e+05
3.505451296523438650e+05
3.519153747512343689e+05
3.531942448955047876e+05
3.543639166592760012e+05
3.554201960100496653e+05
3.563736632709939731e+05
3.572485385183695471e+05
3.580797878955502529e+05
3.589093019497470814e+05
3.597818942877811496e+05
3.607414555924502201e+05
3.618271103432161035e+05
3.630689912449613912e+05
3.644834875000172178e+05
3.660684922049673623e+05
3.677999416725122137e+05
3.696313358763833530e+05
3.714975933217408019e+05
3.733234935241520870e+05
3.750354573072994826e+05
3.765741206177658169e+05
3.779046461438295664e+05
3.790222446525007254e+05
3.799517541925533442e+05
3.807418069229573593e+05
3.814554659501120332e+05
3.821598014040093985e+05
3.829166250259946100e+05
3.837757853287328035e+05
3.847714685027323430e+05
3.859212144849508186e+05
3.872269924070805428e+05
3.886776198441821616e+05
3.902518876060026814e+05
3.919218334108129493e+05
3.936556726207090542e+05
3.954200100350658759e+05
3.971811893645523814e+05
3.989059656439630198e+05
4.005619882245645858e+05
4.021187013773260987e+05
4.035491172231815872e+05
4.048325373478058609e+05
4.059578579533222946e+05
4.069267777971080504e+05
4.077561484022743534e+05
4.084788422339569079e+05
4.091427518158910680e+05
4.098077539358336944e+05
4.105406433792721946e+05
4.114082245286126854e+05
4.124690460935942247e+05
4.137647050785145257e+05
4.153121219079174334e+05
4.170984678264489048e+05
4.190802643957833061e+05
4.211874665467333398e+05
4.233322180401204969e+05
4.254207874449082301e+05
4.273663885845212499e+05
4.291004675705624395e+05
4.305806172887738794e+05
4.317942768174609519e+05
4.327583536105534877e+05
4.335155176157944952e+05
4.341280675413836725e+05
4.346701479449603357e+05
4.352190117979610804e+05
4.358461775564078125e+05
4.366096581310105394e+05
4.375486380454546306e+05
4.386817035633064224e+05
4.400088663224729826e+05
4.415164074476779206e+05
4.431825459134227131e+05
4.449816686682412401e+05
4.468856137905227952e+05
4.488620293579191784e+05
4.508714523767763749e+05
4.528656505382693722e+05
4.547894292554694694e+05
4.565866100587645778e+05
4.582089120687122340e+05
4.596249643571422785e+05
4.608263789234298165e+05
4.618288645133607206e+05
4.626682450957800611e+05
4.633930710769522702e+05
4.640564718964623171e+05
4.647096677761413157e+05
4.653983960589059861e+05
4.661620640540263848e+05
4.670343908947164891e+05
4.680440248679858632e+05
4.692140814712324645e+05
4.705603852680156124e+05
4.720889697303341818e+05
4.737937756724468782e+05
4.756554105963227921e+05
4.776414272773935809e+05
4.797081002884835470e+05
4.818033525071970071e+05
4.838704163521053270e+05
4.858519558594107511e+05
4.876945584311507409e+05
4.893535434879150707e+05
4.907978376918627764e+05
4.920143036904549226e+05
4.930105944111312274e+05
4.938155825152839534e+05
4.944768141037898604e+05
4.950551719839824364e+05
4.956177222540678922e+05
4.962302089274398168e+05
4.969506252195602283e+05
4.978247495052872109e+05
4.988837618175678654e+05
5.001434346751043340e+05
5.016042034277962521e+05
5.032516962766055367e+05
5.050578065155706136e+05
5.069827572800270864e+05
5.089785690675279475e+05
5.109938732014420675e+05
5.129793710173699073e+05
5.148927953725950210e+05
5.167022687678900547e+05
5.183874881184633705e+05
5.199389400795205147e+05
5.213559740937981405e+05
5.226447367956633680e+05
5.238166602830135380e+05
5.248876231283025118e+05
5.258774151586475782e+05
5.268090005089677870e+05
5.277073242357836571e+05
5.285978462965372019e+05
5.295053073627380654e+05
5.304532052270228742e+05
5.314640680441902950e+05
5.325600501353680156e+05
5.337629596691335319e+05
5.350928198989006924e+05
5.365645507770942058e+05
5.381831921493158443e+05
5.399389556419037981e+05
5.418039229201133130e+05
5.437321321882455377e+05
5.456640491335015977e+05
5.475351862476444803e+05
5.492872966906097718e+05
5.508795796016710810e+05
5.522970584766644752e+05
5.535538695612895535e+05
5.546904690220711054e+05
5.557653389485814841e+05
5.568431481939011719e+05
5.579820967047631275e+05
5.592231655548682902e+05
5.605833091377405217e+05
5.620535633663943736e+05
5.636019623999031028e+05
5.651803243463106919e+05
5.667334850763990544e+05
5.682093827882695477e+05
5.695684181854674825e+05
5.707906641200477025e+05
5.718797792341144523e+05
5.728629428392818663e+05
5.737867887672174256e+05
5.747100852564750239e+05
5.756945873830430210e+05
5.767958457923327805e+05
5.780556448496612720e+05
5.794971978169522481e+05
5.811234592171136755e+05
5.829182174408753635e+05
5.848492270089923404e+05
5.868725758899407228e+05
5.889376282580811530e+05
5.909920376845980063e+05
5.929863667716869386e+05
5.948778136233604746e+05
5.966325936631743098e+05
5.982268040579839144e+05
5.996460957790287212e+05
6.008849778800531058e+05
6.019467573636913439e+05
6.028447503499813611e+05
6.036045402558229398e+05
6.042660783849791624e+05
6.048838553567699855e+05
6.055236294392148266e+05
6.062553122256109491e+05
6.071431630252354080e+05
6.082357315974965459e+05
6.095583793731359765e+05
6.111104643206087640e+05
6.128676928075782489e+05
6.147884212143827463e+05
6.168215832742911298e+05
6.189138624488956993e+05
6.210146392049915157e+05
6.230785847106494475e+05
6.250668477048621280e+05
6.269480905670016073e+05
6.287001128541737562e+05
6.303118376194571611e+05
6.317846286812243052e+05
6.331317475833492354e+05
6.343753696864165831e+05
6.355416530577242374e+05
6.366553241683574161e+05
6.377355871267634211e+05
6.387946770902441349e+05
6.398392904775794595e+05
6.408739668132615043e+05
6.419048235928674694e+05
6.429421431069315877e+05
6.440010585356493248e+05
6.451005416846249718e+05
6.462615421095298370e+05
6.475051637685876340e+05
6.488512534687076695e+05
6.503170930813527666e+05
6.519155053427016828e+05
6.536518944959042128e+05
6.555204918651327025e+05
6.575009715226136614e+05
6.595571124101959867e+05
6.616389221714715241e+05
6.636885829692403786e+05
6.656491272936221212e+05
6.674735548683077795e+05
6.691317583719736431e+05
6.706133678323966451e+05
6.719261681180100422e+05
6.730914002791781677e+05
6.741382556931779254e+05
6.750997517357639736e+05
6.760110315221844940e+05
6.769095634619721677e+05
6.778355379626535578e+05
6.788305660803642822e+05
6.799336648120884784e+05
6.811750129508021055e+05
6.825693327275658958e+05
6.841113327498917934e+05
