4.098316316035332857e+05
4.089531507356266957e+05
4.080421205806838116e+05
4.071050026364002842e+05
4.061472811200980213e+05
4.051746661383628962e+05
4.041942577607260318e+05
4.032148927249987610e+05
4.022461087832351332e+05
4.012957105617786292e+05
4.003666192598998896e+05
3.994542209137196187e+05
3.985455032366173691e+05
3.976207854038894293e+05
3.966579566527781426e+05
3.956382063526157290e+05
3.945516403636793257e+05
3.934011735547585413e+05
3.922036458867045585e+05
3.909879738688127836e+05
3.897909608606374240e+05
3.886518544890097692e+05
3.876067545112154912e+05
3.866836551016140147e+05
3.858985056221174891e+05
3.852524402123763575e+05
3.847303593346169800e+05
3.843012404131682706e+05
3.839206588886275422e+05
3.835357749264587183e+05
3.830924246137103764e+05
3.825431477516950690e+05
3.818543744949912652e+05
3.810109538001943729e+05
3.800168775142963277e+05
3.788922307026609196e+05
3.776676077978563262e+05
3.763779576687086374e+05
3.750577520084463176e+05
3.737385617958079092e+05
3.724489519645334803e+05
3.712155800616681809e+05
3.700639309584945440e+05
3.690173929781586630e+05
3.680942342294266564e+05
3.673031071857791976e+05
3.666385689526362112e+05
3.660784250429860549e+05
3.655843602155980770e+05
3.651064195494723390e+05
3.645907428149514017e+05
3.639889161606316338e+05
3.632667261088492814e+05
3.624101701377978898e+05
3.614272761979940697e+05
3.603453936807161081e+05
3.592047991469699191e+05
3.580503550785390544e+05
3.569233113117880421e+05
3.558550706897695200e+05
3.548639824033973273e+05
3.539552649601359735e+05
3.531233298721793108e+05
3.523553294521960197e+05
3.516347649497142993e+05
3.509443542274930514e+05
3.502678463860576157e+05
3.495908640697875526e+05
3.489010377866117051e+05
3.481876922934838221e+05
3.474412663532684091e+05
3.466526132510387688e+05
3.458123921101464657e+05
3.449108789784566616e+05
3.439385979141872958e+05
3.428880871838720632e+05
3.417568205413948162e+05
3.405508381809511338e+05
3.392881442731131101e+05
3.380005997897495399e+05
3.367330759720021742e+05
3.355391357499181177e+05
3.344734117022172431e+05
3.335819038131218404e+05
3.328922699063430773e+05
3.324064883237965987e+05
3.320978638429487473e+05
3.319133067787053296e+05
3.317804669895406114e+05
3.316181005422127200e+05
3.313473894287638832e+05
3.309020150562790805e+05
3.302355045932451030e+05
3.293253775390271330e+05
3.281744749826691695e+05
3.268102202033075737e+05
3.252823662347564241e+05
3.236592608678175020e+05
3.220222081567479181e+05
3.204574973661341355e+05
3.190462371498181601e+05
3.178530872675224673e+05
3.169158976449033944e+05
3.162386831025027786e+05
3.157899979617015342e+05
3.155076521983520943e+05
3.153091555593617959e+05
3.151057884969433071e+05
3.148172668908520718e+05
3.143838909910540096e+05
3.137738539365770994e+05
3.129847450272279093e+05
3.120397489208194311e+05
3.109801470319173532e+05
3.098561896670545102e+05
3.087182280630358146e+05
3.076094202207535272e+05
3.065606878971529659e+05
3.055881440357458778e+05
3.046929702386324643e+05
3.038635745719468687e+05
3.030796418768530712e+05
3.023173544056551182e+05
3.015547249593643937e+05
3.007758526768201846e+05
2.999731369389346219e+05
2.991470572626295616e+05
2.983038597063125926e+05
2.974521092051682645e+05
2.965993427100653062e+05
2.957499026151722646e+05
2.949045207729482208e+05
2.940615551441642456e+05
2.932191875840452849e+05
2.923775701375711942e+05
2.915399650667671813e+05
2.907123439175962703e+05
2.899015487099937745e+05
2.891127359106662916e+05
2.883471686526025878e+05
2.876013316796193249e+05
2.868678277920637047e+05
2.861377739776246017e+05
2.854037622073368984e+05
2.846621704174289480e+05
2.839138314551322255e+05
2.831627033912857296e+05
2.824129738510299940e+05
2.816656629695268348e+05
2.809160333813998732e+05
2.801529010640517226e+05
2.793603616874854197e+05
2.785217029941087821e+05
2.776245894312027958e+05
2.766661641828358406e+05
2.756566220103586093e+05
2.746200840500724735e+05
2.735921933871522197e+05
2.726146211496105534e+05
2.717274520801004255e+05
2.709610133428319241e+05
2.703289550351633807e+05
2.698241980670100311e+05
2.694187642013946315e+05
2.690676443798859254e+05
2.687159740374383982e+05
2.683080989835988148e+05
2.677967866572196363e+05
2.671508987876677420e+05
2.663602176178217051e+05
2.654366796638180967e+05
2.644118960763852228e+05
2.633314423028900055e+05
2.622469252235845197e+05
2.612072249816041731e+05
2.602504861853894545e+05
2.593983260128893307e+05
2.586533080530228326e+05
2.580000575815075717e+05
2.574096108635351993e+05
2.568458922904659412e+05
2.562727820585219597e+05
2.556601892800067435e+05
2.549878950296489347e+05
2.542465844209264906e+05
2.534362676395499147e+05
2.525629738469280128e+05
2.516349812084980949e+05
2.506597955975626537e+05
2.496426205710649083e+05
2.485863336802225967e+05
2.474922703603781119e+05
2.463607057805304066e+05
2.451900124610047205e+05
2.439740706009079295e+05
2.426984252007312025e+05
2.413365730015676527e+05
2.398482451112245908e+05
2.381813645891296910e+05
2.362784696640975308e+05
2.340870378443528025e+05
2.315717614801618329e+05
2.287259002986846317e+05
2.255787291869641922e+05
2.221968959973652381e+05
2.186789771445161896e+05
2.151442070929440379e+05
2.117177357798814774e+05
2.085154364922395325e+05
2.056311091279187240e+05
2.031280535625423945e+05
2.010357816665127757e+05
1.993514964480785711e+05
1.980451848463751958e+05
1.970668443367306900e+05
1.963544124004124023e+05
1.958412280905657681e+05
1.954621869635422772e+05
1.951580969243073778e+05
1.948781077968060854e+05
1.945804709488871158e+05
1.942322256257198169e+05
1.938085895847209613e+05
1.932927499647421646e+05
1.926763971237289370e+05
1.919608384580787970e+05
1.911580747443288274e+05
1.902910103714807483e+05
1.893920902264436299e+05
1.885000628048524959e+05
1.876551130373717751e+05
1.868931126549878099e+05
1.862400595295141975e+05
1.857078426290737116e+05
1.852922594487890892e+05
1.849737643652870902e+05
1.847208297641749086e+05
1.844952024014982453e+05
1.842579119180131238e+05
1.839747848315447336e+05
1.836204807420894795e+05
1.831805973362289369e+05
1.826519698058193899e+05
1.820416834574314998e+05
1.813653918313284812e+05
1.806453231083253340e+05
1.799080461016751069e+05
1.791818716288676078e+05
1.784938140462388110e+05
1.778663006725533050e+05
1.773141298378898355e+05
1.768423449873720529e+05
1.764455962437449489e+05
1.761092245648029493e+05
1.758118662254168303e+05
1.755290114071286807e+05
1.752367827035520750e+05
1.749152511948806932e+05
1.745508150182572717e+05
1.741374247548249550e+05
1.736766633846606419e+05
1.731768349835354311e+05
1.726512931417039945e+05
1.721162821755008772e+05
1.715886048707276059e+05
1.710834768858986208e+05
1.706129510681035463e+05
1.701852412905958772e+05
1.698051001221906045e+05
1.694751129795222369e+05
1.691974435172127269e+05
1.689753390922709950e+05
1.688137154750997433e+05
1.687184368990976072e+05
1.686944070556582301e+05
1.687430882980168099e+05
1.688603403157819121e+05
1.690353708382709301e+05
1.692511382208077994e+05
1.694859212910019851e+05
1.697152420849284099e+05
1.699131265781625116e+05
1.700519227958928968e+05
1.701005030426016310e+05
1.700214546877271496e+05
1.697685388973397203e+05
1.692860116262745578e+05
1.685111928760925075e+05
1.673809248747900710e+05
1.658414338216977485e+05
1.638599055893546029e+05
1.614351784639406542e+05
1.586046820381381840e+05
1.554452890062684601e+05
1.520670321428819443e+05
1.486003575713037280e+05
1.451792537384282041e+05
1.419237124801639002e+05
1.389251964290974138e+05
1.362380336190188536e+05
1.338781640975515184e+05
1.318288714183472621e+05
1.300515531008442922e+05
1.284986243468039320e+05
1.271254979144095123e+05
1.258991853259575728e+05
1.248021733809880388e+05
1.238315032692743698e+05
1.229940842019190895e+05
1.222999666076565045e+05
1.217554765514797764e+05
1.213578156723912834e+05
1.210921216788388119e+05
1.209312834571441344e+05
1.208382118727119232e+05
1.207698954321205820e+05
1.206824223638010881e+05
1.205361528187039366e+05
1.203002921473019233e+05
1.199562138783612463e+05
1.194990368401496962e+05
1.189372220498062816e+05
1.182903222763036611e+05
1.175854074344495457e+05
1.168529605702147092e+05
1.161230699078337057e+05
1.154225097003885166e+05
1.147729101423674438e+05
1.141898445386007370e+05
1.136824693831270706e+05
1.132533935809987015e+05
1.128986555276408180e+05
1.126079090910444502e+05
1.123650366435652395e+05
1.121493749038753595e+05
1.119375981735557143e+05
1.117061322381712380e+05
1.114338312569080153e+05
1.111045580078520725e+05
1.107092602732606028e+05
1.102471401757690328e+05
1.097256014057726425e+05
1.091588635493866459e+05
1.085654387159671605e+05
1.079649872338638816e+05
1.073752740040561475e+05
1.068099257477648061e+05
1.062774251305991202e+05
1.057813682804872951e+05
1.053216244688868755e+05
1.048958209867126716e+05
1.045005930467015569e+05
1.041322415487180260e+05
1.037867202650156250e+05
1.034591208888371912e+05
1.031429802088367578e+05
1.028297883847263874e+05
1.025090404828465398e+05
1.021690491790833039e+05
1.017985276522557106e+05
1.013886871944881423e+05
1.009353492260813509e+05
1.004404516164918750e+05
9.991241718337901693e+04
9.936515012909732468e+04
9.881583499121492787e+04
9.828207048313983250e+04
9.777903245312755462e+04
9.731727350291039329e+04
9.690149616183033504e+04
9.653032305857430038e+04
9.619686856611810799e+04
9.588985419745466788e+04
9.559507072071252333e+04
9.529707989976198587e+04
9.498108067025047785e+04
9.463481056705766241e+04
9.425025482274167007e+04
9.382486991539543669e+04
9.336205650950351264e+04
9.287074678717683128e+04
9.236415624554232636e+04
9.185791835950348468e+04
9.136791630412777886e+04
9.090813613208958122e+04
9.048881825251088594e+04
9.011512121242887224e+04
8.978645881347563409e+04
8.949662066701901495e+04
8.923470771485596197e+04
8.898678690340755566e+04
8.873800864012341481e+04
8.847479336872597924e+04
8.818665097132071969e+04
8.786729253966147371e+04
8.751491160891401523e+04
8.713177221172887948e+04
8.672343591726067825e+04
8.629800329368954408e+04
8.586561582883154915e+04
8.543821899021614809e+04
8.502933771568562952e+04
8.465348197434048052e+04
8.432485856970847817e+04
8.405531490650206979e+04
8.385179803610738600e+04
8.371394085482612718e+04
8.363254577600274934e+04
8.358963428945958731e+04
8.356036846919116215e+04
8.351662579064423335e+04
8.343148943992107525e+04
8.328358354432899796e+04
8.306016461092629470e+04
8.275820163443169440e+04
8.238324357197430800e+04
8.194649937786810915e+04
8.146103196639084490e+04
8.093813528657481947e+04
8.038477889857981063e+04
7.980255447489855578e+04
7.918802754653737065e+04
7.853399107268021908e+04
7.783097805483448610e+04
7.706854218397791556e+04
7.623615744682663353e+04
7.532394166049669730e+04
7.432359913746187522e+04
7.322990699946327368e+04
7.204276164747859002e+04
7.076939105020900024e+04
6.942601348150263948e+04
6.803814701408524706e+04
6.663901373730870546e+04
6.526597920004638581e+04
6.395555676194982516e+04
6.273798330789712782e+04
6.163257106989537715e+04
6.064489451076168916e+04
5.976643456566618261e+04
5.897671781588684826e+04
5.824742820218535780e+04
5.754757542757168994e+04
5.684865050847548264e+04
5.612878536053012067e+04
5.537520763669714506e+04
5.458466711265999766e+04
5.376192420559354650e+04
5.291675890472866013e+04
5.206021502868993412e+04
5.120089562619929347e+04
5.034205737363720255e+04
4.948004122613571235e+04
4.860428383312226651e+04
4.769885388794674509e+04
4.674521132041175588e+04
4.572572453236213187e+04
4.462739811675011879e+04
4.344524106788069184e+04
4.218473062514172489e+04
4.086290653501050110e+04
3.950778497809070541e+04
3.815602256776280410e+04
3.684906906803130551e+04
3.562836321762230364e+04
3.453036369291463780e+04
3.358228679697733605e+04
3.279930403524434951e+04
3.218365708312329662e+04
3.172575227018639634e+04
3.140690859363780328e+04
3.120315035359017929e+04
3.108931402560404240e+04
3.104278089555196493e+04
3.104631089972115296e+04
3.108968042910269287e+04
3.117006719667024299e+04
3.129134775906275172e+04
3.146266039917190210e+04
3.169671875095003998e+04
3.200840993579214046e+04
3.241414063790666114e+04
3.293218642908982292e+04
3.358397190303864772e+04
3.439582640472881758e+04
3.540042280727823527e+04
3.663692425163406006e+04
3.814892207587841403e+04
3.997958404372828227e+04
4.216401886642083264e+04
4.471960908145743451e+04
4.763582058503657754e+04
5.086557578750071116e+04
5.432048458181830938e+04
5.787191195680225064e+04
6.135897432567436044e+04
6.460320379056894308e+04
6.742807639381408808e+04
6.968026879752914829e+04
7.124880553059013619e+04
7.207847081561462255e+04
7.217500722839786613e+04
7.160142169380227278e+04
7.046664875742520962e+04
6.890931173645412491e+04
6.707996735864663788e+04
6.512492555302647816e+04
6.317373958211731951e+04
6.133120494056507596e+04
5.967363618608708202e+04
5.824858409910299815e+04
5.707703680498460017e+04
5.615734050557388400e+04
5.547032695401662932e+04
5.498525598348834319e+04
5.466612086784304120e+04
5.447770240798802843e+04
5.439063715344562661e+04
5.438480593404408864e+04
5.445059057247567398e+04
5.458793952502725006e+04
5.480361887393215147e+04
5.510738314655372233e+04
5.550798745744803455e+04
5.600993295729786041e+04
5.661159910101480637e+04
5.730502612022237736e+04
5.807716742245597561e+04
5.891205540586612187e+04
5.979312824830065802e+04
6.070501470249785052e+04
6.163435311335315055e+04
6.256962698045954312e+04
6.350037461520275974e+04
6.441632504529470316e+04
6.530695200594312337e+04
6.616166163600831351e+04
6.697047550852682616e+04
6.772481277949025389e+04
6.841793968265673902e+04
6.904485722936410457e+04
6.960173509304154140e+04
7.008529755829648639e+04
7.049266703890338249e+04
7.082200599156922544e+04
7.107393009408257785e+04
7.125325587654511037e+04
7.137038263012423704e+04
7.144161951671523275e+04
7.148806438900365902e+04
7.153310926262247085e+04
7.159910679829260334e+04
7.170401106189047277e+04
7.185881389646472235e+04
7.206635500845957722e+04
7.232169630578331999e+04
7.261385729037220881e+04
7.292842011468381679e+04
7.325038394807539589e+04
7.356667634424009884e+04
7.386787891412909084e+04
7.414894934956588259e+04
7.440897321003767138e+04
7.465020486401827657e+04
7.487680295697733527e+04
7.509368734371704340e+04
7.530582886716128269e+04
7.551806577983000898e+04
7.573529999058120302e+04
7.596275802100769943e+04
7.620597679199022241e+04
7.647030646162900666e+04
7.675995747894486703e+04
7.707685651642813173e+04
7.741971264250007516e+04
7.778367044354752579e+04
7.816075011454669584e+04
7.854101996872313612e+04
7.891421843771135900e+04
7.927142672996563488e+04
7.960642167307174532e+04
7.991647985373936535e+04
8.020258682587365911e+04
8.046915302045362478e+04
8.072340410887097823e+04
8.097459337751417479e+04
8.123310815211787121e+04
8.150946000995299255e+04
8.181310691091042827e+04
8.215108640935798758e+04
8.252654815536108799e+04
8.293743181360496965e+04
8.337567961139939143e+04
8.382741829251741001e+04
8.427442506352788769e+04
8.469689294240882737e+04
8.507710046728818270e+04
8.540320816445045057e+04
8.567221051475362037e+04
8.589117895033161039e+04
8.607634206765677663e+04
8.625014457043270522e+04
8.643700530120045005e+04
8.665885307901937631e+04
8.693153231218911242e+04
8.726284257919256925e+04
8.765243688015057705e+04
8.809325391882692929e+04
8.857379612239479320e+04
8.908050273956493766e+04
8.959970117126338300e+04
9.011903034760973242e+04
9.062863407416656264e+04
9.112264577640220523e+04
9.160143081821543456e+04
9.207472871106129605e+04
9.256535041718087450e+04
9.311258864172903122e+04
9.377413837360349135e+04
9.462520918031652400e+04
9.575370718156245130e+04
9.725091025168338092e+04
9.919795451676483208e+04
1.016496143334546650e+05
1.046180770713397796e+05
1.080603212483259995e+05
1.118728595642050786e+05
1.158966681513166113e+05
1.199330687275869568e+05
1.237685884174701932e+05
1.272042072869184485e+05
1.300828451024575043e+05
1.323090947644292610e+05
1.338571516094362596e+05
1.347660202496145503e+05
1.351243575120767637e+05
1.350496525837405934e+05
1.346671699191342632e+05
1.340931387221268087e+05
1.334246097358623811e+05
1.327360722464653663e+05
1.320811302685160190e+05
1.314967302941257949e+05
1.310076245440790663e+05
1.306296079867494846e+05
1.303711116762585152e+05
1.302335671875660919e+05
1.302113683685239521e+05
1.302922432675551245e+05
1.304585426310840267e+05
1.306895265085155697e+05
1.309643361090253456e+05
1.312650698436642124e+05
1.315792865689122409e+05
1.319013440129327355e+05
1.322322229893644690e+05
1.325778330829523038e+05
1.329461602905453183e+05
1.333439085662568395e+05
1.337734291472217301e+05
1.342306891690886114e+05
1.347048201787525904e+05
1.351794636539315688e+05
1.356357685188323085e+05
1.360565659707657469e+05
1.364310068836522405e+05
1.367588377082421503e+05
1.370535351976726379e+05
1.373437151240896201e+05
1.376725342279904580e+05
1.380951375858081738e+05
1.386744677754778240e+05
1.394758768829829642e+05
1.405609682043608627e+05
1.419810262095794897e+05
1.437703993719797581e+05
1.459403707707634894e+05
1.484743585785424802e+05
1.513255675581128162e+05
1.544182268616386282e+05
1.576531196672845399e+05
1.609172386553897231e+05
1.640963146894126548e+05
1.670880431679602189e+05
1.698134447836801992e+05
1.722241398244178854e+05
1.743043115870855108e+05
1.760674628791564319e+05
1.775492922866531298e+05
1.787987539986970078e+05
1.798694341137951415e+05
1.808128431920443836e+05
1.816743516400293738e+05
1.824916177717783139e+05
1.832947534168992133e+05
1.841072628999104782e+05
1.849469380580812285e+05
1.858262469452983059e+05
1.867521476305068354e+05
1.877255682513162028e+05
1.887409663056871796e+05
1.897864103245155420e+05
1.908445308746261580e+05
1.918944844257213699e+05
1.929147943804409297e+05
1.938866385833228705e+05
1.947969310309846769e+05
1.956404883177254815e+05
1.964207275347523682e+05
1.971486846188071067e+05
1.978405665732709458e+05
1.985144156640590227e+05
1.991866491259852482e+05
1.998691984255737334e+05
2.005677517975092633e+05
2.012813089092935261e+05
2.020029994369905908e+05
2.027219613625622587e+05
2.034260095602351939e+05
2.041047855069281650e+05
2.047529965568197658e+05
2.053732126143300557e+05
2.059775521299705142e+05
2.065875763007284550e+05
2.072319285858295625e+05
2.079417306048833416e+05
2.087443750038821599e+05
2.096569381046395574e+05
2.106807455951470183e+05
2.117985190064563067e+05
2.129750145768308430e+05
2.141612922025196312e+05
2.153019496412671288e+05
2.163440327950009669e+05
2.172460018126849027e+05
2.179851114397245983e+05
2.185618152252586151e+05
2.190002859125584655e+05
2.193448240039910888e+05
2.196527369584004045e+05
2.199850670529289346e+05
2.203971001493466320e+05
2.209306685696252680e+05
2.216097567603516218e+05
2.224399363347573963e+05
2.234110263122840843e+05
2.245015221686261066e+05
2.256830943649830588e+05
2.269238921600289759e+05
2.281902670808142284e+05
2.294474261499413697e+05
2.306600297380737320e+05
2.317936698435240833e+05
2.328176041713929153e+05
2.337084021664860775e+05
2.344536407793862163e+05
2.350546810831761686e+05
2.355278365063727251e+05
2.359036983941333601e+05
2.362247656646317919e+05
2.365416948305580881e+05
2.369084813404202578e+05
2.373768593708761910e+05
2.379903114662951557e+05
2.387783323397537752e+05
2.397518597995005548e+05
2.409008626563646831e+05
2.421948135640908731e+05
2.435861932666550565e+05
2.450164667360744206e+05
2.464234174269652867e+05
2.477485364550982777e+05
2.489433780708168051e+05
2.499742615525144502e+05
2.508251712845008296e+05
2.514989677054675703e+05
2.520170097444813000e+05
2.524171201094282733e+05
2.527497187431698840e+05
2.530720981494445878e+05
2.534412572838598571e+05
2.539062945416855509e+05
2.545018012459797610e+05
2.552437237825423945e+05
2.561286659271475219e+05
2.571367111070036772e+05
2.582368791542724066e+05
2.593936639787521272e+05
2.605729739823430427e+05
2.617462283852403925e+05
2.628921357157486491e+05
2.639964688912311103e+05
2.650506693904701388e+05
2.660502295977660106e+05
2.669935629529106664e+05
2.678816396467054146e+05
2.687182308318984578e+05
2.695103095456814044e+05
2.702680702069467516e+05
2.710041531810705783e+05
2.717319519813384395e+05
2.724632575347740203e+05
2.732058446570343222e+05
2.739618021948516835e+05
2.747273424238050357e+05
2.754944614273594925e+05
2.762542363466166425e+05
2.770009235498718335e+05
2.777356031144759618e+05
2.784680964481760748e+05
2.792163266987637035e+05
2.800030765194076230e+05
2.808509557000260102e+05
2.817770030795967905e+05
2.827884731204682612e+05
2.838809401784123038e+05
2.850390494420967880e+05
2.862393661548897508e+05
2.874541689301292645e+05
2.886549314784292364e+05
2.898146589158906718e+05
2.909089816634386079e+05
2.919166117631135276e+05
2.928200953137503820e+05
2.936075817181356833e+05
2.942756627549942350e+05
2.948325261888703099e+05
2.953001200286488165e+05
2.957140307275197702e+05
2.961203849964662804e+05
2.965700522825819789e+05
2.971113439893385512e+05
2.977828924726393889e+05
2.986082716289508389e+05
2.995932954019596800e+05
3.007261128234987846e+05
3.019795576008268399e+05
3.033149210945046507e+05
3.046863971389255021e+05
3.060457177655392443e+05
3.073467349048423930e+05
3.085497633776358562e+05
3.096253933659399045e+05
3.105573369730438571e+05
3.113438540547334705e+05
3.119974953880324028e+05
3.125432643122604932e+05
3.130156733609553776e+05
3.134553668374231784e+05
3.139058737152218237e+05
3.144106829090765677e+05
3.150103918143864721e+05
3.157394415728946333e+05
3.166221205928828567e+05
3.176680901114977896e+05
3.188684188036866835e+05
3.201936155807020841e+05
3.215950718914219760e+05
3.230105575753608719e+05
3.243731800806098036e+05
3.256219974043901311e+05
3.267117971966262558e+05
3.276197356549769756e+05
3.283475144393694354e+05
3.289191490644997102e+05
3.293755737939695246e+05
3.297678784117464675e+05
3.301507567784055136e+05
3.305770135903674527e+05
3.310931883612732636e+05
3.317359331643001642e+05
3.325288775498426403e+05
3.334801630841301521e+05
3.345812685408330290e+05
3.358078419295253116e+05
3.371228925550581189e+05
3.384820283111616736e+05
3.398397681602570228e+05
3.411556174400175805e+05
3.423986950376731111e+05
3.435501646153167239e+05
3.446033253827498411e+05
3.455617326259652036e+05
3.464360183512823423e+05
3.472401750894299475e+05
3.479880379859092063e+05
3.486906280819044914e+05
3.493549063710168120e+05
3.499842716484934208e+05
3.505807593833129504e+05
3.511483977710154140e+05
3.516967061440777616e+05
3.522431017003553570e+05
3.528131806775826844e+05
3.534384569915034808e+05
3.541519667674790253e+05
3.549828481457309099e+05
3.559512871364059392e+05
3.570649807941777981e+05
3.583176574310248252e+05
3.596895274613469956e+05
3.611491273027395946e+05
3.626559951214683242e+05
3.641638758296462474e+05
3.656244332001986331e+05
3.669915071332711377e+05
3.682257250415450544e+05
3.692989022474953090e+05
3.701974071104867035e+05
3.709237279981838074e+05
3.714958800199630787e+05
3.719448496224333649e+05
3.723107283076651511e+05
3.726383414530925802e+05
3.729730244552239892e+05
3.733568950349818915e+05
3.738257291630927357e+05
3.744064940872855950e+05
3.751156929651442333e+05
3.759587787348177517e+05
3.769308420730383950e+05
3.780185212168542203e+05
3.792027216933029122e+05
3.804614656062499853e+05
3.817721812441491056e+05
3.831130303777336376e+05
3.844633252847915282e+05
3.858034824532713974e+05
3.871150901782073779e+05
3.883814668812173768e+05
3.895886721117417910e+05
3.907265435531504918e+05
3.917892039908004808e+05
3.927747013208016870e+05
3.936838970621652552e+05
3.945191422190752928e+05
3.952834151299598161e+05
3.959803480912015075e+05
3.966150727735830005e+05
3.971953615583252395e+05
3.977324067618231638e+05
3.982408432652644115e+05
3.987381122400136082e+05
3.992436640034563607e+05
3.997785360802474315e+05
4.003654717979219276e+05
4.010291791591717047e+05
4.017959191498178407e+05
4.026916358042415814e+05
4.037383424774043960e+05
4.049492471252596006e+05
4.063237818073132657e+05
4.078439903352502151e+05
4.094735038969145971e+05
4.111597028634994058e+05
4.128388788934586337e+05
4.144435481515566353e+05
4.159106978756043827e+05
4.171896975973600638e+05
4.182487736226433772e+05
4.190791939081167802e+05
4.196965576080583269e+05
4.201388470931933261e+05
4.204612680526056793e+05
4.207284396153316484e+05
4.210051421150852111e+05
4.213473707331992919e+05
4.217955880049687112e+05
4.223716142022894346e+05
4.230795850786434021e+05
4.239101747968585696e+05
4.248463289208238130e+05
4.258685031177351484e+05
4.269579730145054054e+05
4.280978908574804664e+05
4.292728697401546524e+05
4.304684417168085929e+05
4.316715153430663049e+05
4.328721134210802848e+05
4.340656763686953927e+05
4.352545990672927001e+05
4.364477443729366059e+05
4.376574069224506384e+05
4.388942426065275795e+05
4.401615689341456746e+05
4.414508137442156440e+05
4.427396187028618297e+05
4.439933246008508722e+05
4.451695874239698751e+05
4.462250455868091085e+05
4.471225368057053420e+05
4.478374334423320252e+05
4.483621278570563882e+05
4.487083206971527543e+05
4.489072767519794870e+05
4.490084244197914377e+05
4.490765559420908103e+05
4.491875828981127706e+05
4.494225729557274026e+05
4.498598833659546799e+05
4.505657101478336263e+05
