6.113816205952075543e+05
6.104744701233527157e+05
6.096796186382316519e+05
6.089205999984082300e+05
6.081233012222193647e+05
6.072250522479243809e+05
6.061812123936524149e+05
6.049689217609956395e+05
6.035881892161917640e+05
6.020606612256220542e+05
6.004263327033828245e+05
5.987383356309696101e+05
5.970559934092680924e+05
5.954366462397559080e+05
5.939272276568860980e+05
5.925569565954633290e+05
5.913325569438226521e+05
5.902370271479731891e+05
5.892322603552391520e+05
5.882650110918035498e+05
5.872750799734198954e+05
5.862042934591619996e+05
5.850048843080570223e+05
5.836461157489286270e+05
5.821183137362671550e+05
5.804338180246599950e+05
5.786247488401070004e+05
5.767379435451618629e+05
5.748279214744891506e+05
5.729491673506759107e+05
5.711492106660474092e+05
5.694637837994307047e+05
5.679147632281528786e+05
5.665108050232710084e+05
5.652498616301988950e+05
5.641223804702848429e+05
5.631140558420079760e+05
5.622074457614646526e+05
5.613823346050474793e+05
5.606151687404895201e+05
5.598780899127785815e+05
5.591380878266068175e+05
5.583567383898370899e+05
5.574909988319483818e+05
5.564955643493939424e+05
5.553271902287023840e+05
5.539509801165340468e+05
5.523479190907897428e+05
5.505221027212330373e+05
5.485055555372098461e+05
5.463585981589203002e+05
5.441645495936323423e+05
5.420189657831867225e+05
5.400151851457712473e+05
5.382291552224975312e+05
5.367069383333837613e+05
5.354577740044001257e+05
5.344542402177952463e+05
5.336392781376348576e+05
5.329381356796214823e+05
5.322721466898721410e+05
5.315710393022972858e+05
5.307812233121830504e+05
5.298689778632262023e+05
5.288191227658706484e+05
5.276310080396635458e+05
5.263140580344300251e+05
5.248845729296809295e+05
5.233643324931624811e+05
5.217803351873787469e+05
5.201643079556815792e+05
5.185507405159667833e+05
5.169730342953954241e+05
5.154584705442907871e+05
5.140235353784340550e+05
5.126712834065729985e+05
5.113918050488622976e+05
5.101657668982520117e+05
5.089699026058242889e+05
5.077826972982109874e+05
5.065885592521636863e+05
5.053794356877098908e+05
5.041537962559824809e+05
5.029137885113097727e+05
5.016618590926569304e+05
5.003981156228200998e+05
4.991192613063324243e+05
4.978192855789837777e+05
4.964914913863105467e+05
4.951310742001530016e+05
4.937374178513303632e+05
4.923154962573619559e+05
4.908761389680669527e+05
4.894352692959296401e+05
4.880124214125740109e+05
4.866288326900241082e+05
4.853052427612165920e+05
4.840593540931873722e+05
4.829028854249620344e+05
4.818383707311477046e+05
4.808562647016551346e+05
4.799333019762617187e+05
4.790331535415502149e+05
4.781100534479032503e+05
4.771152724546169047e+05
4.760053648578098509e+05
4.747503976881381241e+05
4.733401967105356161e+05
4.717870861959818867e+05
4.701244737541593495e+05
4.684016058643776341e+05
4.666755926755387336e+05
4.650022272388382116e+05
4.634272239215020672e+05
4.619793662933283485e+05
4.606667495295198169e+05
4.594768256454093498e+05
4.583802991731421207e+05
4.573381359950735350e+05
4.563102091820953647e+05
4.552636459781780723e+05
4.541789484360874631e+05
4.530524828028554912e+05
4.518948422078920412e+05
4.507256316376241157e+05
4.495661209556591348e+05
4.484317350958663737e+05
4.473263808143180795e+05
4.462401428094457951e+05
4.451510200034159934e+05
4.440303053968292661e+05
4.428501956647400511e+05
4.415915276078080060e+05
4.402494083144293982e+05
4.388350330859375536e+05
4.373730713272729190e+05
4.358953440849932376e+05
4.344326889218804426e+05
4.330074969329185551e+05
4.316291807169490494e+05
4.302938465990511468e+05
4.289880414299487602e+05
4.276951296768928296e+05
4.264021006569060846e+05
4.251046532237185165e+05
4.238091791434422485e+05
4.225314123771635350e+05
4.212925610552184517e+05
4.201143162462608889e+05
4.190141071257315925e+05
4.180014933417136199e+05
4.170759755891126115e+05
4.162260857649418176e+05
4.154295446979075205e+05
4.146544739569752710e+05
4.138618762868477497e+05
4.130096001566139748e+05
4.120576666915590176e+05
4.109742735254459549e+05
4.097412834047467913e+05
4.083578570429663523e+05
4.068412451361320564e+05
4.052245085063391598e+05
4.035517758500213386e+05
4.018722188614405459e+05
4.002340147885111510e+05
3.986792216115861665e+05
3.972399687201876077e+05
3.959359703894604463e+05
3.947732648564316914e+05
3.937442054569945903e+05
3.928288581545177149e+05
3.919978785857070470e+05
3.912166069314357592e+05
3.904496908487263136e+05
3.896652826263641473e+05
3.888379368078151601e+05
3.879497433750848286e+05
3.869897736825370230e+05
3.859523472720504506e+05
3.848348044262492913e+05
3.836354158005351783e+05
3.823519118899086025e+05
3.809809916194407269e+05
3.795190778149493854e+05
3.779644240498613799e+05
3.763203304701307206e+05
3.745987029013960273e+05
3.728226738383981865e+05
3.710267927179174148e+05
3.692536367602003738e+05
3.675466314238761552e+05
3.659401557230993640e+05
3.644491841273470782e+05
3.630613011460776324e+05
3.617336260763498722e+05
3.603960419952066732e+05
3.589604960882547311e+05
3.573345661469604820e+05
3.554364699954433017e+05
3.532085031389467767e+05
3.506264893453412224e+05
3.477039264089905773e+05
3.444907022174996673e+05
3.410671996509336168e+05
3.375351302851394867e+05
3.340065571961317910e+05
3.305924373115603812e+05
3.273918120328239747e+05
3.244826177472575218e+05
3.219149897238918929e+05
3.197078211816879339e+05
3.178491085567550035e+05
3.163001915419835132e+05
3.150033941345324274e+05
3.138919050629388657e+05
3.129001941569665214e+05
3.119730486555748503e+05
3.110715593676097342e+05
3.101750764319061418e+05
3.092791130354864872e+05
3.083901214620078099e+05
3.075187190771246678e+05
3.066731336901857867e+05
3.058543682415095973e+05
3.050539991883989424e+05
3.042548272961546318e+05
3.034339696061252616e+05
3.025675169236581423e+05
3.016356188832811313e+05
3.006268132934669848e+05
2.995406035653877771e+05
2.983877039386666147e+05
2.971879512259953190e+05
2.959664769320538035e+05
2.947491547810184420e+05
2.935584377716460731e+05
2.924104502585756127e+05
2.913137216396464501e+05
2.902694415347328177e+05
2.892727670007905690e+05
2.883146035090275691e+05
2.873833756842697039e+05
2.864664926436175592e+05
2.855513931143449736e+05
2.846261811200895463e+05
2.836799434893442667e+05
2.827029009566741297e+05
2.816865852028871304e+05
2.806242218113727868e+05
2.795113978146901354e+05
2.783469064657835988e+05
2.771334571145559312e+05
2.758778224466567626e+05
2.745900642016483471e+05
2.732817555555251893e+05
2.719635255687807803e+05
2.706426271256678738e+05
2.693213930546855554e+05
2.679972758621297544e+05
2.666646720405381056e+05
2.653180639763079234e+05
2.639554231249890290e+05
2.625805651436570915e+05
2.612033838428551389e+05
2.598375834169694572e+05
2.584964494167550292e+05
2.571880005746283568e+05
2.559112160837020783e+05
2.546547679689668003e+05
2.533988817333769694e+05
2.521198987406042870e+05
2.507962187917306146e+05
2.494138901179688401e+05
2.479703106414961803e+05
2.464751874482272542e+05
2.449487735678032914e+05
2.434181292581694725e+05
2.419125115549170878e+05
2.404589381124169740e+05
2.390786306888092950e+05
2.377846407945296669e+05
2.365806918165481184e+05
2.354612206120034971e+05
2.344127046562473115e+05
2.334164522973873245e+05
2.324529384067782667e+05
2.315074071840277757e+05
2.305759209709993447e+05
2.296705377366920002e+05
2.288221265191925631e+05
2.280796609489165130e+05
2.275056401625977014e+05
2.271683228690509568e+05
2.271323442786533851e+05
2.274496774517119338e+05
2.281526576650781790e+05
2.292500292665607703e+05
2.307260200296010589e+05
2.325416725782124558e+05
2.346373323971182108e+05
2.369353670826906746e+05
2.393427250906150148e+05
2.417535642033137847e+05
2.440526143371872313e+05
2.461200048249371175e+05
2.478379490417741181e+05
2.490990525978582446e+05
2.498153134103658958e+05
2.499263651635551651e+05
2.494053836886457866e+05
2.482614087241951784e+05
2.465375475957170420e+05
2.443053943170614366e+05
2.416567284269299416e+05
2.386939227639242017e+05
2.355204188437816629e+05
2.322322400742426689e+05
2.289110437932474597e+05
2.256188907391213579e+05
2.223948343158813659e+05
2.192535311980558326e+05
2.161861665541380062e+05
2.131638955028029741e+05
2.101436658148941642e+05
2.070757932428411732e+05
2.039121976419930870e+05
2.006139653862770065e+05
1.971569884518221661e+05
1.935348314427996229e+05
1.897585826160222932e+05
1.858540877363335167e+05
1.818574768065572134e+05
1.778101422214192571e+05
1.737542542605087510e+05
1.697295436746001069e+05
1.657715736651131592e+05
1.619112513547053968e+05
1.581750584596958943e+05
1.545854827547926980e+05
1.511613467856480274e+05
1.479180038784789795e+05
1.448675425447997404e+05
1.420191306696051033e+05
1.393794825972258986e+05
1.369532708820810076e+05
1.347432534924394567e+05
1.327499904950731725e+05
1.309712241713717522e+05
1.294011771606497787e+05
1.280300850755079009e+05
1.268441970228878490e+05
1.258263032447175792e+05
1.249566756504946388e+05
1.242142081122469972e+05
1.235775396695257514e+05
1.230260063520183612e+05
1.225403489578810550e+05
1.221031715644729265e+05
1.216991911672838032e+05
1.213153492139824666e+05
1.209408723443264025e+05
1.205673604360371974e+05
1.201889305550573918e+05
1.198023591878371808e+05
1.194070762190946116e+05
1.190048273025050730e+05
1.185988820729225117e+05
1.181928269832009973e+05
1.177891891524849925e+05
1.173882971764514077e+05
1.169878057149997767e+05
1.165831543732656137e+05
1.161689382653356297e+05
1.157408448968212906e+05
1.152975869901305123e+05
1.148422229296862206e+05
1.143824174530836754e+05
1.139294888809819386e+05
1.134964081847992056e+05
1.130951627795387903e+05
1.127340254948244838e+05
1.124152810273397481e+05
1.121338905466744618e+05
1.118774467369355261e+05
1.116275903782015957e+05
1.113628172220283013e+05
1.110623086219588731e+05
1.107101204821026040e+05
1.102988519042342086e+05
1.098318851066695643e+05
1.093235005991040671e+05
1.087966092307849758e+05
1.082784065972665267e+05
1.077947932221948431e+05
1.073647608900216583e+05
1.069960136400740448e+05
1.066828423591852479e+05
1.064067611825442582e+05
1.061397680190019310e+05
1.058494743810143409e+05
1.055049227387933061e+05
1.050817887452056457e+05
1.045658849708054477e+05
1.039543775824482873e+05
1.032547480494979682e+05
1.024820896368253598e+05
1.016556592257480079e+05
1.007956271565734205e+05
9.992070763487597287e+04
9.904692794903012691e+04
9.818736683793296106e+04
9.735240391667057702e+04
9.654995278021428385e+04
9.578529833844811947e+04
9.506045063124425360e+04
9.437324732705131464e+04
9.371666566695639631e+04
9.307885480575490510e+04
9.244424469338783820e+04
9.179577223809239513e+04
9.111789293530302530e+04
9.039974494147684891e+04
8.963771053860979737e+04
8.883672403030037822e+04
8.800997381417809811e+04
8.717704251269809902e+04
8.636089749041866162e+04
8.558437807198155497e+04
8.486687270169067779e+04
8.422175282496475847e+04
8.365489650649402756e+04
8.316438084988227638e+04
8.274122184237321198e+04
8.237092982010684500e+04
8.203562227098880976e+04
8.171645688431333110e+04
8.139617274600245582e+04
8.106152752345683984e+04
8.070539330493187299e+04
8.032825212381483288e+04
7.993885780529676413e+04
7.955393961060706351e+04
7.919702012217028823e+04
7.889666460741395713e+04
7.868468918997165747e+04
7.859492778501070279e+04
7.866300546888056851e+04
7.892715520053973887e+04
7.942949666105321376e+04
8.021652039331040578e+04
8.133702653839465347e+04
8.283574058543606952e+04
8.474151568791116006e+04
8.705051979406374448e+04
8.970689959568605991e+04
9.258556901511765318e+04
9.548317215326898440e+04
9.812307892573246500e+04
1.001779911733058252e+05
1.013095642655351548e+05
1.012193996025518718e+05
9.970144558262800274e+04
9.668390210027934518e+04
9.225015174007888709e+04
8.663289203450246714e+04
8.018218353442742955e+04
7.331450455530459294e+04
6.645412799419420480e+04
5.997903842085227370e+04
5.418121941898600926e+04
4.924656607672436803e+04
4.525455989915658574e+04
4.219370564856108103e+04
3.998647532868381677e+04
3.851725563264089578e+04
3.765805308625911130e+04
3.728869778060175304e+04
3.731028403995438566e+04
3.765214514230703207e+04
3.827363660615594563e+04
3.916247049805741699e+04
4.033144375212113664e+04
4.181522862634772900e+04
4.366843908729131363e+04
4.596539465660612768e+04
4.880086673987332324e+04
5.228977590576721559e+04
5.656270795195083338e+04
6.175380240643054276e+04
6.797858726908480457e+04
7.530192145230341703e+04
8.370000924984658195e+04
9.302443671278045804e+04
1.029788385795443173e+05
1.131186597917591862e+05
1.228807467995135958e+05
1.316426369768415752e+05
1.388031838457134145e+05
1.438691848831672978e+05
1.465294968646339548e+05
1.467001322903429391e+05
1.445306500335617457e+05
1.403716860352724034e+05
1.347126837560911663e+05
1.281049796351139667e+05
1.210868354014538636e+05
1.141239538382461033e+05
1.075730711894381093e+05
1.016696363682458032e+05
9.653535186771332519e+04
9.219856117061524128e+04
8.862017487349109433e+04
8.571930966077229823e+04
8.339504958793919650e+04
8.154284797002351843e+04
8.006557462261515320e+04
7.887998292687609501e+04
7.791959603488576249e+04
7.713495008270206745e+04
7.649199343292089179e+04
7.596932739585744275e+04
7.555489524626731873e+04
7.524264719043552759e+04
7.502959552225923107e+04
7.491351993894873885e+04
7.489140985874900070e+04
7.495857591785123805e+04
7.510826261147536570e+04
7.533156986226564914e+04
7.561754269178328104e+04
7.595339040449917957e+04
7.632490488007957174e+04
7.671720894632289128e+04
7.711593940613721497e+04
7.750884668751437857e+04
7.788760942841606447e+04
7.824948842973404680e+04
7.859835941001707397e+04
7.894471944772057759e+04
7.930445592439666507e+04
7.969644234372158826e+04
8.013929626850561181e+04
8.064782374511571834e+04
8.122974499936173379e+04
8.188325723932856636e+04
8.259587812213285360e+04
8.334485991260969604e+04
8.409927770205566776e+04
8.482366422288742615e+04
8.548278518330125371e+04
8.604685598062234931e+04
8.649627280847064685e+04
8.682487175240811484e+04
8.704091744971167645e+04
8.716546411586421891e+04
8.722833616337589046e+04
8.726257635690750612e+04
8.729861864834158041e+04
8.735952132363503915e+04
8.745830653641057143e+04
8.759787438879511319e+04
8.777326314007189649e+04
8.797541563210193999e+04
8.819526041118467401e+04
8.842691977433039574e+04
8.866920620662423607e+04
8.892515069609681086e+04
8.919993650332059769e+04
8.949808826108863286e+04
8.982093658755249635e+04
9.016519722436327720e+04
9.052305391391142621e+04
9.088359747020869690e+04
9.123505666074677720e+04
9.156710523387721332e+04
9.187266936604391958e+04
9.214899351301192655e+04
9.239808136567186739e+04
9.262685144776145171e+04
9.284734928505698917e+04
9.307716085651917092e+04
9.333988368029307458e+04
9.366527666586669511e+04
9.408864565200838842e+04
9.464917146316995786e+04
9.538720244646731589e+04
9.634089270114702231e+04
9.754282697846039082e+04
9.901732749875621812e+04
1.007789632950524829e+05
1.028324474685922905e+05
1.051737401318341144e+05
1.077919051393349946e+05
1.106711744924950617e+05
1.137927553593159537e+05
1.171361080883307877e+05
1.206796455603197392e+05
1.244009904403795808e+05
1.282770480553918023e+05
1.322842008667812624e+05
1.363988958969428204e+05
1.405987600625100022e+05
1.448641341234592837e+05
1.491796065729344846e+05
1.535348620707920054e+05
1.579240782528114214e+05
1.623433178002868372e+05
1.667858685930184729e+05
1.712361473149632220e+05
1.756633750029165531e+05
1.800165393136309867e+05
1.842220661960284633e+05
1.881851694815297087e+05
1.917951817079812463e+05
1.949344768224286090e+05
1.974900119234166923e+05
1.993660979984575242e+05
2.004967594803713437e+05
2.008559557966950233e+05
2.004640447343978740e+05
1.993892245294026216e+05
1.977433351088181662e+05
1.956722837746508885e+05
1.933423306338999828e+05
1.909242839681332116e+05
1.885780713992093515e+05
1.864400205578341847e+05
1.846145205564444186e+05
1.831707320068867703e+05
1.821439631879951048e+05
1.815405236804555461e+05
1.813444858438727388e+05
1.815248471112519619e+05
1.820419640232939855e+05
1.828526228025773598e+05
1.839135443144657474e+05
1.851834061081653927e+05
1.866236135470168374e+05
1.881981352731074439e+05
1.898727954220116662e+05
1.916144890603128879e+05
1.933908032619493897e+05
1.951704155414897541e+05
1.969243820042134612e+05
1.986280798709427181e+05
2.002632615432702587e+05
2.018195471540766885e+05
2.032948022351276886e+05
2.046941807444777223e+05
2.060280281279455812e+05
2.073091671051144949e+05
2.085502099552017753e+05
2.097614361196694081e+05
2.109495247340002097e+05
2.121171681406031712e+05
2.132634199801259383e+05
2.143845812652417517e+05
2.154754559486498183e+05
2.165308383763475576e+05
2.175470782558671199e+05
2.185235120938904001e+05
2.194635095997820608e+05
2.203749207265749865e+05
2.212698440389475145e+05
2.221638295259339211e+05
2.230747970618024119e+05
2.240220173273709370e+05
2.250254329308487067e+05
2.261054223310587404e+05
2.272828987449408742e+05
2.285794660956240550e+05
2.300172730372720398e+05
2.316182274413010164e+05
2.334023477956189890e+05
2.353852193084763712e+05
2.375747734870847198e+05
2.399678871338997269e+05
2.425475347343365429e+05
2.452813335282268818e+05
2.481222055139949662e+05
2.510115151815291320e+05
2.538844909927731496e+05
2.566771564391755383e+05
2.593335700607950275e+05
2.618120446276034345e+05
2.640892200670502498e+05
2.661613256434802897e+05
2.680425382087438484e+05
2.697608767558324616e+05
2.713524692593367072e+05
2.728552464108301792e+05
2.743031579290953814e+05
2.757218807567616459e+05
2.771267039918281953e+05
2.785228533931634738e+05
2.799080118434312753e+05
2.812762964435238391e+05
2.826225902999526006e+05
2.839460110988871893e+05
2.852514925944869756e+05
2.865489430207092664e+05
2.878501242227486800e+05
2.891640981363349129e+05
2.904926168090361753e+05
2.918270162351089530e+05
2.931479168576507946e+05
2.944283537393668084e+05
2.956400030740257935e+05
2.967611876029204577e+05
2.977846233425615355e+05
2.987226651523539913e+05
2.996082446940580849e+05
3.004907115054129972e+05
3.014271333291483461e+05
3.024708985133137321e+05
3.036602886388649349e+05
3.050097778285121312e+05
3.065061280544174369e+05
3.081101110187379527e+05
3.097633010893704486e+05
3.113982760153522831e+05
3.129500151758146239e+05
3.143663461105672759e+05
3.156157928854938364e+05
3.166918609062599717e+05
3.176134311507855891e+05
3.184214401399418712e+05
3.191724189053637092e+05
3.199298225068070460e+05
3.207544158153687022e+05
3.216952138833374484e+05
3.227824766119992710e+05
3.240239353904027375e+05
3.254048078938149847e+05
3.268913912998519954e+05
3.284373387830365682e+05
3.299913125540409819e+05
3.315046468925957452e+05
3.329378892772479448e+05
3.342654734938096954e+05
3.354781697179159964e+05
3.365832713939797832e+05
3.376027138833256904e+05
3.385695122071616934e+05
3.395230753250980051e+05
3.405040742528534029e+05
3.415495505285789259e+05
3.426888110340567655e+05
3.439403987827535020e+05
3.453101697408249602e+05
3.467903790127479588e+05
3.483597544313140097e+05
3.499847466258893255e+05
3.516223059771894477e+05
3.532244440452793497e+05
3.547444075438639265e+05
3.561436542878017062e+05
3.573982748416624963e+05
3.585033696045301622e+05
3.594743103959043510e+05
3.603446464941523736e+05
3.611612932029226795e+05
3.619781822782978415e+05
3.628495761579969549e+05
3.638238705981938983e+05
3.649382598042129539e+05
3.662144255792623735e+05
3.676555267947925022e+05
3.692450247127141920e+05
3.709479659183280310e+05
3.727150364673013100e+05
3.744890388776800246e+05
3.762127196049620979e+05
3.778364530210263329e+05
3.793243797127575963e+05
3.806581350139287533e+05
3.818379960947090294e+05
3.828817946909329621e+05
3.838221200348063139e+05
3.847022433881786419e+05
3.855710586644918658e+05
3.864773591378783458e+05
3.874639949756652932e+05
3.885627251966417534e+05
3.897906571903124568e+05
3.911489141374054598e+05
3.926236420417724294e+05
3.941888957181007718e+05
3.958105936759586912e+05
3.974507414153387072e+05
3.990714154649438569e+05
4.006383452496635728e+05
4.021240959103834466e+05
4.035107650874922401e+05
4.047918829717437620e+05
4.059730786217236891e+05
4.070712171171218506e+05
4.081121007572764065e+05
4.091272518476394471e+05
4.101504904000236420e+05
4.112148549965220154e+05
4.123499932149085798e+05
4.135797558868511114e+05
4.149196515526073053e+05
4.163741410503023071e+05
4.179342939731845399e+05
4.195767386551746749e+05
4.212648163385433145e+05
4.229523410855503171e+05
4.245895932056196616e+05
4.261305010381052853e+05
4.275396790144780534e+05
4.287981343159746029e+05
4.299068411483584205e+05
4.308877463862824370e+05
4.317819706446954515e+05
4.326450804411603604e+05
4.335395514509316417e+05
4.345250938783403835e+05
4.356483131064224872e+05
4.369339055295967264e+05
4.383797867324784165e+05
4.399578933667210513e+05
4.416209260160159902e+05
4.433134612229447230e+05
4.449843674669085885e+05
4.465969637568811304e+05
4.481341333282993874e+05
4.495973855970511795e+05
4.510009440174139454e+05
4.523634946451906580e+05
4.537006773472902714e+05
4.550206582646236639e+05
4.563236166991083883e+05
4.576044154468617635e+05
4.588567357107629650e+05
4.600768380349751096e+05
4.612657291635422735e+05
4.624294488957147696e+05
4.635779704508819268e+05
4.647235372274075053e+05
4.658791176832942874e+05
4.670572553513502935e+05
4.682692120231084991e+05
4.695241620110982331e+05
4.708283336198040051e+05
4.721842760827519232e+05
4.735906352452719584e+05
4.750427707013603649e+05
4.765342124628138845e+05
4.780584883819758543e+05
4.796105175983434310e+05
4.811867939682031865e+05
4.827840395503214095e+05
4.843967225260437699e+05
4.860144701516266796e+05
4.876206300092575839e+05
4.891928909617569880e+05
4.907060968118116725e+05
4.921365227129550185e+05
4.934663332484051934e+05
4.946869375488010119e+05
4.958004615197726525e+05
4.968192938622940565e+05
4.977642793724873336e+05
4.986623877945289714e+05
4.995445483121500001e+05
5.004439612446220126e+05
5.013947968356728088e+05
5.024309262342163711e+05
5.035842549581303028e+05
5.048823228147548507e+05
5.063450625186117832e+05
5.079809516954349820e+05
5.097832096663630800e+05
5.117270698344935081e+05
5.137693141675850493e+05
5.158510067740515224e+05
5.179036597336583654e+05
5.198580752395754098e+05
5.216541891186263529e+05
5.232497796047704178e+05
5.246261253790323390e+05
5.257895336720908526e+05
5.267687837763662683e+05
5.276095110843810253e+05
5.283670625267411815e+05
5.290993014575642301e+05
5.298603951713289134e+05
5.306960786956823431e+05
5.316405100299668266e+05
5.327147005701906746e+05
5.339265189880649559e+05
5.352722355690066470e+05
5.367393633172211703e+05
5.383101950473395409e+05
5.399651291469193529e+05
5.416848621959618758e+05
5.434509238057547482e+05
5.452447285094185499e+05
5.470460115328407846e+05
5.488318481079377234e+05
5.505772341720419936e+05
5.522575087272353703e+05
5.538520437991491053e+05
5.553480098532318370e+05
5.567429105646589305e+05
5.580449931458950741e+05
5.592713700194656849e+05
5.604444186412787531e+05
5.615874897239395650e+05
5.627210308072573971e+05
5.638599686200312572e+05
5.650127457844893215e+05
5.661819546701707877e+05
5.673661843679465819e+05
5.685625424225756433e+05
5.697692999364987481e+05
5.709881663833158091e+05
5.722257696900147712e+05
5.734939873438975774e+05
5.748088864293374354e+05
5.761882407770329155e+05
5.776479176497121807e+05
5.791978011098951101e+05
5.808382093566928525e+05
5.825578199267227901e+05
5.843338557572721038e+05
5.861347432244572556e+05
5.879247863640327705e+05
5.896698258138707606e+05
5.913425562228565104e+05
5.929262537722210400e+05
5.944160856206642929e+05
5.958178078632418765e+05
5.971443348477517720e+05
5.984112105906526558e+05
5.996322962214198196e+05
6.008169204001803882e+05
6.019693083677657414e+05
6.030903940857733833e+05
6.041813248241047841e+05
6.052473615710636368e+05
6.063007146779819159e+05
6.073612369189728051e+05
6.084546960695635062e+05
6.096092290641382569e+05
6.108511473799160449e+05
6.122012776200206717e+05
6.136725323922674870e+05
6.152687319162215572e+05
6.169842350617690245e+05
6.188039287813999690e+05
6.207035017159212148e+05
6.226503688442681450e+05
6.246057546850222861e+05
6.265281212489621248e+05
6.283775027198245516e+05
6.301197702076669084e+05
6.317297685639144620e+05
6.331927506812321953e+05
6.345043362432786962e+05
6.356698710872065276e+05
6.367041445110867498e+05
6.376318360696991440e+05
6.384881153409557883e+05
6.393180690505582606e+05
6.401735919752219925e+05
6.411072168333838927e+05
6.421637688886177493e+05
6.433720602298963349e+05
6.447393982200616738e+05
6.462510945472383173e+05
6.478755633893210907e+05
6.495736028987105237e+05
6.513088854477396235e+05
6.530562020143262343e+05
6.548048255285189953e+05
6.565561493878044421e+05
6.583168085261753295e+05
6.600900176040792139e+05
6.618683322197311791e+05
6.636303666058280505e+05
6.653425314747375669e+05
6.669651848304222804e+05
6.684613032928988105e+05
6.698052414735561470e+05
6.709893915071263909e+05
6.720273499101779889e+05
6.729531811221519019e+05
6.738172096349551575e+05
6.746793008649388794e+05
6.756008064078403404e+05
6.766363665147509892e+05
6.778267026013962459e+05
6.791934363068984821e+05
6.807367818947631167e+05
6.824365795884783147e+05
6.842565321927272016e+05
6.861507729469864862e+05
