6.792852209445806220e+05
6.772188951937690144e+05
6.753153253073606174e+05
6.735920130852301372e+05
6.720443214839596767e+05
6.706520001579074888e+05
6.693875813167629531e+05
6.682237690423653694e+05
6.671377316921502352e+05
6.661115969222605927e+05
6.651298284288031282e+05
6.641750563206142979e+05
6.632241735103760147e+05
6.622462168169181095e+05
6.612029621740815928e+05
6.600524726299619069e+05
6.587551360488643404e+05
6.572810604059358593e+05
6.556171522023747675e+05
6.537719684605172370e+05
6.517767024200953310e+05
6.496815130630517378e+05
6.475476795543283224e+05
6.454373587936408585e+05
6.434035541652049869e+05
6.414828930944432504e+05
6.396929002526288386e+05
6.380339580981589388e+05
6.364946443997889291e+05
6.350582166458332213e+05
6.337080069268170046e+05
6.324303177016483387e+05
6.312146249485068256e+05
6.300519233300846536e+05
6.289324704006954562e+05
6.278439424133780412e+05
6.267703937088508392e+05
6.256918605034255888e+05
6.245842992675845744e+05
6.234198336754499469e+05
6.221677427431716351e+05
6.207968785338884918e+05
6.192799909281182336e+05
6.175997611485080561e+05
6.157554668598794378e+05
6.137685021135119023e+05
6.116847766056356486e+05
6.095724537520126905e+05
6.075144709182447987e+05
6.055965650523578515e+05
6.038927670839335769e+05
6.024511944124514703e+05
6.012832061065132730e+05
6.003584806182488101e+05
5.996074170481347246e+05
5.989307278889480513e+05
5.982145816218211548e+05
5.973485508538873401e+05
5.962431615967184771e+05
5.948440450637964532e+05
5.931404117074679816e+05
5.911665753554654075e+05
5.889963657721098280e+05
5.867313648876441875e+05
5.844848985434542410e+05
5.823644857145021670e+05
5.804558055411495734e+05
5.788110110192825086e+05
5.774433441702410346e+05
5.763286502458738396e+05
5.754129014621978858e+05
5.746236431894482812e+05
5.738826823597552720e+05
5.731174437767550116e+05
5.722690963953556493e+05
5.712965402650287142e+05
5.701763770622935845e+05
5.688998576398488367e+05
5.674683733425880782e+05
5.658892415742703015e+05
5.641732728403033689e+05
5.623349084179226775e+05
5.603947189716089051e+05
5.583830274268303765e+05
5.563427169885158073e+05
5.543292139666910516e+05
5.524063152439310215e+05
5.506378121741743525e+05
5.490763495219295146e+05
5.477521352719444549e+05
5.466645425914181396e+05
5.457791235962181818e+05
5.450312239274084568e+05
5.443356767508396879e+05
5.436005245468183421e+05
5.427418406569593353e+05
5.416967067771112779e+05
5.404321252815491753e+05
5.389487422584419837e+05
5.372793140045702457e+05
5.354825973598278360e+05
5.336337531511690468e+05
5.318125776512804441e+05
5.300910976244055200e+05
5.285223193355995463e+05
5.271320572343870299e+05
5.259155316751571372e+05
5.248396509782205103e+05
5.238506585018558544e+05
5.228854744119681418e+05
5.218840715938062640e+05
5.207999839249635697e+05
5.196066653843712411e+05
5.182986838947644574e+05
5.168882007329716580e+05
5.153983764073660714e+05
5.138559259266427252e+05
5.122849286655065371e+05
5.107033123998767696e+05
5.091224456960333046e+05
5.075492897111503407e+05
5.059898361490959069e+05
5.044522561763523845e+05
5.029483527669759933e+05
5.014924738976401277e+05
5.000978363591551897e+05
4.987710118146811146e+05
4.975059360990488785e+05
4.962790847958644736e+05
4.950473630264523672e+05
4.937498070669724839e+05
4.923134629466190236e+05
4.906629107985190349e+05
4.887320129338706029e+05
4.864757905557946651e+05
4.838800853643195005e+05
4.809669581738257548e+05
4.777945802147500217e+05
4.744514811011260026e+05
4.710461318030830589e+05
4.676936826089295209e+05
4.645020827132298145e+05
4.615597614326509647e+05
4.589266348387858015e+05
4.566295348265009816e+05
4.546623549005151144e+05
4.529903832025981974e+05
4.515575861807267647e+05
4.502951723011537106e+05
4.491297299749167287e+05
4.479896220923184301e+05
4.468090163088928093e+05
4.455297108714567148e+05
4.441015350696575479e+05
4.424823928330290946e+05
4.406389360636743368e+05
4.385484701938031940e+05
4.362021323975039995e+05
4.336087749759324943e+05
4.307984617678546347e+05
4.278241812310478417e+05
4.247604345505305682e+05
4.216978595403984073e+05
4.187339636138550704e+05
4.159611510063894675e+05
4.134541929913890781e+05
4.112597445182257798e+05
4.093902415501060896e+05
4.078235590218846337e+05
4.065084584056229214e+05
4.053745291132259299e+05
4.043444177231509238e+05
4.033458584406038281e+05
4.023213583254724508e+05
4.012341622872329317e+05
4.000700555567353149e+05
3.988354055543286377e+05
3.975524347288387362e+05
3.962529851735099219e+05
3.949720033257450559e+05
3.937417153797358042e+05
3.925870902039966313e+05
3.915228142087894375e+05
3.905517311215163209e+05
3.896645808535310789e+05
3.888408890566075570e+05
3.880509308110090788e+05
3.872587069331315579e+05
3.864257483321951586e+05
3.855153067525546066e+05
3.844962064594717813e+05
3.833454926214372972e+05
3.820491692100437358e+05
3.806008110590895521e+05
3.789985400717890589e+05
3.772415194772048271e+05
3.753274498052902636e+05
3.732523421686739312e+05
3.710130875660719466e+05
3.686122523048089352e+05
3.660634996057260432e+05
3.633954943510724115e+05
3.606523831767610973e+05
3.578899620292080799e+05
3.551681212817908381e+05
3.525415334678013460e+05
3.500512522816093406e+05
3.477196108514231746e+05
3.455496499177187798e+05
3.435287664873058675e+05
3.416349987694536685e+05
3.398438401677600341e+05
3.381338015983894002e+05
3.364898133791041910e+05
3.349044707468920969e+05
3.333776658445504145e+05
3.319151955500993063e+05
3.305266783450692310e+05
3.292228806322608143e+05
3.280125753003946738e+05
3.268993277684400091e+05
3.258789110507033183e+05
3.249381270381929353e+05
3.240555283027737169e+05
3.232039892894359073e+05
3.223545266057535773e+05
3.214804737087624380e+05
3.205611770407372387e+05
3.195846929958089604e+05
3.185493004289617529e+05
3.174638117541372194e+05
3.163466402916287770e+05
3.152235059976520715e+05
3.141237343289354467e+05
3.130754188615046442e+05
3.121001799967867555e+05
3.112086143808116321e+05
3.103975516727614449e+05
3.096498394416508963e+05
3.089367076323068468e+05
3.082221068817522610e+05
3.074680311068402953e+05
3.066398189242579974e+05
3.057106794829437276e+05
3.046650021006989409e+05
3.035002226783542428e+05
3.022271072026507463e+05
3.008683735605048132e+05
2.994557324608835625e+05
2.980257237509613042e+05
2.966150595939445193e+05
2.952563825749952812e+05
2.939752566568118636e+05
2.927888133936176309e+05
2.917059116068857838e+05
2.907281671161186532e+05
2.898509856372221839e+05
2.890638852164467098e+05
2.883498614827257697e+05
2.876841323686671676e+05
2.870330515455102432e+05
2.863541089999162359e+05
2.855976873982475954e+05
2.847107204212633078e+05
2.836418244101306773e+05
2.823470783962419373e+05
2.807955403103657882e+05
2.789737782195698819e+05
2.768889997630679864e+05
2.745705839412298519e+05
2.720698502777945250e+05
2.694577916311454028e+05
2.668204269714727998e+05
2.642515940078425920e+05
2.618434808186531300e+05
2.596758898315494298e+05
2.578058826912774239e+05
2.562597779886815988e+05
2.550292715285356680e+05
2.540727168790512369e+05
2.533215331319807738e+05
2.526906062351157889e+05
2.520907318375153409e+05
2.514408221666493337e+05
2.506778205231000902e+05
2.497629315490981389e+05
2.486836704007164517e+05
2.474521064777621941e+05
2.461003080285354517e+05
2.446742556844608625e+05
2.432273823260520294e+05
2.418145279566038807e+05
2.404866588763418258e+05
2.392863783054463856e+05
2.382441636813253863e+05
2.373753961434266530e+05
2.366784785807423468e+05
2.361344964360380836e+05
2.357088231374350144e+05
2.353547799904957064e+05
2.350190223965196055e+05
2.346479093863878807e+05
2.341938805334356439e+05
2.336208866927266063e+05
2.329081614866024756e+05
2.320519657851228840e+05
2.310652667413807358e+05
2.299755564258350059e+05
2.288211701054938894e+05
2.276465664330630971e+05
2.264971090491745272e+05
2.254139337460840179e+05
2.244294644694195595e+05
2.235640332697434060e+05
2.228238841752902081e+05
2.222006589256910374e+05
2.216723359547859291e+05
2.212055414750022464e+05
2.207591289307936968e+05
2.202888510730018315e+05
2.197527722917436913e+05
2.191168096805118839e+05
2.183595569807999418e+05
2.174754801807540352e+05
2.164757765342514031e+05
2.153866473215781152e+05
2.142453118075591046e+05
2.130945797977600596e+05
2.119770248081594473e+05
2.109296953937443614e+05
2.099799491747058055e+05
2.091425736054367735e+05
2.084180573585858801e+05
2.077917987778359966e+05
2.072341594215791556e+05
2.067014704341327597e+05
2.061382357546162093e+05
2.054807616905390751e+05
2.046622752867535164e+05
2.036193351821659016e+05
2.022990614966294088e+05
2.006664630575225456e+05
1.987109415177830670e+05
1.964509255426631134e+05
1.939355869140368886e+05
1.912427914270559850e+05
1.884728991237797018e+05
1.857387321537975513e+05
1.831528461404303962e+05
1.808139551308658265e+05
1.787947377888050105e+05
1.771331380782819178e+05
1.758286595681214822e+05
1.748441900485725200e+05
1.741128400687456306e+05
1.735484065542535100e+05
1.730575744453899388e+05
1.725519084483708430e+05
1.719579980872018496e+05
1.712246552721604821e+05
1.703266609510059061e+05
1.692650892917643650e+05
1.680646379321328714e+05
1.667686483125745435e+05
1.654326276924995473e+05
1.641171073904237128e+05
1.628806100514413265e+05
1.617733723372294335e+05
1.608323052155373443e+05
1.600775050691023935e+05
1.595104833525222784e+05
1.591141699360516795e+05
1.588546516547325882e+05
1.586845066427737474e+05
1.585474691137325717e+05
1.583840160009191313e+05
1.581373394123299222e+05
1.577590984862683399e+05
1.572143571572123619e+05
1.564852076456552604e+05
1.555727249408323260e+05
1.544970595614915364e+05
1.532956312367868377e+05
1.520195330371088930e+05
1.507284069828628562e+05
1.494842189675671107e+05
1.483445341073924501e+05
1.473560384910583380e+05
1.465491178461972158e+05
1.459342403537499194e+05
1.455006808827015338e+05
1.452177924867856782e+05
1.450386454394091561e+05
1.449055036599335144e+05
1.447563733826421085e+05
1.445317820181405405e+05
1.441810179142576817e+05
1.436672323682641727e+05
1.429710041264032188e+05
1.420921372879560804e+05
1.410495849496954470e+05
1.398794809174000402e+05
1.386313615657830378e+05
1.373628078253089043e+05
1.361329443343344028e+05
1.349954699848541641e+05
1.339920962621093495e+05
1.331473553706540552e+05
1.324656412470913783e+05
1.319310401618160249e+05
1.315100358303937246e+05
1.311566417512412590e+05
1.308190592486384703e+05
1.304467070457379596e+05
1.299964794146613567e+05
1.294373438526842947e+05
1.287527945540597138e+05
1.279411141667598276e+05
1.270137591479705006e+05
1.259924133810709609e+05
1.249053374430551630e+05
1.237835970433145703e+05
1.226576216352099727e+05
1.215543700640959141e+05
1.204952145747298346e+05
1.194945404180957121e+05
1.185590155954128422e+05
1.176875002673773852e+05
1.168715967293043504e+05
1.160968432661101106e+05
1.153445064821901178e+05
1.145938394291271979e+05
1.138245818873013195e+05
1.130194156321423798e+05
1.121660609614511923e+05
1.112587039572760696e+05
1.102984749527100066e+05
1.092927777731724782e+05
1.082534306092459155e+05
1.071938366521263815e+05
1.061257131061837717e+05
1.050561642612564319e+05
1.039859548224367463e+05
1.029096319815241150e+05
1.018176698641801195e+05
1.007001984704047936e+05
9.955133809397200821e+04
9.837288928962980572e+04
9.717623670111293904e+04
9.598178731484296441e+04
9.481593549491690646e+04
9.370622486315875722e+04
9.267587102893489646e+04
9.173899754954644595e+04
9.089778630876111856e+04
9.014229807197973423e+04
8.945308331629156601e+04
8.880601934099767823e+04
8.817823580837185727e+04
8.755367461580604140e+04
8.692686934960511280e+04
8.630393545349941996e+04
8.570044135073249345e+04
8.513660504792442953e+04
8.463092226075116196e+04
8.419371123788309342e+04
8.382207614573120372e+04
8.349746751482621767e+04
8.318645500377412827e+04
8.284465976692193362e+04
8.242315428984844766e+04
8.187613954884739360e+04
8.116844047735053755e+04
8.028137868815437832e+04
7.921589970597707725e+04
7.799240119202439382e+04
7.664740942008158891e+04
7.522791418441521819e+04
7.378462605432402052e+04
7.236555043963754724e+04
7.101106654457234254e+04
6.975124656413435878e+04
6.860560753123459290e+04
6.758501228804291168e+04
6.669512560758978361e+04
6.594069815557530092e+04
6.532993436590497731e+04
6.487821632816431520e+04
6.461045402748673951e+04
6.456133418988002086e+04
6.477283778081127821e+04
6.528870798687796196e+04
6.614614605839295837e+04
6.736584041551950213e+04
6.894228974254395871e+04
7.083694185328959429e+04
7.297661069733896875e+04
7.525877476039332396e+04
7.756379417527640180e+04
7.977220409344164364e+04
8.178363621699082432e+04
8.353316018508470734e+04
8.500124450306501240e+04
8.621504143186868168e+04
8.724084888512085308e+04
8.816973007883754326e+04
8.909975121200676949e+04
9.011875843793594686e+04
9.129104456305227359e+04
9.264995224799227435e+04
9.419688538457194227e+04
9.590580062935269962e+04
9.773132780298474245e+04
9.961832747388596181e+04
1.015108758106378809e+05
1.033592110625231580e+05
1.051238936482361605e+05
1.067771500964138977e+05
1.083019536062939442e+05
1.096897469260311918e+05
1.109377916257201578e+05
1.120469457434941141e+05
1.130203071875875903e+05
1.138627412479200430e+05
1.145809774449422694e+05
1.151838155236182502e+05
1.156820459985827765e+05
1.160879058134358784e+05
1.164141416231796757e+05
1.166729341139978060e+05
1.168749917101899919e+05
1.170290627302006906e+05
1.171419956470336474e+05
1.172193519484345597e+05
1.172664698894008179e+05
1.172897859407167998e+05
1.172981365147670876e+05
1.173037014431806456e+05
1.173222549354105286e+05
1.173725019727226609e+05
1.174745031926167430e+05
1.176474741657884006e+05
1.179074828559193556e+05
1.182656561703476327e+05
1.187273873028235976e+05
1.192927375417661096e+05
1.199578535043351876e+05
1.207169107400689682e+05
1.215639589867887698e+05
1.224941230795671581e+05
1.235038630383491254e+05
1.245903149854954099e+05
1.257500071727175819e+05
1.269773912742773828e+05
1.282636234770297160e+05
1.295959018211408693e+05
1.309574777638184169e+05
1.323282805428437714e+05
1.336859785021538555e+05
1.350072798950989090e+05
1.362693377435601433e+05
1.374512228520757053e+05
1.385354968689843663e+05
1.395098923580580740e+05
1.403689742097958224e+05
1.411154697705548897e+05
1.417608215010565473e+05
1.423245452541715058e+05
1.428322142195371562e+05
1.433122732427224983e+05
1.437922718285224109e+05
1.442953190885375661e+05
1.448375107581787743e+05
1.454267795905000239e+05
1.460632081406228535e+05
1.467404879400033096e+05
1.474480320277840365e+05
1.481732649515285448e+05
1.489037465556768002e+05
1.496289215683869552e+05
1.503413563593194704e+05
1.510373374174684868e+05
1.517167329369665240e+05
1.523821265722438402e+05
1.530374248683107726e+05
1.536863413793182699e+05
1.543312560725518852e+05
1.549728557551829435e+05
1.556106867494186445e+05
1.562443965720929846e+05
1.568751547478088469e+05
1.575066452080176969e+05
1.581451537987794145e+05
1.587985829064401332e+05
1.594746006847498647e+05
1.601784539117749082e+05
1.609111478494651965e+05
1.616686742292589624e+05
1.624427450217076985e+05
1.632231035170344694e+05
1.640010178835244442e+05
1.647731372066113981e+05
1.655446435711932136e+05
1.663306758851791674e+05
1.671553636938037816e+05
1.680484153498721425e+05
1.690398804582430457e+05
1.701542367458727676e+05
1.714051617912516231e+05
1.727921747794187104e+05
1.742998407768934849e+05
1.758995907724031713e+05
1.775536269262344576e+05
1.792200096807574737e+05
1.808579221788033319e+05
1.824322421383255569e+05
1.839168287023614976e+05
1.852962527310329315e+05
1.865659938340248773e+05
1.877313604892162548e+05
1.888055417751588684e+05
1.898072516337930865e+05
1.907583639408915769e+05
1.916817701096356905e+05
1.925994783968486590e+05
1.935308129680577258e+05
1.944905553066303255e+05
1.954870336567880586e+05
1.965204440398051520e+05
1.975819349541516858e+05
1.986540503526914108e+05
1.997129160122537869e+05
2.007321106373246585e+05
2.016876367312938382e+05
2.025629962459938251e+05
2.033532395632694243e+05
2.040670443080063560e+05
2.047263248870726966e+05
2.053634270778950595e+05
2.060164627613875491e+05
2.067236696224487969e+05
2.075177913520947332e+05
2.084213815958715277e+05
2.094436936316240171e+05
2.105794935438731627e+05
2.118097920114007138e+05
2.131041900116269535e+05
2.144243337913081050e+05
2.157279161326395988e+05
2.169727498901560903e+05
2.181206282493528270e+05
2.191408780373734480e+05
2.200135991615211242e+05
2.207324994739786489e+05
2.213070041467460687e+05
2.217630623948833672e+05
2.221419639965165406e+05
2.224966562005783780e+05
2.228855526173209946e+05
2.233645378711642406e+05
2.239785632542387466e+05
2.247546297739373695e+05
2.256978658446520567e+05
2.267917855497330020e+05
2.280028086900867929e+05
2.292880351503449783e+05
2.306044415913552511e+05
2.319173772091151914e+05
2.332065630769013951e+05
2.344686126239589648e+05
2.357160872299469193e+05
2.369739328431052854e+05
2.382745586106310366e+05
2.396527568468560639e+05
2.411412642384020728e+05
2.427672787782398227e+05
2.445499072646144486e+05
2.464984264597351139e+05
2.486113392798570276e+05
2.508763362185036822e+05
2.532712782124862133e+05
2.557661459116402257e+05
2.583256245439999038e+05
2.609117675557175244e+05
2.634861534529975615e+05
2.660111774559511687e+05
2.684505359404886258e+05
2.707693974721516133e+05
2.729350065332112717e+05
2.749183876018442679e+05
2.766973908081401605e+05
2.782606856208709651e+05
2.796117219571776222e+05
2.807714081123964861e+05
2.817784569888710394e+05
2.826869766835049377e+05
2.835616779171392554e+05
2.844716982855561655e+05
2.854842415892843856e+05
2.866589587401989265e+05
2.880434573755442398e+05
2.896698525026247371e+05
2.915521311655454338e+05
2.936843518148287549e+05
2.960401353804516257e+05
2.985741982887909980e+05
3.012265580425516237e+05
3.039294610600312008e+05
3.066162464023492066e+05
3.092306219497033744e+05
3.117345131393345655e+05
3.141128844721826608e+05
3.163746314787612064e+05
3.185495290687252418e+05
3.206820034032371477e+05
3.228229692715314450e+05
3.250211042403365718e+05
3.273148104243280250e+05
3.297258892787660006e+05
3.322557236403701827e+05
3.348845282229048898e+05
3.375739229367229273e+05
3.402726299096678267e+05
3.429245051161476295e+05
3.454775211708634160e+05
3.478919367241617292e+05
3.501459236790916766e+05
3.522374537223597290e+05
3.541821587027779897e+05
3.560078987244336749e+05
3.577475624768637354e+05
3.594319319159164443e+05
3.610841991973118274e+05
3.627170653552425792e+05
3.643325499443369918e+05
3.659239800509672496e+05
3.674792799085227307e+05
3.689846643664385192e+05
3.704280382073022774e+05
3.718016637493818416e+05
3.731038703618720174e+05
3.743397152771257097e+05
3.755206045157951303e+05
3.766629940900653019e+05
3.777864223171261838e+05
3.789112305386117077e+05
3.800563513678975869e+05
3.812374553376443801e+05
3.824655891599038732e+05
3.837463028532573953e+05
3.850792326134381583e+05
3.864581937641274417e+05
3.878719591073043412e+05
3.893059129924045992e+05
3.907445785421387409e+05
3.921746396048882161e+05
3.935876927867121994e+05
3.949818111317512230e+05
3.963612489000743371e+05
3.977342366239797557e+05
3.991095575426132418e+05
4.004931046941654058e+05
4.018856234990597586e+05
4.032823265736022149e+05
4.046742793909050524e+05
4.060507934965640306e+05
4.074018482261890895e+05
4.087198573088485282e+05
4.100006809145960724e+05
4.112442798089562566e+05
4.124555065371844103e+05
4.136451676367209293e+05
4.148308957390838186e+05
4.160369263134632492e+05
4.172919081648047431e+05
4.186244705695289304e+05
4.200572009977066773e+05
4.216005353399716550e+05
4.232484174569856841e+05
4.249772494378736010e+05
4.267487365258951322e+05
4.285160865694496315e+05
4.302320830878336565e+05
4.318571255857410142e+05
4.333654977124142461e+05
4.347487324983841972e+05
4.360157248738092603e+05
4.371899458023374318e+05
4.383046013966336031e+05
4.393968325558101060e+05
4.405021014299776289e+05
4.416497866678687860e+05
4.428607064624969498e+05
4.441468104349813657e+05
4.455126976266422425e+05
4.469580879069243092e+05
4.484801037270766683e+05
4.500743602987207123e+05
4.517344132122728042e+05
4.534498831766088260e+05
4.552042530848867609e+05
4.569736126382053480e+05
4.587273711436819867e+05
4.604312675621445524e+05
4.620521728504279745e+05
4.635635540182861732e+05
4.649502897483939887e+05
4.662118086607243749e+05
4.673630650231999462e+05
4.684333853102150024e+05
4.694635028534234734e+05
4.705011284613101161e+05
4.715953460180628463e+05
4.727901923029542668e+05
4.741180853431288269e+05
4.755941979355188669e+05
4.772131499064176460e+05
4.789492208769417484e+05
4.807605565060872468e+05
4.825967378314168309e+05
4.844080210034311167e+05
4.861539850198836648e+05
4.878095074635933270e+05
4.893668586346725351e+05
4.908339105776643846e+05
4.922295341232874780e+05
4.935778395690575708e+05
4.949028819035515771e+05
4.962249290006369702e+05
4.975586627516084118e+05
4.989130402962978114e+05
5.002921743837818503e+05
5.016965415206014877e+05
5.031240152105808957e+05
5.045705123137474293e+05
5.060303065033230232e+05
5.074962318248861120e+05
5.089600602882979438e+05
5.104133120741519961e+05
5.118486609915941954e+05
5.132619224045723677e+05
5.146543443733996828e+05
5.160346012391825789e+05
5.174196321907424717e+05
5.188334559913584380e+05
5.203034746554679004e+05
5.218545487919305451e+05
5.235020629921622458e+05
5.252459131797197042e+05
5.270674556776793906e+05
5.289307878492616583e+05
5.307884493575749220e+05
5.325902087414821144e+05
5.342925990170345176e+05
5.358666888051894493e+05
5.373022653587009991e+05
5.386078368214948568e+05
5.398071095752234105e+05
5.409334012669780059e+05
5.420236174725665478e+05
5.431130692219615448e+05
5.442318464948553592e+05
5.454029761211615987e+05
5.466422910948769422e+05
5.479597411912260577e+05
5.493616370499223704e+05
5.508530026212207740e+05
5.524389655458924826e+05
5.541242083572169067e+05
5.559101178839267232e+05
5.577903107503647916e+05
5.597462636806708761e+05
5.617452717149456730e+05
5.637424875286561437e+05
5.656873870920122135e+05
5.675331869976859307e+05
5.692463221780945314e+05
5.708127888054137584e+05
5.722391956025821855e+05
5.735483503545202548e+05
5.747712807418378070e+05
5.759388377089891583e+05
5.770759226825162768e+05
5.782000111913660076e+05
5.793236767432099441e+05
5.804591516941636801e+05
5.816223086019752081e+05
5.828340101676735794e+05
5.841181922350293025e+05
5.854975879412667127e+05
5.869889574101571925e+05
5.885996886141545838e+05
5.903268026148901554e+05
5.921582312351561850e+05
5.940753307458078489e+05
5.960553349527723622e+05
5.980728491751648253e+05
6.001002377689714776e+05
6.021074434501611395e+05
6.040620923343863105e+05
6.059306166961716954e+05
6.076807088153293589e+05
6.092849254100471735e+05
6.107248672519220272e+05
6.119951367034630384e+05
6.131062289963858202e+05
6.140856264509898610e+05
6.149766314901165897e+05
6.158348709843185497e+05
6.167228552082864335e+05
6.177033520862881560e+05
6.188325189413244370e+05
6.201536777392624645e+05
6.216923980125786038e+05
6.234533060387605801e+05
6.254188828756600851e+05
6.275504520552164176e+05
6.297914864061246626e+05
6.320731577407806180e+05
6.343216787576857023e+05
6.364665518532150891e+05
6.384485437704031356e+05
6.402262135235047899e+05
6.417801534164854093e+05
6.431146122343254974e+05
6.442566289940797724e+05
6.452530455186240142e+05
6.461657719129431061e+05
6.470655868053103331e+05
6.480247507524457760e+05
6.491089054897874594e+05
6.503690795410359278e+05
6.518349465410043485e+05
6.535105801423834637e+05
6.553736964092979906e+05
6.573787961142277345e+05
6.594638702523049433e+05
6.615596213430298958e+05
6.635996591327463975e+05
6.655299496649457142e+05
6.673159439633300062e+05
6.689462392078211997e+05
6.704322500837305561e+05
6.718040894725300604e+05
6.731035576523137279e+05
6.743756895321263000e+05
6.756605905042600352e+05
6.769872201829762198e+05
6.783703413175491150e+05
6.798111038313617464e+05
6.813008330467768246e+05
6.828267566485230345e+05
6.843778800729278009e+05
6.859492001153388992e+05
6.875429962237515720e+05
6.891669314305940643e+05
6.908298153000954771e+05
6.925367183997690445e+05
6.942853362307101488e+05
6.960649672087841900e+05
6.978583959139080252e+05
6.996458128755372018e+05
7.014091622225027531e+05
7.031353042220398784e+05
7.048170748986492399e+05
7.064523485815261956e+05
7.080420496448482154e+05
7.095883320096330717e+05
7.110937831808035262e+05
7.125617773722594138e+05
7.139974247308612103e+05
7.154082864540244918e+05
7.168042422921137186e+05
7.181964325037840754e+05
7.195957340984961484e+05
7.210114919466797728e+05
7.224510963012826396e+05
7.239205603619476315e+05
7.254257190797938965e+05
7.269732925317920744e+05
7.285710224483761704e+05
7.302264541752890218e+05
7.319445815167893888e+05
7.337252251162154134e+05
7.355613400207429659e+05
7.374392071010856889e+05
7.393406773291198770e+05
7.412466418300800724e+05
7.431402157045499189e+05
7.450081841307866853e+05
7.468401332534468966e+05
7.486259763529897900e+05
7.503535940037266118e+05
7.520084248277990846e+05
7.535759128862097859e+05
7.550461654220471391e+05
7.564188111628553597e+05
7.577056371095679933e+05
7.589294140693788650e+05
7.601190484065748751e+05
7.613029918603190454e+05
