6.103235121484008851e+05
6.090423714563404210e+05
6.079647272078876849e+05
6.070313269304756541e+05
6.061736431223343825e+05
6.053268573495527962e+05
6.044401734915581765e+05
6.034821879632831551e+05
6.024407558859892888e+05
6.013185622914922424e+05
6.001267450520237908e+05
5.988790087200129637e+05
5.975877840470647207e+05
5.962626477563169319e+05
5.949101311239138013e+05
5.935337400644364534e+05
5.921335458275397541e+05
5.907056574664453510e+05
5.892425916635094909e+05
5.877355021341014653e+05
5.861783665581933456e+05
5.845729997069147648e+05
5.829328677456583828e+05
5.812836856291104341e+05
5.796598001382586081e+05
5.780969857068590354e+05
5.766237809571173275e+05
5.752541871951797511e+05
5.739841243608810473e+05
5.727926892072188202e+05
5.716475739278632682e+05
5.705126806317528244e+05
5.693555041308730142e+05
5.681523452963008313e+05
5.668905422077766852e+05
5.655681118722055107e+05
5.641919543112405809e+05
5.627758176473191706e+05
5.613386549786441028e+05
5.599032118168125162e+05
5.584941449082667241e+05
5.571350125671208370e+05
5.558440964325572131e+05
5.546298922755785752e+05
5.534877548751115100e+05
5.523991954736573389e+05
5.513346065463339910e+05
5.502589928233670071e+05
5.491391353868368315e+05
5.479500265056296485e+05
5.466786599995935103e+05
5.453242463592061540e+05
5.438952274351619417e+05
5.424045583559977822e+05
5.408651906469775131e+05
5.392873993904219242e+05
5.376787246705618454e+05
5.360462210454053711e+05
5.343998376881714212e+05
5.327553726638968801e+05
5.311356386820113985e+05
5.295691247929006349e+05
5.280862881747521460e+05
5.267143773838616908e+05
5.254721414880490629e+05
5.243657983605446061e+05
5.233872361088695470e+05
5.225147478546875645e+05
5.217158828326596995e+05
5.209514834331811289e+05
5.201798435028303647e+05
5.193601946996109909e+05
5.184552600574442768e+05
5.174331456764549948e+05
5.162691144647770561e+05
5.149476734042459866e+05
5.134649779913184466e+05
5.118310431458721287e+05
5.100709149686609162e+05
5.082239711588394712e+05
5.063408805976098520e+05
5.044783214820242720e+05
5.026921342103471979e+05
5.010300062903998187e+05
4.995249642748294282e+05
4.981908612178888870e+05
4.970207173988696886e+05
4.959882500398642733e+05
4.950523122681052191e+05
4.941633979138460127e+05
4.932710144795465749e+05
4.923306830337969586e+05
4.913095748924007639e+05
4.901902030128145707e+05
4.889719604103309102e+05
4.876705039649395621e+05
4.863150237681098515e+05
4.849434575054518064e+05
4.835958919090037234e+05
4.823068304689130164e+05
4.810975971709077712e+05
4.799706074818673660e+05
4.789072390824502218e+05
4.778703886854508892e+05
4.768116076755520189e+05
4.756813562155085965e+05
4.744399181719021290e+05
4.730662758801268064e+05
4.715628415317815379e+05
4.699551242849879200e+05
4.682867232102628914e+05
4.666110512707433663e+05
4.649816997923014569e+05
4.634433729052973795e+05
4.620250186962297885e+05
4.607363066242750501e+05
4.595680056484474917e+05
4.584961043278175639e+05
4.574887271955024917e+05
4.565141995895669679e+05
4.555482377782188123e+05
4.545783959133051685e+05
4.536046184685945627e+05
4.526358368973966572e+05
4.516836688957415172e+05
4.507550775991269620e+05
4.498461088710583863e+05
4.489385226843417622e+05
4.480004019856238738e+05
4.469908636325864354e+05
4.458680141537742456e+05
4.445984654266473954e+05
4.431662129713443574e+05
4.415786286726948456e+05
4.398678228547187173e+05
4.380866567075807834e+05
4.363000279617935303e+05
4.345733447554895538e+05
4.329609270823143306e+05
4.314971230270366068e+05
4.301921400864125462e+05
4.290332127277012914e+05
4.279902219061087817e+05
4.270237614144976833e+05
4.260932615142433788e+05
4.251631876038086484e+05
4.242062821935742977e+05
4.232038859562864527e+05
4.221441526742457063e+05
4.210192528932681307e+05
4.198224923707311973e+05
4.185458969744537026e+05
4.171785127478840877e+05
4.157055913306078874e+05
4.141089325485143345e+05
4.123687431479134830e+05
4.104672316913955146e+05
4.083937073537072283e+05
4.061502937242563930e+05
4.037567782409896026e+05
4.012529037163227913e+05
3.986967710984158912e+05
3.961589450812018476e+05
3.937130831550778239e+05
3.914250357132651843e+05
3.893429778436134220e+05
3.874909806935786037e+05
3.858675291817673133e+05
3.844491337746691424e+05
3.831978218965185806e+05
3.820703710421271971e+05
3.810269213326015742e+05
3.800370751816516859e+05
3.790825171599013847e+05
3.781562165456071380e+05
3.772590891749253497e+05
3.763954102930834633e+05
3.755682672504024813e+05
3.747760304019931355e+05
3.740103739090583404e+05
3.732559592288954882e+05
3.724916087115664268e+05
3.716926678864847636e+05
3.708342284803679795e+05
3.698948649617164629e+05
3.688604468124887208e+05
3.677274171711651725e+05
3.665047533490355709e+05
3.652137779636882478e+05
3.638851885728122434e+05
3.625531540927878232e+05
3.612470130026938277e+05
3.599818398496729787e+05
3.587497302002960932e+05
3.575139186004807707e+05
3.562076688673979952e+05
3.547392064066777821e+05
3.530028323807801935e+05
3.508949310010620975e+05
3.483321682833433733e+05
3.452682125528831966e+05
3.417051981961123529e+05
3.376971142026234302e+05
3.333441758706130786e+05
3.287795000621696236e+05
3.241513085597818717e+05
3.196047744442454423e+05
3.152672226617724518e+05
3.112389220020764042e+05
3.075897862055936712e+05
3.043606761603353661e+05
3.015671934555597254e+05
2.992039971957881353e+05
2.972484763732321444e+05
2.956635721196768573e+05
2.944002182160887751e+05
2.934000449658602010e+05
2.925987431893949979e+05
2.919300614673056407e+05
2.913300692427873728e+05
2.907411956867185654e+05
2.901156281222949037e+05
2.894178104389847722e+05
2.886259141276396113e+05
2.877322275860685040e+05
2.867424579552000505e+05
2.856740137014390202e+05
2.845534440625792486e+05
2.834133076016184059e+05
2.822887642316027777e+05
2.812141118838008260e+05
2.802193711435995065e+05
2.793269585748804384e+05
2.785485655073179514e+05
2.778825738204193185e+05
2.773125883255131193e+05
2.768077790080363629e+05
2.763255650331486831e+05
2.758167097356891027e+05
2.752322540829041391e+05
2.745311237170007080e+05
2.736869349392008735e+05
2.726926271593091660e+05
2.715620290545221069e+05
2.703281457892100443e+05
2.690386039021104225e+05
2.677491309951230651e+05
2.665161228732723393e+05
2.653893222677732119e+05
2.644055120003608172e+05
2.635839893029971281e+05
2.629244343666653731e+05
2.624075494243153371e+05
2.619984644008933101e+05
2.616523987084894034e+05
2.613215577611443005e+05
2.609619118368728668e+05
2.605385121076035721e+05
2.600283880090584571e+05
2.594207363284962776e+05
2.587148386604527768e+05
2.579166928230346821e+05
2.570355537750037911e+05
2.560814198147181887e+05
2.550640644368406502e+05
2.539936675857913215e+05
2.528826079755601822e+05
2.517476565652584832e+05
2.506117074669555877e+05
2.495042843669891299e+05
2.484603191562357533e+05
2.475170524046063656e+05
2.467092923068406235e+05
2.460636379784715537e+05
2.455925779450875416e+05
2.452895649925753532e+05
2.451261845804892655e+05
2.450523173178641009e+05
2.449997216283594607e+05
2.448887819015950954e+05
2.446374312933205802e+05
2.441706923161308514e+05
2.434290999224071275e+05
2.423745833129771636e+05
2.409930988463642134e+05
2.392941677473931632e+05
2.373081524972225889e+05
2.350823627491543884e+05
2.326768720698134275e+05
2.301604208430962462e+05
2.276062691301793384e+05
2.250876104805249779e+05
2.226722788545440126e+05
2.204169031880192051e+05
2.183611802949843404e+05
2.165233106842572452e+05
2.148977089556929714e+05
2.134558195145583595e+05
2.121503153856453719e+05
2.109222820599115512e+05
2.097103587648426183e+05
2.084603732907738595e+05
2.071338613675193046e+05
2.057140407194679428e+05
2.042082753049085150e+05
2.026467136625791318e+05
2.010774711988335475e+05
1.995592989985332242e+05
1.981530258148433932e+05
1.969131236838380282e+05
1.958805518080165202e+05
1.950776592799043283e+05
1.945054913227312209e+05
1.941434646096521465e+05
1.939511403976093861e+05
1.938717523711751273e+05
1.938371877327428083e+05
1.937741691705921548e+05
1.936113328969632275e+05
1.932866959788430831e+05
1.927547093451672117e+05
1.919918475560134684e+05
1.909996636508347292e+05
1.898045402256434318e+05
1.884539645110361744e+05
1.870098780581800966e+05
1.855402666248515015e+05
1.841104654720364779e+05
1.827755804039268696e+05
1.815750254375964287e+05
1.805296101643925067e+05
1.796410523520396964e+05
1.788933829158576264e+05
1.782555231229213532e+05
1.776843571727424569e+05
1.771278571478093218e+05
1.765281595052791236e+05
1.758248234502978739e+05
1.749586857316186070e+05
1.738766562477215193e+05
1.725374514138586237e+05
1.709177324617698323e+05
1.690175981461729389e+05
1.668640975455477892e+05
1.645115336859291128e+05
1.620378410930638493e+05
1.595371117997269903e+05
1.571091905939598801e+05
1.548479253518277255e+05
1.528299724493874528e+05
1.511059607141756569e+05
1.496953615867002518e+05
1.485857294492610963e+05
1.477362287663351162e+05
1.470847046553905238e+05
1.465570845095495752e+05
1.460776636431846127e+05
1.455788190628521843e+05
1.450088750212821469e+05
1.443371691273151664e+05
1.435557996742062096e+05
1.426780310370502702e+05
1.417338337298542028e+05
1.407634563878806948e+05
1.398101823565285595e+05
1.389134576604995236e+05
1.381033919667283772e+05
1.373972917678648082e+05
1.367984796235380636e+05
1.362972715673719649e+05
1.358736798082097957e+05
1.355012008232023218e+05
1.351509498324745218e+05
1.347954261277572659e+05
1.344113520975328574e+05
1.339813057911960059e+05
1.334941967633117456e+05
1.329449122595701483e+05
1.323335847935563652e+05
1.316648619878735044e+05
1.309473434021910798e+05
1.301931040196552349e+05
1.294170752505793062e+05
1.286360691105177830e+05
1.278673874890597217e+05
1.271271636005028413e+05
1.264287289418923174e+05
1.257813197513973428e+05
1.251893339500306029e+05
1.246521819516816176e+05
1.241646221277930599e+05
1.237173952404273296e+05
1.232979912486268731e+05
1.228914723811998556e+05
1.224813853849739535e+05
1.220508652575209417e+05
1.215840229790948360e+05
1.210676164502486790e+05
1.204928607167237351e+05
1.198570981662500853e+05
1.191649769902698754e+05
1.184288049422136537e+05
1.176678471416878456e+05
1.169064890505167568e+05
1.161713563534044952e+05
1.154876570422713994e+05
1.148751856102671445e+05
1.143445939479399240e+05
1.138946466930270981e+05
1.135111699191861262e+05
1.131682045943342382e+05
1.128314757893403148e+05
1.124637558601006313e+05
1.120311826133005525e+05
1.115092653403832082e+05
1.108873000425129430e+05
1.101702452378173475e+05
1.093776906686666480e+05
1.085402109297802381e+05
1.076939458750008780e+05
1.068745503946637327e+05
1.061116594977821514e+05
1.054247677353753679e+05
1.048210373884737492e+05
1.042951551939504570e+05
1.038310459659817425e+05
1.034050537240068079e+05
1.029900892713470676e+05
1.025601668824503286e+05
1.020946834727803216e+05
1.015817537252554757e+05
1.010199689599034900e+05
1.004181600413714477e+05
9.979312498810359102e+04
9.916575589876301819e+04
9.855642530126718339e+04
9.798071653320729092e+04
9.744651243145421904e+04
9.695310099104139954e+04
9.649242667304254428e+04
9.605207826700512669e+04
9.561921555426955456e+04
9.518449002728909545e+04
9.474511444270843640e+04
9.430651099459639227e+04
9.388230783056298969e+04
9.349275211709199357e+04
9.316179812240882893e+04
9.291320112550962949e+04
9.276594619774889725e+04
9.272934022793742770e+04
9.279816816510843637e+04
9.294849236122582806e+04
9.313492077210717252e+04
9.329037435596105934e+04
9.332938525383196247e+04
9.315560291484584741e+04
9.267341044970649818e+04
9.180245059358161234e+04
9.049270158536640520e+04
8.873692452626836894e+04
8.657721523977538163e+04
8.410325209678671672e+04
8.144155045307612454e+04
7.873720157873049902e+04
7.613156249846998253e+04
7.374054671752059949e+04
7.163814874628795951e+04
6.984860015076257696e+04
6.834846527792238339e+04
6.707764897824582295e+04
6.595634652019254281e+04
6.490388909372574562e+04
6.385541214035324811e+04
6.277318625211589097e+04
6.165096896986661886e+04
6.051142808643195167e+04
5.939814218411598267e+04
5.836460585888688365e+04
5.746292580106954847e+04
5.673453540943636472e+04
5.620446907319850288e+04
5.587978932407505636e+04
5.575190984942221257e+04
5.580197616863744770e+04
5.600819013558861479e+04
5.635390407960408629e+04
5.683531310323337675e+04
5.746752277430199319e+04
5.828766684122605511e+04
5.935374269297630235e+04
6.073815193152250140e+04
6.251576313582519651e+04
6.474764402017336397e+04
6.746315469458102598e+04
7.064433200540265534e+04
7.421684930875214923e+04
7.805092655106556776e+04
8.197343021760963893e+04
8.578956716937056626e+04
8.930991293740201218e+04
9.237692839354342141e+04
9.488518590636926820e+04
9.679125246709759813e+04
9.811198423079567146e+04
9.891294039751154196e+04
9.929080019573977916e+04
9.935448924407403683e+04
9.920913410263419792e+04
9.894537838640541304e+04
9.863467061741545331e+04
9.832950776508160925e+04
9.806668977267589071e+04
9.787149863288922643e+04
9.776118979876537924e+04
9.774696785221237224e+04
9.783440371888397203e+04
9.802281776617521245e+04
9.830440649145437055e+04
9.866384708196509746e+04
9.907886471389101644e+04
9.952191136391025793e+04
9.996279042077854683e+04
1.003718397176125436e+05
1.007231820473012776e+05
1.009975542265390395e+05
1.011843024145336094e+05
1.012822540691249305e+05
1.012993306466732756e+05
1.012509450990436744e+05
1.011574252749758598e+05
1.010408908760320483e+05
1.009221397296902724e+05
1.008181162748604256e+05
1.007404110508533195e+05
1.006949900874637242e+05
1.006830435983485804e+05
1.007025718729983200e+05
1.007501848679842660e+05
1.008226291823673673e+05
1.009177543726995209e+05
1.010349101042857947e+05
1.011750130179122789e+05
1.013406336995666061e+05
1.015363779767931555e+05
1.017695981047193636e+05
1.020511668835905293e+05
1.023958191674411792e+05
1.028215324403633131e+05
1.033476320150079118e+05
1.039917162058972463e+05
1.047659607652887207e+05
1.056736984590064239e+05
1.067072306462023116e+05
1.078475623182880081e+05
1.090662344483009947e+05
1.103288341642080923e+05
1.115993067702126573e+05
1.128440382607777719e+05
1.140348703073992219e+05
1.151506609066851233e+05
1.161775211957775900e+05
1.171082330877651839e+05
1.179414489953986777e+05
1.186810917597948719e+05
1.193360332263632299e+05
1.199198159419584845e+05
1.204500446870123560e+05
1.209471641026920988e+05
1.214325944255250652e+05
1.219264879283901973e+05
1.224455608220224822e+05
1.230014721957465372e+05
1.236000666889650602e+05
1.242415425098840642e+05
1.249213543681155134e+05
1.256315044791217369e+05
1.263618619074564485e+05
1.271012679761549225e+05
1.278383664561926707e+05
1.285622519415522693e+05
1.292630884581464343e+05
1.299327979950205481e+05
1.305658008162563638e+05
1.311596827238349651e+05
1.317156285885133839e+05
1.322385037199683138e+05
1.327365415922416723e+05
1.332206520852250105e+05
1.337033765201296192e+05
1.341975143731637218e+05
1.347144879443061945e+05
1.352626250230177538e+05
1.358456891272734792e+05
1.364620774727317621e+05
1.371050420700572140e+05
1.377640406346419477e+05
1.384269649883938546e+05
1.390826741711089562e+05
1.397231262958704028e+05
1.403445270307974715e+05
1.409472475947469648e+05
1.415346739755210292e+05
1.421114705362097011e+05
1.426818627015608654e+05
1.432484430851622892e+05
1.438117494759041001e+05
1.443705680724800914e+05
1.449226965260540892e+05
1.454658293208452815e+05
1.459983071217037796e+05
1.465196447961651138e+05
1.470309288426116400e+05
1.475352690914304112e+05
1.480384601564304903e+05
1.485498741800378775e+05
1.490834356067769113e+05
1.496584005232803756e+05
1.502996265662256046e+05
1.510370708802824665e+05
1.519043496757293178e+05
1.529362906891683815e+05
1.541655057455513161e+05
1.556181458059377619e+05
1.573092220747475512e+05
1.592381752413118083e+05
1.613856493833499262e+05
1.637125081292978721e+05
1.661618684832872532e+05
1.686642973204597074e+05
1.711454735543740389e+05
1.735348641152561468e+05
1.757736065528191393e+05
1.778200065933721489e+05
1.796517798445801309e+05
1.812651113936364418e+05
1.826714081341116980e+05
1.838929961155785713e+05
1.849588985924544977e+05
1.859013696247267944e+05
1.867533232280250231e+05
1.875464313190728426e+05
1.883095670159622387e+05
1.890673858904183144e+05
1.898390214578995947e+05
1.906369962814519240e+05
1.914664798558536859e+05
1.923250067064339528e+05
1.932027690395578102e+05
1.940836311923865287e+05
1.949470183715620951e+05
1.957707236434141523e+05
1.965344210944292718e+05
1.972233392843737674e+05
1.978312928296545870e+05
1.983622509996907320e+05
1.988299105162176129e+05
1.992552660288744955e+05
1.996627527831863263e+05
2.000759585439222283e+05
2.005140173885800177e+05
2.009895802551704401e+05
2.015087998101578269e+05
2.020732325470637588e+05
2.026831105228724482e+05
2.033411747954529128e+05
2.040562213788585213e+05
2.048456515543243731e+05
2.057365690076910832e+05
2.067652485303530411e+05
2.079750509923372592e+05
2.094130350380439195e+05
2.111256016170883086e+05
2.131535190037958673e+05
2.155266635077407700e+05
2.182588445929238515e+05
2.213432137033499021e+05
2.247489662140457658e+05
2.284202232787736866e+05
2.322779498884609493e+05
2.362253828613308724e+05
2.401567048297671136e+05
2.439678013797606982e+05
2.475672153019393736e+05
2.508851916616478411e+05
2.538791335893815267e+05
2.565347290968111192e+05
2.588631075085154735e+05
2.608952320715954411e+05
2.626750694277973380e+05
2.642528888090317487e+05
2.656795501667197095e+05
2.670021368600344285e+05
2.682609841683974955e+05
2.694880788000770845e+05
2.707068292269950616e+05
2.719331610427641426e+05
2.731776875278959633e+05
2.744484012835049652e+05
2.757530983315214398e+05
2.771007570762310061e+05
2.785014182914762641e+05
2.799646543517103419e+05
2.814972576659810147e+05
2.831010845890321070e+05
2.847719280356583185e+05
2.864998911443459219e+05
2.882711717814966687e+05
2.900706742251056712e+05
2.918846180404025945e+05
2.937023715828639688e+05
2.955170327369832085e+05
2.973246782943757717e+05
2.991225738033656962e+05
3.009068936346340342e+05
3.026706150131148170e+05
3.044022189509386080e+05
3.060856637789312517e+05
3.077018106806710130e+05
3.092311187912455061e+05
3.106570724855519948e+05
3.119695636804747046e+05
3.131674197024018504e+05
3.142594702183540212e+05
3.152639234175868332e+05
3.162062413730070111e+05
3.171160250910721370e+05
3.180235519305524649e+05
3.189565507821014035e+05
3.199376281192621100e+05
3.209825702912912238e+05
3.220996120825432008e+05
3.232896844058238785e+05
3.245475893084853305e+05
3.258639424761648406e+05
3.272275525694892276e+05
3.286277146360449842e+05
3.300557747446694411e+05
3.315053797286265763e+05
3.329711222685539396e+05
3.344458028887087712e+05
3.359171276992149069e+05
3.373651337310484960e+05
3.387617555118097225e+05
3.400735637251554290e+05
3.412678259918857366e+05
3.423208710830511991e+05
3.432266618101156782e+05
3.440029314464658964e+05
3.446925267164084944e+05
3.453587608916008612e+05
3.460753027333695791e+05
3.469128362471463042e+05
3.479257969296054216e+05
3.491425079377153888e+05
3.505609901293679723e+05
3.521510071575792972e+05
3.538611808375729015e+05
3.556288839065710199e+05
3.573903980258468073e+05
3.590894154693447636e+05
3.606829455933216377e+05
3.621445629378722515e+05
3.634653777017531102e+05
3.646531083725588396e+05
3.657294433733214973e+05
3.667258189177285531e+05
3.676779895116647240e+05
3.686202345729431836e+05
3.695804280115041765e+05
3.705771794761780766e+05
3.716197134087028098e+05
3.727102548271205160e+05
3.738478244101433083e+05
3.750319053468027851e+05
3.762646238914930727e+05
3.775507806746040587e+05
3.788959485144527862e+05
3.803035370469181798e+05
3.817719758294990752e+05
3.832929720295906300e+05
3.848513275262211682e+05
3.864262874989545089e+05
3.879940153477516724e+05
3.895306107809508103e+05
3.910150785526164691e+05
3.924317486993042985e+05
3.937717947189995903e+05
3.950336734834365780e+05
3.962225115390338469e+05
3.973486650001563248e+05
3.984258393793906434e+05
3.994692182109427522e+05
4.004939842647122568e+05
4.015144415354598896e+05
4.025437272723137867e+05
4.035939309008939308e+05
4.046763767415786278e+05
4.058018827121750801e+05
4.069809122782896156e+05
4.082235975818920415e+05
4.095395701822265983e+05
4.109374205019645160e+05
4.124235277177699027e+05
4.140000842549166991e+05
4.156624343693957780e+05
4.173962746451735729e+05
4.191756357300217496e+05
4.209626726233246154e+05
4.227100238255440490e+05
4.243659048648945754e+05
4.258813639148569200e+05
4.272184806234307471e+05
4.283579186684006709e+05
4.293042281599143171e+05
4.300876175935317297e+05
4.307615022979367059e+05
4.313958936847628793e+05
4.320675147742105182e+05
4.328482778873333009e+05
4.337942708466183976e+05
4.349374934698308352e+05
4.362821499391101534e+05
4.378063484455561265e+05
4.394687717143019545e+05
4.412185951428648550e+05
4.430060410045663011e+05
4.447907959742915700e+05
4.465462098426969605e+05
4.482585734927952872e+05
4.499224102985796635e+05
4.515340329739486333e+05
4.530861174904913059e+05
4.545655161935077049e+05
4.559551659019289073e+05
4.572392815428762697e+05
4.584097263950875495e+05
4.594710220054206438e+05
4.604420355712170131e+05
4.613536759558925405e+05
4.622433894403084414e+05
4.631483059602912399e+05
4.640991953487026622e+05
4.651169245075281360e+05
4.662121174282657448e+05
4.673876099298396730e+05
4.686424399757552892e+05
4.699757641996776219e+05
4.713892936826101504e+05
4.728874699407325243e+05
4.744754073501135572e+05
4.761553312940044561e+05
4.779226306487154798e+05
4.797626501911333180e+05
4.816490603137357393e+05
4.835442379326299997e+05
4.854017367538551916e+05
4.871706734005733160e+05
4.888016481638553669e+05
4.902535593478796072e+05
4.915003407867070055e+05
4.925363737256042077e+05
4.933793046234143549e+05
4.940693947546164854e+05
4.946653022061900701e+05
4.952370973760075285e+05
4.958579729336291784e+05
4.965962447530443314e+05
4.975088148840538342e+05
4.986365231241746806e+05
5.000011460932644550e+05
5.016035488855753792e+05
5.034227491497416049e+05
5.054162155566083966e+05
5.075221993366950774e+05
5.096649139113019919e+05
5.117627835332491086e+05
5.137389512634515413e+05
5.155322041422419716e+05
5.171059329943501507e+05
5.184530050753597752e+05
5.195954496005579713e+05
5.205792536301836371e+05
5.214657861128820223e+05
5.223219568611201830e+05
5.232110347292529186e+05
5.241853199879282038e+05
5.252810383140085032e+05
5.265153165837839479e+05
5.278850780288227834e+05
5.293679942436354468e+05
5.309258819070223253e+05
5.325107847845192300e+05
5.340733313603991410e+05
5.355720265424626414e+05
5.369813747726031579e+05
5.382966010444295825e+05
5.395334609666970791e+05
5.407230604755776003e+05
5.419032413982665166e+05
5.431092765026978450e+05
5.443668280966642778e+05
5.456892047809163341e+05
5.470792276900006691e+05
5.485341876636365196e+05
5.500512158510957379e+05
5.516304075143387308e+05
5.532742178250954021e+05
5.549834452663287520e+05
5.567517081557293423e+05
5.585609913035592763e+05
5.603803360751613509e+05
5.621683775311659556e+05
5.638788957189320354e+05
5.654675642943991115e+05
5.668980275144818006e+05
5.681461909592107404e+05
5.692026536540916422e+05
5.700739383203303441e+05
5.707832377724379767e+05
5.713708503806291847e+05
5.718937325993259437e+05
5.724231511815539561e+05
5.730395829527255846e+05
5.738247544574923813e+05
5.748517063184056897e+05
5.761745715897181071e+05
5.778200553666630294e+05
5.797823224967900896e+05
5.820222986665143399e+05
5.844715290993038798e+05
5.870399455265835859e+05
5.896262872287554201e+05
5.921295419053029036e+05
5.944596368981220294e+05
5.965457700634343782e+05
5.983412749703014269e+05
5.998247386330559384e+05
6.009980462766123237e+05
6.018827850732922088e+05
6.025166481410263805e+05
6.029509718380974373e+05
6.032494757252550917e+05
6.034871412484473549e+05
6.037475665219083894e+05
6.041174751969894860e+05
6.046782841565760318e+05
6.054962047673877096e+05
6.066134774661049014e+05
6.080433941957126372e+05
6.097706335523179732e+05
6.117566010311433347e+05
6.139477704996037064e+05
6.162842268708177144e+05
6.187060168782141991e+05
6.211562381387063069e+05
6.235813452337740455e+05
6.259302079275910510e+05
6.281536302582082571e+05
6.302054118694496574e+05
6.320450473608453758e+05
6.336413442994250217e+05
6.349759368042207789e+05
6.360458979626913788e+05
6.368651558000072837e+05
6.374648432205930585e+05
6.378928157062765677e+05
6.382123324217536720e+05
6.384995207115466474e+05
6.388390381113855401e+05
6.393175473539847881e+05
6.400152537313849898e+05
6.409965952373167966e+05
6.423018401509865653e+05
6.439414769272597041e+05
6.458947358368013520e+05
6.481125264231250621e+05
6.505239209603820927e+05
6.530445284341076622e+05
6.555849837971334346e+05
6.580583092491547577e+05
6.603857738551817602e+05
6.625016295216458384e+05
6.643573639294534223e+05
6.659257791393592488e+05
6.672044903943965910e+05
6.682177694143069675e+05
6.690154586677311454e+05
6.696681664058273891e+05
6.702589827357082395e+05
6.708731036452497356e+05
6.715874873867406277e+05
6.724626411830200814e+05
6.735378495059469715e+05
6.748299750978454249e+05
6.763349329677993665e+05
6.780304941699530464e+05
6.798793370979995234e+05
6.818319867388230050e+05
6.838300176386149833e+05
6.858102353446282214e+05
