4.752337632780083222e+05
4.743856595279176836e+05
4.736281911770852166e+05
4.729502971604955965e+05
4.723397993231415167e+05
4.717813336698288331e+05
4.712541317359909881e+05
4.707307159301061765e+05
4.701773846470552380e+05
4.695567698502353742e+05
4.688319859577410389e+05
4.679713035738681792e+05
4.669521511101552751e+05
4.657636193209181656e+05
4.644073092659870163e+05
4.628969732117888052e+05
4.612576489757616073e+05
4.595247828285193536e+05
4.577433187686121091e+05
4.559662055565614719e+05
4.542515448643040145e+05
4.526578426049480913e+05
4.512374850958901807e+05
4.500293970192112611e+05
4.490524975662024808e+05
4.483017350910141249e+05
4.477480001242281869e+05
4.473421988992384868e+05
4.470225637373647187e+05
4.467233467807872221e+05
4.463827700698407134e+05
4.459486031256316346e+05
4.453807899778257124e+05
4.446516872539818869e+05
4.437452084194972413e+05
4.426562029520078795e+05
4.413907756702326587e+05
4.399673180407544132e+05
4.384172547866047244e+05
4.367842771166203311e+05
4.351212391661936417e+05
4.334847384208235890e+05
4.319282992294030846e+05
4.304956470066481852e+05
4.292155833319505327e+05
4.280994754760274081e+05
4.271415893602454453e+05
4.263217409494274179e+05
4.256092852745489217e+05
4.249674216945437365e+05
4.243571058266867767e+05
4.237403242969514686e+05
4.230828682017626124e+05
4.223568596939636045e+05
4.215431088784876047e+05
4.206330259854873293e+05
4.196295069871789310e+05
4.185461643866767408e+05
4.174045890373500879e+05
4.162299273452877533e+05
4.150457081374872359e+05
4.138692630862612277e+05
4.127090375384336221e+05
4.115645521500173490e+05
4.104289293563846732e+05
4.092930656502863858e+05
4.081500399961301009e+05
4.069983895248375484e+05
4.058434182901657186e+05
4.046964840726145776e+05
4.035728848331304616e+05
4.024892579892641515e+05
4.014612296032368322e+05
4.005015634214888560e+05
3.996185754971508286e+05
3.988144028742566588e+05
3.980829695521975518e+05
3.974080470467418199e+05
3.967623305857505184e+05
3.961085927130773198e+05
3.954035550460900995e+05
3.946042423684092355e+05
3.936756046746721840e+05
3.925975449394705356e+05
3.913694759608916938e+05
3.900111792929844814e+05
3.885598038816779153e+05
3.870639130316465744e+05
3.855761791526008165e+05
3.841464273090512143e+05
3.828162770896503353e+05
3.816158723699745024e+05
3.805624579679869930e+05
3.796601483644612599e+05
3.789002575599085540e+05
3.782619318828490796e+05
3.777132986542232684e+05
3.772136232413700200e+05
3.767168691523173475e+05
3.761765934242601506e+05
3.755514926645307569e+05
3.748104499040124938e+05
3.739358717509079725e+05
3.729245252191648469e+05
3.717858445261638844e+05
3.705384842576209921e+05
3.692064190900117392e+05
3.678159073439047206e+05
3.663941185039352276e+05
3.649693644087656867e+05
3.635720195995827089e+05
3.622347478336587083e+05
3.609908188215708360e+05
3.598700927475806093e+05
3.588933711435238365e+05
3.580667767784515745e+05
3.573781743348268210e+05
3.567971704072139692e+05
3.562790973174567334e+05
3.557720594928364735e+05
3.552251612152014277e+05
3.545958203613628284e+05
3.538546327387387864e+05
3.529872685718617286e+05
3.519938689635631745e+05
3.508869539577160031e+05
3.496888087573254015e+05
3.484288424503956339e+05
3.471408699465186801e+05
3.458599989224936580e+05
3.446189613687958918e+05
3.434441992743503070e+05
3.423524893862260506e+05
3.413490523285859963e+05
3.404277865113330772e+05
3.395736053429224994e+05
3.387661463974834187e+05
3.379837042814862216e+05
3.372063041939176619e+05
3.364173242749143392e+05
3.356037342963070842e+05
3.347555354176720721e+05
3.338651569274529465e+05
3.329273773599961423e+05
3.319399378163210349e+05
3.309046129660763545e+05
3.298282606393438764e+05
3.287233422812357894e+05
3.276075586887017125e+05
3.265024944896241068e+05
3.254314211036100751e+05
3.244165995857132948e+05
3.234765073430536431e+05
3.226233766009532264e+05
3.218613088991500554e+05
3.211850846090655541e+05
3.205796933169567492e+05
3.200206132855369360e+05
3.194749504998840275e+05
3.189036365746288793e+05
3.182648816756954766e+05
3.175189091277333791e+05
3.166336543145972537e+05
3.155906689067512052e+05
3.143900828593893675e+05
3.130533212653255905e+05
3.116224922083208803e+05
3.101559833819483756e+05
3.087206998205145937e+05
3.073822750286015216e+05
3.061951812454565079e+05
3.051947291902838624e+05
3.043924566085722763e+05
3.037755430108488072e+05
3.033099630926059326e+05
3.029463899722769274e+05
3.026275277978597442e+05
3.022955673234242713e+05
3.018986866509544197e+05
3.013958280287861708e+05
3.007593051533741527e+05
2.999751385303608258e+05
2.990413962281630957e+05
2.979652001563588856e+05
2.967593419598118053e+05
2.954395107653296436e+05
2.940228902102420689e+05
2.925283647095865454e+05
2.909779273737741169e+05
2.893983107828632346e+05
2.878215644267352181e+05
2.862834055740577751e+05
2.848186963240810437e+05
2.834542602754073450e+05
2.822002558167490643e+05
2.810421957884143922e+05
2.799361381013466744e+05
2.788093151976353256e+05
2.775674335266801645e+05
2.761082247163006105e+05
2.743389998286334448e+05
2.721945349503844045e+05
2.696511374768200913e+05
2.667334685853068950e+05
2.635124740172730526e+05
2.600950572867800656e+05
2.566081745685325586e+05
2.531811850597459124e+05
2.499302423847704777e+05
2.469473982066391618e+05
2.442954099405285961e+05
2.420076363984926720e+05
2.400913755652878317e+05
2.385327495696282422e+05
2.373016490685261670e+05
2.363559815745457308e+05
2.356451671068381693e+05
2.351132490240101179e+05
2.347020695622347994e+05
2.343547702805398440e+05
2.340195558049520769e+05
2.336533446140523884e+05
2.332247297143844189e+05
2.327156488764541282e+05
2.321213368249206978e+05
2.314484673994231271e+05
2.307118074345696950e+05
2.299300758266816556e+05
2.291219113719510206e+05
2.283028247143286280e+05
2.274837380232864816e+05
2.266712699122611666e+05
2.258694239133572555e+05
2.250819258000372211e+05
2.243142507941800868e+05
2.235744621230541088e+05
2.228723518418722379e+05
2.222169505214951350e+05
2.216130898754726513e+05
2.210581540909458417e+05
2.205402608883786888e+05
2.200387963016955182e+05
2.195275636642861646e+05
2.189800092173051671e+05
2.183753227064507955e+05
2.177038984809980611e+05
2.169707637353202153e+05
2.161960664367455756e+05
2.154123951557876135e+05
2.146593861176952196e+05
2.139766160747747053e+05
2.133961078129331872e+05
2.129358622285421879e+05
2.125956727194829728e+05
2.123560849666816357e+05
2.121807823768845992e+05
2.120220038425739040e+05
2.118279859173383156e+05
2.115510250460363750e+05
2.111546845908635005e+05
2.106189360105032683e+05
2.099425317438950296e+05
2.091425039645614743e+05
2.082512093023114139e+05
2.073116824946710549e+05
2.063721803188741032e+05
2.054807180038239167e+05
2.046801989416671568e+05
2.040045100632331450e+05
2.034757822382730665e+05
2.031029364333561680e+05
2.028816292993462703e+05
2.027957005812675925e+05
2.028201211843549390e+05
2.029252028735555650e+05
2.030815064279377693e+05
2.032646093461302808e+05
2.034588267871866992e+05
2.036592099847984500e+05
2.038716180197523208e+05
2.041111647470141761e+05
2.043996159268486081e+05
2.047621751664149051e+05
2.052235963189903705e+05
2.058029923550322128e+05
2.065065137150810333e+05
2.073175957136788056e+05
2.081857611182288383e+05
2.090166165604091075e+05
2.096669656937581894e+05
2.099490913296294457e+05
2.096467698730275442e+05
2.085426261279495084e+05
2.064528339478645066e+05
2.032621568750283332e+05
1.989510925296531059e+05
1.936080789004582039e+05
1.874231347043846326e+05
1.806639215543087921e+05
1.736395715419259795e+05
1.666603624937882414e+05
1.600016823969355319e+05
1.538787753557613178e+05
1.484353158698206826e+05
1.437451141667772608e+05
1.398233452303212543e+05
1.366423179176909616e+05
1.341470639037434012e+05
1.322675089862724708e+05
1.309259802601207775e+05
1.300405887800700002e+05
1.295261264267493243e+05
1.292943809377637954e+05
1.292553574571670615e+05
1.293201191713226872e+05
1.294051562309428991e+05
1.294375933620569558e+05
1.293602474358836189e+05
1.291355332771173853e+05
1.287474222775301605e+05
1.282010075666439079e+05
1.275196513120694435e+05
1.267401154543196753e+05
1.259064340325519443e+05
1.250635028286014858e+05
1.242513897516731377e+05
1.235011940942864021e+05
1.228329369356258831e+05
1.222555222074972990e+05
1.217683693912832096e+05
1.213639929079888097e+05
1.210306800627015473e+05
1.207545414953329746e+05
1.205205462820925604e+05
1.203126020309932355e+05
1.201131417551922495e+05
1.199028826469621563e+05
1.196613463713468809e+05
1.193684076462528319e+05
1.190067032278062979e+05
1.185643668883918581e+05
1.180373985235571599e+05
1.174310661162036849e+05
1.167600063241229946e+05
1.160469998343506595e+05
1.153206326998660079e+05
1.146121677567548759e+05
1.139519727435784007e+05
1.133658528451079910e+05
1.128716632932462526e+05
1.124766256761381374e+05
1.121757875002751243e+05
1.119519919401842199e+05
1.117775440204808692e+05
1.116175003603665682e+05
1.114342310307863809e+05
1.111926605604172219e+05
1.108654273102639854e+05
1.104371294458143238e+05
1.099068774616442097e+05
1.092885783270277607e+05
1.086087465443116525e+05
1.079021300156805664e+05
1.072059400794648245e+05
1.065538277640147426e+05
1.059708158565658814e+05
1.054701341863176931e+05
1.050523936211072141e+05
1.047069492229562456e+05
1.044148405154249049e+05
1.041524860952063027e+05
1.038953648117705307e+05
1.036211463240580051e+05
1.033120056619059906e+05
1.029560622128176474e+05
1.025479865353313508e+05
1.020888487632222823e+05
1.015852975639231154e+05
1.010481978006494173e+05
1.004909166775650228e+05
9.992750021785587887e+04
9.937099128497905622e+04
9.883209705559567374e+04
9.831833436913313926e+04
9.783369297881003877e+04
9.737877900459784723e+04
9.695133965983839880e+04
9.654702580182552629e+04
9.616022668138887093e+04
9.578482324959259131e+04
9.541475862243995653e+04
9.504440367659412732e+04
9.466876931747129129e+04
9.428364905527383962e+04
9.388575179960917740e+04
9.347282492758754233e+04
9.304371530675156100e+04
9.259831078489971696e+04
9.213735558659791423e+04
9.166221071300616313e+04
9.117468458554802055e+04
9.067704946861712961e+04
9.017227967222037842e+04
8.966443015791692596e+04
8.915897122548226616e+04
8.866285241784508980e+04
8.818410664012136112e+04
8.773091392501517839e+04
8.731019336690926866e+04
8.692594487998199475e+04
8.657768451018525229e+04
8.625937604251275479e+04
8.595922984501396422e+04
8.566060166659585957e+04
8.534399065944510221e+04
8.498985699680171092e+04
8.458173858421781915e+04
8.410903283771284623e+04
8.356887669087432732e+04
8.296679013532424869e+04
8.231605919148151588e+04
8.163610303674185707e+04
8.095020228634086379e+04
8.028294023115947493e+04
7.965758772055608279e+04
7.909355110998438613e+04
7.860398779584883596e+04
7.819379092300137563e+04
7.785828862734962604e+04
7.758308422199857887e+04
7.734538937584609084e+04
7.711694768424401991e+04
7.686826941247846116e+04
7.657351689413352869e+04
7.621512249415436236e+04
7.578717903148618643e+04
7.529684207892445556e+04
7.476338037125517440e+04
7.421500716642318002e+04
7.368410102177334193e+04
7.320176832703893888e+04
7.279283894212089945e+04
7.247229900002779323e+04
7.224387901314655028e+04
7.210109172733129526e+04
7.203052695962517464e+04
7.201673364326296723e+04
7.204762163573781436e+04
7.211906410865708312e+04
7.223733950655302033e+04
7.241827357803909399e+04
7.268245395619631745e+04
7.304667337357893120e+04
7.351272909262950998e+04
7.405570278677981696e+04
7.461462460968382948e+04
7.508869416728478973e+04
7.534171897524490487e+04
7.521600812269470771e+04
7.455476337182987481e+04
7.322951375594284036e+04
7.116708264744460757e+04
6.836974367377856106e+04
6.492312775883870927e+04
6.098905571464266541e+04
5.678412850113746390e+04
5.254850799257535982e+04
4.851172089004550799e+04
4.486277435514207900e+04
4.173032349373511533e+04
3.917569366914202692e+04
3.719824811377427977e+04
3.574990658281870856e+04
3.475420793853930809e+04
3.412529969676690962e+04
3.378331607749438990e+04
3.366422513948322012e+04
3.372384165860804205e+04
3.393694035811164213e+04
3.429310926177157671e+04
3.479118231647284847e+04
3.543391248440564959e+04
3.622414478354200401e+04
3.716325149265456275e+04
3.825207872517973738e+04
3.949415409236898267e+04
4.090041430595768179e+04
4.249422540532332641e+04
4.431503161425465078e+04
4.641871301787726406e+04
4.887286912271192705e+04
5.174599079244692985e+04
5.509091905978818249e+04
5.892492232695472921e+04
6.321062931511685747e+04
6.784318707667222770e+04
7.264867830385309935e+04
7.739673869597793964e+04
8.182682368174157455e+04
8.568368692841562734e+04
8.875467350802099099e+04
9.090051586388186843e+04
9.207287114489954547e+04
9.231536443262908142e+04
9.174919021537872322e+04
9.054794026080859476e+04
8.890819560292302049e+04
8.702221298486125306e+04
8.505719381718372460e+04
8.314306476186418149e+04
8.136837646819413931e+04
7.978246282171874191e+04
7.840154186918541382e+04
7.721673244851303753e+04
7.620258333872941148e+04
7.532528690284668119e+04
7.455007780956472561e+04
7.384739674530446064e+04
7.319735720705206040e+04
7.259205438843429147e+04
7.203541703567208606e+04
7.154065256383393717e+04
7.112580137238407042e+04
7.080835704905558669e+04
7.060016662017331691e+04
7.050378515866682574e+04
7.051110183455154765e+04
7.060447039115671942e+04
7.075993986135927844e+04
7.095168495400795655e+04
7.115652062142569048e+04
7.135748889427352697e+04
7.154585629624531430e+04
7.172131640266480099e+04
7.189060810580010002e+04
7.206503827174661274e+04
7.225751056212451658e+04
7.247963937301875558e+04
7.273942031268231221e+04
7.303977889250208682e+04
7.337814960444819008e+04
7.374705925820535049e+04
7.413551672447408782e+04
7.453087426618844620e+04
7.492075811285452801e+04
7.529469200980132155e+04
7.564515440842646058e+04
7.596798307911776647e+04
7.626221408374831663e+04
7.652955929792998359e+04
7.677375507753963757e+04
7.699995739180999226e+04
7.721425223437385284e+04
7.742324662529226043e+04
7.763364960809443437e+04
7.785176304388078279e+04
7.808286668713779363e+04
7.833056722801907745e+04
7.859624779106641654e+04
7.887877437635275419e+04
7.917457980612211395e+04
7.947816482990012446e+04
7.978295572883277782e+04
8.008236937906459207e+04
8.037088717402385373e+04
8.064494191370374756e+04
8.090347210811309924e+04
8.114807569817735930e+04
8.138277283456055738e+04
8.161344309037950006e+04
8.184702831334726943e+04
8.209059563647823234e+04
8.235035244315175805e+04
8.263071143430643133e+04
8.293352361722277419e+04
8.325761904117891390e+04
8.359879616431229806e+04
8.395035551582944754e+04
8.430416945917390694e+04
8.465213194673467660e+04
8.498768611762199725e+04
8.530704832143391832e+04
8.560978956491983263e+04
8.589861059445915453e+04
8.617840328255634813e+04
8.645492710854987672e+04
8.673353856271879340e+04
8.701833801979664713e+04
8.731187560051202308e+04
8.761529604116111295e+04
8.792863754499697825e+04
8.825101608084334293e+04
8.858060921205098566e+04
8.891458974499351461e+04
8.924929897260612051e+04
8.958088918350687891e+04
8.990641425171143783e+04
9.022503135420648323e+04
9.053877772186193033e+04
9.085244239294819999e+04
9.117237649047437299e+04
9.150454314315582451e+04
9.185248160614552035e+04
9.221595954593201168e+04
9.259085591453214874e+04
9.297036628610060143e+04
9.334717699857959815e+04
9.371602951471944107e+04
9.407618195010737691e+04
9.443358741373379598e+04
9.480294098635498085e+04
9.520988234186675982e+04
9.569346971847770328e+04
9.630861376256884250e+04
9.712765539638357586e+04
9.823990825016707822e+04
9.974793088551484107e+04
1.017596190693877870e+05
1.043758965143297974e+05
1.076747542667192029e+05
1.116935118370524870e+05
1.164122424952529109e+05
1.217420264249124157e+05
1.275217202631901746e+05
1.335259757092694344e+05
1.394852535797521123e+05
1.451158822245358024e+05
1.501554870120391715e+05
1.543972375802066526e+05
1.577160475120779593e+05
1.600813822760809271e+05
1.615543321772037016e+05
1.622702116189667140e+05
1.624110767207639874e+05
1.621743357409326418e+05
1.617436947908478032e+05
1.612672562939864583e+05
1.608453172981685784e+05
1.605280712465817051e+05
1.603216032077642158e+05
1.601995558999472414e+05
1.601175799184339994e+05
1.600279265593957098e+05
1.598920373488207406e+05
1.596895693118206691e+05
1.594229236484921130e+05
1.591170285608910490e+05
1.588148483367260778e+05
1.585697600010367169e+05
1.584364092311769491e+05
1.584617957585197291e+05
1.586781021458107571e+05
1.590982503781731357e+05
1.597145252462012868e+05
1.605000364536015550e+05
1.614124307419253746e+05
1.623991281210234447e+05
1.634033648667770030e+05
1.643703722573160776e+05
1.652530390289028874e+05
1.660164145955426793e+05
1.666404911379630503e+05
1.671209374504540465e+05
1.674678545727032470e+05
1.677030839630584233e+05
1.678569482220608043e+05
1.679653762089878146e+05
1.680680958929284243e+05
1.682080564003879263e+05
1.684316705767714011e+05
1.687890778390127234e+05
1.693335549742621079e+05
1.701194463254268048e+05
1.711984184693875723e+05
1.726143020032770874e+05
1.743971455431904178e+05
1.765573398659536615e+05
1.790807934533663793e+05
1.819261659376425087e+05
1.850250544006831769e+05
1.882857092062387092e+05
1.916002990401423594e+05
1.948550225425149838e+05
1.979416645900622243e+05
2.007687545877277735e+05
2.032704756789728417e+05
2.054119227160034352e+05
2.071900771869868331e+05
2.086307266428401927e+05
2.097822746620133985e+05
2.107078150800973235e+05
2.114769347049969656e+05
2.121584973252229393e+05
2.128152305116872303e+05
2.135003930092658848e+05
2.142562709828471707e+05
2.151138706281297491e+05
2.160930528180387046e+05
2.172025303539515007e+05
2.184395512443955522e+05
2.197895568073015311e+05
2.212264305512524443e+05
2.227139935654240835e+05
2.242091245196010568e+05
2.256663890552819066e+05
2.270435404907563061e+05
2.283068920454234467e+05
2.294354833759943431e+05
2.304231921132148709e+05
2.312784009640605072e+05
2.320213902067091549e+05
2.326801340386866650e+05
2.332855059418032470e+05
2.338669587028360984e+05
2.344495230895018904e+05
2.350525285235006304e+05
2.356899219629472645e+05
2.363716136292373412e+05
2.371050536277206847e+05
2.378963076518290909e+05
2.387502129550114914e+05
2.396696275143923704e+05
2.406541690247380466e+05
2.416990398998227902e+05
2.427944946722048626e+05
2.439262659999042517e+05
2.450769324883203662e+05
2.462279136407823244e+05
2.473616136975077097e+05
2.484632457706437854e+05
2.495220230461417523e+05
2.505316293342772697e+05
2.514900869093670335e+05
2.523992567451246723e+05
2.532642116250859690e+05
2.540926408257605217e+05
2.548943298988626339e+05
2.556806641078052053e+05
2.564640594837114622e+05
2.572572328925481706e+05
2.580722672306672903e+05
2.589194954073045519e+05
2.598063089823510963e+05
2.607360836957944848e+05
2.617074788635065779e+05
2.627143695948260720e+05
2.637465745340884314e+05
2.647913491218182025e+05
2.658353823865946615e+05
2.668668610768297222e+05
2.678771374972832273e+05
2.688616831454521744e+05
2.698202678484182106e+05
2.707565500957347103e+05
2.716773792431784677e+05
2.725920478730272152e+05
2.735115480889910832e+05
2.744477040109141963e+05
2.754119950392710743e+05
2.764139958801185712e+05
2.774595848722232622e+05
2.785492915817971225e+05
2.796772522973802406e+05
2.808311669543994940e+05
2.819934330481999787e+05
2.831433530707844184e+05
2.842600585820715642e+05
2.853256251935971668e+05
2.863277957262956770e+05
2.872617918360097101e+05
2.881308741833165404e+05
2.889455841346145608e+05
2.897219075352745713e+05
2.904788518190680770e+05
2.912360279519562027e+05
2.920117309349697316e+05
2.928217510825300124e+05
2.936788344341377961e+05
2.945924840141576133e+05
2.955687533491610084e+05
2.966098380294605158e+05
2.977135333386684651e+05
2.988728571517270757e+05
3.000762136422218755e+05
3.013083446112712263e+05
3.025520287609266234e+05
3.037901708764063660e+05
3.050077236807199079e+05
3.061929136903506005e+05
3.073375096271585790e+05
3.084362735659269965e+05
3.094860871025988017e+05
3.104853658266088460e+05
3.114341814480668399e+05
3.123350752509438898e+05
3.131940814019423560e+05
3.140212363979506772e+05
3.148299883000519476e+05
3.156353995599107002e+05
3.164516322305776994e+05
3.172896069716342026e+05
3.181557162927648751e+05
3.190520381767001818e+05
3.199778510156112607e+05
3.209317155884514796e+05
3.219132200586546678e+05
3.229237360957138008e+05
3.239660477760279318e+05
3.250432150626354851e+05
3.261572868366609327e+05
3.273084074601111934e+05
3.284945589182011900e+05
3.297118318098969175e+05
3.309548872068091878e+05
3.322172305385618238e+05
3.334910466608703136e+05
3.347665706000320497e+05
3.360312147493421216e+05
3.372688748310511000e+05
3.384599317207146669e+05
3.395823963407113915e+05
3.406143835726099205e+05
3.415376927320904215e+05
3.423418455229265383e+05
3.430276601754602743e+05
3.436094538972433074e+05
3.441152754021779983e+05
3.445850480264264042e+05
3.450669520356308203e+05
3.456126314141923212e+05
3.462718414467944531e+05
3.470870562909751316e+05
3.480884787577437237e+05
3.492899242653156980e+05
3.506861464549520751e+05
3.522521924351152265e+05
3.539451845660331892e+05
3.557085008395545883e+05
3.574777977377219358e+05
3.591879078542163479e+05
3.607795310322543955e+05
3.622048547786403215e+05
3.634316493772736285e+05
3.644457606135598035e+05
3.652520930909684976e+05
3.658741184184765443e+05
3.663517947322876425e+05
3.667377536129888031e+05
3.670918336353961495e+05
3.674744856889368384e+05
3.679400482506425469e+05
3.685311317092665704e+05
3.692751800651113736e+05
3.701837029493682785e+05
3.712538972200608696e+05
3.724717211556573166e+05
3.738152223717979505e+05
3.752571566894751741e+05
3.767665456072301604e+05
3.783095086858245777e+05
3.798501458855614765e+05
3.813522320692253415e+05
3.827820434557046974e+05
3.841119935424653813e+05
3.853242300099289860e+05
3.864131751555431983e+05
3.873862328192490386e+05
3.882623939764538663e+05
3.890690165400638361e+05
3.898374389723844943e+05
3.905982467420170433e+05
3.913769996819243534e+05
3.921911361387210782e+05
3.930486303462511278e+05
3.939487452016035677e+05
3.948848236894312431e+05
3.958485072403972736e+05
3.968342098963973112e+05
3.978423751106225536e+05
3.988802396726445877e+05
3.999595891550487722e+05
4.010921009799677995e+05
4.022838973445849842e+05
4.035313916195547790e+05
4.048201292843391420e+05
4.061271904993326752e+05
4.074262970280068112e+05
4.086936839066320681e+05
4.099125566956201219e+05
4.110746722668363946e+05
4.121789146765276091e+05
4.132280565999139217e+05
4.142255907494931598e+05
4.151742918417957262e+05
4.160771807991755777e+05
4.169403088612888823e+05
4.177758466868282994e+05
4.186037468034118065e+05
4.194507905735561508e+05
4.203468485876308405e+05
4.213192301442988683e+05
4.223866767545965849e+05
4.235546707552229054e+05
4.248133249366072705e+05
4.261384025510305655e+05
4.274952472051303484e+05
4.288447797328618472e+05
4.301503405018601334e+05
4.313840287798130885e+05
4.325312868060351466e+05
4.335927732475537341e+05
4.345830601885584765e+05
4.355263404293010826e+05
4.364500520982893067e+05
4.373779380993935629e+05
4.383243419681713567e+05
4.392913350951315952e+05
4.402695581530400668e+05
4.412426198723375564e+05
4.421938536333507509e+05
4.431135340801144484e+05
4.440045283506942797e+05
4.448848134707064601e+05
4.457861424558006111e+05
4.467490912115880055e+05
4.478154997559834155e+05
4.490197923842097516e+05
4.503808164375010529e+05
4.518957460472906241e+05
4.535373127471999614e+05
4.552551543917654781e+05
4.569814019493015367e+05
4.586397928067228058e+05
4.601567697663476574e+05
4.614724571508638910e+05
4.625493510240245378e+05
4.633771182301288936e+05
4.639729236803924432e+05
4.643778395203147084e+05
4.646507168189117801e+05
4.648611433652926353e+05
4.650827669043724891e+05
4.653875926199106034e+05
4.658412417796530644e+05
4.664988691829992458e+05
4.674015320650893264e+05
4.685731037809321424e+05
4.700180612866540905e+05
4.717204677795358002e+05
4.736442470210960601e+05
4.757346033821002347e+05
4.779204013012711075e+05
4.801175471952282824e+05
4.822337578273804975e+05
4.841752500958914752e+05
4.858555950508625247e+05
4.872062210857227910e+05
4.881870892078754841e+05
4.887953291499332408e+05
4.890695051571807708e+05
4.890878213310863939e+05
4.889598195447108010e+05
4.888125883734902018e+05
4.887737599472575239e+05
4.889543022557613440e+05
4.894341785522262799e+05
4.902533718909609015e+05
4.914097019120887271e+05
4.928635005606863415e+05
4.945478232971152756e+05
4.963817526806956157e+05
4.982837964305217611e+05
5.001825883323301096e+05
5.020230601821716409e+05
5.037677014110945747e+05
5.053939898339672363e+05
5.068900488101619994e+05
5.082507198469488649e+05
5.094755259929625900e+05
5.105687879860061803e+05
5.115410004159002565e+05
5.124099901185283088e+05
5.132005825092272717e+05
5.139423191944495193e+05
5.146657378606772400e+05
5.153983466803320916e+05
5.161614397340473370e+05
5.169684065346131683e+05
5.178245545864687883e+05
5.187280752502985997e+05
5.196717993036911357e+05
5.206456544285644777e+05
5.216399082100721425e+05
5.226490779092664598e+05
5.236758145910807070e+05
5.247334446211898467e+05
5.258456422898725141e+05
5.270422427160713123e+05
5.283514485368896276e+05
5.297901966120286379e+05
5.313555658065032912e+05
