6.100584877472360386e+05
6.086527115718774730e+05
6.075526702483077534e+05
6.067084270135761471e+05
6.060394402836207300e+05
6.054503824132136069e+05
6.048483592727337964e+05
6.041570910928501980e+05
6.033252035399253946e+05
6.023281197643212508e+05
6.011650411479893373e+05
5.998533748039056081e+05
5.984226057934527053e+05
5.969085621094141388e+05
5.953480839536919957e+05
5.937738622449806426e+05
5.922096919213904766e+05
5.906671203554208623e+05
5.891448059308100492e+05
5.876314220439568162e+05
5.861117366573571926e+05
5.845741227659105789e+05
5.830169276857009390e+05
5.814513335628036875e+05
5.798995662723416463e+05
5.783890477320190985e+05
5.769445873466298217e+05
5.755813413588410476e+05
5.743008108513429761e+05
5.730908623300637119e+05
5.719292368762996048e+05
5.707889072591266595e+05
5.696433483472379157e+05
5.684703108371656854e+05
5.672536777917358559e+05
5.659839155322668375e+05
5.646580664564262843e+05
5.632800134280429920e+05
5.618610545081037562e+05
5.604200824614308076e+05
5.589823139594256645e+05
5.575758133680089377e+05
5.562259337775292806e+05
5.549488758981098654e+05
5.537463284540747991e+05
5.526031905938418349e+05
5.514895823959439294e+05
5.503669885916177882e+05
5.491969789950117702e+05
5.479500610126840184e+05
5.466121824527933495e+05
5.451871982241565129e+05
5.436948981287201168e+05
5.421654697224571137e+05
5.406321176555739949e+05
5.391237877550978446e+05
5.376596174817732535e+05
5.362460867802478606e+05
5.348771324893163983e+05
5.335368934144410305e+05
5.322043423367330106e+05
5.308588331793550169e+05
5.294855210918420926e+05
5.280796794046552386e+05
5.266491217374894768e+05
5.252142142339808634e+05
5.238053014191127731e+05
5.224577472468902124e+05
5.212051997875744710e+05
5.200721031188415363e+05
5.190668375443809200e+05
5.181770428460576804e+05
5.173685171548859216e+05
5.165884930460576434e+05
5.157731270974035724e+05
5.148579345345086185e+05
5.137890114334824029e+05
5.125325476395755541e+05
5.110805052832473884e+05
5.094513233146215789e+05
5.076857827330760774e+05
5.058393109406332951e+05
5.039726745617822744e+05
5.021430688614839455e+05
5.003971493812159752e+05
4.987668155710353167e+05
4.972678264191795606e+05
4.959008025433022995e+05
4.946539139964522910e+05
4.935065223429423058e+05
4.924331441711357911e+05
4.914072467745117610e+05
4.904045278072076035e+05
4.894054490834966418e+05
4.883968764514912036e+05
4.873727112968499423e+05
4.863333953396508005e+05
4.852841831847955473e+05
4.842321939011285431e+05
4.831825383007236524e+05
4.821342403152214247e+05
4.810770649400523398e+05
4.799904871997695300e+05
4.788456928454609588e+05
4.776106905511507066e+05
4.762575834362283349e+05
4.747702023873964208e+05
4.731500174631018308e+05
4.714186576438989723e+05
4.696163164134729886e+05
4.677964193072704948e+05
4.660177869833901641e+05
4.643359269334684941e+05
4.627950477644113125e+05
4.614220812182497466e+05
4.602235872762398794e+05
4.591859733092281967e+05
4.582789555745381513e+05
4.574616132305259234e+05
4.566898117424801458e+05
4.559233872935702675e+05
4.551314825449039927e+05
4.542948917626803159e+05
4.534051108055269578e+05
4.524607359362929128e+05
4.514626018246375606e+05
4.504093521587519790e+05
4.492949121404367033e+05
4.481086707833642140e+05
4.468383014270231943e+05
4.454743216633503907e+05
4.440149590443538618e+05
4.424697909008939750e+05
4.408609779675558675e+05
4.392215937620461336e+05
4.375913531984519213e+05
4.360107257260053884e+05
4.345147878322215984e+05
4.331281395408517565e+05
4.318618217646562262e+05
4.307125802927298937e+05
4.296642383160747704e+05
4.286905516037166235e+05
4.277588223456855631e+05
4.268336993217574782e+05
4.258808405001013307e+05
4.248702730484244530e+05
4.237792413331167190e+05
4.225941217210562900e+05
4.213107869956864743e+05
4.199328591286705923e+05
4.184677417065193295e+05
4.169211088285966543e+05
4.152913575423756847e+05
4.135660021433733054e+05
4.117217733927424997e+05
4.097292147241260973e+05
4.075611067537441850e+05
4.052026228570666863e+05
4.026602897485908470e+05
3.999669609827134991e+05
3.971810957886421238e+05
3.943802780047881533e+05
3.916505067317192443e+05
3.890737927413290599e+05
3.867167387144277454e+05
3.846221709151984542e+05
3.828048975391197600e+05
3.812517190141706960e+05
3.799251746371960617e+05
3.787701984057537047e+05
3.777227161580199027e+05
3.767190720878095017e+05
3.757049815931097837e+05
3.746425900728554116e+05
3.735143662917945767e+05
3.723230871577581856e+05
3.710880052979384782e+05
3.698381825314470334e+05
3.686046135646055918e+05
3.674129396782175172e+05
3.662782333139415132e+05
3.652026716556950705e+05
3.641761500636117999e+05
3.631792351202846039e+05
3.621874555864450522e+05
3.611758145140404813e+05
3.601225447294621845e+05
3.590114527340139612e+05
3.578326131241035182e+05
3.565815882945900084e+05
3.552576644954713411e+05
3.538617525830224040e+05
3.523945841771409032e+05
3.508556716823751340e+05
3.492432513629660243e+05
3.475551544751140173e+05
3.457903067996635800e+05
3.439503888806405594e+05
3.420411384423587588e+05
3.400728663469403982e+05
3.380599749007372302e+05
3.360195511734868051e+05
3.339693637220601668e+05
3.319257313205116661e+05
3.299017211366318516e+05
3.279060051648329827e+05
3.259425379191490356e+05
3.240110897612955887e+05
3.221085998765518307e+05
3.202312591188424267e+05
3.183771283939765999e+05
3.165489113025986589e+05
3.147562790441509569e+05
3.130170135909705423e+05
3.113563261191050406e+05
3.098040804979683599e+05
3.083902293422636576e+05
3.071393494675345719e+05
3.060655013670529588e+05
3.051685741572601837e+05
3.044328308002812555e+05
3.038277364253605483e+05
3.033106171595138148e+05
3.028304746403641766e+05
3.023324060410383972e+05
3.017623862613525707e+05
3.010723940165352542e+05
3.002258027026142227e+05
2.992025925837425748e+05
2.980034631638205610e+05
2.966516339863525936e+05
2.951912677606020588e+05
2.936820919082030887e+05
2.921907617054894217e+05
2.907804661405806546e+05
2.895008731447968166e+05
2.883805185200527194e+05
2.874231523191131419e+05
2.866085691707555088e+05
2.858973934387227637e+05
2.852384932881547138e+05
2.845773657386269770e+05
2.838639865042709862e+05
2.830590978541118675e+05
2.821384676842083572e+05
2.810950722910827026e+05
2.799393345485138125e+05
2.786975391201375751e+05
2.774084973194631166e+05
2.761185966729061911e+05
2.748756030043851933e+05
2.737219194905380136e+05
2.726882948920630151e+05
2.717890577145330026e+05
2.710197588325796532e+05
2.703576694963097107e+05
2.697650317031448358e+05
2.691944506194622954e+05
2.685954796593329520e+05
2.679213367630275898e+05
2.671347947464435711e+05
2.662125489059916581e+05
2.651476971783289919e+05
2.639502865823011380e+05
2.626461153022377403e+05
2.612740950299664692e+05
2.598824785693908343e+05
2.585241934265879972e+05
2.572514728454684664e+05
2.561100183336932969e+05
2.551330969199193933e+05
2.543362365774314385e+05
2.537134278032204893e+05
2.532358240305481886e+05
2.528537350669454900e+05
2.525021849066372670e+05
2.521095360739350144e+05
2.516078578221522039e+05
2.509430860483503202e+05
2.500828184101717779e+05
2.490199355158523831e+05
2.477711088846739440e+05
2.463704573831018060e+05
2.448598365631671622e+05
2.432781445870784519e+05
2.416523241747630818e+05
2.399923098400468880e+05
2.382911033220753015e+05
2.365297508722104249e+05
2.346856603370217781e+05
2.327418395045817888e+05
2.306945135947330273e+05
2.285571986715889361e+05
2.263604336258511175e+05
2.241476185695576423e+05
2.219683797804021160e+05
2.198713225065990409e+05
2.178978922745657328e+05
2.160784857412386627e+05
2.144311873758458241e+05
2.129628158826553263e+05
2.116715198301216878e+05
2.105500213063103147e+05
2.095887181736184284e+05
2.087781072642731597e+05
2.081102659734623157e+05
2.075793518962337694e+05
2.071812302752991673e+05
2.069124393424888840e+05
2.067687805499317765e+05
2.067438704332367925e+05
2.068279742972959357e+05
2.070073181337741262e+05
2.072638549173448409e+05
2.075752396817194240e+05
2.079146983247100143e+05
2.082506835466135817e+05
2.085466890601029154e+05
2.087621416735374369e+05
2.088555710450636107e+05
2.087909440497194591e+05
2.085470285043659678e+05
2.081281429052312160e+05
2.075732006312105223e+05
2.069592515362241247e+05
2.063962915815138840e+05
2.060120598902497150e+05
2.059284319126298069e+05
2.062339523113878968e+05
2.069589798233178153e+05
2.080600279095209553e+05
2.094179524637638533e+05
2.108511578894916456e+05
2.121410467983360577e+05
2.130638101310298371e+05
2.134213482811492286e+05
2.130649727923808678e+05
2.119081259820501436e+05
2.099276574004240101e+05
2.071560472995715390e+05
2.036685188385534275e+05
1.995689898931224307e+05
1.949776505668075988e+05
1.900213382131091203e+05
1.848265321501437575e+05
1.795141171766056796e+05
1.741950828195724753e+05
1.689667573504534084e+05
1.639096654477316770e+05
1.590853944593338529e+05
1.545358831516722857e+05
1.502843719869825291e+05
1.463379826378086000e+05
1.426916083413996384e+05
1.393325414707918826e+05
1.362450804101655667e+05
1.334143034514381725e+05
1.308283355675817438e+05
1.284787815777377982e+05
1.263594846293976152e+05
1.244642360355834244e+05
1.227843334796111303e+05
1.213068487658749800e+05
1.200141420559667022e+05
1.188846892990407068e+05
1.178948682807600853e+05
1.170211269792210223e+05
1.162419751745525136e+05
1.155394233087627217e+05
1.148997142302381108e+05
1.143133513228930533e+05
1.137744940233963716e+05
1.132798143024164019e+05
1.128269532232685306e+05
1.124128163426930114e+05
1.120320653894414281e+05
1.116762186468032596e+05
1.113336877538691188e+05
1.109908404612022277e+05
1.106338577366133395e+05
1.102508778927279927e+05
1.098338146184175857e+05
1.093793564728657511e+05
1.088889587616616191e+05
1.083679974036342173e+05
1.078245152958110120e+05
1.072680464886505069e+05
1.067088382171941776e+05
1.061574914412669750e+05
1.056247529993880744e+05
1.051210566387779254e+05
1.046554975133574189e+05
1.042342067023846175e+05
1.038584517689683125e+05
1.035230690963530797e+05
1.032159013740508526e+05
1.029187172168230900e+05
1.026096817923142808e+05
1.022669662440123211e+05
1.018727015119447606e+05
1.014163362769978557e+05
1.008965984883671917e+05
1.003216301824946131e+05
9.970733416774231591e+04
9.907438712380094512e+04
9.844462434984673746e+04
9.783754703713138588e+04
9.726757369973430468e+04
9.674242337105837942e+04
9.626275349271349842e+04
9.582293561115972989e+04
9.541267065160488710e+04
9.501904230000000098e+04
9.462859350534918485e+04
9.422908727217194973e+04
9.381075768785017135e+04
9.336702477023554093e+04
9.289477806258808414e+04
9.239438132440431218e+04
9.186950398763630074e+04
9.132678170474505168e+04
9.077521831300461781e+04
9.022523210041158018e+04
8.968734696876848466e+04
8.917070052255786140e+04
8.868170403374159650e+04
8.822325048169949150e+04
8.779476886262770859e+04
8.739317612065107096e+04
8.701446321789722424e+04
8.665539093358340324e+04
8.631467803175216250e+04
8.599319749739795225e+04
8.569302961455029435e+04
8.541564748838088417e+04
8.515987990416804678e+04
8.492046642630845599e+04
8.468791207428250345e+04
8.444998120648655458e+04
8.419465279872981773e+04
8.391385793872861541e+04
8.360699848262443265e+04
8.328320878421570524e+04
8.296158424167086196e+04
8.266908271496972884e+04
8.243636509697741712e+04
8.229231902370802709e+04
8.225827660065529926e+04
8.234293721177082625e+04
8.253877462941007980e+04
8.282035582629054261e+04
8.314467098956607515e+04
8.345338108473303146e+04
8.367685242048658256e+04
8.373988354352345050e+04
8.356899223560927203e+04
8.310089756483251404e+04
8.229139513659768272e+04
8.112332465651517850e+04
7.961201428169054270e+04
7.780669162431443692e+04
7.578697108657381614e+04
7.365454117006163870e+04
7.152127798542506935e+04
6.949583626349025872e+04
6.767104947017984523e+04
6.611415089820389403e+04
6.486107481629024551e+04
6.391520656681690889e+04
6.325020397421569942e+04
6.281605937101321615e+04
6.254739627712931542e+04
6.237297091631466901e+04
6.222534226987970760e+04
6.204963327259555081e+04
6.181028936557444831e+04
6.149487753946908924e+04
6.111437065131200507e+04
6.070003835490967322e+04
6.029788746085143794e+04
5.996231671252007800e+04
5.975099625054610078e+04
5.972274275759291777e+04
5.993928564351076784e+04
6.047045081183883303e+04
6.140074722966310219e+04
6.283406167628208641e+04
6.489260308722446644e+04
6.770675768538174452e+04
7.139428667508717626e+04
7.603017426316492492e+04
8.161187808612643857e+04
8.802782920180224755e+04
9.503864329153815925e+04
1.022796380249834619e+05
1.092894825587701343e+05
1.155636638333794399e+05
1.206244907563784072e+05
1.240937645241976425e+05
1.257520925851880311e+05
1.255712006839165406e+05
1.237120428792803868e+05
1.204900766177375917e+05
1.163170275853009080e+05
1.116333554536400625e+05
1.068461815319457091e+05
1.022839718050027004e+05
9.817340108339118888e+04
9.463770338208421890e+04
9.171125968715487397e+04
8.936310488903247460e+04
8.752235867477815191e+04
8.610049460490519414e+04
8.500781786647197441e+04
8.416367446077491331e+04
8.350131691074767150e+04
8.296895645313193381e+04
8.252854261415184010e+04
8.215350540973564785e+04
8.182629907400639786e+04
8.153622717362569529e+04
8.127775132013866096e+04
8.104928809460691991e+04
8.085236775813656277e+04
8.069095478530247055e+04
8.057071215310781554e+04
8.049802956817114318e+04
8.047872878659929847e+04
8.051649682509292325e+04
8.061125611717687570e+04
8.075781892208641511e+04
8.094523952043690952e+04
8.115722424980199139e+04
8.137376644920153194e+04
8.157387027734238654e+04
8.173889786107663531e+04
8.185583528726817167e+04
8.191972958254074911e+04
8.193474240816553356e+04
8.191364348172725295e+04
8.187599150111923518e+04
8.184555921602767194e+04
8.184763755452865735e+04
8.190669193196248671e+04
8.204454308914572175e+04
8.227896507402326097e+04
8.262247156125208130e+04
8.308114458055581781e+04
8.365358234450125019e+04
8.433026850073848618e+04
8.509375814369146246e+04
8.591997025249729631e+04
8.678060476467369881e+04
8.764637573857833922e+04
8.849050116364908172e+04
8.929180575983246672e+04
9.003689118293013598e+04
9.072105387850287661e+04
9.134789640331108239e+04
9.192780661895746016e+04
9.247563330769566528e+04
9.300796790299384156e+04
9.354046845415727876e+04
9.408564442536259594e+04
9.465145408382908499e+04
9.524094013584330969e+04
9.585294991524165380e+04
9.648378695050944225e+04
9.712947258716060605e+04
9.778820508787756262e+04
9.846260580776631832e+04
9.916141877001823741e+04
9.990044084337326058e+04
1.007025664700334601e+05
1.015969149845285574e+05
1.026170733023951034e+05
1.037985462095921102e+05
1.051755718180967961e+05
1.067775326516750647e+05
1.086252679760345054e+05
1.107276639770958427e+05
1.130789593471968110e+05
1.156572438283664378e+05
1.184246220489715051e+05
1.213294256817918795e+05
1.243106432119964447e+05
1.273043832742237864e+05
1.302517321303860226e+05
1.331069083329932182e+05
1.358442987059652805e+05
1.384629111882410652e+05
1.409870677818048280e+05
1.434627509340622637e+05
1.459497834346256277e+05
1.485107941418550909e+05
1.511985424143430428e+05
1.540435415934208722e+05
1.570439978092036908e+05
1.601598684628463234e+05
1.633123650384531938e+05
1.663895055971479451e+05
1.692574156925242860e+05
1.717760860784953693e+05
1.738173900202396326e+05
1.752825550990572956e+05
1.761161720357730228e+05
1.763143102946540748e+05
1.759253442117550294e+05
1.750434535475426528e+05
1.737961183227580914e+05
1.723279488505747577e+05
1.707836608860311389e+05
1.692928835895305674e+05
1.679588984854979790e+05
1.668525576567546523e+05
1.660117133319553395e+05
1.654456344496204692e+05
1.651431532397957635e+05
1.650827294467780739e+05
1.652423251106029202e+05
1.656070551289545256e+05
1.661730864367340109e+05
1.669471568728118727e+05
1.679421811820163857e+05
1.691704051690497727e+05
1.706361543473367929e+05
1.723302118494464085e+05
1.742272602854751749e+05
1.762868409335985198e+05
1.784572511105444864e+05
1.806810496678546187e+05
1.829005922467861092e+05
1.850623122221160447e+05
1.871191550231857691e+05
1.890313885484575876e+05
1.907666428732135682e+05
1.923002424263711146e+05
1.936166035921338189e+05
1.947117921889645222e+05
1.955965403694751440e+05
1.962984464459505689e+05
1.968619901619300654e+05
1.973454703890107339e+05
1.978148606156022579e+05
1.983355506062545755e+05
1.989636308614080190e+05
1.997385307295027305e+05
2.006784172220884066e+05
2.017789983558110835e+05
2.030155654807911196e+05
2.043475271833256993e+05
2.057244492318506236e+05
2.070926586701624037e+05
2.084016337348813831e+05
2.096095450010685890e+05
2.106874052202310122e+05
2.116213991916387458e+05
2.124131959267918137e+05
2.130784087255063350e+05
2.136437565338506247e+05
2.141437117134100990e+05
2.146173585966471001e+05
2.151058443577360013e+05
2.156503517456497357e+05
2.162902072092049057e+05
2.170607315785892424e+05
2.179907400443793158e+05
2.191000228344002389e+05
2.203974367211367353e+05
2.218802350741110859e+05
2.235349554756422003e+05
2.253397229562058928e+05
2.272674266890395666e+05
2.292890415760926553e+05
2.313764227387852443e+05
2.335041250923757907e+05
2.356500839210604026e+05
2.377952596883689694e+05
2.399225721229802002e+05
2.420156119515191822e+05
2.440576912157139741e+05
2.460317235076894285e+05
2.479211845208358136e+05
2.497120328695701319e+05
2.513950948121124529e+05
2.529681925254129164e+05
2.544373340181043313e+05
2.558165784967486106e+05
2.571266171040632471e+05
2.583924791143212642e+05
2.596409394196545181e+05
2.608981298617353314e+05
2.621876345315740327e+05
2.635291309180345852e+05
2.649375449117740500e+05
2.664227310771277407e+05
2.679897709348422941e+05
2.696399599936652230e+05
2.713723507596912095e+05
2.731853923364254879e+05
2.750779422911764123e+05
2.770489368083782028e+05
2.790953996879650513e+05
2.812091631737209391e+05
2.833733942409915617e+05
2.855604324056683108e+05
2.877323092887750827e+05
2.898446162255715462e+05
2.918533346165054245e+05
2.937232138912290684e+05
2.954356386039420613e+05
2.969938885311469785e+05
2.984242689014523639e+05
2.997725836413319339e+05
3.010965450293891481e+05
3.024556546256183647e+05
3.039006266991137527e+05
3.054644543762005633e+05
3.071567708659641212e+05
3.089623764719807077e+05
3.108439007198790205e+05
3.127477761960151256e+05
3.146121975489314646e+05
3.163756084549935185e+05
3.179844652514896006e+05
3.193994342635605135e+05
3.205996159919680213e+05
3.215847106758981245e+05
3.223751908439230174e+05
3.230105705807622871e+05
3.235458627188604441e+05
3.240463929592102650e+05
3.245813288787085330e+05
3.252165339662671322e+05
3.260075710943122976e+05
3.269937586138988263e+05
3.281940799674882437e+05
3.296054845045419061e+05
3.312037581447085831e+05
3.329467645744443871e+05
3.347795283053868334e+05
3.366404049984068843e+05
3.384675047909585992e+05
3.402046199757295544e+05
3.418061317791396286e+05
3.432406474354294478e+05
3.444933318112395355e+05
3.455669603638047120e+05
3.464816357710117009e+05
3.472729874173590215e+05
3.479886677628790494e+05
3.486831773700034828e+05
3.494114634702903568e+05
3.502221823446895578e+05
3.511517786485471297e+05
3.522204695088356384e+05
3.534308328924684902e+05
3.547691355862451019e+05
3.562089960333598428e+05
3.577166061644254951e+05
3.592565686096112477e+05
3.607973907115495531e+05
3.623157552862731391e+05
3.637988535647979006e+05
3.652443609595712624e+05
3.666580881193664391e+05
3.680498869262352819e+05
3.694288701327532181e+05
3.707992171908153105e+05
3.721576706433590734e+05
3.734933225269183749e+05
3.747896449710809975e+05
3.760281776192187099e+05
3.771930072642515297e+05
3.782751662212813972e+05
3.792762135151149705e+05
3.802104076023598318e+05
3.811049814743730822e+05
3.819981601389921852e+05
3.829348369828071445e+05
3.839603037836041185e+05
3.851130163155831397e+05
3.864178482385182870e+05
3.878813915516299312e+05
3.894904712641343940e+05
3.912142319674387109e+05
3.930091951741483063e+05
3.948259284598284867e+05
3.966156836269560736e+05
3.983356275619975058e+05
3.999519593759772833e+05
4.014409873843296664e+05
4.027888271569025819e+05
4.039905957138860249e+05
4.050498164743841044e+05
4.059783634239911335e+05
4.067968611880131648e+05
4.075351675925052841e+05
4.082324389669946395e+05
4.089362746044277446e+05
4.097005015062410966e+05
4.105812903795377933e+05
4.116315417232239852e+05
4.128938963071553153e+05
4.143932705714746844e+05
4.161303310074146721e+05
4.180775597398182726e+05
4.201793267894567689e+05
4.223566450220320257e+05
4.245162356931052054e+05
4.265625203198178206e+05
4.284105118931411416e+05
4.299974687559482991e+05
4.312915306843229919e+05
4.322961541324334685e+05
4.330497764116185717e+05
4.336206742672252003e+05
4.340975038087043795e+05
4.345766300520977238e+05
4.351480834905277588e+05
4.358826250137647730e+05
4.368226124392817146e+05
4.379788240713974228e+05
4.393340387695922982e+05
4.408523056598168914e+05
4.424910839770163875e+05
4.442124935259250924e+05
4.459902433951499988e+05
4.478103700988562196e+05
4.496661673478806624e+05
4.515497699612607248e+05
4.534439609899026109e+05
4.553175068366437918e+05
4.571258661175122252e+05
4.588171153923703823e+05
4.603412028404292068e+05
4.616597896022308269e+05
4.627541338191809482e+05
4.636294295287471032e+05
4.643152010269153398e+05
4.648622845278412569e+05
4.653373690929347649e+05
4.658160805014570942e+05
4.663754145965584321e+05
4.670861919065653346e+05
4.680061996955673676e+05
4.691747334231803543e+05
4.706091919435033342e+05
4.723041129950018949e+05
4.742325845013107173e+05
4.763494922993882792e+05
4.785957763863648288e+05
4.809029111190167023e+05
4.831971916554469499e+05
4.854039210228184238e+05
4.874519717610876542e+05
4.892791971900795470e+05
4.908387108411600348e+05
4.921052969717193046e+05
4.930805152717856108e+05
4.937948181291968212e+05
4.943054502013794845e+05
4.946899775587449549e+05
4.950366046681299922e+05
4.954334252498587593e+05
4.959589633659190149e+05
4.966756840860148659e+05
4.976269034146527410e+05
4.988363022666140459e+05
5.003086263875968289e+05
5.020303858503775555e+05
5.039702479184184922e+05
5.060797982768780203e+05
5.082958458212561090e+05
5.105451690550586791e+05
5.127516884924513870e+05
5.148449794483155711e+05
5.167683547847304726e+05
5.184847621017970960e+05
5.199794045704207383e+05
5.212589656375445193e+05
5.223481690828464343e+05
5.232848435708123143e+05
5.241146297562654363e+05
5.248861195608797716e+05
5.256467891520231497e+05
5.264397760125342757e+05
5.273014368909799960e+05
5.282596663453332148e+05
5.293330395913922694e+05
5.305308497189943446e+05
5.318539821039573289e+05
5.332963495252125431e+05
5.348464234196918551e+05
5.364883793183122762e+05
5.382025962578540202e+05
5.399656490610563196e+05
5.417503276109544095e+05
5.435263934092454147e+05
5.452626089774622815e+05
5.469300838655274129e+05
5.485063687005923130e+05
5.499792653814681107e+05
5.513492211731775897e+05
5.526294955440314952e+05
5.538439112391677918e+05
5.550226869158771588e+05
5.561973482677135617e+05
5.573958696737202117e+05
5.586389950843518600e+05
5.599382432587026851e+05
5.612956050720879575e+05
5.627045625286920695e+05
5.641518968823949108e+05
5.656198050289639505e+05
5.670880296724193031e+05
5.685359190117106773e+05
5.699444713331410894e+05
5.712984406360739376e+05
5.725884859254012117e+05
5.738131852141403360e+05
5.749805729829255724e+05
5.761087643478126265e+05
5.772252503684805706e+05
5.783646065980604617e+05
5.795646349445850356e+05
5.808613061812199885e+05
5.822832092384001007e+05
5.838464532130586449e+05
5.855510249251031782e+05
5.873794256255738437e+05
5.892979983039988438e+05
5.912607900829602731e+05
5.932152226449161535e+05
5.951084528963889461e+05
5.968932466996024596e+05
5.985324972203449579e+05
6.000020742636274081e+05
6.012922408705571434e+05
6.024081497238847660e+05
6.033697963299556868e+05
6.042113522257654695e+05
6.049793343698130921e+05
6.057289460101036821e+05
6.065183462446500780e+05
6.074014526716001565e+05
6.084207446983590489e+05
6.096019193505293224e+05
6.109518605160031002e+05
6.124603147088130936e+05
6.141043949881689623e+05
6.158541686377294827e+05
6.176775366663093446e+05
6.195433667478788411e+05
6.214229503911745269e+05
6.232906917180895107e+05
6.251250424808204407e+05
6.269100533456776757e+05
6.286369456495104823e+05
6.303044625975940144e+05
6.319169155212923652e+05
6.334798271926923189e+05
6.349944200032891240e+05
6.364531710429906379e+05
6.378386622932701139e+05
6.391268675542710116e+05
6.402942765738632297e+05
6.413266528000466060e+05
6.422264992187115131e+05
6.430167882752494188e+05
6.437399405558611033e+05
6.444527236323785037e+05
6.452189249520438025e+05
6.461018745805121725e+05
6.471582074156728340e+05
6.484331538988692919e+05
6.499567821541720768e+05
6.517404421116914600e+05
6.537732276564498898e+05
6.560192043496092083e+05
6.584168698866483755e+05
6.608823433884421829e+05
6.633169848323533079e+05
6.656188109138534637e+05
6.676957637689376716e+05
6.694781792397462996e+05
6.709279981551738456e+05
6.720432570604656357e+05
6.728577141044965247e+05
6.734365210930771427e+05
6.738692364174786489e+05
6.742611701091078576e+05
6.747234372224252438e+05
6.753617162079151021e+05
6.762639584157906938e+05
6.774881620808524312e+05
6.790523631855355343e+05
6.809295465306701371e+05
6.830497281489399029e+05
6.853099383091526106e+05
