6.797848208106986713e+05
6.777264432822434464e+05
6.758549630041557830e+05
6.742105187246465357e+05
6.728114659797918284e+05
6.716526629648171365e+05
6.707063875442933058e+05
6.699251355465769302e+05
6.692456765460440656e+05
6.685941555341711501e+05
6.678923475980089279e+05
6.670650981237487867e+05
6.660484851621629205e+05
6.647975927987128962e+05
6.632923920501107350e+05
6.615403856949601322e+05
6.595753853322973009e+05
6.574527467720824061e+05
6.552421570633942029e+05
6.530193297061912017e+05
6.508577109413195867e+05
6.488208095283028670e+05
6.469554210116424365e+05
6.452860659694944043e+05
6.438113370484302286e+05
6.425032177246264182e+05
6.413103981786750956e+05
6.401659618369746022e+05
6.389986795912538655e+05
6.377459491080576554e+05
6.363656573806958040e+05
6.348442614720542915e+05
6.331991938735023141e+05
6.314750260960503947e+05
6.297342441536239348e+05
6.280446201924459310e+05
6.264657802885394776e+05
6.250376140109122498e+05
6.237727068232129095e+05
6.226541198266106658e+05
6.216387483042355161e+05
6.206653612156870076e+05
6.196654970930363052e+05
6.185748961650767596e+05
6.173432197926566005e+05
6.159404197633791482e+05
6.143590730630444596e+05
6.126129884853047552e+05
6.107331251967373537e+05
6.087621629773257300e+05
6.067489229532963363e+05
6.047434011992252199e+05
6.027926669883769937e+05
6.009374984919164563e+05
5.992095001840462210e+05
5.976285705604744144e+05
5.962008659494414460e+05
5.949176785463108681e+05
5.937557591941634892e+05
5.926794750156069640e+05
5.916448114402255742e+05
5.906047336953144986e+05
5.895150127904225374e+05
5.883394795639032964e+05
5.870538702419208130e+05
5.856478764391860459e+05
5.841254899690960301e+05
5.825040055238120258e+05
5.808120092350696214e+05
5.790864379372275434e+05
5.773685915692193666e+05
5.756990585696076741e+05
5.741119304321658565e+05
5.726292484799870290e+05
5.712569978434939403e+05
5.699838413050291128e+05
5.687831116077526240e+05
5.676176033209776506e+05
5.664458631650855532e+05
5.652283653701696312e+05
5.639323062524668640e+05
5.625345483338754857e+05
5.610230502703287639e+05
5.593975121222297894e+05
5.576697757030135253e+05
5.558639218399887905e+05
5.540154165365840308e+05
5.521684902445691405e+05
5.503713577727498487e+05
5.486697235358407488e+05
5.470998433723109774e+05
5.456827979754185071e+05
5.444213725108813960e+05
5.433001594782210886e+05
5.422885729135808069e+05
5.413457729505121242e+05
5.404262671756460331e+05
5.394851462183956755e+05
5.384823174247165443e+05
5.373854921406824142e+05
5.361719329955419526e+05
5.348290854122374440e+05
5.333542831829985371e+05
5.317537954012145055e+05
5.300415660712170647e+05
5.282380248427760089e+05
5.263692502981883008e+05
5.244665302892503096e+05
5.225660458978123497e+05
5.207081241630178993e+05
5.189353931083102943e+05
5.172893290074620745e+05
5.158051289861048572e+05
5.145054853475025157e+05
5.133944938382447581e+05
5.124533517490633531e+05
5.116394724790378241e+05
5.108900596862144303e+05
5.101301351611742866e+05
5.092837836554421228e+05
5.082863638261600281e+05
5.070950069737302256e+05
5.056950723689346923e+05
5.041012642451014835e+05
5.023535005360080395e+05
5.005088914285032079e+05
4.986319334404420224e+05
4.967850716492171632e+05
4.950212289793203236e+05
4.933790559868674609e+05
4.918808736848369008e+05
4.905328043104201788e+05
4.893264479447262711e+05
4.882415369953025365e+05
4.872491088132920559e+05
4.863147792132649338e+05
4.854017049628123059e+05
4.844729004549378878e+05
4.834928042214739253e+05
4.824283384807982948e+05
4.812500086369820056e+05
4.799336499038760085e+05
4.784631342125982046e+05
4.768337696871299413e+05
4.750554952229105402e+05
4.731545961735688034e+05
4.711727607767803711e+05
4.691628810082368436e+05
4.671818849093180033e+05
4.652817550130610471e+05
4.635004416428667028e+05
4.618544627593397745e+05
4.603346219188069226e+05
4.589056437323543942e+05
4.575098356358413002e+05
4.560742930209404440e+05
4.545207246303444263e+05
4.527766561088700546e+05
4.507865270516001037e+05
4.485210416642902419e+05
4.459831549580657738e+05
4.432094003932797350e+05
4.402659616024878924e+05
4.372398916082280921e+05
4.342269571514763520e+05
4.313184062148727826e+05
4.285892310113289859e+05
4.260901018748930073e+05
4.238441882859225734e+05
4.218488658945999341e+05
4.200812104887020541e+05
4.185055076265838579e+05
4.170808948003121768e+05
4.157676446032449021e+05
4.145312948843519553e+05
4.133445809375105309e+05
4.121876940984276589e+05
4.110476311619781191e+05
4.099172788787259487e+05
4.087944982047728263e+05
4.076810424950686865e+05
4.065809051241572015e+05
4.054978104198792716e+05
4.044320243361549801e+05
4.033772514881143579e+05
4.023187706603609258e+05
4.012338653486291296e+05
4.000949745638930472e+05
3.988750461777027231e+05
3.975537268899652991e+05
3.961226535574093577e+05
3.945883840440928470e+05
3.929722866799900657e+05
3.913076423576585366e+05
3.896349185565654188e+05
3.879964214851359720e+05
3.864313321804997395e+05
3.849716889350600541e+05
3.836394549654060393e+05
3.824445909333076561e+05
3.813840697685752530e+05
3.804419236973266816e+05
3.795905389996852609e+05
3.787933809662460117e+05
3.780090972420654143e+05
3.771965734945547301e+05
3.763201404095554608e+05
3.753539204854223062e+05
3.742843837833910948e+05
3.731105832586663892e+05
3.718421630487045622e+05
3.704958665613644989e+05
3.690916686284713796e+05
3.676496434380050632e+05
3.661882487963398453e+05
3.647240362218755181e+05
3.632721802580716903e+05
3.618469337277496816e+05
3.604612793330479763e+05
3.591255699771158979e+05
3.578455721775509301e+05
3.566207522169782897e+05
3.554436793654732173e+05
3.543010573956997832e+05
3.531763035317597678e+05
3.520530269075235701e+05
3.509184370072048041e+05
3.497657362995677977e+05
3.485948789935103268e+05
3.474115686544309137e+05
3.462248518070366117e+05
3.450440061251300503e+05
3.438755479537609499e+05
3.427210885243600933e+05
3.415764989212098299e+05
3.404324858921085251e+05
3.392763369161830051e+05
3.380943562804486719e+05
3.368744349095954094e+05
3.356082641906683566e+05
3.342928549611041672e+05
3.329311822995218099e+05
3.315319048330335063e+05
3.301082177388771088e+05
3.286760314679112635e+05
3.272518333703427343e+05
3.258507275902542751e+05
3.244851503068294842e+05
3.231645398864894523e+05
3.218958345541920280e+05
3.206842425852991291e+05
3.195335203097901540e+05
3.184451732041234500e+05
3.174165480772212031e+05
3.164384797713760636e+05
3.154936511421542382e+05
3.145568396859784843e+05
3.135976903201645473e+05
3.125857587566794828e+05
3.114966688121857587e+05
3.103176789707770804e+05
3.090509691824510228e+05
3.077135300776211661e+05
3.063334657901375322e+05
3.049435156850506901e+05
3.035733765547518269e+05
3.022427660559922806e+05
3.009570268811963033e+05
2.997064638158013695e+05
2.984696718851539772e+05
2.972200744899373967e+05
2.959340095766863669e+05
2.945982264710583840e+05
2.932147449220812414e+05
2.918016910025185789e+05
2.903897986834929907e+05
2.890154466130616493e+05
2.877120271138201351e+05
2.865018220834059175e+05
2.853902660811683163e+05
2.843636219671066501e+05
2.833899995105416747e+05
2.824227290381636703e+05
2.814047075362309115e+05
2.802725892006225768e+05
2.789604339745631441e+05
2.774032670513383928e+05
2.755414956878495868e+05
2.733269867824263638e+05
2.707308387275678106e+05
2.677518004677391145e+05
2.644233844680103939e+05
2.608174220953778422e+05
2.570423071680571302e+05
2.532353295315883297e+05
2.495499246805240400e+05
2.461398867039986362e+05
2.431432475603370694e+05
2.406684791664446238e+05
2.387850237577560183e+05
2.375191545173042105e+05
2.368551065852514294e+05
2.367405433072439628e+05
2.370948847843080293e+05
2.378188747154315060e+05
2.388039559823996387e+05
2.399404525641630753e+05
2.411240603056582040e+05
2.422605798878567002e+05
2.432690842630343977e+05
2.440837894235269923e+05
2.446548613225566805e+05
2.449483440565671190e+05
2.449454040162563324e+05
2.446411490853511787e+05
2.440433353446514229e+05
2.431712358237536391e+05
2.420547785897975555e+05
2.407337996167515230e+05
2.392569966313231562e+05
2.376800320061510138e+05
2.360623065264272445e+05
2.344622366898422479e+05
2.329313580562028801e+05
2.315081097866430355e+05
2.302125469252425828e+05
2.290433021681990358e+05
2.279777838763329200e+05
2.269758980715954676e+05
2.259867148947537935e+05
2.249567489556635555e+05
2.238381466026955750e+05
2.225951892278455489e+05
2.212080562914818001e+05
2.196735223062218283e+05
2.180029316399061645e+05
2.162182299711755477e+05
2.143469955408582755e+05
2.124173776700478338e+05
2.104537103533262271e+05
2.084733789504570304e+05
2.064852816232039186e+05
2.044899424447465863e+05
2.024810422336958000e+05
2.004479248545004230e+05
1.983785920486557879e+05
1.962628217306579172e+05
1.940952316321214021e+05
1.918782069274720852e+05
1.896245108091267757e+05
1.873591306186570146e+05
1.851196505470274424e+05
1.829544086066162854e+05
1.809180304534014140e+05
1.790645931494284014e+05
1.774394335996615118e+05
1.760711751179007697e+05
1.749656645893176028e+05
1.741031333338987897e+05
1.734391558782697830e+05
1.729091444555901398e+05
1.724354462318530423e+05
1.719357628106743214e+05
1.713315971708648431e+05
1.705556446174880257e+05
1.695573370027112251e+05
1.683060233794588421e+05
1.667915114890568657e+05
1.650219574223345553e+05
1.630194345058060426e+05
1.608139310767673014e+05
1.584369183884085796e+05
1.559158282411727996e+05
1.532706378571403620e+05
1.505132400996247598e+05
1.476495010654950165e+05
1.446831240339092619e+05
1.416199305840012094e+05
1.384711293660006486e+05
1.352545875469360908e+05
1.319938793594385497e+05
1.287156734390451311e+05
1.254465494718029659e+05
1.222104315330985119e+05
1.190274884165012190e+05
1.159147359161074564e+05
1.128879225733715430e+05
1.099638173499147670e+05
1.071618831683337194e+05
1.045045271863041708e+05
1.020155691023911786e+05
9.971710372360987822e+04
9.762539464061227045e+04
9.574671261559636332e+04
9.407408638322904881e+04
9.258578806976955093e+04
9.124608626952649502e+04
9.000842477399409108e+04
8.882076831181728630e+04
8.763243646703014383e+04
8.640137625269107230e+04
8.510058536923561769e+04
8.372239253995807667e+04
8.227960393945524993e+04
8.080313003714149818e+04
7.933649357879361196e+04
7.792836570309819945e+04
7.662473629759185133e+04
7.546232766886526952e+04
7.446440021501963201e+04
7.363934609839471523e+04
7.298170465627114754e+04
7.247473352272162447e+04
7.209357442746013112e+04
7.180831873439378978e+04
7.158671023047939525e+04
7.139658150153965107e+04
7.120824041455454426e+04
7.099688705677101098e+04
7.074486967548422399e+04
7.044336158652705490e+04
7.009300054546834144e+04
6.970321077369677369e+04
6.929024644260057539e+04
6.887431488671033003e+04
6.847633384026736894e+04
6.811489552367711440e+04
6.780387946374992316e+04
6.755095557032030774e+04
6.735703230397326115e+04
6.721657850126820267e+04
6.711868091631225252e+04
6.704866255670280952e+04
6.699005085540724394e+04
6.692664606378799363e+04
6.684442162126500625e+04
6.673301840626310150e+04
6.658668222350673750e+04
6.640461367852495459e+04
6.619080373886696179e+04
6.595347423430613708e+04
6.570422111953224521e+04
6.545690185069736617e+04
6.522627227708468126e+04
6.502640758946719143e+04
6.486904038986967498e+04
6.476207424542665831e+04
6.470861350020539976e+04
6.470682798698625993e+04
6.475082278168779158e+04
6.483243982836141367e+04
6.494365519587979361e+04
6.507904319450088224e+04
6.523772673208922060e+04
6.542434321123730479e+04
6.564878850849246373e+04
6.592477471334830625e+04
6.626745826020889217e+04
6.669050614031781151e+04
6.720297315545049787e+04
6.780632270754693309e+04
6.849191305219645437e+04
6.923932734222614090e+04
7.001601235365928733e+04
7.077870626442410867e+04
7.147696965599218674e+04
7.205873945995747636e+04
7.247727001237390505e+04
7.269828346957032045e+04
7.270584127915522549e+04
7.250553556701909110e+04
7.212412062650393636e+04
7.160554088069476711e+04
7.100422563636342238e+04
7.037724102592904819e+04
6.977720252714923117e+04
6.924767034813754435e+04
6.882213603937743756e+04
6.852684538031317061e+04
6.838683261871323339e+04
6.843388626570954511e+04
6.871485332949258736e+04
6.929870502487331396e+04
7.028099158948339755e+04
7.178450788362622552e+04
7.395503418940464326e+04
7.695094116190564819e+04
8.092551186362066073e+04
8.600144978589730454e+04
9.223857670463730756e+04
9.959822761879136669e+04
1.079108353037708002e+05
1.168556221549693000e+05
1.259618571532703354e+05
1.346387151710979524e+05
1.422351730610191880e+05
1.481236159141139942e+05
1.517930905194643419e+05
1.529331254165784921e+05
1.514889195625523571e+05
1.476741733897296945e+05
1.419376270130051998e+05
1.348905803035749996e+05
1.272118084936359373e+05
1.195505937515446276e+05
1.124470498857679195e+05
1.062825226798060321e+05
1.012640737429397559e+05
9.743878827507348615e+04
9.472812252834829269e+04
9.297066994051386428e+04
9.196319355224138417e+04
9.149328381896774226e+04
9.136104864588848432e+04
9.139060878547519678e+04
9.143419736025176826e+04
9.137225027219338517e+04
9.111232892314692435e+04
9.058853535039084090e+04
8.976177616547762591e+04
8.862021673958518659e+04
8.717878437706199475e+04
8.547668162616770132e+04
8.357243548563054355e+04
8.153678812118503265e+04
7.944444064803814399e+04
7.736605499090696685e+04
7.536188644962520630e+04
7.347800193242685054e+04
7.174540102832713455e+04
7.018171433017503296e+04
6.879468505924275087e+04
6.758643186644463276e+04
6.655752825060064788e+04
6.571014152790520166e+04
6.504976903509849944e+04
6.458543744549710391e+04
6.432856746329025191e+04
6.429102668072097003e+04
6.448314721166159870e+04
6.491259005576832715e+04
6.558480858146143146e+04
6.650545229419141833e+04
6.768439270022136043e+04
6.914027832538036455e+04
7.090385634249281429e+04
7.301799860044500383e+04
7.553267561711333110e+04
7.849414482069983205e+04
8.192925472950506082e+04
8.582764763344911626e+04
9.012618426836692379e+04
9.470047191009791277e+04
9.936749860544469266e+04
1.039010393663336145e+05
1.080582316291889147e+05
1.116124882575423981e+05
1.143858193028653477e+05
1.162734546144266496e+05
1.172555350824697089e+05
1.173939726276273286e+05
1.168162626933517749e+05
1.156908997100994457e+05
1.142003176600679872e+05
1.125168201950905350e+05
1.107852427760550636e+05
1.091138807963326108e+05
1.075732526080233365e+05
1.062009709494849958e+05
1.050104353590746032e+05
1.040010514458414982e+05
1.031679875894608849e+05
1.025099265515384031e+05
1.020337960010218958e+05
1.017560598315266107e+05
1.017007926139761257e+05
1.018953554047977959e+05
1.023649171872645675e+05
1.031272166822789877e+05
1.041888009405841003e+05
1.055435659045482898e+05
1.071738793602581718e+05
1.090540228669256612e+05
1.111552524612775014e+05
1.134515057976755925e+05
1.159246898258734727e+05
1.185685567202570674e+05
1.213903969034934998e+05
1.244101246156016714e+05
1.276567720565843192e+05
1.311628878152090474e+05
1.349577668912548397e+05
1.390607122093314247e+05
1.434755390692314541e+05
1.481872402179750206e+05
1.531611854791789374e+05
1.583445962267602445e+05
1.636695280811281409e+05
1.690563988849600428e+05
1.744172755454044964e+05
1.796585854043911968e+05
1.846834290625616559e+05
1.893940097509040497e+05
1.936947228910083941e+05
1.974961866955736186e+05
2.007200891052356747e+05
2.033043671633782506e+05
2.052080524002578168e+05
2.064151296827286715e+05
2.069368963034450717e+05
2.068124805009439879e+05
2.061073385763091210e+05
2.049097198399581539e+05
2.033253221722541493e+05
2.014706747983607347e+05
1.994661106392895163e+05
1.974293839131236309e+05
1.954708988289466943e+05
1.936910799883750442e+05
1.921797251943206647e+05
1.910164716834269639e+05
1.902710691006651032e+05
1.900022066439331393e+05
1.902542267142331111e+05
1.910519960284834378e+05
1.923951622011219733e+05
1.942536334548266605e+05
1.965661288205145975e+05
1.992430174876964884e+05
2.021735924611063383e+05
2.052367595973392599e+05
2.083132507709636120e+05
2.112971578594806779e+05
2.141048917101948755e+05
2.166804365681855415e+05
2.189966924210870347e+05
2.210534607345242694e+05
2.228730330275478482e+05
2.244943663442354009e+05
2.259666132141510316e+05
2.273425223221281194e+05
2.286721027581622475e+05
2.299969930290860648e+05
2.313461125199775270e+05
2.327332442178528290e+05
2.341570669737893040e+05
2.356037776182121306e+05
2.370518896105074382e+05
2.384782290293606929e+05
2.398637638914083072e+05
2.411978522256342112e+05
2.424798376654227613e+05
2.437176011238660139e+05
2.449235280387798848e+05
2.461091376989505661e+05
2.472801005165236420e+05
2.484333610371897230e+05
2.495575399223968561e+05
2.506368251038214948e+05
2.516574500855306687e+05
2.526149422595001815e+05
2.535199152924514783e+05
2.544004360909023089e+05
2.552998622811327223e+05
2.562702629258173401e+05
2.573627348108756414e+05
2.586167601893494721e+05
2.600510064323067199e+05
2.616576223325760511e+05
2.634012889092402183e+05
2.652232755777677521e+05
2.670497768319724128e+05
2.688030385820760275e+05
2.704133262812841567e+05
2.718296772811548435e+05
2.730276178528470336e+05
2.740125775445936597e+05
2.748185180466027232e+05
2.755021686791574466e+05
2.761340413928829948e+05
2.767879082212289213e+05
2.775305575099483831e+05
2.784134052384842071e+05
2.794670281623651972e+05
2.806990612172042020e+05
2.820953094961761963e+05
2.836234675169705879e+05
2.852385691238378640e+05
2.868892270659130299e+05
2.885238465959511232e+05
2.900962557762758224e+05
2.915704847813328961e+05
2.929246251691203797e+05
2.941537216346919886e+05
2.952715004910365096e+05
2.963105361559069133e+05
2.973203701477663126e+05
2.983632576619811589e+05
2.995076346884489758e+05
3.008199482614561566e+05
3.023559751030555926e+05
3.041529964867641102e+05
3.062241258322384674e+05
3.085557369151237071e+05
3.111084183993386687e+05
3.138213005331103923e+05
3.166190618443378480e+05
3.194205140666934894e+05
3.221474635595971486e+05
3.247326154472223134e+05
3.271256151074572699e+05
3.292968048294921173e+05
3.312387285717880004e+05
3.329656686517051421e+05
3.345114798702459084e+05
3.359257985757314600e+05
3.372685641825938947e+05
3.386029037110241479e+05
3.399868508329715696e+05
3.414649501808330533e+05
3.430612505701631890e+05
3.447752500336935627e+05
3.465819145956130815e+05
3.484360569230124820e+05
3.502803879606870469e+05
3.520557329215893405e+05
3.537114444056272041e+05
3.552140378188426257e+05
3.565524903975194902e+05
3.577393730886791018e+05
3.588078544314211467e+05
3.598054261232913123e+05
3.607857619627208915e+05
3.618003183872514637e+05
3.628911173137353035e+05
3.640857344299670076e+05
3.653950099364861962e+05
3.668135278669033432e+05
3.683225159199020709e+05
3.698944856223452371e+05
3.714986627398618730e+05
3.731061134929122636e+05
3.746935556776512531e+05
3.762452107890810003e+05
3.777526329341682722e+05
3.792130438212503213e+05
3.806270750759349321e+05
3.819968269096049480e+05
3.833248256507196929e+05
3.846139820317507256e+05
3.858682418749128119e+05
3.870934318693322712e+05
3.882978540467866696e+05
3.894923822060028324e+05
3.906900336717406753e+05
3.919051347620459856e+05
3.931522371297625359e+05
3.944449013941781595e+05
3.957944018836052855e+05
3.972083815182379331e+05
3.986895349402310676e+05
4.002345133981691906e+05
4.018333687498377403e+05
4.034698962968668202e+05
4.051231198111252161e+05
4.067698754145769635e+05
4.083880757669408922e+05
4.099599255405847798e+05
4.114742692123122397e+05
4.129274594688579673e+05
4.143225877357357531e+05
4.156674515473886859e+05
4.169720368437143625e+05
4.182464059382014675e+05
4.194996612708184402e+05
4.207401913838149048e+05
4.219768793353949441e+05
4.232205602558014216e+05
4.244848910661124974e+05
4.257859782041406725e+05
4.271405325223486871e+05
4.285628450678084046e+05
4.300613356961552054e+05
4.316356695702164434e+05
4.332753755166147021e+05
4.349605352421891876e+05
4.366645424589690519e+05
4.383583327485783375e+05
4.400150592351455707e+05
4.416140868324961630e+05
4.431434356254091254e+05
4.446003213137395214e+05
4.459900167452049209e+05
4.473236776972438092e+05
4.486159032324950094e+05
4.498826391022242606e+05
4.511397102077205200e+05
4.524019619763531955e+05
4.536828277345971437e+05
4.549941348830398056e+05
4.563460316611601156e+05
4.577469492809347576e+05
4.592034663769316976e+05
4.607198712595932884e+05
4.622972390046216897e+05
4.639320356276526581e+05
4.656145943577990984e+05
4.673281211110190488e+05
4.690489782916798722e+05
4.707487468851874000e+05
4.723980174657384632e+05
4.739712114597922773e+05
4.754512560666442732e+05
4.768328471401468851e+05
4.781233987618690007e+05
4.793414776073636021e+05
4.805132985712930677e+05
4.816684219081008341e+05
4.828359249363030540e+05
4.840419715242939419e+05
4.853090099827201921e+05
4.866560774442232796e+05
4.880991926412917674e+05
4.896508000756287365e+05
4.913177167341201566e+05
4.930978452452761121e+05
4.949767239083319437e+05
4.969254321664363961e+05
4.989012295654349145e+05
5.008515740306978696e+05
5.027210867659795331e+05
5.044600163446381921e+05
5.060322113216478610e+05
5.074207600614303956e+05
5.086302220829627477e+05
5.096854130188063136e+05
5.106275717123912182e+05
5.115091126209727372e+05
5.123880056768555078e+05
5.133223575944731710e+05
5.143653381784569938e+05
5.155604543307826389e+05
5.169373468963337364e+05
5.185085810264534666e+05
5.202680566978688585e+05
5.221915184231772437e+05
5.242392222658734536e+05
5.263603197142453864e+05
5.284981795920962468e+05
5.305958331438120222e+05
5.326009664573924383e+05
5.344702269794914173e+05
5.361728445022376254e+05
5.376935596884164261e+05
5.390346281435433775e+05
5.402163926706162747e+05
5.412758122688623844e+05
5.422625577562840190e+05
5.432328273611497134e+05
5.442417286350771319e+05
5.453356442698936444e+05
5.465461962449533166e+05
5.478871211478039622e+05
5.493546313822186785e+05
5.509308958236362087e+05
5.525894549767971039e+05
5.543009874600492185e+05
5.560380130694259424e+05
5.577777697421298362e+05
5.595033380198271479e+05
5.612037129939127481e+05
5.628736436657672748e+05
5.645136434139604680e+05
5.661299005266966997e+05
5.677333339581734035e+05
5.693371123548431788e+05
5.709526343946084380e+05
5.725849295065749902e+05
5.742291394388569752e+05
5.758697285550781526e+05
5.774832415760883596e+05
5.790441045097543392e+05
5.805317358061737614e+05
5.819366550584502984e+05
5.832635978720621206e+05
5.845307152248453349e+05
5.857652958277951693e+05
5.869975640400712145e+05
5.882545873339623213e+05
5.895560696909166873e+05
5.909129814765553456e+05
5.923289269601757405e+05
5.938032539343843237e+05
5.953344478434777120e+05
5.969224355247152271e+05
5.985689708486752352e+05
6.002760559545342112e+05
6.020430754252643092e+05
6.038637425984776346e+05
6.057239704382383497e+05
6.076014421857056441e+05
6.094671442898954265e+05
6.112886305188040715e+05
6.130344370603925781e+05
6.146788893565777689e+05
6.162064939415693516e+05
6.176151540284039220e+05
6.189175839233216830e+05
6.201405423985564848e+05
6.213218492132182000e+05
6.225055271403628867e+05
6.237357289700380061e+05
6.250502999120795866e+05
6.264748962265519658e+05
6.280185836053502280e+05
6.296717975298489910e+05
6.314073949285389390e+05
6.331851265977021540e+05
6.349591299730219180e+05
6.366870923158541555e+05
6.383389127408346394e+05
6.399024549829189200e+05
6.413846395205873996e+05
6.428075908398790052e+05
6.442013039843305014e+05
6.455955544561584247e+05
6.470139208695515990e+05
6.484716919215507805e+05
6.499775700370556442e+05
6.515373427128223702e+05
6.531569078040122986e+05
6.548425787310230080e+05
6.565981678729101550e+05
6.584201523288353346e+05
6.602933704599970952e+05
6.621896374960001558e+05
6.640704696175784338e+05
6.658933820613950957e+05
6.676198084416869096e+05
6.692222007681661053e+05
6.706884377969010966e+05
6.720228960413876921e+05
6.732447508953870274e+05
6.743847035218325909e+05
6.754811977708252380e+05
6.765765791931595886e+05
6.777130815204650862e+05
6.789284368573178072e+05
6.802513601108514704e+05
6.816978171869366197e+05
6.832693258397240425e+05
6.849541902295978507e+05
6.867315794891717378e+05
6.885771897430942627e+05
6.904685068828744115e+05
6.923878439317132579e+05
6.943223333557368023e+05
6.962614254148335895e+05
6.981934998336366843e+05
7.001034399605990620e+05
7.019723884750028374e+05
7.037797914258763194e+05
7.055068357448921306e+05
7.071399509837662335e+05
7.086732698157596169e+05
7.101095554093202809e+05
7.114596951801916584e+05
7.127411451133474475e+05
7.139756794366018148e+05
7.151866721362649696e+05
7.163961468808990903e+05
7.176220445608535083e+05
7.188764109851181274e+05
7.201652327819123166e+05
7.214902743406352820e+05
7.228525591667504050e+05
7.242563906304596458e+05
7.257123887377365027e+05
7.272381731242870446e+05
7.288560348360541975e+05
7.305879509210051037e+05
7.324492253539089579e+05
7.344425502494666725e+05
7.365542051846757531e+05
7.387534959040562389e+05
7.409956020141056506e+05
7.432270754027939402e+05
7.453926126386669930e+05
7.474416041782296961e+05
7.493333394297113409e+05
7.510404178665967193e+05
7.525505560718144989e+05
7.538672863760309992e+05
7.550098956071857829e+05
7.560124976756953401e+05
7.569217191915763542e+05
7.577924620602001669e+05
7.586817376922611147e+05
7.596414565032491228e+05
7.607118486985585187e+05
7.619174004504646873e+05
