2.728694643876907066e+05
2.714128879172335728e+05
2.700859861274961149e+05
2.689649268372633960e+05
2.681004194175975281e+05
2.675111103005975019e+05
2.671820311289621168e+05
2.670681142759908689e+05
2.671018805087354267e+05
2.672037773640520172e+05
2.672933834110745229e+05
2.672997692666650983e+05
2.671696322805149830e+05
2.668722908961485373e+05
2.664011448082713177e+05
2.657717137535862857e+05
2.650168184961516527e+05
2.641798280882231193e+05
2.633071314830246265e+05
2.624410599849994760e+05
2.616143591184192046e+05
2.608469811449277040e+05
2.601454858983276354e+05
2.595047938836570829e+05
2.589115647692420753e+05
2.583482073192519019e+05
2.577965416489568597e+05
2.572404184279264009e+05
2.566670443682132172e+05
2.560672053662943654e+05
2.554348659857971652e+05
2.547666791208201903e+05
2.540617862786529295e+05
2.533220292544052354e+05
2.525524525132527924e+05
2.517618404204121907e+05
2.509630248012139928e+05
2.501727749362674658e+05
2.494111753951056453e+05
2.487004522966055083e+05
2.480632139688070747e+05
2.475200654553474742e+05
2.470866063025947369e+05
2.467699867734664876e+05
2.465654825446153409e+05
2.464538694941113936e+05
2.464005801576717058e+05
2.463575290682360646e+05
2.462680117040491314e+05
2.460742763518831634e+05
2.457264788804504497e+05
2.451910944634563057e+05
2.444567703038739855e+05
2.435361636229577707e+05
2.424633666379832721e+05
2.412877132231445285e+05
2.400656680148524174e+05
2.388528128707892902e+05
2.376976033361271257e+05
2.366377580142272636e+05
2.356992122421705280e+05
2.348968630682907242e+05
2.342360688887470169e+05
2.337140565907662676e+05
2.333208659507271659e+05
2.330399715226732951e+05
2.328490360280186869e+05
2.327212475725608238e+05
2.326274042521714873e+05
2.325384861815366894e+05
2.324281048240435775e+05
2.322741204969187093e+05
2.320589453033476893e+05
2.317685368829855870e+05
2.313906544810451742e+05
2.309133544487270410e+05
2.303247467612657638e+05
2.296146420067161380e+05
2.287779871460832364e+05
2.278191721753364254e+05
2.267557138035464741e+05
2.256197533602414769e+05
2.244563298561836127e+05
2.233183510835911729e+05
2.222592369040183548e+05
2.213249475769306300e+05
2.205472599021816568e+05
2.199396917810892337e+05
2.194966368246060447e+05
2.191954238895502058e+05
2.190004744101244723e+05
2.188685997872273729e+05
2.187546398272907827e+05
2.186168535571512184e+05
2.184215558661998075e+05
2.181464450394255109e+05
2.177820495279667375e+05
2.173309288655541895e+05
2.168047516581129166e+05
2.162199920359441312e+05
2.155934432906925795e+05
2.149387845072117052e+05
2.142649924355237454e+05
2.135766560330229986e+05
2.128755657679629803e+05
2.121626185581072932e+05
2.114392091017822095e+05
2.107077375037172460e+05
2.099713765416745737e+05
2.092335565188387409e+05
2.084976402152158844e+05
2.077670483489667531e+05
2.070458222462379490e+05
2.063394126918988477e+05
2.056554011431717663e+05
2.050038491308703669e+05
2.043969866018743196e+05
2.038480026287748187e+05
2.033688578720800579e+05
2.029673408448349801e+05
2.026439792018205626e+05
2.023897167741114099e+05
2.021852698243472551e+05
2.020026807187623053e+05
2.018088943088132655e+05
2.015704745705822424e+05
2.012581850688303821e+05
2.008502732548434287e+05
2.003338771576466970e+05
1.997047400453274895e+05
1.989660157975204056e+05
1.981271129203233286e+05
1.972032155302727188e+05
1.962155184315580409e+05
1.951916276903357648e+05
1.941652879781242227e+05
1.931747316154268919e+05
1.922594314369656204e+05
1.914556555972872011e+05
1.907916967101310729e+05
1.902837876660025504e+05
1.899334920269267168e+05
1.897269072825140029e+05
1.896355764318626607e+05
1.896187672274587385e+05
1.896268078535998648e+05
1.896053495922484435e+05
1.895005459655881277e+05
1.892650134013701754e+05
1.888640496240572538e+05
1.882811066764496500e+05
1.875212320000119798e+05
1.866113428967179207e+05
1.855968345613032870e+05
1.845349496228838689e+05
1.834862127193117631e+05
1.825057227240904758e+05
1.816360308337537863e+05
1.809027796668928058e+05
1.803134804310801846e+05
1.798590552462576015e+05
1.795172847479023039e+05
1.792571501864482125e+05
1.790431907625024614e+05
1.788392921732165560e+05
1.786116583890248730e+05
1.783310006834044761e+05
1.779741456268291513e+05
1.775252912384212250e+05
1.769770407576955331e+05
1.763311710620944214e+05
1.755989302731269854e+05
1.748005849990299612e+05
1.739639904706564266e+05
1.731221192241892277e+05
1.723096974407063390e+05
1.715592965995691775e+05
1.708973670035716495e+05
1.703407618320588081e+05
1.698942828806506586e+05
1.695496789032380620e+05
1.692863410000019940e+05
1.690736781261430588e+05
1.688748610256921966e+05
1.686513650571313628e+05
1.683675978974641184e+05
1.679949163659618062e+05
1.675145149913388304e+05
1.669189499022952223e+05
1.662123531690920063e+05
1.654096027853080886e+05
1.645347837596478348e+05
1.636192030049683526e+05
1.626990584872216277e+05
1.618127037537732976e+05
1.609973897553848801e+05
1.602854690209003747e+05
1.597003070562548819e+05
1.592524775515256624e+05
1.589370783833927417e+05
1.587330444538088050e+05
1.586050608773567074e+05
1.585081192421969317e+05
1.583940596942213888e+05
1.582188339975549898e+05
1.579489366878978908e+05
1.575656110548926517e+05
1.570660141549907275e+05
1.564613385979129816e+05
1.557726736226588837e+05
1.550258963174855162e+05
1.542469730090598750e+05
1.534587247032899468e+05
1.526795056045372039e+05
1.519235737378924387e+05
1.512024150196914852e+05
1.505260713096070976e+05
1.499036667801499134e+05
1.493427552205265092e+05
1.488476605616823072e+05
1.484174532471730490e+05
1.480444270729751152e+05
1.477138368584685668e+05
1.474052668719752110e+05
1.470954652323369810e+05
1.467619913810222060e+05
1.463867525346820476e+05
1.459585402798820578e+05
1.454739986277667922e+05
1.449369378173073637e+05
1.443563787999741035e+05
1.437440109313639696e+05
1.431117851128582261e+05
1.424701673702940461e+05
1.418272545506583992e+05
1.411886505322460434e+05
1.405578310642549477e+05
1.399367198968143202e+05
1.393263045588712848e+05
1.387272376458976651e+05
1.381404143945962423e+05
1.375674677335136803e+05
1.370110276432182291e+05
1.364745415042475215e+05
1.359615195675633149e+05
1.354742654009631660e+05
1.350124081335930096e+05
1.345717523802515061e+05
1.341439864790890424e+05
1.337175861543720530e+05
1.332798637921279587e+05
1.328196801589491952e+05
1.323300327481281420e+05
1.318097028196428146e+05
1.312634161656883953e+05
1.307004564212592959e+05
1.301321775923267123e+05
1.295691966645709181e+05
1.290190865811603144e+05
1.284851406042048475e+05
1.279663642173706903e+05
1.274584477696551476e+05
1.269552323131746816e+05
1.264501650758624164e+05
1.259374100377713912e+05
1.254125233767575846e+05
1.248728011677190952e+05
1.243174782105067570e+05
1.237478938769246161e+05
1.231676005489061063e+05
1.225822624412247824e+05
1.219991565751343296e+05
1.214261760216937255e+05
1.208704192368121585e+05
1.203366487969409354e+05
1.198260216122634156e+05
1.193354611504493951e+05
1.188578535774844640e+05
1.183829701012074656e+05
1.178987616801517288e+05
1.173925516622378927e+05
1.168517230881166470e+05
1.162637332406065252e+05
1.156155918689751852e+05
1.148931921842453594e+05
1.140809966309850570e+05
1.131625247777689510e+05
1.121218968788697239e+05
1.109464110406698892e+05
1.096298344227799680e+05
1.081758239198453521e+05
1.066007148993284645e+05
1.049348877691035159e+05
1.032220893796768651e+05
1.015164526510454307e+05
9.987745522651463398e+04
9.836355318186704244e+04
9.702556668943499972e+04
9.590097512882505544e+04
9.501008652933810663e+04
9.435466023789421888e+04
9.391910854832334735e+04
9.367399337059201207e+04
9.358122401930078922e+04
9.360015743103942077e+04
9.369369280501110188e+04
9.383344758317427477e+04
9.400323206730939273e+04
9.420032952348496474e+04
9.443451280906384636e+04
9.472519569213521027e+04
9.509749031420260144e+04
9.557809516865329351e+04
9.619181409709036234e+04
9.695915145138933440e+04
9.789497518892068183e+04
9.900785737228702055e+04
1.002995281970510987e+05
1.017639695185734890e+05
1.033859796705409535e+05
1.051394354745373275e+05
1.069858011954978865e+05
1.088735577102256211e+05
1.107390948685804178e+05
1.125092694194269570e+05
1.141054045908743719e+05
1.154481532212896273e+05
1.164624914031168591e+05
1.170821965932422754e+05
1.172534320293399069e+05
1.169373709952474164e+05
1.161120020740538457e+05
1.147732743247264152e+05
1.129355897679064947e+05
1.106314459799395117e+05
1.079099241252541542e+05
1.048338088369236648e+05
1.014754100124536926e+05
9.791151781080845103e+04
9.421819469144326285e+04
9.046616152054870327e+04
8.671734215967819910e+04
8.302278416910952365e+04
7.942183376892577508e+04
7.594225828773525427e+04
7.260103655311383773e+04
6.940571669967491471e+04
6.635642666121860384e+04
6.344866324754072411e+04
6.067680604345643951e+04
5.803795170859674545e+04
5.553530264580629591e+04
5.318017086751623719e+04
5.099181513475580869e+04
4.899482536354572221e+04
4.721446045073454297e+04
4.567099333639773249e+04
4.437448000653910276e+04
4.332130690197439981e+04
4.249339902123772481e+04
4.186024927371476224e+04
4.138319688551709987e+04
4.102086427848332096e+04
4.073449270985461771e+04
4.049210503126401454e+04
4.027086260476992902e+04
4.005750234208069742e+04
3.984717212051959359e+04
3.964122329000187165e+04
3.944455246209438337e+04
3.926297526598114928e+04
3.910096208580842358e+04
3.895995108577183419e+04
3.883740091932009091e+04
3.872671773904767906e+04
3.861812424023487984e+04
3.850039023324570735e+04
3.836313092755681282e+04
3.819917639836008311e+04
3.800642188310232450e+04
3.778865053104973776e+04
3.755507327408307174e+04
3.731867471363511140e+04
3.709376926549233758e+04
3.689335189423272095e+04
3.672682422766437230e+04
3.659851347484668804e+04
3.650715568708677893e+04
3.644627932039541338e+04
3.640527044788586500e+04
3.637085344758800784e+04
3.632876023240127688e+04
3.626543590133425459e+04
3.616968260225381528e+04
3.603414111994180712e+04
3.585645475172399165e+04
3.563989514359746681e+04
3.539321727767861739e+04
3.512959953226015205e+04
3.486471865371055901e+04
3.461425575483783905e+04
3.439133528046755237e+04
3.420447174610073853e+04
3.405649162365000666e+04
3.394463452788177528e+04
3.386170909747490805e+04
3.379790346398873953e+04
3.374272430598189385e+04
3.368659540790026949e+04
3.362184505450481083e+04
3.354305803652020404e+04
3.344696148806852580e+04
3.333209041715900094e+04
3.319843598365741491e+04
3.304716876960358059e+04
3.288042349844121782e+04
3.270108562478108433e+04
3.251254421324390933e+04
3.231843589114105635e+04
3.212244894441848010e+04
3.192824762143277621e+04
3.173951499744852117e+04
3.156003483789873644e+04
3.139368716723592297e+04
3.124424864162790982e+04
3.111496148133398310e+04
3.100792783996275102e+04
3.092345805937774276e+04
3.085952782627374836e+04
3.081148514881366282e+04
3.077211434018789441e+04
3.073212716237378118e+04
3.068110822191532498e+04
3.060887523405538377e+04
3.050711324808719291e+04
3.037102035874300054e+04
3.020060658434437210e+04
3.000127504803693591e+04
2.978342228810521920e+04
2.956101229658262309e+04
2.934934582783802034e+04
2.916247358591386728e+04
2.901080950186570772e+04
2.889945185343034245e+04
2.882753548374326056e+04
2.878868322548552533e+04
2.877238050423559616e+04
2.876592958552914934e+04
2.875657748531453763e+04
2.873344353236895404e+04
2.868896440496450668e+04
2.861968954908924934e+04
2.852637511118253315e+04
2.841343187419736205e+04
2.828787905521555513e+04
2.815803125685650593e+04
2.803218120389501200e+04
2.791751797390904539e+04
2.781943770263202896e+04
2.774128490739831977e+04
2.768444980431896693e+04
2.764868115896400195e+04
2.763247385987262533e+04
2.763344281941511508e+04
2.764866457413235185e+04
2.767501738230280171e+04
2.770955926174583874e+04
2.774995563451523049e+04
2.779492603794052411e+04
2.784464691415735069e+04
2.790103793347470855e+04
2.796787103901274168e+04
2.805066420794863006e+04
2.815634682998237986e+04
2.829270891866022066e+04
2.846767619968140934e+04
2.868849048509011845e+04
2.896091548198616510e+04
2.928862104888730391e+04
2.967291238282318591e+04
3.011296123607562185e+04
3.060667085112141649e+04
3.115227377718165371e+04
3.175071778350804379e+04
3.240881060227572743e+04
3.314292023848772806e+04
3.398272310780778207e+04
3.497406860367787885e+04
3.617958965577949857e+04
3.767543927941092988e+04
3.954273313707775378e+04
4.185313944240422279e+04
4.464960804111236212e+04
4.792520323278506112e+04
5.160482151494389109e+04
5.553547666243107960e+04
5.949015303778717498e+04
6.318771875452160020e+04
6.632746920402887918e+04
6.863261122936730681e+04
6.989381730231684924e+04
7.000310816023993539e+04
6.897027009208939853e+04
6.691828971698928217e+04
6.405954695035229815e+04
6.065905619495677820e+04
5.699351560073426663e+04
5.331476399662237964e+04
4.982385176438593771e+04
4.665838020907898317e+04
4.389230687959965144e+04
4.154500352321428363e+04
3.959537707890117599e+04
3.799716158248409920e+04
3.669256559533729887e+04
3.562276009354408598e+04
3.473480299268376257e+04
3.398532827028555039e+04
3.334168118485609011e+04
3.278126289813267067e+04
3.228978372315827437e+04
3.185900651940593525e+04
3.148443520365669974e+04
3.116327805921759136e+04
3.089288906457896519e+04
3.066976518838207994e+04
3.048906673871198291e+04
3.034455074063158827e+04
3.022877887515704060e+04
3.013348262978170533e+04
3.005002231213614141e+04
2.996993391365989737e+04
2.988558727019901198e+04
2.979096095221812720e+04
2.968247561678936108e+04
2.955974308953303625e+04
2.942602323696320673e+04
2.928817412146816059e+04
2.915595410339569571e+04
2.904067836389768490e+04
2.895340742680127005e+04
2.890299520268790729e+04
2.889439656620505411e+04
2.892760154930966382e+04
2.899743159536283565e+04
2.909424103936085157e+04
2.920536916418366673e+04
2.931703832588814112e+04
2.941632747419372754e+04
2.949287657965928520e+04
2.954007686936814571e+04
2.955563529527866922e+04
2.954152522579599099e+04
2.950341737811932398e+04
2.944971908443522261e+04
2.939035507859847348e+04
2.933542883419356076e+04
2.929392789524172258e+04
2.927266881773558634e+04
2.927568025719475918e+04
2.930415692959908847e+04
2.935697327583456354e+04
2.943156405402225209e+04
2.952483969356771922e+04
2.963378699320132728e+04
2.975554216859415101e+04
2.988696881477016359e+04
3.002402061578169378e+04
3.016129811052631703e+04
3.029215096026008541e+04
3.040945103995856334e+04
3.050686828320538916e+04
3.058025467333976121e+04
3.062868461379063228e+04
3.065483559732620415e+04
3.066465808022614874e+04
3.066655972772680252e+04
3.067049917985744469e+04
3.068738212106805076e+04
3.072898819033221662e+04
3.080840835506851363e+04
3.094074483179947129e+04
3.114370696612037136e+04
3.143776099999006692e+04
3.184563376107468503e+04
3.239116604470467064e+04
3.309769354984124948e+04
3.398625850859164348e+04
3.507401010065481387e+04
3.637313812273742224e+04
3.789060119564022898e+04
3.962875091416166833e+04
4.158672037801069382e+04
4.376217807386815548e+04
4.615282824735644681e+04
4.875696917381871754e+04
5.157257411844631861e+04
5.459473031965913106e+04
5.781175784522924369e+04
6.120077020217150857e+04
6.472367986184942856e+04
6.832462333532463526e+04
7.192952165138049168e+04
7.544812258961649786e+04
7.877851750205679855e+04
8.181385168386576697e+04
8.445073063710964925e+04
8.659859627306075708e+04
8.818906824548041914e+04
8.918396919021074427e+04
8.958062436628332944e+04
8.941321435283623578e+04
8.874954895769905124e+04
8.768354224223627534e+04
8.632465612750020227e+04
8.478631494383870449e+04
8.317550190063659102e+04
8.158533450392537634e+04
8.009150872794829775e+04
7.875240718785447825e+04
7.761174525433129747e+04
7.670215790010678757e+04
7.604820752482951502e+04
7.566782286008041410e+04
7.557192968412225309e+04
7.576273847237988957e+04
7.623160490197106265e+04
7.695748379500480951e+04
7.790678248799647554e+04
7.903499755163397640e+04
8.029003528188607015e+04
8.161670529848980368e+04
8.296162876045776648e+04
8.427775305657874560e+04
8.552779524795117322e+04
8.668619089849125885e+04
8.773943080456632015e+04
8.868495781995709694e+04
8.952901939030032372e+04
9.028399816419780836e+04
9.096575808973083622e+04
9.159144501100282650e+04
9.217798602840995591e+04
9.274128533608591533e+04
9.329588776150354533e+04
9.385475503851941903e+04
9.442882782433605462e+04
9.502622356757261150e+04
9.565117479421450116e+04
9.630303365475173632e+04
9.697575946900431882e+04
9.765823000635641802e+04
9.833551279857160989e+04
9.899098643197139609e+04
9.960899852629189263e+04
1.001776307166920014e+05
1.006911078420116246e+05
1.011514142303226690e+05
1.015687531809608045e+05
1.019606211113908648e+05
1.023494860883977672e+05
1.027593514323387644e+05
1.032117844535186305e+05
1.037221932894863276e+05
1.042971440299079841e+05
1.049332914734498190e+05
1.056181061595971260e+05
1.063321460161250725e+05
1.070522877684577834e+05
1.077551999498229125e+05
1.084204216751602798e+05
1.090326453779314179e+05
1.095830801545119321e+05
1.100699918221559928e+05
1.104986136298382044e+05
1.108805915379412327e+05
1.112330153862981242e+05
1.115769693074683018e+05
1.119354920460232388e+05
1.123309226092242752e+05
1.127818159112797148e+05
1.132998790226070705e+05
1.138875863976266119e+05
1.145371642036443372e+05
1.152314238217504462e+05
1.159464989588074968e+05
1.166560205269269791e+05
1.173358240212852252e+05
1.179680881484772981e+05
1.185439347965563938e+05
1.190639484158202831e+05
1.195366610186787439e+05
1.199756041457209940e+05
1.203958712869881419e+05
1.208111607545400038e+05
1.212319896815137181e+05
1.216653002839463152e+05
1.221151954566921195e+05
1.225842107230104884e+05
1.230744526530967851e+05
1.235881074867794377e+05
1.241271533231994399e+05
1.246924542900483211e+05
1.252826487417170138e+05
1.258932996252243902e+05
1.265166637088437565e+05
1.271422253854634619e+05
1.277579180145333085e+05
1.283517910584421188e+05
1.289138054299416835e+05
1.294374450710207748e+05
1.299208903940840682e+05
1.303675775141339982e+05
1.307860469471875986e+05
1.311890629917095939e+05
1.315920667933289951e+05
1.320111187866529217e+05
1.324605873264060065e+05
1.329509330395028519e+05
1.334869927495287848e+05
1.340671477052006812e+05
1.346836420797921310e+05
1.353240979023459367e+05
1.359739871126871731e+05
1.366195431235817960e+05
1.372504172969506180e+05
1.378613932798804308e+05
1.384526973909113149e+05
1.390288412736969185e+05
1.395963819612352236e+05
1.401613240495132050e+05
1.407269853185720567e+05
1.412929568086715008e+05
1.418553833764494921e+05
1.424083322626948939e+05
1.429456833711073850e+05
1.434628809118910576e+05
1.439580374500034377e+05
1.444321843994373339e+05
1.448887808082026022e+05
1.453328123550835589e+05
1.457698869228333351e+05
1.462056758029081684e+05
1.466459034029198228e+05
1.470968926429610874e+05
1.475664558069826162e+05
1.480647147830074537e+05
1.486042998565280286e+05
1.491993949746555591e+05
1.498633373486676137e+05
1.506049374602965836e+05
1.514242507535986078e+05
1.523089992714051914e+05
1.532329849291927821e+05
1.541575165415611409e+05
1.550361219140929170e+05
1.558218527105577814e+05
1.564756458141944604e+05
1.569737933087190322e+05
1.573127537161489017e+05
1.575102473109143612e+05
1.576025621872870543e+05
1.576389165393315488e+05
1.576742930163962883e+05
1.577622569027994759e+05
1.579489476007451594e+05
1.582688809541881201e+05
1.587426467524777399e+05
1.593762099493028363e+05
1.601614000100188714e+05
1.610772622324586846e+05
1.620921298147818889e+05
1.631664154396528029e+05
1.642561162337218993e+05
1.653168624553648406e+05
1.663080992028130568e+05
1.671968098464862269e+05
1.679601934658701939e+05
1.685869347334270424e+05
1.690770760347964242e+05
1.694408568727135425e+05
1.696970614966593566e+05
1.698713352098989999e+05
1.699946466221676092e+05
1.701017456841340172e+05
1.702292759558514226e+05
1.704132522516810859e+05
1.706858929018144845e+05
1.710721664639161318e+05
1.715866978372499580e+05
1.722317423333496263e+05
1.729967447181664756e+05
1.738596301635206328e+05
1.747895698985029885e+05
1.757506713072788261e+05
1.767059464294544014e+05
1.776210126715390943e+05
1.784671952955687884e+05
1.792239155307092296e+05
1.798803603399707936e+05
1.804364036029632261e+05
1.809026321541805810e+05
1.812992375096819014e+05
1.816535870930583915e+05
1.819965444545181235e+05
1.823580077393051761e+05
1.827625111486128299e+05
1.832258801876575162e+05
1.837537170950692380e+05
1.843419511625812156e+05
1.849790281443872082e+05
1.856488294774272072e+05
1.863333389911537524e+05
1.870144508848827682e+05
1.876749456022652157e+05
1.882992148100320774e+05
1.888744870454124757e+05
1.893929784233667597e+05
1.898547135271942243e+05
1.902700671592175495e+05
1.906607322264751419e+05
1.910580386480712623e+05
1.914982991866450175e+05
1.920158725070483633e+05
1.926355249068108678e+05
1.933660936296300206e+05
1.941972348514801415e+05
1.951002425630028010e+05
1.960328209007695550e+05
1.969466525935404934e+05
1.977959603294705157e+05
1.985451743237242335e+05
1.991742517062448605e+05
1.996809198205464345e+05
2.000798529086251801e+05
2.003993265312940930e+05
2.006761626864949940e+05
2.009498538482969743e+05
2.012567538513667823e+05
2.016252045945510908e+05
2.020723812721974100e+05
2.026033812550598232e+05
2.032126040349612886e+05
2.038868663040715910e+05
2.046091966091928771e+05
2.053621074493486085e+05
2.061294640689124062e+05
2.068967467582285462e+05
2.076502363118866051e+05
2.083761030243400019e+05
2.090603524063995283e+05
2.096901185845283908e+05
2.102561426453413151e+05
2.107557292948905961e+05
2.111952436881250760e+05
2.115913158675661543e+05
2.119702419933381316e+05
2.123654483128739521e+05
2.128132148802827869e+05
2.133471330653269833e+05
2.139920317123238056e+05
2.147583563575417793e+05
2.156381497479292739e+05
2.166037313931409735e+05
2.176098097189414257e+05
2.185990982352123538e+05
2.195107047186735435e+05
2.202898641661156726e+05
2.208972149403143849e+05
2.213158764646492200e+05
2.215550286077720521e+05
2.216493654260205512e+05
2.216545273777580878e+05
2.216392801452359126e+05
2.216757333155576489e+05
2.218292265834517311e+05
2.221495893801583443e+05
2.226652335857710568e+05
2.233809541094399465e+05
2.242794890900531318e+05
2.253260527217571507e+05
2.264744720480621909e+05
2.276734353705304384e+05
2.288717180008810537e+05
2.300219141023936681e+05
2.310828712051357725e+05
2.320214138073314098e+05
2.328139199216600973e+05
2.334479494358386437e+05
2.339236453769954678e+05
2.342543085084179766e+05
2.344655587324046937e+05
2.345928441538818006e+05
2.346775722316407482e+05
2.347625717266894935e+05
2.348877540327485185e+05
2.350866797971935302e+05
2.353843644962005783e+05
2.357962749769579677e+05
2.363282484241693455e+05
2.369770569844222628e+05
2.377314666275034251e+05
2.385737575023739773e+05
2.394816812578866957e+05
2.404307232561871060e+05
2.413963976165161002e+05
2.423562356788686593e+05
2.432911883369521238e+05
2.441863245162261883e+05
2.450308929920794617e+05
2.458179447003378009e+05
2.465437519210780156e+05
2.472072209682630491e+05
2.478094125511091261e+05
2.483531943176488567e+05
2.488429792706526641e+05
2.492844728465549124e+05
2.496843773941353429e+05
2.500500851238891191e+05
2.503894942759293190e+05
2.507111399735531304e+05
2.510247718662324769e+05
2.513423148377044417e+05
2.516788773492319742e+05
2.520532515982014593e+05
2.524873142032166943e+05
2.530039529996836791e+05
2.536235744646018720e+05
2.543597522374151158e+05
2.552149868395836093e+05
2.561777147944002645e+05
2.572215601736234676e+05
2.583073793026889616e+05
2.593880061781796976e+05
2.604149195651640184e+05
2.613455122249019914e+05
2.621494233965296880e+05
2.628125963809955283e+05
2.633383107263089623e+05
2.637452339469704311e+05
2.640632688245409518e+05
2.643283846587516018e+05
2.645775960456772591e+05
2.648448688616683939e+05
2.651582239580717287e+05
2.655379365075691021e+05
2.659956368408293929e+05
2.665342554685659125e+05
2.671489165878952481e+05
2.678288552158110542e+05
2.685601404549177387e+05
2.693285681051672436e+05
2.701218160821756464e+05
2.709300805663051433e+05
2.717449744893639581e+05
2.725572598403723678e+05
2.733546245203849394e+05
2.741208596456921077e+05
2.748373222343667876e+05
2.754866532671497553e+05
2.760577480839089258e+05
2.765503587964784820e+05
2.769776980849399697e+05
2.773659975250931457e+05
2.777509014968861011e+05
2.781714911472091335e+05
2.786633243330992409e+05
2.792520069248491200e+05
2.799485329978312366e+05
2.807471329037683317e+05
2.816258548578902846e+05
2.825497015592643875e+05
2.834758541020566481e+05
2.843602719416800537e+05
2.851647075180796091e+05
2.858629561209563981e+05
2.864451071325138328e+05
2.869188152076995466e+05
2.873072108952965355e+05
2.876438910259170807e+05
2.879662010253132321e+05
2.883084550275517977e+05
2.886966681332434528e+05
2.891458352105099475e+05
2.896600002049398609e+05
2.902346092299750308e+05
2.908601624051651452e+05
2.915260649489741772e+05
2.922237716693422990e+05
2.929486754859989160e+05
2.937005558315701783e+05
2.944826771973510040e+05
2.952997916097764391e+05
2.961553955059031141e+05
2.970486864405875094e+05
2.979717930754868430e+05
2.989079809874959756e+05
2.998315682926026639e+05
3.007100989785403945e+05
3.015088538681216887e+05
3.021970911031091237e+05
