6.798018679189034738e+05
6.778970738129895180e+05
6.762136177819841541e+05
6.747342454600883648e+05
6.734167926333569922e+05
6.722054210718062241e+05
6.710430027916500112e+05
6.698815448970416328e+05
6.686884249879251001e+05
6.674476962101194076e+05
6.661572485926335212e+05
6.648236397091114195e+05
6.634566530366813531e+05
6.620651735401554033e+05
6.606551159926874097e+05
6.592293005734791514e+05
6.577886227745134383e+05
6.563336861529742600e+05
6.548661637548246654e+05
6.533893755366591504e+05
6.519078101009336533e+05
6.504255620813416317e+05
6.489439367797751911e+05
6.474588047064011917e+05
6.459586030093422160e+05
6.444240284534667153e+05
6.428302813281961717e+05
6.411521227019935613e+05
6.393710928187173558e+05
6.374832837706337450e+05
6.355054398045155685e+05
6.334771909996418981e+05
6.314580171422550920e+05
6.295189097570497543e+05
6.277302330829058774e+05
6.261484704736766871e+05
6.248049717011702014e+05
6.236993318106749794e+05
6.227987885965742171e+05
6.220434377840367379e+05
6.213556593400473939e+05
6.206513716069775401e+05
6.198507783649667399e+05
6.188870150590005796e+05
6.177121315666534938e+05
6.163006812986485893e+05
6.146514788903036388e+05
6.127878148914244957e+05
6.107558708767385688e+05
6.086207113622187171e+05
6.064593863352413755e+05
6.043514009903153637e+05
6.023677999027554179e+05
6.005608927494540112e+05
5.989568146455941023e+05
5.975525476497084601e+05
5.963179448577897856e+05
5.952021129259960726e+05
5.941426281801575096e+05
5.930757003848291934e+05
5.919455311124002328e+05
5.907115542855558451e+05
5.893527837232834427e+05
5.878689914181875065e+05
5.862788615063666366e+05
5.846156194081973517e+05
5.829209279926689342e+05
5.812380473194402875e+05
5.796053306647457648e+05
5.780510486289381515e+05
5.765902933814225253e+05
5.752243387948885793e+05
5.739423617659026058e+05
5.727249356971003581e+05
5.715482982681093272e+05
5.703882107939155539e+05
5.692223855639880057e+05
5.680309882522728294e+05
5.667955023003543029e+05
5.654970026553367497e+05
5.641152991410968825e+05
5.626302297385996208e+05
5.610255843536015600e+05
5.592949678301451495e+05
5.574478212513589533e+05
5.555132952799148625e+05
5.535400013383488404e+05
5.515908058563976083e+05
5.497333817017092369e+05
5.480286037749957759e+05
5.465195568764950149e+05
5.452236959567916347e+05
5.441297252505370416e+05
5.431994830307378434e+05
5.423740169865733478e+05
5.415824124682270922e+05
5.407518074506360572e+05
5.398171904683066532e+05
5.387297864366855938e+05
5.374629758089606185e+05
5.360148400755315088e+05
5.344067640910246409e+05
5.326781793134959880e+05
5.308784317214379553e+05
5.290576148186635692e+05
5.272586314821187407e+05
5.255124490754866274e+05
5.238374808637388051e+05
5.222425890168153564e+05
5.207319105219131452e+05
5.193090975103148376e+05
5.179789190241922042e+05
5.167453716206863173e+05
5.156070080811152002e+05
5.145514773754858761e+05
5.135517576756700873e+05
5.125660811214192654e+05
5.115423171174839372e+05
5.104261021614893107e+05
5.091708283220403828e+05
5.077471000352555420e+05
5.061495101143614738e+05
5.043993651095777168e+05
5.025429619780819048e+05
5.006458652961119078e+05
4.987841872620866634e+05
4.970341347178600845e+05
4.954611716933956486e+05
4.941101700454521924e+05
4.929979175385215785e+05
4.921092470732504153e+05
4.913977144682623912e+05
4.907911072122321348e+05
4.902011753023262136e+05
4.895360570273505873e+05
4.887132250813404680e+05
4.876706409271828015e+05
4.863742406716736732e+05
4.848207406134749763e+05
4.830357686692443094e+05
4.810682148217699141e+05
4.789822585089117056e+05
4.768487051050403388e+05
4.747370715521743405e+05
4.727093806042931974e+05
4.708159757447270676e+05
4.690930296555191744e+05
4.675610000182251679e+05
4.662232632284548017e+05
4.650645654639421264e+05
4.640496064374097041e+05
4.631226927004578756e+05
4.622096351725377026e+05
4.612227547331369715e+05
4.600690906537913834e+05
4.586609771028151154e+05
4.569274128097885987e+05
4.548243350365197402e+05
4.523420635783523903e+05
4.495086830678192782e+05
4.463887986062401324e+05
4.430777752634587232e+05
4.396921634446473327e+05
4.363574717759687337e+05
4.331947458013382857e+05
4.303075237883537775e+05
4.277706751195959514e+05
4.256224196836947813e+05
4.238605272807697766e+05
4.224433254553031875e+05
4.212956763385513914e+05
4.203194749368550838e+05
4.194074830163255683e+05
4.184585685897543444e+05
4.173919041116860462e+05
4.161576381349559524e+05
4.147421288795894361e+05
4.131669279170126538e+05
4.114820245671104058e+05
4.097550035289180814e+05
4.080584021768623497e+05
4.064575655739615322e+05
4.050008113522485364e+05
4.037130030060468125e+05
4.025929517901127110e+05
4.016145613931192784e+05
4.007312831856673583e+05
3.998831697462682496e+05
3.990055302071816986e+05
3.980379228246203274e+05
3.969320723166955286e+05
3.956573945603801403e+05
3.942032121670481283e+05
3.925774088286628830e+05
3.908020536607269314e+05
3.889072243244349374e+05
3.869246641192605020e+05
3.848828794069179567e+05
3.828047905839566956e+05
3.807082093653269112e+05
3.786084779461722937e+05
3.765218857851629145e+05
3.744682401891058544e+05
3.724713055228008889e+05
3.705566221938582021e+05
3.687471743144004722e+05
3.670581466620444553e+05
3.654923435330947977e+05
3.640376667363244924e+05
3.626674848730976228e+05
3.613439928388851695e+05
3.600239785861562705e+05
3.586659275504780817e+05
3.572371586599135771e+05
3.557196961886641802e+05
3.541138138275563251e+05
3.524386060989247635e+05
3.507294877733053872e+05
3.490330933391634608e+05
3.474005139048588462e+05
3.458800484878071002e+05
3.445106078647729591e+05
3.433166372074357350e+05
3.423050438936094870e+05
3.414642734550373279e+05
3.407654608348860056e+05
3.401654916508597089e+05
3.396117510784713668e+05
3.390482067412625183e+05
3.384222152313200640e+05
3.376911194843801204e+05
3.368274787891304586e+05
3.358218336573200650e+05
3.346823571109934710e+05
3.334315106179522700e+05
3.321006543853715993e+05
3.307241210576315061e+05
3.293342898460286669e+05
3.279586573862719815e+05
3.266190179029983701e+05
3.253320317680446897e+05
3.241100491781705059e+05
3.229612282949706423e+05
3.218886218232334941e+05
3.208886612906829687e+05
3.199499628624087200e+05
3.190533825540923863e+05
3.181737881933290628e+05
3.172833399820296909e+05
3.163555113116657012e+05
3.153688766805454507e+05
3.143098861045736121e+05
3.131742836227671360e+05
3.119672682244807365e+05
3.107027389934296953e+05
3.094019495617503999e+05
3.080917041103714728e+05
3.068020235189472442e+05
3.055631466082406114e+05
3.044018696128674783e+05
3.033375189543091692e+05
3.023781717408067198e+05
3.015179414706773823e+05
3.007361308772312477e+05
2.999987933159100940e+05
2.992627909249390941e+05
2.984819013018181431e+05
2.976140375669195200e+05
2.966283327210082789e+05
2.955107840410436038e+05
2.942673843281179434e+05
2.929241407969731372e+05
2.915239878688915051e+05
2.901211821119371452e+05
2.887741732595310896e+05
2.875380773634779616e+05
2.864577327369942213e+05
2.855619875811169622e+05
2.848594979820269509e+05
2.843360487482771860e+05
2.839533270879431511e+05
2.836491711770650581e+05
2.833394975390257896e+05
2.829222645855126320e+05
2.822838495405260473e+05
2.813080406273617991e+05
2.798874653415916255e+05
2.779367247202186845e+05
2.754058637513826252e+05
2.722922134290039539e+05
2.686482797630509594e+05
2.645834441234874539e+05
2.602579403911607806e+05
2.558688921383776178e+05
2.516298953819879680e+05
2.477472643691981502e+05
2.443970762282915239e+05
2.417071400604372611e+05
2.397468894032325770e+05
2.385262686178862059e+05
2.380025689672836161e+05
2.380925438143804204e+05
2.386864596518705657e+05
2.396611049000816420e+05
2.408898864192067995e+05
2.422494811665437883e+05
2.436235802631458500e+05
2.449047789286205370e+05
2.459956274789239687e+05
2.468094873191577499e+05
2.472714247461671475e+05
2.473191346541740932e+05
2.469038594095571025e+05
2.459913496438618458e+05
2.445629443723090808e+05
2.426167275243953627e+05
2.401684716288780619e+05
2.372518440035451204e+05
2.339172952230636729e+05
2.302292743099461077e+05
2.262618859710522520e+05
2.220936559092437092e+05
2.178024708796331834e+05
2.134618194188943307e+05
2.091391123879629304e+05
2.048962065874609398e+05
2.007915158745463705e+05
1.968825426187836565e+05
1.932275096481727378e+05
1.898850919694420882e+05
1.869119432261828333e+05
1.843585502729717700e+05
1.822646351181255595e+05
1.806555993270943000e+05
1.795412427219978999e+05
1.789172384411187959e+05
1.787688401756195526e+05
1.790753765657614276e+05
1.798135954945137200e+05
1.809580813597606611e+05
1.824777984083145857e+05
1.843291018003162462e+05
1.864469220542728144e+05
1.887368289833703602e+05
1.910709625701038458e+05
1.932902253357956652e+05
1.952137673228726781e+05
1.966550033257585019e+05
1.974416690652136458e+05
1.974362360731661320e+05
1.965527045301576727e+05
1.947664683970651531e+05
1.921154121591429284e+05
1.886922574831898673e+05
1.846299533154097153e+05
1.800831772704753967e+05
1.752095388463943382e+05
1.701538009445290663e+05
1.650375008578285342e+05
1.599550093193953217e+05
1.549756218940920662e+05
1.501500333877265803e+05
1.455187578577305831e+05
1.411198866177068558e+05
1.369940493881306902e+05
1.331854212767371500e+05
1.297388193705296580e+05
1.266940111799189617e+05
1.240790165490748477e+05
1.219042809173507994e+05
1.201591804442831490e+05
1.188115917796131835e+05
1.178104818033969786e+05
1.170908615692609601e+05
1.165801149191983568e+05
1.162046584164850065e+05
1.158960463460760075e+05
1.155959067445420078e+05
1.152593899344919482e+05
1.148570570270676108e+05
1.143752881906814873e+05
1.138153444804230967e+05
1.131912123344149586e+05
1.125263662034960289e+05
1.118496650518947426e+05
1.111907652647639916e+05
1.105756272900360345e+05
1.100228086085938121e+05
1.095411737302721012e+05
1.091293871542665875e+05
1.087771592296878807e+05
1.084678265348527930e+05
1.081816049382329220e+05
1.078988231886468566e+05
1.076026003926966951e+05
1.072806747444183420e+05
1.069263140441732830e+05
1.065383741581562645e+05
1.061206182323669054e+05
1.056804156718071754e+05
1.052269652375532751e+05
1.047692632318327524e+05
1.043141503362083022e+05
1.038648619254900404e+05
1.034205036564566690e+05
1.029767244703301694e+05
1.025275633190918743e+05
1.020680720542409399e+05
1.015969886009961047e+05
1.011185903926949541e+05
1.006429939835707337e+05
1.001845838771943963e+05
9.975883828860387439e+04
9.937837310614257876e+04
9.904933818084486120e+04
9.876924111676581379e+04
9.852685229228665412e+04
9.830421242495419574e+04
9.808015158627145865e+04
9.783434859128682001e+04
9.755091996751676197e+04
9.722079734756240214e+04
9.684259065060973808e+04
9.642206383468018612e+04
9.597063164189066447e+04
9.550336733987597108e+04
9.503692933075559267e+04
9.458765839851331839e+04
9.416995967105707678e+04
9.379501722175207397e+04
9.346989229205810989e+04
9.319708361573269940e+04
9.297462580636781058e+04
9.279673949904215988e+04
9.265493796993191063e+04
9.253938777157422737e+04
9.244027139497535245e+04
9.234893890838066000e+04
9.225875019130385772e+04
9.216564919330517296e+04
9.206861423088808078e+04
9.197015104356023949e+04
9.187693501864660357e+04
9.180060023096841178e+04
9.175856656810481218e+04
9.177473000530015270e+04
9.187981790853635175e+04
9.211119690531109518e+04
9.251186622700279986e+04
9.312825035350401595e+04
9.400626278040710895e+04
9.518507151939035975e+04
9.668823228708011447e+04
9.851251146344383596e+04
1.006157963958183682e+05
1.029067472351467586e+05
1.052398051797995722e+05
1.074192522898673778e+05
1.092147750170327490e+05
1.103883918513032986e+05
1.107292193842018023e+05
1.100894291915476351e+05
1.084131095912329038e+05
1.057504691487510136e+05
1.022529967153942562e+05
9.814998462014435790e+04
9.371170430534757907e+04
8.920786946614013868e+04
8.487074837373594346e+04
8.087028119341375714e+04
7.730467956985086494e+04
7.420566605942542083e+04
7.155415170492601465e+04
6.930060368598742934e+04
6.738470235582171881e+04
6.575056087203214702e+04
6.435592142281856650e+04
6.317558804371117731e+04
6.220049565978923056e+04
6.143422725701150921e+04
6.088871125949011184e+04
6.058054718326912553e+04
6.052909637785420637e+04
6.075714274919923628e+04
6.129446026553858246e+04
6.218389539623103337e+04
6.348856945775279019e+04
6.529769974730079412e+04
6.772768777546302590e+04
7.091499132262224157e+04
7.499829738021192316e+04
8.008980964670097455e+04
8.623879171727781068e+04
9.339409122678513813e+04
1.013750366525299032e+05
1.098606056528246554e+05
1.184042953857065877e+05
1.264767625653943542e+05
1.335312347403407912e+05
1.390799925926469732e+05
1.427661571394614875e+05
1.444151769415653835e+05
1.440550069584133453e+05
1.419016553574214049e+05
1.383151230032900348e+05
1.337372020227680041e+05
1.286253805382301944e+05
1.233958500354939606e+05
1.183843042078789586e+05
1.138276183455780993e+05
1.098644067800263438e+05
1.065491012051478465e+05
1.038729812569237256e+05
1.017862128648273938e+05
1.002167041455073486e+05
9.908370595546076947e+04
9.830596466550778132e+04
9.780553352321524289e+04
9.750896043958376686e+04
9.734756344746166724e+04
9.725805418310928508e+04
9.718409313830229803e+04
9.707867458980766241e+04
9.690672199040243868e+04
9.664703942782708327e+04
9.629284518298757030e+04
9.585046160230452369e+04
9.533623474558199814e+04
9.477225052403542213e+04
9.418174639629713784e+04
9.358518437340244418e+04
9.299773502357340476e+04
9.242850334699339874e+04
9.188135461229601060e+04
9.135683093380749051e+04
9.085449394061339262e+04
9.037509989251423394e+04
8.992223854482965544e+04
8.950333071858398034e+04
8.913008181150739256e+04
8.881858375495983637e+04
8.858925675995304482e+04
8.846676125720694836e+04
8.847991607980785193e+04
8.866153266694849299e+04
8.904791198144685768e+04
8.967757690657192143e+04
9.058870962703877012e+04
9.181485148791089887e+04
9.337879927897197194e+04
9.528528934182081139e+04
9.751383552324783523e+04
1.000136805715228547e+05
1.027029068989239313e+05
1.054731319943603012e+05
1.081999425093113969e+05
1.107576419624140981e+05
1.130355266545663617e+05
1.149522689648215455e+05
1.164653457506888954e+05
1.175737079226863134e+05
1.183136174049920519e+05
1.187491929193413525e+05
1.189602007670504390e+05
1.190297702456849365e+05
1.190341120863926626e+05
1.190353296525807091e+05
1.190774620282541146e+05
1.191852931963835581e+05
1.193652870454268123e+05
1.196081376132217119e+05
1.198926256897319399e+05
1.201905441578586178e+05
1.204723198119192966e+05
1.207126906840081792e+05
1.208955602587523317e+05
1.210171101346950600e+05
1.210864965874038753e+05
1.211239500449947082e+05
1.211567000600231549e+05
1.212136720673947711e+05
1.213201772851636197e+05
1.214937568308861082e+05
1.217419711328728590e+05
1.220623740016921365e+05
1.224443606007508351e+05
1.228722009944803285e+05
1.233284618495544855e+05
1.237971667459389864e+05
1.242663440199923207e+05
1.247299107793183503e+05
1.251890182956635981e+05
1.256529901034425857e+05
1.261398623568671901e+05
1.266763881769426080e+05
1.272972989111327333e+05
1.280436813466832245e+05
1.289605139440164057e+05
1.300936298483834544e+05
1.314865406827371626e+05
1.331775851597314468e+05
1.351977340859241376e+05
1.375691230919776717e+05
1.403040828960035578e+05
1.434042088608667545e+05
1.468589656129302166e+05
1.506435198501884006e+05
1.547159127698689699e+05
1.590142036057564546e+05
1.634546489164904633e+05
1.679321383293277759e+05
1.723238785840760102e+05
1.764967361771573487e+05
1.803178826664090739e+05
1.836676680793599226e+05
1.864531691936686693e+05
1.886206926102104480e+05
1.901655981736884569e+05
1.911380202654286695e+05
1.916433095227302110e+05
1.918363078471171029e+05
1.919090209400194872e+05
1.920720033544022590e+05
1.925308629557093082e+05
1.934605778738342342e+05
1.949814547169970174e+05
1.971410933264080377e+05
1.999062796681190957e+05
2.031671758037105319e+05
2.067537541209424962e+05
2.104617236086813209e+05
2.140829946555852948e+05
2.174347174916134973e+05
2.203814511800553009e+05
2.228469237738152442e+05
2.248145280259720748e+05
2.263183288525749522e+05
2.274281802552877052e+05
2.282331355516370677e+05
2.288267079108291655e+05
2.292961062818593346e+05
2.297159348000823520e+05
2.301455585148894170e+05
2.306287335658322845e+05
2.311942005632140790e+05
2.318565108067572874e+05
2.326170324259916670e+05
2.334655350038066972e+05
2.343828010138065729e+05
2.353443892383275961e+05
2.363251719188796997e+05
2.373038372582876473e+05
2.382663908321691852e+05
2.392078704431400402e+05
2.401319343165155733e+05
2.410485277433308947e+05
2.419703026905547304e+05
2.429087357775912969e+05
2.438709162221575389e+05
2.448577739531696425e+05
2.458641431834010291e+05
2.468805846949362603e+05
2.478964206680562347e+05
2.489030918522566499e+05
2.498968498128906358e+05
2.508800153380918491e+05
2.518605286214749794e+05
2.528501243008046295e+05
2.538619466472307104e+05
2.549085671547430102e+05
2.560011035809632158e+05
2.571495755661028961e+05
2.583640184114502044e+05
2.596554891215057869e+05
2.610361071880393138e+05
2.625176656130639603e+05
2.641089493117723032e+05
2.658124587743498851e+05
2.676215459612542181e+05
2.695189317746951128e+05
2.714772252477196162e+05
2.734615324423083803e+05
2.754336934458232136e+05
2.773572717421339476e+05
2.792022485259442474e+05
2.809484846406123834e+05
2.825873650971282623e+05
2.841215226028516190e+05
2.855629934909031726e+05
2.869304535310773063e+05
2.882462457484848564e+05
2.895337776577665354e+05
2.908156329966073972e+05
2.921125238860358368e+05
2.934430610905626672e+05
2.948242258170262212e+05
2.962723272462564637e+05
2.978040877248339239e+05
2.994373440001867129e+05
3.011907873956914991e+05
3.030822990117839654e+05
3.051258117256423575e+05
3.073271738412430277e+05
3.096800140225035721e+05
3.121628881452661008e+05
3.147388628009887761e+05
3.173581417319010943e+05
3.199635276452675462e+05
3.224977106344894273e+05
3.249108726519372431e+05
3.271670666011119029e+05
3.292482475914612878e+05
3.311555012444091844e+05
3.329076489174528979e+05
3.345377935443079914e+05
3.360884505359695759e+05
3.376058081280748011e+05
3.391335806302040000e+05
3.407069913421826204e+05
3.423476220777529525e+05
3.440600170613756636e+05
3.458308262108125491e+05
3.476308352232797770e+05
3.494195777857808862e+05
3.511516275717504323e+05
3.527833848546707886e+05
3.542792956001991988e+05
3.556168352716672816e+05
3.567899853553075809e+05
3.578111023605694645e+05
3.587109959192919778e+05
3.595368757398288581e+05
3.603478600641925004e+05
3.612081158840120188e+05
3.621783470070865587e+05
3.633069818762866198e+05
3.646227226642851601e+05
3.661299355266305502e+05
3.678077645726469927e+05
3.696130911827298696e+05
3.714867986309418920e+05
3.733623657101253048e+05
3.751755630274393479e+05
3.768738573388695368e+05
3.784240145385119831e+05
3.798164438900508685e+05
3.810652271795374108e+05
3.822036137193283648e+05
3.832758911394051975e+05
3.843275903706505196e+05
3.853965140854880447e+05
3.865068219013050548e+05
3.876674212311038282e+05
3.888745716423697304e+05
3.901174169851380284e+05
3.913845089606113033e+05
3.926694033208152396e+05
3.939739469415107742e+05
3.953086417181346333e+05
3.966902095667049289e+05
3.981370590263834456e+05
3.996637478804221028e+05
4.012757540669578011e+05
4.029658706335690804e+05
4.047132550982756657e+05
4.064855609264062950e+05
4.082437640209142701e+05
4.099485210034823394e+05
4.115664613950441126e+05
4.130749217513935873e+05
4.144642484595397837e+05
4.157376631610190379e+05
4.169094218815115746e+05
4.180023015940297628e+05
4.190452375572039164e+05
4.200713877662105951e+05
4.211163427959994297e+05
4.222159282365607796e+05
4.234031862200045725e+05
4.247045791124250391e+05
4.261359948560125194e+05
4.276994986195754027e+05
4.293818157403766527e+05
4.311552315956346574e+05
4.329810523622118635e+05
4.348151405146177858e+05
4.366144850328898756e+05
4.383434382999243680e+05
4.399782624784221989e+05
4.415090199430261855e+05
4.429385478330380283e+05
4.442790865679709823e+05
4.455478164165247581e+05
4.467628392032375559e+05
4.479408913319932180e+05
4.490973496590208961e+05
4.502481395442332141e+05
4.514123230659615947e+05
4.526137580764490413e+05
4.538804507489997195e+05
4.552410289066785481e+05
4.567188747380045243e+05
4.583254723770754063e+05
4.600550563487855252e+05
4.618824635080028675e+05
4.637652317486146931e+05
4.656497516546961851e+05
4.674801021285394090e+05
4.692074870201523881e+05
4.707981372337251669e+05
4.722380942598205293e+05
4.735341915612661978e+05
4.747114809115348617e+05
4.758080580542160315e+05
4.768686019548085169e+05
4.779379515026158188e+05
4.790557750940523692e+05
4.802529496469883015e+05
4.815497803810739424e+05
4.829557885999071295e+05
4.844705735575792496e+05
4.860852507667014142e+05
4.877841259983984055e+05
4.895464584543077508e+05
4.913482795114541659e+05
4.931642247310837265e+05
4.949692655432422762e+05
4.967401989459320903e+05
4.984568305884283618e+05
5.001029282692358247e+05
5.016671103379963315e+05
5.031437639683994930e+05
5.045338696536948555e+05
5.058453771579746390e+05
5.070927180012646131e+05
5.082952507822397165e+05
5.094748493333901279e+05
5.106532445853258250e+05
5.118498813083624700e+05
5.130808376291823806e+05
5.143588671879234607e+05
5.156941093982916791e+05
5.170947441726599354e+05
5.185669878018475720e+05
5.201142723463415168e+05
5.217359818848836585e+05
5.234264461510230321e+05
5.251748320437363582e+05
5.269661508884880459e+05
5.287830411787718767e+05
5.306076054354418302e+05
5.324226016195494449e+05
5.342117171617031563e+05
5.359592491369277705e+05
5.376499217054726323e+05
5.392695239471476525e+05
5.408065397333854344e+05
5.422542468948983587e+05
5.436123082898908760e+05
5.448869795447651995e+05
5.460897235626846086e+05
5.472349120209341636e+05
5.483378965110577410e+05
5.494146471373682143e+05
5.504833398696383229e+05
5.515670924079497345e+05
5.526961094298615353e+05
5.539073398421907332e+05
5.552405510509905871e+05
5.567311965663677547e+05
5.584019525591249112e+05
5.602556361140594818e+05
5.622719830808429979e+05
5.644095247146800393e+05
5.666120752030839212e+05
5.688178474701103987e+05
5.709685450623107608e+05
5.730161369208790129e+05
5.749261583636142313e+05
5.766777422626813641e+05
5.782615943101629382e+05
5.796774498239411041e+05
5.809322049727273406e+05
5.820392038660751423e+05
5.830184742902987637e+05
5.838973157632702496e+05
5.847106137883448973e+05
5.855004550662335241e+05
5.863148537395077292e+05
5.872055348537880927e+05
5.882247529926046263e+05
5.894211499097553315e+05
5.908347884804219939e+05
5.924917776999864727e+05
5.943992440776394214e+05
5.965416470437508542e+05
5.988794277846168261e+05
6.013506698500355706e+05
6.038759181527743349e+05
6.063657238650586223e+05
6.087300250750732375e+05
6.108882156831955072e+05
6.127786681964832824e+05
6.143664824656379642e+05
6.156483007975013461e+05
6.166532264077549335e+05
6.174393283822475933e+05
6.180859707934363978e+05
6.186831483481479809e+05
6.193198359963401454e+05
6.200736858942210674e+05
6.210039913868342992e+05
6.221487563092887867e+05
6.235253655297815567e+05
6.251333223799999105e+05
6.269572560011274181e+05
6.289689966430037748e+05
6.311286272410769016e+05
6.333854371851695469e+05
6.356800767088434659e+05
6.379487436164228711e+05
6.401292033734975848e+05
6.421674416051137960e+05
6.440233473857202334e+05
6.456742455459131161e+05
6.471160689621220808e+05
6.483628858419979224e+05
6.494457956495620310e+05
6.504116875303515699e+05
6.513213513555460377e+05
6.522456371477373177e+05
6.532584273554738611e+05
6.544263242131619481e+05
6.557967388347471133e+05
6.573876143559459597e+05
6.591824161877451697e+05
6.611328440887271427e+05
6.631692796547152102e+05
6.652162485207247082e+05
6.672083309768562904e+05
6.691018239062108332e+05
6.708791065344555536e+05
6.725453674468736863e+05
6.741199551029889844e+05
6.756260906927805627e+05
6.770825923806928331e+05
6.784998888196722837e+05
6.798807187286394183e+05
6.812243368676656391e+05
6.825322464544438990e+05
6.838134551162406569e+05
6.850876935039015952e+05
6.863856093173428671e+05
6.877455170791195706e+05
6.892069124123628717e+05
6.908017463985505747e+05
6.925453253111783415e+05
6.944293383795531699e+05
6.964195029962792760e+05
6.984593952045104234e+05
7.004803283469054149e+05
7.024151920116702095e+05
7.042127145029135281e+05
7.058482825680223759e+05
7.073284275582141709e+05
7.086880159822051646e+05
7.099813251095399028e+05
7.112697453350322321e+05
7.126093305243910290e+05
7.140408130927558523e+05
7.155834651951461565e+05
7.172329712833568919e+05
7.189627870692153228e+05
7.207284111302411184e+05
7.224742859928298276e+05
7.241431657342711696e+05
7.256873537309324602e+05
7.270802442749011097e+05
7.283255630399519578e+05
7.294612898651013384e+05
7.305559960460938746e+05
7.316972559175468050e+05
7.329742979732982349e+05
7.344591486494039418e+05
7.361912634647543309e+05
7.381696389390827389e+05
7.403540127127736341e+05
7.426739542025475530e+05
7.450425466406290652e+05
7.473707165470696054e+05
7.495791267478597583e+05
7.516062801921581849e+05
7.534131289989481447e+05
7.549852738012456102e+05
7.563335646328956354e+05
7.574929986571656773e+05
7.585190292138216319e+05
7.594804272841024213e+05
7.604488453954617726e+05
7.614867889679293148e+05
7.626369780867733061e+05
