6.793952091307881055e+05
6.773388683074755827e+05
6.754281489709436428e+05
6.736849774263878353e+05
6.721159864498923998e+05
6.707139739368548617e+05
6.694598428706295090e+05
6.683251843921303516e+05
6.672758191793449223e+05
6.662762004725931911e+05
6.652938656911710277e+05
6.643026025629803771e+05
6.632831087767890422e+05
6.622207755611164030e+05
6.611014934578530956e+05
6.599074591337492457e+05
6.586152735762450611e+05
6.571979080388788134e+05
6.556305908664443996e+05
6.538989451201526681e+05
6.520065219586524181e+05
6.499787708941919263e+05
6.478615708995301975e+05
6.457143251679930836e+05
6.435995594071515370e+05
6.415721761738101486e+05
6.396715138703094563e+05
6.379181617429094622e+05
6.363156304841124220e+05
6.348552832671812503e+05
6.335220938095601741e+05
6.322990701807884034e+05
6.311692720849616453e+05
6.301156068848397117e+05
6.291193897072410909e+05
6.281587314642227720e+05
6.272073744082860649e+05
6.262341024676429806e+05
6.252027200418179855e+05
6.240728844312852016e+05
6.228024873593994416e+05
6.213523497979578096e+05
6.196934265889192466e+05
6.178156011662771925e+05
6.157359449794385582e+05
6.135036252369064605e+05
6.111989119987991871e+05
6.089250206818352453e+05
6.067934638374742353e+05
6.049055351772035938e+05
6.033338466287362389e+05
6.021080523237757152e+05
6.012079660339108668e+05
6.005655303394743241e+05
6.000750815758674871e+05
5.996096508015138097e+05
5.990400491062575020e+05
5.982533288514018059e+05
5.971677550839651376e+05
5.957423795305727981e+05
5.939803870083674556e+05
5.919263670708187856e+05
5.896584456545300782e+05
5.872767615893426118e+05
5.848900880766318878e+05
5.826024755400230642e+05
5.805016266529777786e+05
5.786503260916961590e+05
5.770816952622666722e+05
5.757984210393374087e+05
5.747755262501374818e+05
5.739658017963428283e+05
5.733067653932559770e+05
5.727279730105454801e+05
5.721576796465530060e+05
5.715281920080783311e+05
5.707797078782775206e+05
5.698628849656471284e+05
5.687406890517574502e+05
5.673901200288276887e+05
5.658041676132363500e+05
5.639938867897771997e+05
5.619899882757804589e+05
5.598430222944151610e+05
5.576212428725708742e+05
5.554055999441465829e+05
5.532819205157769611e+05
5.513310393275488168e+05
5.496182467726856703e+05
5.481837931684092619e+05
5.470362262032612925e+05
5.461499972546756035e+05
5.454680760158345802e+05
5.449093765941057354e+05
5.443798286237455904e+05
5.437851759883697378e+05
5.430432645252285292e+05
5.420937728029851569e+05
5.409039677620717557e+05
5.394699235961771337e+05
5.378134831993416883e+05
5.359758766503219958e+05
5.340092572695313720e+05
5.319674936350650387e+05
5.298974491376613732e+05
5.278317843151782872e+05
5.257840987668968737e+05
5.237470087391539710e+05
5.216935058801096166e+05
5.195816087126501370e+05
5.173618638673525420e+05
5.149867074486532947e+05
5.124201800141184940e+05
5.096461939274678589e+05
5.066736620939625427e+05
5.035373810424401890e+05
5.002945043833405944e+05
4.970174637581617571e+05
4.937849547292234492e+05
4.906728588374218671e+05
4.877466796553797903e+05
4.850564056211948628e+05
4.826339712004702887e+05
4.804929377805082477e+05
4.786297790832305327e+05
4.770261852878777427e+05
4.756519467857049312e+05
4.744681021390967071e+05
4.734300825076128240e+05
4.724905973940202966e+05
4.716020610072578420e+05
4.707184951219184441e+05
4.697970301959044882e+05
4.687992756703374907e+05
4.676928600471129175e+05
4.664533238535058335e+05
4.650663262413877528e+05
4.635298843083043466e+05
4.618561858663017629e+05
4.600724455591862206e+05
4.582203114818924805e+05
4.563534539154458325e+05
4.545331667189184227e+05
4.528220929705552990e+05
4.512765597500326694e+05
4.499384454950501677e+05
4.488279094375107670e+05
4.479385223631155095e+05
4.472361791380262002e+05
4.466625592761604348e+05
4.461429128834486473e+05
4.455968497220109566e+05
4.449499691251949989e+05
4.441439159774998552e+05
4.431429161573197925e+05
4.419358939544214518e+05
4.405345325439203298e+05
4.389686506277628359e+05
4.372806805142550147e+05
4.355207382041365490e+05
4.337429534230178106e+05
4.320027642648202600e+05
4.303542124828414526e+05
4.288462056958438479e+05
4.275172865339766140e+05
4.263894253287548781e+05
4.254622989538248512e+05
4.247099879199960269e+05
4.240817532848143019e+05
4.235075853977948427e+05
4.229078826134334668e+05
4.222054056268624845e+05
4.213369924749142956e+05
4.202626141203879379e+05
4.189701171326572075e+05
4.174751317212707363e+05
4.158167331922157900e+05
4.140502119256362203e+05
4.122385715156925726e+05
4.104441630346070742e+05
4.087213536373513634e+05
4.071105767706446350e+05
4.056337599355067359e+05
4.042911038692907896e+05
4.030594495585886762e+05
4.018928044177632546e+05
4.007257186013419996e+05
3.994798926958031952e+05
3.980736523604616523e+05
3.964329842715343111e+05
3.945020871579030645e+05
3.922512178539654706e+05
3.896801550286659040e+05
3.868167106708440697e+05
3.837109999726575334e+05
3.804271792787338491e+05
3.770347587153509958e+05
3.736013244344189297e+05
3.701877468985245214e+05
3.668460274632240180e+05
3.636191632873027702e+05
3.605419972342231194e+05
3.576420225424775272e+05
3.549394596051682602e+05
3.524464591600443237e+05
3.501658236564857070e+05
3.480899990375424968e+05
3.462011503206744092e+05
3.444728672620829311e+05
3.428735330525008030e+05
3.413708033326538280e+05
3.399361940474802395e+05
3.385486342614541063e+05
3.371960706546789734e+05
3.358747517873747274e+05
3.345865012083922047e+05
3.333348861791382660e+05
3.321215032026901608e+05
3.309435242290304741e+05
3.297932016774293152e+05
3.286593675913648331e+05
3.275303110883805784e+05
3.263970029242832097e+05
3.252555928214932210e+05
3.241084323460764717e+05
3.229634366176639451e+05
3.218321746974668931e+05
3.207274566317447461e+05
3.196612327227951027e+05
3.186433362262952724e+05
3.176811151276491000e+05
3.167795281328888377e+05
3.159410430535195628e+05
3.151647999365842552e+05
3.144449565076229046e+05
3.137687275190403452e+05
3.131150802685018862e+05
3.124551101810985710e+05
3.117547071658628993e+05
3.109793648736988544e+05
3.101001771521077026e+05
3.090995389084598282e+05
3.079750358097086428e+05
3.067404755674938788e+05
3.054237953369173920e+05
3.040623922550228890e+05
3.026970155000257655e+05
3.013655944013678818e+05
3.000982574087511748e+05
2.989144118289690232e+05
2.978222277005864889e+05
2.968203185163160088e+05
2.959009380758287152e+05
2.950537043531737290e+05
2.942687864747947897e+05
2.935386787869967520e+05
2.928581036276684608e+05
2.922221318241327535e+05
2.916231425496656448e+05
2.910476160041840631e+05
2.904738612088476075e+05
2.898715974169725669e+05
2.892038785900415387e+05
2.884312832429088303e+05
2.875177243885044008e+05
2.864368018672675826e+05
2.851774255468803458e+05
2.837475308292582631e+05
2.821750675744028995e+05
2.805059841051006224e+05
2.787995174024643493e+05
2.771215949536755215e+05
2.755374369022307801e+05
2.741044646402078215e+05
2.728663971392810345e+05
2.718490434942298452e+05
2.710579148235494504e+05
2.704775113579962635e+05
2.700720673118115519e+05
2.697876434240214876e+05
2.695556394065770437e+05
2.692978991211391985e+05
2.689334664926666301e+05
2.683866867022007355e+05
2.675958396334092249e+05
2.665210513439968927e+05
2.651500759167325450e+05
2.635007945216757944e+05
2.616198923403319495e+05
2.595779481431587483e+05
2.574618511914778210e+05
2.553658526451956423e+05
2.533826054387362965e+05
2.515953183537031873e+05
2.500717776550035633e+05
2.488605839756741480e+05
2.479895631626060931e+05
2.474659434119667567e+05
2.472775611191538046e+05
2.473941315510528220e+05
2.477676205108720460e+05
2.483311068718823662e+05
2.489962774516431091e+05
2.496507220640621381e+05
2.501571759299040714e+05
2.503573323979589040e+05
2.500823976760146616e+05
2.491710146062185813e+05
2.474928121554622776e+05
2.449733561891629070e+05
2.416146361240680271e+05
2.375052255968326936e+05
2.328161734579590266e+05
2.277820582255226327e+05
2.226704194262920064e+05
2.177457172632891161e+05
2.132351340011459251e+05
2.093026518737566948e+05
2.060353803348667861e+05
2.034429871527089563e+05
2.014683020680403861e+05
2.000053958175796142e+05
1.989209042793729750e+05
1.980748537398080807e+05
1.973383026481255365e+05
1.966062919537986745e+05
1.958055812833770760e+05
1.948973300214204937e+05
1.938753044997028774e+05
1.927604648375502729e+05
1.915929960124097706e+05
1.904230154562486860e+05
1.893012650816798850e+05
1.882710097736635362e+05
1.873620856291766977e+05
1.865876116396501311e+05
1.859434044122118503e+05
1.854097389454538643e+05
1.849548591533444414e+05
1.845395657974042988e+05
1.841222425746172084e+05
1.836637554424153350e+05
1.831317396663055115e+05
1.825038815288641490e+05
1.817699325813000614e+05
1.809323652610743302e+05
1.800057478709658026e+05
1.790150219597536197e+05
1.779928734348831058e+05
1.769763350515245402e+05
1.760027337093946408e+05
1.751051887930886005e+05
1.743080893586224993e+05
1.736232342247275810e+05
1.730474507546919922e+05
1.725623829582039034e+05
1.721367382200220309e+05
1.717307222173699702e+05
1.713018730702535249e+05
1.708112099199505756e+05
1.702286169259852904e+05
1.695366456093434244e+05
1.687323103377952066e+05
1.678268399572308699e+05
1.668436482256927411e+05
1.658149735998329124e+05
1.647777304590086569e+05
1.637691310763102956e+05
1.628225924641072925e+05
1.619643404246820719e+05
1.612109780161743402e+05
1.605681259382483549e+05
1.600301069222791120e+05
1.595805684948554263e+05
1.591939295166640368e+05
1.588375751305306621e+05
1.584747643283095385e+05
1.580681980956324842e+05
1.575840880912555731e+05
1.569963763108688581e+05
1.562905492050317407e+05
1.554663623688734078e+05
1.545388304547899752e+05
1.535370711521904450e+05
1.525009744642828591e+05
1.514760925755654171e+05
1.505074933070138213e+05
1.496335107101012254e+05
1.488803386680211697e+05
1.482582740888490225e+05
1.477601690202348109e+05
1.473623328636649530e+05
1.470277666425912466e+05
1.467112498114056070e+05
1.463654964272271027e+05
1.459474234462250606e+05
1.454235829016273492e+05
1.447740057021901303e+05
1.439940329159341927e+05
1.430940781596676679e+05
1.420975808212146512e+05
1.410376173006469617e+05
1.399527237134185852e+05
1.388824685895440634e+05
1.378632317234070215e+05
1.369245311762452184e+05
1.360861296345017327e+05
1.353560752964024141e+05
1.347298068020097853e+05
1.341904598853178322e+05
1.337105027316111373e+05
1.332547309873821505e+05
1.327844356302624219e+05
1.322622512050011137e+05
1.316569074479331903e+05
1.309469862919618172e+05
1.301229310683535296e+05
1.291869640666195482e+05
1.281511206297442259e+05
1.270341040627945913e+05
1.258579155579441140e+05
1.246451206022640254e+05
1.234172204253579403e+05
1.221940696017880400e+05
1.209938381381262443e+05
1.198328380957375193e+05
1.187246854485306685e+05
1.176786702591287612e+05
1.166976794172251102e+05
1.157763500114676717e+05
1.149001904493071779e+05
1.140461793815771671e+05
1.131849495698932733e+05
1.122842540804354358e+05
1.113131374823604856e+05
1.102461481686509214e+05
1.090669886893141520e+05
1.077711232421983732e+05
1.063669815415410849e+05
1.048755147054810950e+05
1.033280196214944735e+05
1.017623970943491586e+05
1.002183299071491347e+05
9.873216825091220380e+04
9.733246254393513664e+04
9.603698977961801575e+04
9.485177219683915609e+04
9.377208419893211976e+04
9.278495039066429308e+04
9.187231909186275152e+04
9.101405124875815818e+04
9.019009420656687871e+04
8.938161857412496465e+04
8.857133222252545238e+04
8.774349254189926432e+04
8.688421005765037262e+04
8.598245274392979627e+04
8.503179373971839959e+04
8.403253672185208416e+04
8.299356045090156840e+04
8.193316117691005638e+04
8.087836544101842446e+04
7.986256630239973310e+04
7.892176634841285704e+04
7.809004416402839706e+04
7.739499911480241281e+04
7.685385816720753792e+04
7.647071486990172707e+04
7.623512406897991605e+04
7.612209391885128571e+04
7.609343992324790452e+04
7.610046409398096148e+04
7.608791817340193666e+04
7.599912527761711681e+04
7.578193854832665238e+04
7.539494848881795770e+04
7.481311120165487227e+04
7.403187290672253584e+04
7.306899202062134282e+04
7.196361636591167189e+04
7.077268736529849411e+04
6.956528621803296846e+04
6.841596482817179640e+04
6.739829957236719201e+04
6.657980780762132781e+04
6.601898150323463778e+04
6.576459063320612768e+04
6.585671795388392638e+04
6.632837603949304321e+04
6.720621663148244261e+04
6.850894123713611043e+04
7.024264957937221334e+04
7.239345882842791616e+04
7.491903821300182608e+04
7.774180614032976155e+04
8.074694891136755177e+04
8.378779258611326804e+04
8.669937044224247802e+04
8.931867967985277937e+04
9.150785812651089509e+04
9.317516381522876327e+04
9.428877758756057301e+04
9.488011731831564975e+04
9.503602523893200851e+04
9.488197263550119533e+04
9.456042222677406971e+04
9.420915015075499832e+04
9.394363333609591064e+04
9.384599132412247127e+04
9.396108969841049111e+04
9.429885443666770880e+04
9.484094184935186058e+04
9.554968414148893498e+04
9.637749711604400363e+04
9.727543014373969345e+04
9.820003998378754477e+04
9.911816355987063434e+04
1.000094358159671247e+05
1.008665943844292051e+05
1.016937921211776847e+05
1.025033331398646114e+05
1.033114433629616542e+05
1.041338291207618022e+05
1.049818020857734664e+05
1.058596165675134253e+05
1.067633898469531414e+05
1.076816279647511110e+05
1.085970594905149628e+05
1.094892788184577366e+05
1.103376601174312818e+05
1.111241005459081498e+05
1.118353141941927024e+05
1.124645409959996759e+05
1.130126008028720244e+05
1.134882103440444189e+05
1.139074419431768474e+05
1.142922135640960041e+05
1.146678152393315540e+05
1.150596943059005280e+05
1.154899707053483726e+05
1.159743231071758491e+05
1.165198792592734681e+05
1.171245296349287528e+05
1.177777245894207153e+05
1.184624460720164789e+05
1.191578109494015807e+05
1.198417494675117632e+05
1.204933892809796525e+05
1.210950450469431962e+05
1.216339102993072738e+05
1.221035623025659443e+05
1.225052202316656476e+05
1.228484551848828851e+05
1.231509072641896928e+05
1.234366546336858446e+05
1.237332212251176388e+05
1.240676851603819669e+05
1.244627525146734843e+05
1.249337942206303269e+05
1.254876184525730641e+05
1.261232323236167576e+05
1.268342299081843230e+05
1.276119663575285813e+05
1.284485167684408807e+05
1.293386146688134177e+05
1.302802131840323855e+05
1.312738141293309454e+05
1.323210666073398024e+05
1.334232305831608828e+05
1.345799407773805724e+05
1.357884090005001344e+05
1.370429320814589155e+05
1.383344614313619968e+05
1.396500866605630144e+05
1.409725352825885348e+05
1.422800630151808728e+05
1.435472519152499153e+05
1.447471342532200797e+05
1.458546983842474583e+05
1.468513039102732437e+05
1.477290280558793747e+05
1.484937050587823614e+05
1.491655639853836037e+05
1.497769293188220763e+05
1.503672601680985827e+05
1.509765852075675502e+05
1.516388574119614204e+05
1.523767454394471715e+05
1.531989267983797472e+05
1.541002422009506845e+05
1.550643610435936425e+05
1.560680940556051501e+05
1.570862591783178796e+05
1.580960480196525168e+05
1.590800894372250186e+05
1.600277919830848114e+05
1.609349941027103632e+05
1.618023683245482971e+05
1.626333018922395713e+05
1.634320157195692009e+05
1.642024631397074554e+05
1.649481542898448533e+05
1.656726498083298211e+05
1.663802321665847558e+05
1.670762821354881162e+05
1.677671194806905987e+05
1.684593694163942127e+05
1.691591335160781164e+05
1.698712902052310819e+05
1.705991450226856396e+05
1.713444873760974733e+05
1.721079861175001715e+05
1.728898156458023295e+05
1.736904273031141201e+05
1.745114156463701802e+05
1.753564387188049441e+05
1.762321374199368001e+05
1.771489875656476652e+05
1.781220230815583200e+05
1.791713667042855523e+05
1.803224480824847706e+05
1.816056540444013081e+05
1.830549895848570159e+05
1.847052569143680157e+05
1.865874320562303765e+05
1.887224058414002648e+05
1.911139697754238732e+05
1.937426089082687686e+05
1.965619792546002427e+05
1.994996474597385968e+05
2.024627391296887654e+05
2.053478439513659978e+05
2.080533141018845490e+05
2.104914163253788720e+05
2.125979003717902233e+05
2.143373594624117250e+05
2.157039471628971223e+05
2.167181413211049803e+05
2.174209620229331776e+05
2.178672253035876784e+05
2.181191374320075556e+05
2.182410218686727749e+05
2.182954390267497511e+05
2.183405423349241028e+05
2.184282576333697070e+05
2.186027767166762205e+05
2.188989208088854211e+05
2.193401623383764818e+05
2.199364680465089914e+05
2.206825443694298738e+05
2.215573568656556599e+05
2.225257812754755723e+05
2.235428372456094949e+05
2.245602337005653826e+05
2.255341552618691931e+05
2.264326518374042353e+05
2.272409063780110155e+05
2.279631238913966808e+05
2.286206758019725094e+05
2.292471600689854531e+05
2.298818638336397707e+05
2.305634736426297459e+05
2.313256517812549719e+05
2.321953568374955503e+05
2.331937752099916688e+05
2.343387958790259436e+05
2.356474453573448118e+05
2.371368095986678381e+05
2.388226763988882303e+05
2.407161597222820565e+05
2.428194931134713697e+05
2.451226133867034805e+05
2.476019213084605872e+05
2.502218215349815146e+05
2.529386623163879849e+05
2.557059294396609475e+05
2.584792790423107799e+05
2.612202569795511663e+05
2.638981601744256914e+05
2.664901565163971973e+05
2.689802456639542361e+05
2.713577994701275602e+05
2.736162954255690565e+05
2.757525644683253486e+05
2.777665509398670401e+05
2.796613395374934189e+05
2.814431142304553068e+05
2.831208006947602262e+05
2.847053674923433573e+05
2.862090140882609412e+05
2.876446085196140921e+05
2.890256399134166422e+05
2.903666244758525281e+05
2.916835042767364648e+05
2.929933554273887421e+05
2.943128771295701154e+05
2.956556746547365910e+05
2.970290480670294492e+05
2.984314861295524170e+05
2.998520368389453506e+05
3.012721286132833920e+05
3.026694980127442977e+05
3.040230685453450424e+05
3.053172968268638942e+05
3.065447820860994398e+05
3.077066444097760832e+05
3.088109550599646755e+05
3.098700160911984858e+05
3.108974021234827233e+05
3.119054889110733639e+05
3.129039118173669558e+05
3.138991821547007421e+05
3.148955463639110676e+05
3.158969838395787519e+05
3.169098979939442943e+05
3.179456087621990009e+05
3.190214354919096804e+05
3.201592679346911027e+05
3.213812238544342108e+05
3.227031479330996517e+05
3.241278773047461873e+05
3.256408229133453569e+05
3.272100946560075972e+05
3.287921239880386856e+05
3.303419329805242014e+05
3.318255412607514299e+05
3.332311227833072771e+05
3.345757357253520167e+05
3.359056355011750711e+05
3.372898891335443477e+05
3.388086698385816417e+05
3.405387709675690276e+05
3.425393341231376398e+05
3.448405753677647444e+05
3.474375926075276802e+05
3.502903433973751962e+05
3.533297510423153872e+05
3.564687561048888601e+05
3.596161342901815078e+05
3.626902591829198645e+05
3.656299234471759410e+05
3.683999795182273374e+05
3.709908528969800682e+05
3.734126019450176973e+05
3.756856538110562833e+05
3.778311419159717625e+05
3.798636199811634142e+05
3.817878933462440618e+05
3.836001937466171221e+05
3.852925089774816879e+05
3.868580718033707235e+05
3.882960341225547600e+05
3.896140618927179603e+05
3.908285785728096380e+05
3.919632043454787345e+05
3.930462944022116717e+05
3.941083539944413351e+05
3.951797127634903300e+05
3.962884661064447137e+05
3.974585387437231839e+05
3.987078190232705674e+05
4.000465219051880413e+05
4.014760873865173198e+05
4.029889023249397869e+05
4.045689658995626378e+05
4.061934161575683975e+05
4.078347169097333681e+05
4.094633101740608690e+05
4.110506035813137423e+05
4.125721661489476683e+05
4.140108743219880271e+05
4.153595240658923867e+05
4.166222559854188003e+05
4.178142027810122818e+05
4.189591366986586945e+05
4.200854716174579225e+05
4.212215199953803094e+05
4.223911598919930402e+05
4.236109000102692517e+05
4.248888165229651495e+05
4.262252182212382904e+05
4.276144529632733902e+05
4.290471565534622641e+05
4.305124274904713384e+05
4.319996963376003550e+05
4.335002345708711073e+05
4.350082210184991127e+05
4.365211383649084019e+05
4.380392083222321817e+05
4.395637633769600070e+05
4.410948973534346442e+05
4.426292287214685348e+05
4.441588322075698525e+05
4.456721118518271833e+05
4.471566250600616913e+05
4.486029404423128581e+05
4.500079943423988298e+05
4.513764719738851418e+05
4.527195204958155518e+05
4.540512602616875665e+05
4.553845322901409818e+05
4.567276179654498119e+05
4.580831490162487607e+05
4.594493729890608811e+05
4.608228984762527980e+05
4.622015257070569205e+05
4.635859739582992042e+05
4.649800528541378444e+05
4.663896349728095229e+05
4.678212297331037698e+05
4.692808497345281066e+05
4.707733578299698420e+05
4.723019651047432562e+05
4.738673769890492549e+05
4.754663818906988017e+05
4.770902631971029914e+05
4.787239153081455152e+05
4.803466088303553406e+05
4.819348628660740796e+05
4.834670326940914965e+05
4.849284075559688499e+05
4.863152346721361391e+05
4.876363359615527443e+05
4.889117592387121986e+05
4.901688669476091163e+05
4.914370156150728581e+05
4.927422537379139685e+05
4.941032384658773080e+05
4.955290285989358672e+05
4.970188253394330968e+05
4.985633143317120848e+05
5.001470792667180067e+05
5.017515446531338384e+05
5.033579542906958959e+05
5.049499390367533779e+05
5.065152896721714642e+05
5.080466894945349777e+05
5.095414093669487629e+05
5.110002757686438272e+05
5.124264644974640687e+05
5.138247124716758844e+05
5.152013136792046716e+05
5.165648340266026207e+05
5.179270192457670928e+05
5.193030980665139505e+05
5.207107596634491929e+05
5.221675298301030998e+05
5.236869384204514208e+05
5.252744964963789098e+05
5.269248073764296714e+05
5.286209532071721042e+05
5.303366547632297734e+05
5.320408226411025971e+05
5.337033388994388515e+05
5.353005308984088479e+05
5.368189568781912094e+05
5.382567261170580750e+05
5.396223649632602464e+05
5.409319120740012731e+05
5.422052747320909984e+05
5.434628607614125358e+05
5.447232156213925919e+05
5.460019923818367533e+05
5.473121800526203588e+05
5.486651671976764919e+05
5.500719507963652723e+05
5.515436723654465750e+05
5.530907735032472992e+05
5.547204912402228219e+05
5.564331203590121586e+05
5.582182351135668578e+05
5.600525340203900123e+05
5.619008250965607585e+05
5.637208071931125596e+05
5.654709654330342310e+05
5.671196022057284135e+05
5.686523407511260593e+05
5.700757128021512181e+05
5.714156142706410028e+05
5.727110313386366470e+05
5.740048701679622754e+05
5.753344451810097089e+05
5.767240065812277608e+05
5.781808110328954645e+05
5.796950973545814632e+05
5.812433720420600148e+05
5.827939024064252153e+05
5.843132618930921890e+05
5.857729777250722982e+05
5.871555477239845786e+05
5.884591657862063730e+05
5.897004352310838876e+05
5.909143097610111581e+05
5.921506782838191139e+05
5.934675152958874824e+05
5.949212991738528945e+05
5.965562342851264402e+05
5.983943932155320654e+05
6.004289656024604337e+05
6.026222698052765336e+05
6.049091760889746947e+05
6.072053972590529593e+05
6.094190744399859104e+05
6.114635024058494018e+05
6.132688205666916911e+05
6.147909748359437799e+05
6.160170157855418511e+05
6.169665616023140028e+05
6.176897871958968462e+05
6.182625056446840754e+05
6.187788593079195125e+05
6.193420390654810471e+05
6.200535200608239975e+05
6.210016391607149271e+05
6.222508387651825324e+05
6.238332870988310315e+05
6.257445494492354337e+05
6.279443720127984416e+05
6.303625633901465917e+05
6.329087788047689246e+05
6.354841754619339481e+05
6.379927296175593510e+05
6.403505145089516882e+05
6.424921617691159481e+05
6.443746359499628888e+05
6.459789658637020038e+05
6.473105538128734333e+05
6.483982657173709013e+05
6.492920254538852023e+05
6.500584386864884291e+05
6.507742307481425814e+05
6.515179230644515483e+05
6.523609068739633076e+05
6.533595469234251650e+05
6.545499059893941740e+05
6.559460835998822004e+05
6.575422020757643040e+05
6.593170931568632368e+05
6.612400910583793884e+05
6.632762444108306663e+05
6.653897295901087346e+05
6.675450835561854765e+05
6.697067551965232706e+05
6.718380850514221238e+05
6.739009714423916303e+05
6.758571574922162108e+05
6.776714367605930893e+05
6.793163691660877084e+05
6.807775467855202733e+05
6.820581748246580828e+05
6.831817457585193915e+05
6.841918266995906597e+05
6.851483971602562815e+05
6.861207515884683235e+05
6.871777112066291738e+05
6.883766940140730003e+05
6.897538606042654719e+05
6.913177776740023401e+05
6.930485519550594036e+05
6.949031392714339308e+05
6.968258154421439394e+05
6.987611772240562132e+05
7.006661509327437961e+05
7.025177242233643774e+05
7.043144526750311488e+05
7.060717595040886663e+05
7.078129326097330777e+05
7.095588710814353544e+05
7.113196994405083824e+05
7.130904325960181886e+05
7.148513744289625902e+05
7.165724616925253067e+05
7.182198321528912056e+05
7.197627372350936057e+05
7.211794251991780475e+05
7.224614101832056185e+05
7.236161576696073171e+05
7.246683587724353420e+05
7.256596558639748255e+05
7.266462567067600321e+05
7.276937904526985949e+05
7.288693035437001381e+05
7.302313617224256741e+05
7.318203161340743536e+05
7.336512613331901375e+05
7.357116491224463098e+05
7.379640354075343348e+05
7.403526694168826798e+05
7.428114495807061903e+05
7.452707827642244520e+05
7.476620911326901987e+05
7.499204542799477931e+05
7.519871691897689598e+05
7.538140833328829613e+05
7.553702872474077158e+05
7.566497772250013659e+05
7.576770957296963315e+05
7.585076906415192643e+05
7.592211377635803074e+05
7.599079485803478165e+05
7.606533292272099061e+05
