3.415737884305988555e+05
3.409787149942668620e+05
3.403821789373609936e+05
3.397729119188770419e+05
3.391431415895235841e+05
3.384890595455942675e+05
3.378096412739459774e+05
3.371043556141974987e+05
3.363708399552028859e+05
3.356037073913244531e+05
3.347952186743060010e+05
3.339377630388578982e+05
3.330272889406713075e+05
3.320663655602058279e+05
3.310656430393391638e+05
3.300430699455499416e+05
3.290210546317427070e+05
3.280224687577851000e+05
3.270667121053417795e+05
3.261669095304810908e+05
3.253288197165198508e+05
3.245514428439210751e+05
3.238288494979444076e+05
3.231525381407067180e+05
3.225136571581274620e+05
3.219046102747300174e+05
3.213197972112647840e+05
3.207554570646123611e+05
3.202087590175538789e+05
3.196764281819974422e+05
3.191533035238321172e+05
3.186312776569948182e+05
3.180990258820420131e+05
3.175427638708319864e+05
3.169479900331537356e+05
3.163018396782502532e+05
3.155954221261003986e+05
3.148254500580827007e+05
3.139946618180270307e+05
3.131109319275564048e+05
3.121854086556441616e+05
3.112303197139073163e+05
3.102571203861025278e+05
3.092754295319489902e+05
3.082928450736509403e+05
3.073154358948174631e+05
3.063485913464399055e+05
3.053979625081681879e+05
3.044703356108128792e+05
3.035743146968717920e+05
3.027206264811453875e+05
3.019217823262085440e+05
3.011908761558021652e+05
3.005395321350468439e+05
2.999753687800233602e+05
2.994996277991635143e+05
2.991056405977697577e+05
2.987785227668121806e+05
2.984960340332463384e+05
2.982301702035887865e+05
2.979489765694464440e+05
2.976183218152090558e+05
2.972037710084987921e+05
2.966729626659066416e+05
2.959988136376399780e+05
2.951634395392786828e+05
2.941621038366507273e+05
2.930061162207740708e+05
2.917236332100782893e+05
2.903577970576589578e+05
2.889623788217537804e+05
2.875957491143480875e+05
2.863143258708819631e+05
2.851665707642826601e+05
2.841882539348376449e+05
2.833993096612325171e+05
2.828023468546608347e+05
2.823827974228314706e+05
2.821106835941202589e+05
2.819439195865479996e+05
2.818328624271601439e+05
2.817255487413073424e+05
2.815728488869210123e+05
2.813327781293934677e+05
2.809734619970794884e+05
2.804746586671944242e+05
2.798281112291967729e+05
2.790371707354011014e+05
2.781160367158641457e+05
2.770886796608718578e+05
2.759872097475405317e+05
2.748493216982343001e+05
2.737145903244711226e+05
2.726198023748903652e+05
2.715940416750925942e+05
2.706546615972244763e+05
2.698053475972897140e+05
2.690370671707898728e+05
2.683318903052131645e+05
2.676687062854578835e+05
2.670291418143003830e+05
2.664018325842584018e+05
2.657837367536232341e+05
2.651782350190848229e+05
2.645909334745968226e+05
2.640249036369643291e+05
2.634772335516813910e+05
2.629381841415765230e+05
2.623931995996673359e+05
2.618269370273826062e+05
2.612277728810255649e+05
2.605911483349333866e+05
2.599206156835055153e+05
2.592263080433220312e+05
2.585214351829157386e+05
2.578180027787194704e+05
2.571230925179575861e+05
2.564367358586183109e+05
2.557518237660931773e+05
2.550558513947932806e+05
2.543338190408747760e+05
2.535714311312949867e+05
2.527578644487918937e+05
2.518877126494992699e+05
2.509620867257119098e+05
2.499890934308958531e+05
2.489839312459947250e+05
2.479686559914477693e+05
2.469714025077234546e+05
2.460246797949897882e+05
2.451624200894008391e+05
2.444157802354966116e+05
2.438081571724823734e+05
2.433502963029962557e+05
2.430365600848772447e+05
2.428432994159563095e+05
2.427298773633827223e+05
2.426423734726382827e+05
2.425195048340576468e+05
2.422999423572965898e+05
2.419300061221384094e+05
2.413706716648727015e+05
2.406028869394507783e+05
2.396303899231868854e+05
2.384795438316377986e+05
2.371961571399959794e+05
2.358397573186772643e+05
2.344762200962842326e+05
2.331699014672997582e+05
2.319764195676438976e+05
2.309370180071778013e+05
2.300751053615492419e+05
2.293952072401956248e+05
2.288842434783824719e+05
2.285147589518071618e+05
2.282494855041978299e+05
2.280464222941847111e+05
2.278635648543032003e+05
2.276625621576916310e+05
2.274109394186227291e+05
2.270829862619735068e+05
2.266597913792626350e+05
2.261290384623122518e+05
2.254850132800035062e+05
2.247289113226792251e+05
2.238691810326375708e+05
2.229214734542382648e+05
2.219078594415298721e+05
2.208552397419657791e+05
2.197931494578031998e+05
2.187513080001114577e+05
2.177572486342876800e+05
2.168342389831620385e+05
2.159995772459906293e+05
2.152632890144420380e+05
2.146272615374571760e+05
2.140848937777664105e+05
2.136213662263276346e+05
2.132146263037422905e+05
2.128371488523494045e+05
2.124584699838316883e+05
2.120483914653548854e+05
2.115805933509338356e+05
2.110361880119175185e+05
2.104065678954449540e+05
2.096948495833812049e+05
2.089153871571681229e+05
2.080912259494704485e+05
2.072498923837335897e+05
2.064183894930033421e+05
2.056185146883985144e+05
2.048635412393116858e+05
2.041569333068148117e+05
2.034932247221228899e+05
2.028606555682591570e+05
2.022447758429147943e+05
2.016320738201112254e+05
2.010127766658269102e+05
2.003822549130368279e+05
1.997408600104134530e+05
1.990924384114505374e+05
1.984420958448928723e+05
1.977939447735325084e+05
1.971495104776839435e+05
1.965072160872138338e+05
1.958630029488704749e+05
1.952117982462679211e+05
1.945493301763076161e+05
1.938737605967199197e+05
1.931867244487176940e+05
1.924935532647517393e+05
1.918026397919405717e+05
1.911240398707945133e+05
1.904675188933072495e+05
1.898403565341613139e+05
1.892453202856804128e+05
1.886792636403740034e+05
1.881327465955261723e+05
1.875908948107139440e+05
1.870354458419244911e+05
1.864476568611051480e+05
1.858115527733752679e+05
1.851169260404240922e+05
1.843615586516576586e+05
1.835522840228446003e+05
1.827046934297182015e+05
1.818414811407151283e+05
1.809895970260149334e+05
1.801765310843471088e+05
1.794261907874902536e+05
1.787549439736245258e+05
1.781684699267908290e+05
1.776600567737693491e+05
1.772108615985104989e+05
1.767923759693940810e+05
1.763709170914023416e+05
1.759134616805423866e+05
1.753936916904476529e+05
1.747968957645776973e+05
1.741224995180109399e+05
1.733835077022080659e+05
1.726029187575372634e+05
1.718079904773590970e+05
1.710238337318485719e+05
1.702679927637632645e+05
1.695473752140855649e+05
1.688582158257597475e+05
1.681889018078006047e+05
1.675247043589010136e+05
1.668529672780817200e+05
1.661672304976498126e+05
1.654691280440354312e+05
1.647675902791480185e+05
1.640756955413173127e+05
1.634062075289653149e+05
1.627671848274938529e+05
1.621589519507445220e+05
1.615732289124605013e+05
1.609945224293481442e+05
1.604032429078552232e+05
1.597796376201942621e+05
1.591076005873025861e+05
1.583776620403838460e+05
1.575888076697594370e+05
1.567490621208403900e+05
1.558749058607562329e+05
1.549896030866721412e+05
1.541205001038034097e+05
1.532954126701163186e+05
1.525384000161708100e+05
1.518654774332841625e+05
1.512810378554333874e+05
1.507758153776053805e+05
1.503270584578861599e+05
1.499011978145093599e+05
1.494587817273540713e+05
1.489609411460748233e+05
1.483762689688023820e+05
1.476868452010766778e+05
1.468922510843001073e+05
1.460107733645900153e+05
1.450775369035058247e+05
1.441399094187804731e+05
1.432510572427675943e+05
1.424628562899452809e+05
1.418193822123757855e+05
1.413519108391442569e+05
1.410758559639039449e+05
1.409895404126223875e+05
1.410743336679490458e+05
1.412956162515470351e+05
1.416042375249783800e+05
1.419384834364410199e+05
1.422268679437904502e+05
1.423921429410899000e+05
1.423567269146690087e+05
1.420493438497213356e+05
1.414121869964201178e+05
1.404075432916165737e+05
1.390226633006494085e+05
1.372718016254100075e+05
1.351947757589119428e+05
1.328520259168127377e+05
1.303168798162046151e+05
1.276663711497246113e+05
1.249723537054210319e+05
1.222946538988759567e+05
1.196775600425045704e+05
1.171501316106975864e+05
1.147298291368486680e+05
1.124280975342807651e+05
1.102560553151474305e+05
1.082285145334355766e+05
1.063651705017325876e+05
1.046887617094612360e+05
1.032209911908949143e+05
1.019776909050158138e+05
1.009648781231553876e+05
1.001769645013129630e+05
9.959760126875017886e+04
9.920277704622049350e+04
9.896514130752696656e+04
9.885831173235950700e+04
9.886016101138747763e+04
9.895461327801339212e+04
9.913205784692412999e+04
9.938887074126926018e+04
9.972660259162985312e+04
1.001511823543498176e+05
1.006721588023585209e+05
1.013017466956057178e+05
1.020533894610023999e+05
1.029397058158968721e+05
1.039699584054323350e+05
1.051474275988169102e+05
1.064671818338354060e+05
1.079146728101284971e+05
1.094653931094443251e+05
1.110856015225015872e+05
1.127339292994682182e+05
1.143635744364269049e+05
1.159247739181863581e+05
1.173672883189381537e+05
1.186427008748413937e+05
1.197063906563671189e+05
1.205190696268350875e+05
1.210477820907234563e+05
1.212662811879828369e+05
1.211547603670515673e+05
1.206990533795062802e+05
1.198896063555938017e+05
1.187206962245036702e+05
1.171904123836737854e+05
1.153017437474825856e+05
1.130647154458388832e+05
1.104990118352949794e+05
1.076361127132681722e+05
1.045198737998836295e+05
1.012048149905224564e+05
9.775207575188162446e+04
9.422381516189711692e+04
9.067744825138727902e+04
8.716125058591869310e+04
8.371244077286332322e+04
8.035800648006987467e+04
7.711759122707320785e+04
7.400707184309618606e+04
7.104129408111849625e+04
6.823485456278198399e+04
6.560065399884514045e+04
6.314687727600437938e+04
6.087373007655890251e+04
5.877143233057772159e+04
5.682057930728316569e+04
5.499517759080539690e+04
5.326773390609111812e+04
5.161504404556046211e+04
5.002304492046571977e+04
4.848934587539417407e+04
4.702275423079167376e+04
4.564001559996590368e+04
4.436079867796215694e+04
4.320240376729565469e+04
4.217563202547304536e+04
4.128276173468148772e+04
4.051783812039652548e+04
3.986877029426403169e+04
3.932028685219392355e+04
3.885674988127619145e+04
3.846412246537293686e+04
3.813085434512564098e+04
3.784787792518812057e+04
3.760813080336937128e+04
3.740599833548328024e+04
3.723687764475902804e+04
3.709684498393343529e+04
3.698228856106707826e+04
3.688939937613260554e+04
3.681355283797507582e+04
3.674876661412137037e+04
3.668748955182552891e+04
3.662091782964785671e+04
3.653987091622849402e+04
3.643606403659772332e+04
3.630346882857350283e+04
3.613941556469594798e+04
3.594516676594226010e+04
3.572584569249008928e+04
3.548977126642419171e+04
3.524737362214730820e+04
3.500990915932529606e+04
3.478816626849430031e+04
3.459128928580482898e+04
3.442579409345450404e+04
3.429483249139998225e+04
3.419777959308103163e+04
3.413023576673492062e+04
3.408451237459132972e+04
3.405059077053771762e+04
3.401742665455736278e+04
3.397436781400702603e+04
3.391241658808140346e+04
3.382512394415577000e+04
3.370902827133076062e+04
3.356369021763768251e+04
3.339146088861556200e+04
3.319712028832120996e+04
3.298745079119394359e+04
3.277072148404317704e+04
3.255601627265288698e+04
3.235237561423252919e+04
3.216782243492064299e+04
3.200844809974533200e+04
3.187777469622420176e+04
3.177654638533926482e+04
3.170295344563430262e+04
3.165312949693791597e+04
3.162167475795879000e+04
3.160200349412924697e+04
3.158647994927054970e+04
3.156651061481774013e+04
3.153288591587951305e+04
3.147662487733956004e+04
3.139036637783151309e+04
3.127005621984878962e+04
3.111643982366156342e+04
3.093580961261256016e+04
3.073961909799736168e+04
3.054290535659527086e+04
3.036182748472116509e+04
3.021088982073761508e+04
3.010048771364972345e+04
3.003528825115454674e+04
3.001371005271143804e+04
3.002849621629856847e+04
3.006816527365233924e+04
3.011901196509970032e+04
3.016730278101131989e+04
3.020133838226574153e+04
3.021310819788974186e+04
3.019933101296873065e+04
3.016176152366985843e+04
3.010674806344979515e+04
3.004414070427954721e+04
2.998575009827618487e+04
2.994362289537241304e+04
2.992841653345338636e+04
2.994812617841393876e+04
3.000735107997554951e+04
3.010720002419778393e+04
3.024583648245491349e+04
3.041956257697895126e+04
3.062424923692624361e+04
3.085685506691059709e+04
3.111675695008507682e+04
3.140665349352381600e+04
3.173289805936291668e+04
3.210525853756449942e+04
3.253626530861861102e+04
3.304047293968367740e+04
3.363409781672328972e+04
3.433556662979462999e+04
3.516746656194351090e+04
3.616016008169107954e+04
3.735685515580269566e+04
3.881919517462646036e+04
4.063154640128993924e+04
4.290135483446438593e+04
4.575259785551993991e+04
4.930989844697800436e+04
5.367260838705112837e+04
5.888106868818985822e+04
6.488077555938695150e+04
7.149325306086199998e+04
7.840371845757547999e+04
8.517399363270698814e+04
9.128422654909538687e+04
9.619969731673767092e+04
9.945131361821162864e+04
1.007129502507211000e+05
9.985776088545672246e+04
9.697982181776571088e+04
9.237592839834425831e+04
8.649243502826034091e+04
7.985047254688135581e+04
7.296709390255088510e+04
6.628889640557528764e+04
6.014931638443340489e+04
5.475330848487703770e+04
5.018608712080742407e+04
4.643798237904398411e+04
4.343602151502647030e+04
4.107417674837576487e+04
3.923715845665521920e+04
3.781586679827421176e+04
3.671515947244968265e+04
3.585600605119211832e+04
3.517443195213741274e+04
3.461925314908326254e+04
3.414988128059203882e+04
3.373476606276732491e+04
3.335051799580572697e+04
3.298146577098400303e+04
3.261931225030192945e+04
3.226259073113312479e+04
3.191572304214967517e+04
3.158759715870680520e+04
3.128969274468049116e+04
3.103388428837541142e+04
3.083014494495782856e+04
3.068445403154255473e+04
3.059725644291318531e+04
3.056280096991664323e+04
3.056956992532403819e+04
3.060180556692760729e+04
3.064188252418817137e+04
3.067304876010394582e+04
3.068194647956334302e+04
3.066038135855973087e+04
3.060602241864008101e+04
3.052201018571427994e+04
3.041571969693842038e+04
3.029707760599155517e+04
3.017683758325852978e+04
3.006511056492864009e+04
2.997030056186443835e+04
2.989848097563502233e+04
2.985318753572846617e+04
2.983558257521483756e+04
2.984492129593529535e+04
2.987920026970272011e+04
2.993580698267916523e+04
3.001196353542505676e+04
3.010481298387796778e+04
3.021114028682965363e+04
3.032690417574098319e+04
3.044689718046282360e+04
3.056486982877309492e+04
3.067432320852719567e+04
3.076993426918937985e+04
3.084932815067909542e+04
3.091475815303246782e+04
3.097425979725505022e+04
3.104199915446958403e+04
3.113775862528065045e+04
3.128569348847151923e+04
3.151258010579645270e+04
3.184576122016305453e+04
3.231093928095775846e+04
3.292995808588888758e+04
3.371878831794465077e+04
3.468605853148314054e+04
3.583255017960631812e+04
3.715199835814983817e+04
3.863327016711334727e+04
4.026359662557113916e+04
4.203216366428355832e+04
4.393318676146332291e+04
4.596769291670298117e+04
4.814358108172428183e+04
5.047398894826017931e+04
5.297438465039358562e+04
5.565899991232441243e+04
5.853720203748348285e+04
6.161023838266130042e+04
6.486859327449855482e+04
6.829006302627990954e+04
7.183860416169467499e+04
7.546401051271524921e+04
7.910247956681968935e+04
8.267811804942655726e+04
8.610542850029135298e+04
8.929283574416243937e+04
9.214734007562410261e+04
9.458035372611545608e+04
9.651460004771398962e+04
9.789159415659683873e+04
9.867875661391843460e+04
9.887483028331125388e+04
9.851220593366374669e+04
9.765516345723916311e+04
9.639386996565107256e+04
9.483501132480308297e+04
9.309082024669743259e+04
9.126867944784958672e+04
8.946326469279117009e+04
8.775242154418540304e+04
8.619690936930142925e+04
8.484314965606256737e+04
8.372748486565309577e+04
8.288033573333398090e+04
8.232899649866782420e+04
8.209843758599048306e+04
8.221014547229721211e+04
8.267951640147619764e+04
8.351254476188834815e+04
8.470254317088121024e+04
8.622751110510894796e+04
8.804864323462563334e+04
9.011038339157862356e+04
9.234234881973787560e+04
9.466329018592617649e+04
9.698695663421072823e+04
9.922932296613420476e+04
1.013162208931386704e+05
1.031901600643718994e+05
1.048151607325220684e+05
1.061787824926786852e+05
1.072911290338221443e+05
1.081812474567364552e+05
1.088918136480698449e+05
1.094731628149903845e+05
1.099775736640077521e+05
1.104543594397131819e+05
1.109459414625405334e+05
1.114848449982476886e+05
1.120915352201287606e+05
1.127731568010169285e+05
1.135234227329164569e+05
1.143239698590472399e+05
1.151473716606018133e+05
1.159616826488457446e+05
1.167359839484380354e+05
1.174460516529461747e+05
1.180791071065616998e+05
1.186366953401032079e+05
1.191350561974724405e+05
1.196028181823158229e+05
1.200763456470273377e+05
1.205935042436635122e+05
1.211869089061288832e+05
1.218778469341259915e+05
1.226720091802386160e+05
1.235579079655778332e+05
1.245084206134802662e+05
1.254853178557943320e+05
1.264460143207299843e+05
1.273512566363089718e+05
1.281721947853513702e+05
1.288953691551500669e+05
1.295245988948523445e+05
1.300794731344661559e+05
1.305909329017370328e+05
1.310950671456550481e+05
1.316265559551711485e+05
1.322131093103301246e+05
1.328718314825982379e+05
1.336078540009218850e+05
1.344150256529105245e+05
1.352780857425407448e+05
1.361756364844269410e+05
1.370833231799994537e+05
1.379768120655656385e+05
1.388343147086830868e+05
1.396384953072458156e+05
1.403776392372992414e+05
1.410460236174463062e+05
1.416435593420990626e+05
1.421749499508769659e+05
1.426487528695407964e+05
1.430767343606004142e+05
1.434737332448410452e+05
1.438579356494691165e+05
1.442511418185412767e+05
1.446784269753286499e+05
1.451666593934422126e+05
1.457416388446700003e+05
1.464240619358343538e+05
1.472249659509672201e+05
1.481416196647393808e+05
1.491549349661624001e+05
1.502293345837341913e+05
1.513156358611700707e+05
1.523569413398903271e+05
1.532968531385713140e+05
1.540886938145542226e+05
1.547040013441662595e+05
1.551385294103047345e+05
1.554143918537387799e+05
1.555777645472825097e+05
1.556924899623641104e+05
1.558307539423827839e+05
1.560625045342962258e+05
1.564453735471877735e+05
1.570166031938488595e+05
1.577880246542758541e+05
1.587446370382860769e+05
1.598468797382181510e+05
1.610362808808204718e+05
1.622437620937038737e+05
1.633994763845979469e+05
1.644427170752652746e+05
1.653302906525201397e+05
1.660419229684999154e+05
1.665818085947190120e+05
1.669762198258681747e+05
1.672679406415984849e+05
1.675089125882643275e+05
1.677526743066757917e+05
1.680479056102866889e+05
1.684337936655314406e+05
1.689372842045261350e+05
1.695718255068154831e+05
1.703371008093109122e+05
1.712194451194743160e+05
1.721929782493076054e+05
1.732217312855569471e+05
1.742630384741427551e+05
1.752721911242317874e+05
1.762079261339041404e+05
1.770379428003291250e+05
1.777434760755029565e+05
1.783220707947132178e+05
1.787880505671558785e+05
1.791706297895471507e+05
1.795100385155020340e+05
1.798523209890178405e+05
1.802435945235603140e+05
1.807245299774006126e+05
1.813256770894635702e+05
1.820640550469164737e+05
1.829412131046160939e+05
1.839427910239449120e+05
1.850395142702143930e+05
1.861895481901968888e+05
1.873421635837947542e+05
1.884426527900286601e+05
1.894383075094593805e+05
1.902850113131282269e+05
1.909536786120975448e+05
1.914355191765780619e+05
1.917450595201042888e+05
1.919200833441569703e+05
1.920181348853549571e+05
1.921098428800845286e+05
1.922699126040421543e+05
1.925670679299145413e+05
1.930544369738203241e+05
1.937618568015288329e+05
1.946913465753711062e+05
1.958165839757399517e+05
1.970866320235226594e+05
1.984334441228807555e+05
1.997819304630866973e+05
2.010607783839732292e+05
2.022119902779710828e+05
2.031973800077724154e+05
2.040010431074947410e+05
2.046278841547245975e+05
2.050992991970794392e+05
2.054477092172566627e+05
2.057116009101205855e+05
2.059320839241166541e+05
2.061510064623223152e+05
2.064098145846143889e+05
2.067479814950044965e+05
2.072001364982094965e+05
2.077918497301136376e+05
2.085349910566388571e+05
2.094242188355698017e+05
2.104361433692086430e+05
2.115320144403801824e+05
2.126636694744078268e+05
2.137813979101739824e+05
2.148417598941065371e+05
2.158134730467287591e+05
2.166801905255443708e+05
2.174400313706577872e+05
2.181026819208761444e+05
2.186854277239305666e+05
2.192094594511201722e+05
2.196973138037597528e+05
2.201716154578924761e+05
2.206546758135005075e+05
2.211681990756354935e+05
2.217324191956483992e+05
2.223643649739910907e+05
2.230754479493624240e+05
2.238689872086195101e+05
2.247384721481689194e+05
2.256672568196892389e+05
2.266300232250250701e+05
2.275958781209863373e+05
2.285325276467359217e+05
2.294107458720877476e+05
2.302083696712016244e+05
2.309132592657520727e+05
2.315249351674955979e+05
2.320548135104338289e+05
2.325250622260100499e+05
2.329661376784496242e+05
2.334131378476537357e+05
2.339012966441468743e+05
2.344612175465703476e+05
2.351146735921746586e+05
2.358718235767789884e+05
2.367304223762341717e+05
2.376770901367407641e+05
2.386901363453437225e+05
2.397430419060816639e+05
2.408076491962044965e+05
2.418564141719230392e+05
2.428636001471329073e+05
2.438058128934672859e+05
2.446625701643290231e+05
2.454175400227181963e+05
2.460606904160762788e+05
2.465910245769961621e+05
2.470190698430727934e+05
2.473680657411081775e+05
2.476729807097681041e+05
2.479770377210061415e+05
2.483261623440315307e+05
2.487624240798069222e+05
2.493178943612024595e+05
2.500102779755303345e+05
2.508412189369513944e+05
2.517974843089911155e+05
2.528544950393598410e+05
2.539811048150889692e+05
2.551442852601572813e+05
2.563125415099437814e+05
2.574574326964444772e+05
2.585533541729897552e+05
2.595764832354558457e+05
2.605041880942101707e+05
2.613160315675220918e+05
2.619967668176402512e+05
2.625406908393118065e+05
2.629558427958467510e+05
2.632662405665662372e+05
2.635108326099232072e+05
2.637389376903714146e+05
2.640031874625248020e+05
2.643518315965930233e+05
2.648223551389851491e+05
2.654376986708499608e+05
2.662053190493491129e+05
2.671183957208869397e+05
2.681580803993278532e+05
2.692959063114183955e+05
2.704960842114320840e+05
2.717179990984941251e+05
2.729194205964009743e+05
2.740606354504025658e+05
2.751090844942237600e+05
2.760435063139564591e+05
2.768564036052260781e+05
2.775539995316118002e+05
2.781536105365430703e+05
2.786791998747493490e+05
2.791564323449285002e+05
2.796086047923856531e+05
2.800543879831954837e+05
2.805075971970022656e+05
2.809785158489864552e+05
2.814758843616800150e+05
2.820086422090942506e+05
2.825868090253978153e+05
2.832213255958063528e+05
2.839230401742194081e+05
2.847011885566361598e+05
2.855616769932031748e+05
2.865053513002285035e+05
2.875263777641207562e+05
2.886109603404139634e+05
2.897368270111064776e+05
2.908740649550831295e+05
2.919877739149881527e+05
2.930425543964316603e+05
2.940081632262933417e+05
2.948650364546665805e+05
2.956081196267754422e+05
2.962477461358928122e+05
2.968071108704814105e+05
2.973169154529893422e+05
2.978086300617541419e+05
2.983082121338227298e+05
2.988319245725982473e+05
2.993852057827726239e+05
2.999646170160215697e+05
3.005620317963323323e+05
3.011696839676014497e+05
3.017845803412386449e+05
3.024110961136684055e+05
3.030611724236927112e+05
3.037522237843121402e+05
3.045034352156298119e+05
3.053314430069098598e+05
3.062464076660517603e+05
3.072492602843235363e+05
3.083305514637354063e+05
3.094709750395933515e+05
3.106433541343997931e+05
3.118156859975824482e+05
3.129547311524723191e+05
3.140295878079286776e+05
3.150147214319642517e+05
3.158920420486817602e+05
3.166518414741872111e+05
3.172926783767626621e+05
3.178205461457963684e+05
3.182477836708921823e+05
3.185921399190590018e+05
3.188762009964562021e+05
3.191271204510768875e+05
3.193763681602863944e+05
3.196591058989145095e+05
3.200128236863870407e+05
3.204749980597862741e+05
3.210797217239013407e+05
3.218534876216077246e+05
3.228105919047130155e+05
3.239489301245618262e+05
3.252472159951923531e+05
3.266647061263932264e+05
3.281442212082803017e+05
3.296185690644263523e+05
3.310195306452085497e+05
3.322876713221518439e+05
3.333807561590751284e+05
3.342787455203712452e+05
3.349842453473435598e+05
3.355186143063810887e+05
3.359152192730621900e+05
3.362121023339820676e+05
3.364462866271643434e+05
3.366511247305442230e+05
3.368568028639005497e+05
3.370928487052999553e+05
3.373907204131530598e+05
3.377845531613627682e+05
3.383088918663506629e+05
3.389934586723229149e+05
3.398562474603023147e+05
3.408970652457614779e+05
3.420937658858303912e+05
3.434028018023225013e+05
3.447645558729736949e+05
3.461125755204767920e+05
3.473847208384530968e+05
3.485336759491154808e+05
3.495343986764337169e+05
3.503868380153578473e+05
3.511134079761349130e+05
3.517519597049064469e+05
3.523460312568838126e+05
3.529347382180641871e+05
3.535446769334165729e+05
3.541856557227558224e+05
3.548510834831321845e+05
3.555226643657034729e+05
3.561779619242682820e+05
3.567986883125718450e+05
3.573774427748295711e+05
3.579211179963817121e+05
3.584501805506121600e+05
3.589942238064918201e+05
3.595852259583650739e+05
3.602505046838239650e+05
3.610072817434290191e+05
3.618601111451931065e+05
3.628014390341588878e+05
3.638146137916074949e+05
3.648780783880689996e+05
3.659694164983689552e+05
3.670683241010625497e+05
3.681581860229042359e+05
3.692264423322842922e+05
3.702641280563738546e+05
3.712648674897940946e+05
3.722234021613375517e+05
3.731336879680640413e+05
3.739868467124315794e+05
3.747696967609953135e+05
3.754649097116930061e+05
3.760537109210319468e+05
3.765213212042835657e+05
3.768642081189793535e+05
3.770971363989587408e+05
3.772575013048552792e+05
