6.819159131239517592e+05
6.796577534838215215e+05
6.773516172844810644e+05
6.750713220389096532e+05
6.728878503233953379e+05
6.708630995369604789e+05
6.690455589019821491e+05
6.674674478897630470e+05
6.661425730467137182e+05
6.650644392065257998e+05
6.642048037133236649e+05
6.635135163566312985e+05
6.629207646482202690e+05
6.623425410646431847e+05
6.616893321479863953e+05
6.608769988193048630e+05
6.598379686776418239e+05
6.585305178566320101e+05
6.569442116574546089e+05
6.551004037479365943e+05
6.530477976972475881e+05
6.508541235410231166e+05
6.485956966306440299e+05
6.463468574851198355e+05
6.441710516549473396e+05
6.421147438139000442e+05
6.402046792400982231e+05
6.384483928920772159e+05
6.368374176378917182e+05
6.353523572991082910e+05
6.339688139034067281e+05
6.326630570907724323e+05
6.314163260687658330e+05
6.302168422054996481e+05
6.290590526560235303e+05
6.279403027587189572e+05
6.268558994616807904e+05
6.257941329017996322e+05
6.247330149717265740e+05
6.236401286014635116e+05
6.224761119754599640e+05
6.212011864989832975e+05
6.197831575866350904e+05
6.182048272152127465e+05
6.164689282414880581e+05
6.145994302985554095e+05
6.126390608611950884e+05
6.106437487676211167e+05
6.086751647930358304e+05
6.067925728078366956e+05
6.050449964412642876e+05
6.034644994460471207e+05
6.020613175980664091e+05
6.008216148585726041e+05
5.997085693424331257e+05
5.986671346784422640e+05
5.976321375477059046e+05
5.965385396189001622e+05
5.953320169772657100e+05
5.939777692143031163e+05
5.924657778133938555e+05
5.908115017733742716e+05
5.890519979953212896e+05
5.872384179800037527e+05
5.854265420515905134e+05
5.836673329777829349e+05
5.819993725738514913e+05
5.804445180159494048e+05
5.790072933885286329e+05
5.776776113416553708e+05
5.764356412584665231e+05
5.752572232673892286e+05
5.741182899069465930e+05
5.729972677853552159e+05
5.718752169902805472e+05
5.707342717436773237e+05
5.695555206089093117e+05
5.683176370432666736e+05
5.669972970226812176e+05
5.655717929864691105e+05
5.640234750941980164e+05
5.623449715484880144e+05
5.605437733465301571e+05
5.586448176978194388e+05
5.566901267264558701e+05
5.547351979790223995e+05
5.528425091171811800e+05
5.510730458013430471e+05
5.494771273866002448e+05
5.480859874344782438e+05
5.469055673358391505e+05
5.459137739030218218e+05
5.450619979127306724e+05
5.442810012535082642e+05
5.434904617236135527e+05
5.426107065509425011e+05
5.415746712791275932e+05
5.403380205755745992e+05
5.388856758975551929e+05
5.372336266635796055e+05
5.354257254701536149e+05
5.335260490033057285e+05
5.316082116349330172e+05
5.297436034733090783e+05
5.279907390003402252e+05
5.263876413628460141e+05
5.249484626576640876e+05
5.236645216576369712e+05
5.225089206691407016e+05
5.214431930690095178e+05
5.204242325219581835e+05
5.194100732005011523e+05
5.183637545839954400e+05
5.172552466040891013e+05
5.160619826701669372e+05
5.147688052969068522e+05
5.133680552464542561e+05
5.118602116702666972e+05
5.102550459964573383e+05
5.085728211270844913e+05
5.068447721140748472e+05
5.051120447665767861e+05
5.034225037075536093e+05
5.018253375501477858e+05
5.003640719002232654e+05
4.990692428883887478e+05
4.979523431994309649e+05
4.970025528980597737e+05
4.961871898779879557e+05
4.954559274902035249e+05
4.947479249751142343e+05
4.940003963613059605e+05
4.931569763396963244e+05
4.921745106204064214e+05
4.910274317446518689e+05
4.897094529559615767e+05
4.882327491446086206e+05
4.866250342219670420e+05
4.849250336431169417e+05
4.831768869559775922e+05
4.814240839619074250e+05
4.797036641361853690e+05
4.780415362587119453e+05
4.764497819313121145e+05
4.749265591497698333e+05
4.734586581408613129e+05
4.720259690417378442e+05
4.706063583839985658e+05
4.691790724220182747e+05
4.677250783167099580e+05
4.662237702521365718e+05
4.646469371150373481e+05
4.629522876779516228e+05
4.610795806251488393e+05
4.589521217340339208e+05
4.564850431041988777e+05
4.535997352662135381e+05
4.502416992754783132e+05
4.463976142118534772e+05
4.421070897076412803e+05
4.374655556785740773e+05
4.326167823348352686e+05
4.277360340593190631e+05
4.230071046440274222e+05
4.185978227696330287e+05
4.146387326254334184e+05
4.112086267629579525e+05
4.083288557045408525e+05
4.059664286965904175e+05
4.040443488477462088e+05
4.024566708603170118e+05
4.010854623684443650e+05
3.998170557987269131e+05
3.985555112197155249e+05
3.972319171895141480e+05
3.958089282087754691e+05
3.942806828454672359e+05
3.926688629218406277e+05
3.910160359474347788e+05
3.893775091135475086e+05
3.878127451417603297e+05
3.863770792268299265e+05
3.851142102899543243e+05
3.840498533766621258e+05
3.831870470395663870e+05
3.825037867095325491e+05
3.819537029295132379e+05
3.814702554010382737e+05
3.809743366911424091e+05
3.803844097429815447e+05
3.796275997239137650e+05
3.786497939533135504e+05
3.774229369682666729e+05
3.759483236199730891e+05
3.742555971103469492e+05
3.723980576415292453e+05
3.704455050556437345e+05
3.684760244037038065e+05
3.665679037403394468e+05
3.647924298021873692e+05
3.632078825647642952e+05
3.618548282052547438e+05
3.607528278824372101e+05
3.598988165475821006e+05
3.592674664477068000e+05
3.588136925725238980e+05
3.584770927409965661e+05
3.581877094657972921e+05
3.578722753087650053e+05
3.574601898916547070e+05
3.568888225133010419e+05
3.561081234965818003e+05
3.550847098881178536e+05
3.538054411055037053e+05
3.522801024062830256e+05
3.505424226245769532e+05
3.486485458803024376e+05
3.466723981626943569e+05
3.446980664870952605e+05
3.428100927376672626e+05
3.410831811311928905e+05
3.395730236705566058e+05
3.383097254168415675e+05
3.372947773634531768e+05
3.365018697844067356e+05
3.358812369896520395e+05
3.353667748834045487e+05
3.348848933829041780e+05
3.343639246670883149e+05
3.337428692678365042e+05
3.329783193432798726e+05
3.320485838084981078e+05
3.309543985249705147e+05
3.297161489156186581e+05
3.283681968950154842e+05
3.269515325892054243e+05
3.255063566271747113e+05
3.240661696112336940e+05
3.226544615383748896e+05
3.212842932152766152e+05
3.199602210674945964e+05
3.186814372090237448e+05
3.174448683808977949e+05
3.162472974274585722e+05
3.150861569467346999e+05
3.139592322490097722e+05
3.128638769868055242e+05
3.117963932244997122e+05
3.107520005922397831e+05
3.097254502771571861e+05
3.087119864052952034e+05
3.077081485053161741e+05
3.067119177855387679e+05
3.057219450180240674e+05
3.047359952916929033e+05
3.037491706762968679e+05
3.027527470544413663e+05
3.017344236620206502e+05
3.006803698394726380e+05
2.995787608130783774e+05
2.984237769961112062e+05
2.972186197727347608e+05
2.959762130370856030e+05
2.947169469404487172e+05
2.934638581372323679e+05
2.922366308070598752e+05
2.910463344251636881e+05
2.898926470336701605e+05
2.887644874395399238e+05
2.876438076063962071e+05
2.865112304199195933e+05
2.853516632560276194e+05
2.841581650014941115e+05
2.829330961487978348e+05
2.816866039954244043e+05
2.804333673006490571e+05
2.791889231098773307e+05
2.779667276278137579e+05
2.767765186809382867e+05
2.756238626743404311e+05
2.745102968459735857e+05
2.734333892411634442e+05
2.723863069347523851e+05
2.713569278438846231e+05
2.703269311659336672e+05
2.692714993843503762e+05
2.681602183975700173e+05
2.669595226915265084e+05
2.656366866406530025e+05
2.641649873558958061e+05
2.625293165214367909e+05
2.607312577407713979e+05
2.587925485792354448e+05
2.567559884840122832e+05
2.546832619674222951e+05
2.526497543362248980e+05
2.507370827861710568e+05
2.490245454656953807e+05
2.475808473913944326e+05
2.464572556518982456e+05
2.456828650056913320e+05
2.452621084747601417e+05
2.451742236169074313e+05
2.453742093806840712e+05
2.457948924640920013e+05
2.463499722636406950e+05
2.469381779746639368e+05
2.474488019222458825e+05
2.477687787881899858e+05
2.477911585870606650e+05
2.474243605926003947e+05
2.466011488901062694e+05
2.452860049077799777e+05
2.434796092154076905e+05
2.412195110125346109e+05
2.385766779601704911e+05
2.356483217698707886e+05
2.325480089645163680e+05
2.293944588126177550e+05
2.263005479262465669e+05
2.233639038492362306e+05
2.206601416606538696e+05
2.182393526858056430e+05
2.161259631729418179e+05
2.143216101944915426e+05
2.128102977349224093e+05
2.115648535819435201e+05
2.105536355162611580e+05
2.097465226776843774e+05
2.091194316178085573e+05
2.086568629846563272e+05
2.083522726310261933e+05
2.082063469045750680e+05
2.082235289090653241e+05
2.084073649088327657e+05
2.087553839203747921e+05
2.092542670855728211e+05
2.098760200392335828e+05
2.105757798439124017e+05
2.112918169647299219e+05
2.119482286917856254e+05
2.124606799628724984e+05
2.127452017774015549e+05
2.127294272256470867e+05
2.123648058416542772e+05
2.116375545437859255e+05
2.105757516155145131e+05
2.092503580362767971e+05
2.077690945324990316e+05
2.062637117411701474e+05
2.048727282065298059e+05
2.037226459492087015e+05
2.029107136183241382e+05
2.024915983016563987e+05
2.024692516431882395e+05
2.027942827325376566e+05
2.033665697964042774e+05
2.040426486679743393e+05
2.046473686718941899e+05
2.049891247496612777e+05
2.048775310615149792e+05
2.041418059440679499e+05
2.026476702354757581e+05
2.003105022516046593e+05
1.971029664489724964e+05
1.930562400287988421e+05
1.882550385089317570e+05
1.828275904718591191e+05
1.769323268121306028e+05
1.707432681469104718e+05
1.644359692836294416e+05
1.581755134169506491e+05
1.521075352299437509e+05
1.463526654872767394e+05
1.410042053369525820e+05
1.361283530173108738e+05
1.317660265422908415e+05
1.279353285496773169e+05
1.246339777139993676e+05
1.218414777925675589e+05
1.195212327803529479e+05
1.176230677638135821e+05
1.160865813517080387e+05
1.148454617234956386e+05
1.138324807701200480e+05
1.129845252578432555e+05
1.122468828439104545e+05
1.115761292240228358e+05
1.109413012341319991e+05
1.103234492268171307e+05
1.097139856097573938e+05
1.091123817265697435e+05
1.085236984324427613e+05
1.079562385106824077e+05
1.074193986775694939e+05
1.069216817288169550e+05
1.064688534764568176e+05
1.060623647565011197e+05
1.056983139423969260e+05
1.053672896697130054e+05
1.050553321206608962e+05
1.047459861476740916e+05
1.044230773900176719e+05
1.040735626559645607e+05
1.036897189557550009e+05
1.032701008111718256e+05
1.028190668955419824e+05
1.023451187983194250e+05
1.018586393090829952e+05
1.013697393779128324e+05
1.008867902720297861e+05
1.004159005740934517e+05
9.996123132501088548e+04
9.952576582057346241e+04
9.911205207316159795e+04
9.872252723047493782e+04
9.835925535507725726e+04
9.802316601119218103e+04
9.771307792839891044e+04
9.742487373790942365e+04
9.715115294720772363e+04
9.688156603361984889e+04
9.660387362055912672e+04
9.630562268722473527e+04
9.597620710302305815e+04
9.560898721296133590e+04
9.520308667600322224e+04
9.476447837413247908e+04
9.430603656859659532e+04
9.384638332348717086e+04
9.340758168086140358e+04
9.301198098555306206e+04
9.267873162715218496e+04
9.242058672644034959e+04
9.224155359225359280e+04
9.213575388807903801e+04
9.208755916689216974e+04
9.207278798702990753e+04
9.206058599036429951e+04
9.201562252102172351e+04
9.190040908720990410e+04
9.167777480794797884e+04
9.131367555240220099e+04
9.078044847526271769e+04
9.006033524188789306e+04
8.914870047448651167e+04
8.805607432337317732e+04
8.680815059295759420e+04
8.544325870674484759e+04
8.400750548825498845e+04
8.254850700663955649e+04
8.110911219768579758e+04
7.972255594568426022e+04
7.841004548379809421e+04
7.718104241197989904e+04
7.603572721216565697e+04
7.496859289559729223e+04
7.397197001272362832e+04
7.303854006427001150e+04
7.216241185943369055e+04
7.133890585140787880e+04
7.056361519458719704e+04
6.983146665834235318e+04
6.913637492084233963e+04
6.847175326823217620e+04
6.783175247315932938e+04
6.721279150156167452e+04
6.661481940826588834e+04
6.604183773313835263e+04
6.550147466854791128e+04
6.500374097746321058e+04
6.455939822163219651e+04
6.417853468815940869e+04
6.386992326142035017e+04
6.364154051904071093e+04
6.350232663216586661e+04
6.346496155282349355e+04
6.354921704677819798e+04
6.378536279027868295e+04
6.421713741396720434e+04
6.490386394780855335e+04
6.592129819188681722e+04
6.736069096555585566e+04
6.932534690491759102e+04
7.192379252963433100e+04
7.525870346328731102e+04
7.941115818226191914e+04
8.442067785876119160e+04
9.026283537053283362e+04
9.682775790402162238e+04
1.039042238015327312e+05
1.111747580831586383e+05
1.182266398393229174e+05
1.245816921619170753e+05
1.297441621519125765e+05
1.332615007585499261e+05
1.347885539869017375e+05
1.341429952074965986e+05
1.313399716387256049e+05
1.265973675176183024e+05
1.203091833311199734e+05
1.129916774233100004e+05
1.052130169957685284e+05
9.752042795644025318e+04
9.037836433745201793e+04
8.412742877801229770e+04
7.896807920691123581e+04
7.496738879767069011e+04
7.208285380574516603e+04
7.019528374728618655e+04
6.914311307970066264e+04
6.875235696039571485e+04
6.885896563865942881e+04
6.932270221701276023e+04
7.003338911331885902e+04
7.091129547480310430e+04
7.190367337534191029e+04
7.297921547077510331e+04
7.412174096574126452e+04
7.532392538664132007e+04
7.658151749727885181e+04
7.788830323902939563e+04
7.923206852265915950e+04
8.059189389012903848e+04
8.193716164927107457e+04
8.322856590734800557e+04
8.442115364217723254e+04
8.546904589606879745e+04
8.633111344283013023e+04
8.697664111927931663e+04
8.738998934518855822e+04
8.757344837684315280e+04
8.754780836936025298e+04
8.735053792902510031e+04
8.703179983567423187e+04
8.664880706076025672e+04
8.625924341305051348e+04
8.591464918650244363e+04
8.565477745510422392e+04
8.550389809859814704e+04
8.546979694215742347e+04
8.554576702927186852e+04
8.571528403446688026e+04
8.595844591120300174e+04
8.625881859641015762e+04
8.660920721725051408e+04
8.701511242393140856e+04
8.749516903608675057e+04
8.807855115380787174e+04
8.879998897315686918e+04
8.969352939076811890e+04
9.078639610652584815e+04
9.209424245039971720e+04
9.361877486466044502e+04
9.534823181828940869e+04
9.726063486534084950e+04
9.932920101679937216e+04
1.015289242724595388e+05
1.038431672029105102e+05
1.062691583214126440e+05
1.088215102344611369e+05
1.115331583158245048e+05
1.144533751030985004e+05
1.176426998173798056e+05
1.211647738106673642e+05
1.250752982696133840e+05
1.294087510491911817e+05
1.341641687047122978e+05
1.392921284541605564e+05
1.446857922540045693e+05
1.501791216364321299e+05
1.555547781198068114e+05
1.605626381666574453e+05
1.649474817679672851e+05
1.684818508532981796e+05
1.709981363169655378e+05
1.724133873087403772e+05
1.727414991065231152e+05
1.720901048035935091e+05
1.706429221668069949e+05
1.686314863950733852e+05
1.663022443767965597e+05
1.638854263759138994e+05
1.615710052131605044e+05
1.594948903028850618e+05
1.577359782867025933e+05
1.563224524793473247e+05
1.552442485088501417e+05
1.544680766725528811e+05
1.539517546660470834e+05
1.536556062818311038e+05
1.535499576115104719e+05
1.536189268557197356e+05
1.538614492359521973e+05
1.542906573448961135e+05
1.549324022018582327e+05
1.558230802083278541e+05
1.570063470598750573e+05
1.585280470825650846e+05
1.604289263850647258e+05
1.627353940333623905e+05
1.654495189219246386e+05
1.685402558944072516e+05
1.719382409403445199e+05
1.755361688539854949e+05
1.791957694554814370e+05
1.827609599923964997e+05
1.860752612199338328e+05
1.890004475844687258e+05
1.914329818376913609e+05
1.933151858570657496e+05
1.946392173651070916e+05
1.954434634652230307e+05
1.958025374802927545e+05
1.958132999056500557e+05
1.955799484416301420e+05
1.952011290306058945e+05
1.947612742119372415e+05
1.943271834646318748e+05
1.939495163576435589e+05
1.936676905531991506e+05
1.935159410867204133e+05
1.935281861580827681e+05
1.937398932657342812e+05
1.941862080440819263e+05
1.948968930119290599e+05
1.958897277707363537e+05
1.971645810511076706e+05
1.987001850455460662e+05
2.004547919985564076e+05
2.023706881982291816e+05
2.043814208662191522e+05
2.064199401775609585e+05
2.084258433402995288e+05
2.103504436731752066e+05
2.121591993254934787e+05
2.138317992668483639e+05
2.153606798152255069e+05
2.167488501772603486e+05
2.180077037885393656e+05
2.191551336139597988e+05
2.202139194735748461e+05
2.212101410071927239e+05
2.221713498662900238e+05
2.231243900958393933e+05
2.240929995937887870e+05
2.250955358456201793e+05
2.261432402103432687e+05
2.272393504748030682e+05
2.283791479173252010e+05
2.295508062936053902e+05
2.307368162598587223e+05
2.319158302968300413e+05
2.330649368205421197e+05
2.341624769121662830e+05
2.351914265618316131e+05
2.361430549659516546e+05
2.370201572741517448e+05
2.378388713064214098e+05
2.386281331635706592e+05
2.394262869005837420e+05
2.402751300588833983e+05
2.412124867789609125e+05
2.422649470348983305e+05
2.434424778176002728e+05
2.447361652057240426e+05
2.461195423468391818e+05
2.475530746108279563e+05
2.489906903215844068e+05
2.503869405988543294e+05
2.517034656892494822e+05
2.529138209995402431e+05
2.540061929091153725e+05
2.549839539470677846e+05
2.558642906582587748e+05
2.566752921194264200e+05
2.574519650732843729e+05
2.582316891984738759e+05
2.590496522988076031e+05
2.599347882981905714e+05
2.609066587869568029e+05
2.619735770715654362e+05
2.631321080157981487e+05
2.643679299941769568e+05
2.656579372545588412e+05
2.669733791573867202e+05
2.682837478539642761e+05
2.695610226946227485e+05
2.707837771768869716e+05
2.719406006350409007e+05
2.730323314834671910e+05
2.740727618325300864e+05
2.750877316298133810e+05
2.761128255179512780e+05
2.771901434656435158e+05
2.783647678574086167e+05
2.796815455243448378e+05
2.811826260278251139e+05
2.829058774921830045e+05
2.848839258719687350e+05
2.871432673319242313e+05
2.897028264222960570e+05
2.925715552583499230e+05
2.957451538726697327e+05
2.992025728631162783e+05
3.029033949087334913e+05
3.067872697065864922e+05
3.107762202438297099e+05
3.147799528335229261e+05
3.187035368533061119e+05
3.224562488969395054e+05
3.259601767758683418e+05
3.291573550620672177e+05
3.320146059482545243e+05
3.345256829779350664e+05
3.367106201214252505e+05
3.386123656158299418e+05
3.402909311623537797e+05
3.418155340947379009e+05
3.432555893045606790e+05
3.446718188615490217e+05
3.461089902043755283e+05
3.475916745871513849e+05
3.491238655985920923e+05
3.506924270403807750e+05
3.522734172998872818e+05
3.538396725390513893e+05
3.553678396218386479e+05
3.568433646604034002e+05
3.582626124990779790e+05
3.596320631701583625e+05
3.609651693645571359e+05
3.622778415367642301e+05
3.635836605495233089e+05
3.648898799820830463e+05
3.661951357534843264e+05
3.674895269532618695e+05
3.687573172008479014e+05
3.699819074402156984e+05
3.711520347104475368e+05
3.722675705016214051e+05
3.733430950791446958e+05
3.744077991204808932e+05
3.755011964667346328e+05
3.766653665491248830e+05
3.779355665445000050e+05
3.793316518588749459e+05
3.808525896672412637e+05
3.824754937274460681e+05
3.841593560115972068e+05
3.858524337606648332e+05
3.875014500986263738e+05
3.890605710891280905e+05
3.904984827531233896e+05
3.918025794230279280e+05
3.929800058434288949e+05
3.940558541148352670e+05
3.950691235037310980e+05
3.960671536384893698e+05
3.970992474907556898e+05
3.982101995150787989e+05
3.994344597142309067e+05
4.007916546240367461e+05
4.022840859641236020e+05
4.038965991686662310e+05
4.055988770765691297e+05
4.073498401175797917e+05
4.091035110165727674e+05
4.108154928825492389e+05
4.124491337851572316e+05
4.139804937634929665e+05
4.154013720580204390e+05
4.167198912499239668e+05
4.179584810998687753e+05
4.191495474899995606e+05
4.203295840335639659e+05
4.215328583234443213e+05
4.227859375306895236e+05
4.241041230044750846e+05
4.254903730438105995e+05
4.269366618431240786e+05
4.284271639377712854e+05
4.299423399086643476e+05
4.314629859101717011e+05
4.329735247443622793e+05
4.344641195606905967e+05
4.359314614475021954e+05
4.373782751410537749e+05
4.388117328768215375e+05
4.402411147139258101e+05
4.416752120114389691e+05
4.431200815446217894e+05
4.445777307836734108e+05
4.460460930464897538e+05
4.475202654639217653e+05
4.489945582883468014e+05
4.504646114206856582e+05
4.519288083103097742e+05
4.533884891407192335e+05
4.548469372671034653e+05
4.563075959774716757e+05
4.577722651245879242e+05
4.592400041176183731e+05
4.607071403749280726e+05
4.621682986277029850e+05
4.636179482523709303e+05
4.650518062037836644e+05
4.664676009189575561e+05
4.678651027176024509e+05
4.692457421991021838e+05
4.706123407547132229e+05
4.719693467665448552e+05
4.733235668067526422e+05
4.746849188733490300e+05
4.760664784846825642e+05
4.774832126609311090e+05
4.789492896542060771e+05
4.804745117622270482e+05
4.820609438915521605e+05
4.837009439398303512e+05
4.853774508251972729e+05
4.870666721877766540e+05
4.887425161493661581e+05
4.903815451149172150e+05
4.919671070131687447e+05
4.934916428127440158e+05
4.949568113772600191e+05
4.963717429956685519e+05
4.977501836298227427e+05
4.991074030850137933e+05
5.004575527928677038e+05
5.018118265638728626e+05
5.031774726084568538e+05
5.045575325805641478e+05
5.059511507128504454e+05
5.073543416556675220e+05
5.087611558682049508e+05
5.101651932474722853e+05
5.115613820515149273e+05
5.129478701924881898e+05
5.143277787390010781e+05
5.157104575252473005e+05
5.171117981577385799e+05
5.185531664818870486e+05
5.200586828083723085e+05
5.216509276430030004e+05
5.233456265717201750e+05
5.251463346384384204e+05
5.270404264872298809e+05
5.289976607798510231e+05
5.309721690587670309e+05
5.329079799894562457e+05
5.347473022182818968e+05
5.364399998579197563e+05
5.379522565822077449e+05
5.392725098259965889e+05
5.404133620500281686e+05
5.414091741283161100e+05
5.423101111607968342e+05
5.431742100916519994e+05
5.440593386648400920e+05
5.450166688105623471e+05
5.460866327476560837e+05
5.472975151280866703e+05
5.486661129022325622e+05
5.501994461897232104e+05
5.518964083019609097e+05
5.537484938938634004e+05
5.557392656325659482e+05
5.578428750625132816e+05
5.600225503915095469e+05
5.622302879754781025e+05
5.644088697715783492e+05
5.664967451831381768e+05
5.684354139930008678e+05
5.701780280235956889e+05
5.716973302765749395e+05
5.729910054913389031e+05
5.740830570448760409e+05
5.750207728321469622e+05
5.758678878900306299e+05
5.766953794902832014e+05
5.775717315201779129e+05
5.785544272826445522e+05
5.796839663749661995e+05
5.809810318736246554e+05
5.824467547923198435e+05
5.840654901019042591e+05
5.858092195741569158e+05
5.876426439176192507e+05
5.895281696323149372e+05
5.914302428878308274e+05
5.933187298092498677e+05
5.951712088508143788e+05
5.969740998153478140e+05
5.987225474762403173e+05
6.004189991290959297e+05
6.020705594868232729e+05
6.036855038449056447e+05
6.052697023979000514e+05
6.068239753864336526e+05
6.083433564652465284e+05
6.098187793515495723e+05
6.112409003185618203e+05
6.126049094314675312e+05
6.139146489729072200e+05
6.151844451016735984e+05
6.164378068164307624e+05
6.177032783400818007e+05
6.190087666049324907e+05
6.203761533762657782e+05
6.218177516326879850e+05
6.233353456822617445e+05
6.249215899533826159e+05
6.265628768853669753e+05
6.282426444441016065e+05
6.299443870217173826e+05
6.316540504214514513e+05
6.333617279434297234e+05
6.350625326016863110e+05
6.367563596788832219e+05
6.384462597772040172e+05
6.401355026309628738e+05
6.418240478763312567e+05
6.435057129999549361e+05
6.451674319138826104e+05
6.467914114419252146e+05
6.483598631337081315e+05
6.498607956162842456e+05
6.512926862586331554e+05
6.526660965605942765e+05
6.540014198101523798e+05
6.553234928075140342e+05
6.566550921742523788e+05
6.580118002535846317e+05
6.594001630016149720e+05
6.608197186074835481e+05
6.622679192563914694e+05
6.637458292767088860e+05
6.652621859353120672e+05
6.668340200271110516e+05
6.684832685006150277e+05
6.702301875137157040e+05
6.720854175585828489e+05
6.740429712857549312e+05
6.760761727676183218e+05
6.781378494458572241e+05
6.801651331190277124e+05
6.820882989384337561e+05
6.838422937483373098e+05
6.853790215736153768e+05
6.866780950490623945e+05
6.877537131650886731e+05
6.886557299608524190e+05
6.894639436309911544e+05
6.902760991763983620e+05
6.911917420532607939e+05
6.922953589218346169e+05
6.936426585487039993e+05
6.952531011635678587e+05
6.971100410792622715e+05
6.991676952879572054e+05
7.013623698226269335e+05
7.036245869217972504e+05
7.058891455885269679e+05
7.081014110183104640e+05
7.102196541445923503e+05
7.122144478077082895e+05
7.140666367039608303e+05
7.157652528332798975e+05
7.173062129673903110e+05
7.186920296890157042e+05
7.199323104143120581e+05
7.210445784556609578e+05
7.220548945372928865e+05
7.229978259366515558e+05
7.239154548667536583e+05
7.248552993594119325e+05
7.258671992733995430e+05
7.269993643516395241e+05
7.282938866155716823e+05
7.297821170576597797e+05
7.314804321281844750e+05
7.333870573435107945e+05
7.354806885998966172e+05
7.377215334546255181e+05
7.400550099849827820e+05
7.424177440810669214e+05
7.447448911532922648e+05
7.469774277348534670e+05
7.490680910144216614e+05
7.509850906293115113e+05
7.527133890332453884e+05
7.542539595048454357e+05
7.556217459286706289e+05
7.568429903242379660e+05
7.579522795693625230e+05
7.589893315091559198e+05
7.599954237704643747e+05
7.610095609390302561e+05
7.620648750191273866e+05
