6.779653611288062530e+05
6.760939258733524475e+05
6.744786854400644079e+05
6.731165414314528462e+05
6.719850479477792978e+05
6.710460488972706953e+05
6.702491550678671338e+05
6.695351010688078823e+05
6.688395380323019344e+05
6.680977407613204559e+05
6.672501180260995170e+05
6.662477201141706901e+05
6.650566107437562896e+05
6.636602451561709167e+05
6.620597191726670135e+05
6.602724811156764627e+05
6.583303765196370659e+05
6.562775529430266470e+05
6.541680196759424871e+05
6.520620428710805718e+05
6.500205465225743828e+05
6.480974452573292656e+05
6.463310628969111713e+05
6.447368654070834164e+05
6.433040176577217644e+05
6.419974549646668602e+05
6.407654675396471284e+05
6.395509117563525215e+05
6.383029118623019895e+05
6.369858612769858446e+05
6.355836860784030287e+05
6.340991455811749911e+05
6.325495820160125149e+05
6.309612962013171054e+05
6.293644018554366194e+05
6.277889427411699435e+05
6.262619332587658428e+05
6.248044483677444514e+05
6.234281985096229473e+05
6.221319328267107485e+05
6.208989328590061050e+05
6.196971966982603772e+05
6.184833895378708839e+05
6.172104194743057014e+05
6.158371093790495070e+05
6.143374896990895504e+05
6.127071494814287871e+05
6.109648963403870584e+05
6.091493621170801343e+05
6.073116142030223273e+05
6.055057889157674508e+05
6.037799832115937024e+05
6.021691713866350474e+05
6.006910549432984553e+05
5.993448951469885651e+05
5.981128142444662517e+05
5.969628747074923012e+05
5.958533490751581267e+05
5.947377695552662481e+05
5.935704204975231551e+05
5.923118516897228546e+05
5.909338195532837417e+05
5.894229502441957593e+05
5.877824889296665788e+05
5.860317914743530564e+05
5.842036589128926862e+05
5.823400648768208921e+05
5.804871218745536171e+05
5.786901687203397742e+05
5.769896314899902791e+05
5.754179095881617395e+05
5.739971297045764513e+05
5.727373646482630866e+05
5.716349477876675082e+05
5.706708409200763563e+05
5.698095237709981157e+05
5.689993484632156324e+05
5.681754755148389377e+05
5.672661675171224633e+05
5.662023252495387569e+05
5.649289254848865094e+05
5.634159076981450198e+05
5.616655809706232976e+05
5.597141371492077596e+05
5.576263331967631821e+05
5.554843766943656374e+05
5.533737723451420898e+05
5.513696789692827733e+05
5.495268861903700745e+05
5.478750826506400481e+05
5.464193033987254603e+05
5.451440526869903551e+05
5.440190738817246165e+05
5.430050949471972417e+05
5.420587282039499842e+05
5.411365106503162533e+05
5.401984441506554140e+05
5.392112568620690145e+05
5.381511770715613384e+05
5.370056343549905578e+05
5.357732542172778631e+05
5.344618653596502263e+05
5.330848577805410605e+05
5.316568508444557665e+05
5.301899782443703152e+05
5.286919916947211605e+05
5.271668109372338513e+05
5.256172692563401069e+05
5.240489265074692667e+05
5.224732915765549988e+05
5.209088648771898588e+05
5.193791173508299980e+05
5.179076468288601027e+05
5.165118851063576294e+05
5.151974244855075958e+05
5.139549947653186973e+05
5.127613323931933846e+05
5.115839176138216862e+05
5.103882749839258613e+05
5.091457037526004715e+05
5.078392135308330180e+05
5.064660843017672887e+05
5.050365670008407324e+05
5.035693600397515693e+05
5.020852453410701710e+05
5.006004556396275293e+05
4.991210509495543083e+05
4.976390807359015453e+05
4.961309024932237226e+05
4.945578727845220710e+05
4.928696468251994229e+05
4.910102672983366647e+05
4.889268426372427493e+05
4.865798520884127356e+05
4.839531978331342689e+05
4.810614956735905726e+05
4.779521980514028692e+05
4.747011703038931591e+05
4.714020865004083607e+05
4.681519035871556844e+05
4.650359951716950745e+05
4.621167243560175993e+05
4.594281698010490509e+05
4.569777490763778915e+05
4.547533304053547326e+05
4.527328801814705366e+05
4.508932941269398434e+05
4.492158666725027142e+05
4.476874465615591034e+05
4.462980083796635154e+05
4.450364808114931802e+05
4.438868769026450464e+05
4.428261701039589825e+05
4.418243861064183293e+05
4.408465449809459969e+05
4.398557130328030908e+05
4.388165107980908942e+05
4.376987160553089925e+05
4.364807851689077215e+05
4.351530312658365583e+05
4.337199236160331056e+05
4.322007558225393295e+05
4.306280082696147729e+05
4.290431730136701954e+05
4.274904782801802503e+05
4.260095840714075603e+05
4.246286825496917590e+05
4.233594205886523705e+05
4.221947072469609557e+05
4.211099004447053885e+05
4.200672180291027180e+05
4.190225959959017346e+05
4.179337153974512476e+05
4.167676432847959222e+05
4.155065820652034599e+05
4.141506365994372172e+05
4.127172109255460673e+05
4.112374318931522430e+05
4.097506050376417697e+05
4.082979440922650974e+05
4.069166514142892556e+05
4.056350156338245142e+05
4.044687836295876768e+05
4.034188601938401116e+05
4.024704376126183779e+05
4.015938318624610547e+05
4.007473854770071921e+05
3.998826162658803514e+05
3.989513200917657232e+05
3.979137145032400149e+05
3.967461747733871453e+05
3.954468885408158530e+05
3.940379588149540359e+05
3.925630945656838594e+05
3.910808965893872664e+05
3.896546554282128927e+05
3.883403024651980959e+05
3.871745267330998322e+05
3.861650297590352129e+05
3.852845099219928379e+05
3.844694120970669901e+05
3.836239174421208445e+05
3.826291509829020943e+05
3.813570746756269946e+05
3.796878590321228839e+05
3.775286254535193439e+05
3.748305079318991629e+05
3.716004383811851731e+05
3.679044216752777575e+05
3.638605880530521972e+05
3.596227379602851579e+05
3.553576656039399095e+05
3.512212945763110183e+05
3.473388706348236883e+05
3.437930429103678907e+05
3.406212086424652371e+05
3.378209631286275107e+05
3.353607675219266093e+05
3.331924416709968355e+05
3.312626618597389897e+05
3.295217714289320284e+05
3.279293253819302772e+05
3.264565404395753285e+05
3.250861678798542125e+05
3.238104110969352769e+05
3.226275608327529044e+05
3.215380952958639245e+05
3.205410345161924488e+05
3.196312399984468357e+05
3.187980603349542362e+05
3.180253090289648389e+05
3.172921882048217813e+05
3.165746127432293142e+05
3.158465157625528518e+05
3.150810469740842818e+05
3.142519094507256523e+05
3.133352050002152682e+05
3.123119712976951851e+05
3.111711690058681415e+05
3.099124317479323945e+05
3.085476720462822705e+05
3.071007843699926743e+05
3.056051662426753319e+05
3.040993992000428261e+05
3.026219495177562349e+05
3.012059845483863610e+05
2.998753073812159710e+05
2.986420692565342761e+05
2.975064688771004439e+05
2.964582280950850109e+05
2.954793352431071107e+05
2.945474087904908811e+05
2.936390527124020155e+05
2.927327187264834647e+05
2.918108019915349432e+05
2.908609025108531350e+05
2.898763173027816811e+05
2.888558580499716336e+05
2.878030406998927938e+05
2.867246386132217594e+05
2.856286084687639377e+05
2.845215286715571419e+05
2.834059071829543100e+05
2.822779331792186131e+05
2.811263558002924547e+05
2.799330900387810543e+05
2.786758529139833408e+05
2.773326737736442010e+05
2.758876106715507922e+05
2.743365772260486847e+05
2.726919680082349223e+05
2.709848483890938223e+05
2.692638629086776637e+05
2.675906552610412473e+05
2.660323566050216323e+05
2.646524177365461946e+05
2.635015574460118660e+05
2.626107295170325669e+05
2.619877009689921688e+05
2.616181105615162815e+05
2.614708733368350076e+05
2.615067358668874658e+05
2.616879276745913958e+05
2.619864261570611561e+05
2.623884885773233837e+05
2.628938061551792780e+05
2.635087761002561310e+05
2.642347557522268035e+05
2.650535109362054500e+05
2.659131464800438262e+05
2.667183636250970303e+05
2.673286938035335043e+05
2.675672398977334960e+05
2.672404085914167808e+05
2.661664210562774679e+05
2.642076633636711049e+05
2.613000368684848654e+05
2.574722004766486934e+05
2.528493578777234361e+05
2.476397479538802581e+05
2.421062730048216181e+05
2.365294026400019939e+05
2.311694238933270390e+05
2.262357040355053032e+05
2.218681705083425040e+05
2.181326616670522781e+05
2.150283882806715264e+05
2.125034586276357586e+05
2.104736884756959917e+05
2.088405676904087304e+05
2.075057155342717888e+05
2.063807639038861671e+05
2.053928649601952930e+05
2.044867124970114673e+05
2.036241372512819071e+05
2.027821752521871240e+05
2.019502331092586974e+05
2.011267472052781086e+05
2.003156287078618188e+05
1.995227946353815496e+05
1.987531449425007158e+05
1.980083772456384031e+05
1.972859707010957063e+05
1.965794944372170721e+05
1.958801279881438822e+05
1.951789867230308882e+05
1.944696109040675510e+05
1.937498848264511325e+05
1.930227550543612451e+05
1.922954168651694199e+05
1.915770766558989126e+05
1.908758569729297888e+05
1.901957378435878200e+05
1.895344878716568055e+05
1.888832750080399273e+05
1.882281270628777274e+05
1.875528190045473457e+05
1.868423281215391762e+05
1.860858914160301210e+05
1.852789493038202054e+05
1.844237309158506396e+05
1.835287004876740102e+05
1.826073381538167596e+05
1.816766965724339534e+05
1.807559385518559138e+05
1.798647995203965111e+05
1.790218015104699007e+05
1.782421393131167861e+05
1.775354035650743463e+05
1.769035580819633033e+05
1.763397112955925404e+05
1.758281469397581823e+05
1.753458297084977385e+05
1.748652618499432283e+05
1.743582375924299995e+05
1.737998090832852758e+05
1.731716983529702120e+05
1.724644939560861676e+05
1.716782503756404622e+05
1.708215034862715984e+05
1.699091134569532587e+05
1.689596104153589113e+05
1.679927448721893015e+05
1.670277226383267262e+05
1.660822310377549438e+05
1.651720079321619996e+05
1.643105244124742167e+05
1.635084137385999784e+05
1.627725314066438586e+05
1.621048351760139340e+05
1.615014774492975848e+05
1.609525139274011017e+05
1.604424576014482882e+05
1.599516366480124707e+05
1.594580758222019358e+05
1.589395173157653480e+05
1.583752636635813396e+05
1.577477136163105897e+05
1.570436623980366858e+05
1.562555320900296792e+05
1.553826202484680689e+05
1.544322329512831639e+05
1.534203185835696640e+05
1.523710911292175297e+05
1.513152315038014203e+05
1.502865817198886361e+05
1.493176876455904567e+05
1.484349335453328968e+05
1.476542027183911996e+05
1.469779376531896705e+05
1.463942008071093587e+05
1.458779513996948663e+05
1.453943556941652496e+05
1.449036086048257712e+05
1.443665017015743069e+05
1.437498507524164743e+05
1.430309151877094118e+05
1.422001114651731332e+05
1.412616230123590794e+05
1.402318858554089384e+05
1.391363027220151562e+05
1.380048343395110278e+05
1.368672852500204754e+05
1.357491228300635994e+05
1.346685422926438623e+05
1.336352289584695536e+05
1.326509013163237250e+05
1.317113068855737802e+05
1.308089893200322258e+05
1.299359680027758004e+05
1.290855556209915958e+05
1.282528831622003199e+05
1.274341956968228042e+05
1.266254411885301524e+05
1.258209159184259333e+05
1.250126589611430973e+05
1.241909436671938020e+05
1.233457516063392250e+05
1.224687317664189177e+05
1.215549944506394386e+05
1.206042036549030308e+05
1.196207344205842237e+05
1.186130028861319151e+05
1.175923094669639395e+05
1.165715793616988230e+05
1.155642533841267432e+05
1.145833684770906402e+05
1.136406937201051041e+05
1.127457480081044632e+05
1.119046409862085420e+05
1.111188874515000643e+05
1.103845313857706205e+05
1.096919656605120545e+05
1.090266950255008851e+05
1.083710039313001616e+05
1.077061772991916077e+05
1.070147265552713652e+05
1.062820938537779730e+05
1.054975448765224282e+05
1.046543111149820907e+05
1.037493434162523918e+05
1.027831447264381859e+05
1.017600056023449142e+05
1.006886362844493124e+05
9.958283410760262632e+04
9.846162654159285012e+04
9.734840424661271391e+04
9.626889690994740522e+04
9.524831469030349399e+04
9.430838230838874006e+04
9.346515762751131842e+04
9.272837604342383565e+04
9.210264172952978697e+04
9.159023229760452523e+04
9.119475754461438919e+04
9.092454887495847652e+04
9.079453225709387334e+04
9.082548544799130468e+04
9.104000229430517356e+04
9.145516163651112583e+04
9.207276017461996526e+04
9.286887749759726285e+04
9.378527118264438468e+04
9.472537366394531273e+04
9.555724145071362727e+04
9.612460592483598157e+04
9.626535437066208397e+04
9.583475187065462524e+04
9.472908752578175336e+04
9.290475954069227737e+04
9.038843341875380429e+04
8.727575426654565672e+04
8.371869629507852369e+04
7.990424862307854346e+04
7.602900708959162876e+04
7.227485388571077783e+04
6.879016415013303049e+04
6.567921342411261867e+04
6.300028865767126263e+04
6.077109592608476669e+04
5.897890141268221487e+04
5.759261430152051616e+04
5.657456820535181032e+04
5.589069969354772911e+04
5.551870924711858970e+04
5.545426898415746109e+04
5.571527303942968865e+04
5.634362494966950908e+04
5.740345016998745268e+04
5.897434129490218766e+04
6.113866095580035471e+04
6.396318867914739531e+04
6.747730258950441203e+04
7.165187598899645673e+04
7.638436255552773946e+04
8.149541312684555305e+04
8.674045811037404928e+04
9.183626469394614105e+04
9.649843779036054912e+04
1.004824625056245568e+05
1.036193880327514780e+05
1.058382618136344245e+05
1.071707082521218108e+05
1.077375677825870662e+05
1.077218126356019202e+05
1.073347241879706999e+05
1.067828698969398829e+05
1.062418954635098926e+05
1.058403632072608743e+05
1.056539119071910682e+05
1.057078127126331674e+05
1.059850081360173936e+05
1.064368700383953692e+05
1.069947377479069837e+05
1.075812211130207143e+05
1.081208349283337739e+05
1.085496168636644579e+05
1.088231090980769222e+05
1.089217690046647331e+05
1.088528334763013991e+05
1.086480594908855128e+05
1.083575395479479921e+05
1.080406912673158658e+05
1.077562162219696329e+05
1.075530523111775547e+05
1.074640199918160215e+05
1.075031013874828059e+05
1.076663547632379632e+05
1.079356544048903452e+05
1.082839819503168546e+05
1.086809577479735890e+05
1.090976133528954961e+05
1.095098880806775996e+05
1.099007817458031495e+05
1.102613694944197196e+05
1.105909450853651506e+05
1.108964690991925163e+05
1.111913752613696124e+05
1.114937374198916514e+05
1.118238663479699317e+05
1.122015583163242700e+05
1.126433736143233255e+05
1.131603947667796019e+05
1.137568509969004081e+05
1.144298071910624276e+05
1.151698654920177651e+05
1.159626046216520044e+05
1.167903638871186558e+05
1.176340004897555627e+05
1.184743876178434293e+05
1.192936056792944146e+05
1.200759212263001391e+05
1.208086826759214600e+05
1.214831798985355854e+05
1.220953691354773473e+05
1.226462447554822429e+05
1.231416249358578643e+05
1.235912379148939508e+05
1.240072096898905584e+05
1.244022733920530009e+05
1.247881469230741204e+05
1.251744963711730088e+05
1.255687179612874461e+05
1.259764917371033371e+05
1.264027835446157696e+05
1.268527973856169410e+05
1.273323752701280464e+05
1.278475197677202523e+05
1.284030282337850513e+05
1.290005796827239828e+05
1.296368853593577951e+05
1.303025988984834694e+05
1.309825346388168982e+05
1.316573960048368026e+05
1.323067762886437995e+05
1.329128045650426357e+05
1.334635955495824455e+05
1.339556859981911839e+05
1.343948820737959177e+05
1.347953172800709726e+05
1.351769191544774512e+05
1.355618104370576330e+05
1.359703703786915576e+05
1.364177349062154826e+05
1.369114241873722640e+05
1.374505677859180141e+05
1.380268783102115849e+05
1.386271533783316554e+05
1.392367389594666311e+05
1.398431558334237779e+05
1.404390516412461002e+05
1.410238221293383103e+05
1.416036080538413080e+05
1.421898214770790946e+05
1.427967632091945561e+05
1.434391521954670607e+05
1.441304314334752562e+05
1.448825299733311113e+05
1.457073788204902958e+05
1.466199664472644799e+05
1.476421714945686981e+05
1.488061469603400328e+05
1.501557912948126032e+05
1.517449592579374439e+05
1.536316156878579641e+05
1.558680845320110675e+05
1.584887141200166079e+05
1.614973566427871119e+05
1.648576789895604597e+05
1.684891868484866573e+05
1.722708566905423650e+05
1.760526093032907520e+05
1.796729569283660676e+05
1.829795736631785112e+05
1.858487688347447547e+05
1.882001293250019080e+05
1.900038401512091223e+05
1.912799887822770397e+05
1.920909518789050635e+05
1.925292482407322968e+05
1.927037311654706427e+05
1.927266864894650644e+05
1.927035426448733779e+05
1.927258515479981143e+05
1.928673089348512003e+05
1.931820663144328282e+05
1.937044893430625671e+05
1.944497368588787795e+05
1.954148889872900036e+05
1.965806602623516519e+05
1.979138774357166549e+05
1.993708558394905995e+05
2.009016256181106728e+05
2.024547304304368445e+05
2.039821296594855376e+05
2.054436301032879273e+05
2.068102705542631156e+05
2.080661828211827960e+05
2.092086530512699101e+05
2.102463958415616944e+05
2.111963890305281966e+05
2.120799169753738097e+05
2.129186318023495842e+05
2.137313919469563407e+05
2.145323800401965855e+05
2.153306319100096007e+05
2.161307653832573851e+05
2.169344938253988512e+05
2.177424718446248444e+05
2.185560896496535279e+05
2.193789159018147911e+05
2.202175309751971217e+05
2.210815098514131387e+05
2.219823740814093617e+05
2.229314959784029925e+05
2.239372069377566804e+05
2.250016658662560803e+05
2.261182736138118780e+05
2.272704758494492271e+05
2.284326311339032254e+05
2.295732494383769808e+05
2.306604035596027679e+05
2.316685944587294653e+05
2.325859355239933648e+05
2.334203139509604080e+05
2.342032428628134658e+05
2.349904205127657042e+05
2.358584888907088025e+05
2.368980350960153737e+05
2.382034250763511518e+05
2.398605611654724053e+05
2.419340962860368600e+05
2.444559804955652799e+05
2.474173608138124691e+05
2.507656540539003909e+05
2.544079409390774672e+05
2.582206977270467323e+05
2.620645049381426070e+05
2.658011473655579612e+05
2.693098799929432571e+05
2.724998567019150360e+05
2.753167697893545846e+05
2.777432745345066069e+05
2.797942446522797691e+05
2.815088476981120766e+05
2.829416249606320634e+05
2.841543075880996184e+05
2.852093257472697878e+05
2.861652373800835921e+05
2.870738527047376847e+05
2.879786903477820451e+05
2.889144433586073574e+05
2.899071920330379508e+05
2.909750826991929207e+05
2.921291218873093603e+05
2.933737168184819166e+05
2.947067214610098163e+05
2.961190328502427437e+05
2.975941268575490685e+05
2.991081627924367785e+05
3.006312785749958712e+05
3.021303997382992529e+05
3.035733868801131030e+05
3.049338381419404759e+05
3.061955518552894355e+05
3.073556669877945096e+05
3.084258283504467690e+05
3.094312374286266859e+05
3.104079567831235472e+05
3.113991708905942505e+05
3.124511900987999397e+05
3.136098357141404995e+05
3.149175486554512754e+05
3.164112299031215953e+05
3.181205482434242149e+05
3.200663195626586094e+05
3.222586251904898090e+05
3.246946026890416397e+05
3.273562479393586400e+05
3.302089672556982841e+05
3.332018181613967754e+05
3.362702146794981090e+05
3.393413129060224746e+05
3.423414835415015114e+05
3.452045182154623908e+05
3.478788323743242072e+05
3.503321171600572416e+05
3.525526160321611678e+05
3.545471834775259485e+05
3.563371336682044202e+05
3.579532844658741378e+05
3.594314402716488694e+05
3.608089832323099836e+05
3.621225693131319713e+05
3.634064687912143418e+05
3.646910161256752908e+05
3.660008983465047204e+05
3.673534123848791351e+05
3.687571257014152361e+05
3.702114371621290920e+05
3.717073573832829134e+05
3.732295220813350752e+05
3.747591550164806540e+05
3.762774924587326823e+05
3.777690791719265399e+05
3.792243233893873403e+05
3.806407542403529515e+05
3.820226007457422093e+05
3.833786508526863181e+05
3.847188284407362808e+05
3.860504120772741735e+05
3.873750995564431068e+05
3.886880096483280067e+05
3.899791619528669398e+05
3.912371421508700587e+05
3.924538523052851669e+05
3.936287945476235473e+05
3.947714401849009446e+05
3.959008670103396871e+05
3.970427599786600331e+05
3.982247082141706487e+05
3.994711803259053268e+05
4.007994786539309425e+05
4.022174462387876119e+05
4.037229946029682178e+05
4.053049598499019630e+05
4.069446094458969310e+05
4.086173398916128790e+05
4.102945394128714106e+05
4.119459372470823582e+05
4.135427693645342952e+05
4.150617038037700695e+05
4.164888735478495946e+05
4.178228995988404495e+05
4.190757601199719356e+05
4.202708754466993851e+05
4.214386591109999572e+05
4.226106588236870011e+05
4.238138922704719589e+05
4.250668630130745005e+05
4.263780898884637863e+05
4.277470979273408302e+05
4.291670738641766948e+05
4.306280546266946476e+05
4.321196482080276473e+05
4.336327303115630639e+05
4.351600619033476687e+05
4.366961135770166875e+05
4.382364774640381220e+05
4.397771571165265050e+05
4.413138902699777391e+05
4.428415992836017977e+05
4.443541082874475978e+05
4.458443428463525488e+05
4.473052191819276777e+05
4.487312552559489268e+05
4.501206174663732527e+05
4.514769862531150575e+05
4.528104639374029357e+05
4.541368931823547464e+05
4.554754062730103033e+05
4.568446317387346644e+05
4.582585015220791684e+05
4.597228100731496816e+05
4.612334918389553786e+05
4.627770932815799606e+05
4.643333243748814566e+05
4.658790904546579695e+05
4.673931395591570763e+05
4.688604021051978343e+05
4.702751739775622846e+05
4.716424524493515491e+05
4.729770024439593544e+05
4.743001686448816326e+05
4.756350493612874416e+05
4.770012536820460809e+05
4.784107898144288920e+05
4.798664135075412923e+05
4.813629469313066220e+05
4.828909272665256867e+05
4.844409719921390060e+05
4.860069577941533062e+05
4.875867032332661329e+05
4.891800686350608594e+05
4.907856368052526377e+05
4.923977807352252421e+05
4.940056463774623116e+05
4.955945619613876916e+05
4.971491963351021404e+05
4.986570495877764770e+05
5.001109019819935202e+05
5.015095536801306880e+05
5.028570956021096790e+05
5.041615472189632128e+05
5.054337087247381569e+05
5.066865995248680701e+05
5.079352584263414610e+05
5.091963539534549927e+05
5.104871751056389185e+05
5.118240209763204912e+05
5.132204548447696143e+05
5.146860203044125228e+05
5.162257350554812583e+05
5.178401655545842950e+05
5.195254969826277811e+05
5.212730483865285059e+05
5.230681855455508339e+05
5.248892856593508041e+05
5.267078669108661124e+05
5.284908574114420917e+05
5.302052024536574027e+05
5.318239278197685489e+05
5.333319301242856309e+05
5.347296071446358692e+05
5.360330844705372583e+05
5.372709449419057928e+05
5.384784873856509803e+05
5.396911496285132598e+05
5.409386544115814613e+05
5.422408711828973610e+05
5.436057368517870782e+05
5.450291877943667350e+05
5.464969960322012194e+05
5.479884594417329645e+05
5.494817496006077854e+05
5.509602090513013536e+05
5.524181733111186186e+05
5.538644087628598791e+05
5.553214693601949839e+05
5.568203627599405590e+05
5.583915927486070432e+05
5.600552262877005851e+05
5.618133524994256441e+05
5.636477032584538683e+05
5.655234194810570916e+05
5.673976713424643967e+05
5.692300361655023880e+05
5.709909826004088391e+05
5.726657324947762536e+05
5.742527491827813210e+05
5.757582630787852686e+05
5.771896804963869508e+05
5.785508787278113887e+05
5.798412972247045254e+05
5.810589443190692691e+05
5.822057525675507495e+05
5.832928218945931876e+05
5.843432821098816348e+05
5.853915952490638010e+05
5.864795549805727787e+05
5.876503866941159358e+05
5.889427664420108777e+05
5.903861929142819718e+05
5.919982671325822594e+05
5.937835561032075202e+05
5.957332727507938398e+05
5.978251564680126030e+05
6.000235163651785115e+05
6.022800143649316160e+05
6.045360302612663945e+05
6.067271840989626944e+05
6.087899002079783240e+05
6.106691053849369055e+05
6.123256223556390032e+05
6.137417682656026445e+05
6.149240860772418091e+05
6.159028204640439944e+05
6.167284254972479539e+05
6.174658503841240890e+05
6.181875243606079603e+05
6.189659189589296002e+05
6.198664349678969011e+05
6.209412498226260068e+05
6.222246982319192030e+05
6.237306928400192410e+05
6.254525342741985805e+05
6.273651521586414892e+05
6.294293846234405646e+05
6.315974624748644419e+05
6.338185886762207374e+05
6.360435417284063296e+05
6.382276222327537835e+05
6.403318938855796587e+05
6.423233078372991877e+05
6.441746757813337026e+05
6.458653948138885899e+05
6.473833303473026026e+05
6.487275333862995030e+05
6.499108256698191399e+05
6.509610286989687011e+05
6.519198756757669616e+05
6.528393314533368684e+05
6.537758666657072026e+05
6.547838472338097636e+05
6.559093798544229940e+05
6.571856830535255140e+05
6.586305180665680673e+05
6.602456816129653016e+05
6.620182305585971335e+05
6.639230107947085053e+05
6.659260893003739184e+05
6.679886926834951155e+05
6.700711740052293753e+05
6.721364312682962045e+05
6.741522334062475711e+05
6.760921806294146227e+05
6.779354995092527242e+05
6.796663538124884944e+05
6.812735760492922273e+05
6.827515105200293474e+05
6.841020321353763575e+05
6.853370224870112725e+05
6.864800285664112307e+05
6.875658237645424670e+05
6.886372218496114947e+05
6.897395386356526287e+05
6.909140992945431499e+05
6.921926753805797780e+05
6.935944426467412850e+05
6.951260763511203695e+05
6.967843734381326940e+05
6.985598709587897174e+05
7.004397356138145551e+05
7.024087979952341411e+05
7.044486809678116115e+05
7.065359874734138139e+05
7.086409843775785994e+05
7.107279556490432005e+05
7.127575875141561264e+05
7.146908395697531523e+05
7.164932126499501755e+05
7.181383797432446154e+05
7.196106925187184243e+05
7.209067412623565178e+05
7.220365120039158501e+05
7.230245226513940142e+05
7.239107185144814430e+05
7.247502266430556774e+05
7.256107489250628278e+05
7.265667045544674620e+05
7.276901919187199092e+05
7.290400896412211005e+05
7.306516431555964518e+05
7.325292212355858646e+05
7.346443617010653252e+05
7.369398926733983681e+05
7.393392585367046995e+05
7.417587817927062279e+05
7.441199483845687937e+05
7.463591193131331820e+05
7.484331690100254491e+05
7.503209436867820332e+05
7.520215373926653992e+05
7.535507916703788796e+05
7.549371007428793237e+05
7.562168970674710581e+05
7.574296401725574397e+05
7.586121523574932944e+05
7.597927791586186504e+05
7.609867175404939335e+05
7.621943451121307444e+05
