6.119904774067971157e+05
6.102540356189061422e+05
6.086429007335755741e+05
6.071412272640786832e+05
6.057201049451961881e+05
6.043472010391437216e+05
6.029962440819455078e+05
6.016539577843748266e+05
6.003228483639607439e+05
5.990194408753403695e+05
5.977687601457124110e+05
5.965966985978946323e+05
5.955222096671548206e+05
5.945510333438399248e+05
5.936720914580329554e+05
5.928570291327200830e+05
5.920628052459094906e+05
5.912368113061232725e+05
5.903237006085361354e+05
5.892729035937256413e+05
5.880457044320189161e+05
5.866208132247343892e+05
5.849976241179765202e+05
5.831967595620923676e+05
5.812579421757218661e+05
5.792355732120544417e+05
5.771925726981698535e+05
5.751931088497634046e+05
5.732949354784913594e+05
5.715422402499123709e+05
5.699601204899606528e+05
5.685518536952229915e+05
5.672998118728473783e+05
5.661701241174514871e+05
5.651202017910067225e+05
5.641073777170046233e+05
5.630965600852954667e+05
5.620651502921520732e+05
5.610043933446095325e+05
5.599174293541229563e+05
5.588151431607783306e+05
5.577111869402980665e+05
5.566173018427826464e+05
5.555395690782765159e+05
5.544758213489998598e+05
5.534143335394713795e+05
5.523340240194944199e+05
5.512064859464587644e+05
5.499999863239317201e+05
5.486850608747651568e+05
5.472406821847271640e+05
5.456595194792893017e+05
5.439508259846362052e+05
5.421400568453045562e+05
5.402652531096941093e+05
5.383711754970117472e+05
5.365027829302340979e+05
5.346997159368771827e+05
5.329929658394349972e+05
5.314040800649613375e+05
5.299463758965523448e+05
5.286270201557497494e+05
5.274486948927870253e+05
5.264099479904776672e+05
5.255040587798055494e+05
5.247170169180962257e+05
5.240256803538040258e+05
5.233971454834482283e+05
5.227898749071217608e+05
5.221564586553421104e+05
5.214473865945677971e+05
5.206151145693381550e+05
5.196179896548333927e+05
5.184239984558951110e+05
5.170144862477744464e+05
5.153877821652810089e+05
5.135621523947934038e+05
5.115770192584542674e+05
5.094912999286471750e+05
5.073782190458737896e+05
5.053169101236425340e+05
5.033821605384007562e+05
5.016343333996193251e+05
5.001115388857428334e+05
4.988255371110523702e+05
4.977618971472280100e+05
4.968839735983034479e+05
4.961395768529792549e+05
4.954689142854437232e+05
4.948124166357069626e+05
4.941173180016035330e+05
4.933422310129628167e+05
4.924593995261440868e+05
4.914547792633703211e+05
4.903265139478766941e+05
4.890826198085350916e+05
4.877386591139938100e+05
4.863158656670275959e+05
4.848397136456937878e+05
4.833385240827885573e+05
4.818415904280097457e+05
4.803765467102666153e+05
4.789661807345147827e+05
4.776253605580764706e+05
4.763589462973592454e+05
4.751613850334571907e+05
4.740182067536536488e+05
4.729090681345309131e+05
4.718115686900716391e+05
4.707049404061142122e+05
4.695728910692505306e+05
4.684052426225153031e+05
4.671983804258899763e+05
4.659547828297732631e+05
4.646819815586283803e+05
4.633912442328178440e+05
4.620961502268252661e+05
4.608111280327903223e+05
4.595499775860487134e+05
4.583244096302104299e+05
4.571426608358267113e+05
4.560082510528919520e+05
4.549189241799566662e+05
4.538657755667454330e+05
4.528325576550720143e+05
4.517952103577445960e+05
4.507217919011297636e+05
4.495731489808070473e+05
4.483047742980360053e+05
4.468702482442400651e+05
4.452263754083121894e+05
4.433396188863607240e+05
4.411928359004069353e+05
4.387908497868320555e+05
4.361632906826795079e+05
4.333635368157741032e+05
4.304634430222809897e+05
4.275446112283114926e+05
4.246878841744202655e+05
4.219632033838672796e+05
4.194218083564516855e+05
4.170920444507505163e+05
4.149790672727577039e+05
4.130678301169947954e+05
4.113281903891204274e+05
4.097208632065579877e+05
4.082031850770547171e+05
4.067340127996459487e+05
4.052773684630327043e+05
4.038045652512001689e+05
4.022945800011639949e+05
4.007325461598621332e+05
3.991065739608219592e+05
3.974036691382616409e+05
3.956061246666724328e+05
3.936900684262120631e+05
3.916275504305845825e+05
3.893925480797100463e+05
3.869697951878884924e+05
3.843639388893488795e+05
3.816058294645071728e+05
3.787531802887588856e+05
3.758843855015495792e+05
3.730864495050540427e+05
3.704399617533377022e+05
3.680050825537092169e+05
3.658122084243078716e+05
3.638595120976556791e+05
3.621174985615103506e+05
3.605388375398867065e+05
3.590706085369816283e+05
3.576659371234360733e+05
3.562926432782938355e+05
3.549375821506725042e+05
3.536064495868610684e+05
3.523197038741575670e+05
3.511058364599502529e+05
3.499935153288696893e+05
3.490041476086929906e+05
3.481461755006308667e+05
3.474119662947228644e+05
3.467775789773334982e+05
3.462051389025177923e+05
3.456471751306121005e+05
3.450521372106356430e+05
3.443703593850322068e+05
3.435598563013959792e+05
3.425914055473720655e+05
3.414523766333722742e+05
3.401487755380770541e+05
3.387050922990405234e+05
3.371618179292198620e+05
3.355708906714859186e+05
3.339897193874186487e+05
3.324746846358503681e+05
3.310750625570497941e+05
3.298281592835811898e+05
3.287561502458094037e+05
3.278647776604079409e+05
3.271437524027568288e+05
3.265684960371557390e+05
3.261027822774159722e+05
3.257018964763288968e+05
3.253160840434491402e+05
3.248942219664889271e+05
3.243877297446272569e+05
3.237546777881209855e+05
3.229638601691220538e+05
3.219983529919428402e+05
3.208578999388712691e+05
3.195594659178919392e+05
3.181355357793586445e+05
3.166301793351031956e+05
3.150934400231598411e+05
3.135750592306825565e+05
3.121187513955381000e+05
3.107581009976711939e+05
3.095146916056857444e+05
3.083984542061024695e+05
3.074096543469890603e+05
3.065416083207720076e+05
3.057831999284700141e+05
3.051205101496318821e+05
3.045372519036603044e+05
3.040141078354879864e+05
3.035274353086414048e+05
3.030480919439877034e+05
3.025412871057967423e+05
3.019682787393932813e+05
3.012903209896300104e+05
3.004745455897865468e+05
2.995006250492094550e+05
2.983664525429594214e+05
2.970910052349320613e+05
2.957131629477802780e+05
2.942863649426006596e+05
2.928701956311638933e+05
2.915208364504438941e+05
2.902825148743158206e+05
2.891816222395347431e+05
2.882243163019573549e+05
2.873975308160782442e+05
2.866726676359769190e+05
2.860109569191001938e+05
2.853694828580070171e+05
2.847070500361523009e+05
2.839892831390849315e+05
2.831925411015856080e+05
2.823063691099632997e+05
2.813343176290306146e+05
2.802930447600644547e+05
2.792097127745255711e+05
2.781178269876901759e+05
2.770518747890430386e+05
2.760413969428290147e+05
2.751053925430832896e+05
2.742481016323656077e+05
2.734571050142933964e+05
2.727042823986177100e+05
2.719495523219555034e+05
2.711466638047330198e+05
2.702498391425505397e+05
2.692199360792324296e+05
2.680290325239471276e+05
2.666628322961911326e+05
2.651208661897926359e+05
2.634149444779189071e+05
2.615665926881548367e+05
2.596042359419576242e+05
2.575607117650362197e+05
2.554713516823906975e+05
2.533724797151650127e+05
2.512998675044559932e+05
2.492866058358188893e+05
2.473600913847542251e+05
2.455383492970568477e+05
2.438265233615700272e+05
2.422147704770326964e+05
2.406787314973300090e+05
2.391831350605059415e+05
2.376881023088394431e+05
2.361567416710058751e+05
2.345620740759304317e+05
2.328914666014156537e+05
2.311475433001474594e+05
2.293456760981564294e+05
2.275091934922938526e+05
2.256640012616103049e+05
2.238342255558413453e+05
2.220398642170243547e+05
2.202965587649670197e+05
2.186168235747042054e+05
2.170116536527658463e+05
2.154914738246371271e+05
2.140658096767441893e+05
2.127416545316625852e+05
2.115210488422945491e+05
2.103987081954833702e+05
2.093605702491509146e+05
2.083839204402706819e+05
2.074394008251208870e+05
2.064948051830645709e+05
2.055201791072335909e+05
2.044934081505439244e+05
2.034052281061415270e+05
2.022625029693937977e+05
2.010887842052242195e+05
1.999216458052299276e+05
1.988070254563882190e+05
1.977915943806236610e+05
1.969147465763365035e+05
1.962019083080726268e+05
1.956604617125908553e+05
1.952788153818173741e+05
1.950283522970999475e+05
1.948674461649802979e+05
1.947466057321248809e+05
1.946140097589661018e+05
1.944210080517047318e+05
1.941273541857613309e+05
1.937058968956487952e+05
1.931462550712408556e+05
1.924568171081105829e+05
1.916644224588725483e+05
1.908113864181858371e+05
1.899500658448980248e+05
1.891357731317299185e+05
1.884193285026487429e+05
1.878407283723021683e+05
1.874252125028834853e+05
1.871824509342204547e+05
1.871087623353692761e+05
1.871914200706124539e+05
1.874134418359800766e+05
1.877570114254127839e+05
1.882039747606629389e+05
1.887326730606574274e+05
1.893115551970663655e+05
1.898912559307271149e+05
1.903977855918256682e+05
1.907298235502879834e+05
1.907626264453852491e+05
1.903597237822990573e+05
1.893915914394166030e+05
1.877583288879456231e+05
1.854116496193303319e+05
1.823708524326667830e+05
1.787282589555887971e+05
1.746418214609217248e+05
1.703156652258033282e+05
1.659723232862376317e+05
1.618224154011386854e+05
1.580379177652556100e+05
1.547339253688835015e+05
1.519614321384083014e+05
1.497109645395235275e+05
1.479246987138204568e+05
1.465134665828004654e+05
1.453749013524967595e+05
1.444096387340233487e+05
1.435335707004841242e+05
1.426852658888641745e+05
1.418285887727523514e+05
1.409511904331101396e+05
1.400599320346115856e+05
1.391744902886034106e+05
1.383204120905918535e+05
1.375227368839891278e+05
1.368010000141859055e+05
1.361660211112786783e+05
1.356184720788931591e+05
1.351489304152600234e+05
1.347390332292857638e+05
1.343634411278311745e+05
1.339924900474538154e+05
1.335955032286429487e+05
1.331446493517792551e+05
1.326189730167556263e+05
1.320079172863134590e+05
1.313134912509463611e+05
1.305503544830489700e+05
1.297435166320982389e+05
1.289239605295496003e+05
1.281230748392580281e+05
1.273671175724180794e+05
1.266729129116835102e+05
1.260456366510226217e+05
1.254790066702544573e+05
1.249576401423251082e+05
1.244609110100760008e+05
1.239674098452355101e+05
1.234590766724795976e+05
1.229242131094400102e+05
1.223588433919602394e+05
1.217662447284218506e+05
1.211548555134248745e+05
1.205351242257242266e+05
1.199160988427143020e+05
1.193026075165882939e+05
1.186937226693164848e+05
1.180828691402319382e+05
1.174595186505181482e+05
1.168120149014135532e+05
1.161307938746728760e+05
1.154111691652823356e+05
1.146549671591374063e+05
1.138705985519548267e+05
1.130715687538666971e+05
1.122738471457141422e+05
1.114928071685114555e+05
1.107405189410762250e+05
1.100240004607663723e+05
1.093446825125217729e+05
1.086989566211334168e+05
1.080794053687078704e+05
1.074762513470678823e+05
1.068786944023878605e+05
1.062760338618458190e+05
1.056586553681334481e+05
1.050190024831403862e+05
1.043525433063641831e+05
1.036585642714064452e+05
1.029405005011557223e+05
1.022055393303032033e+05
1.014634244850835821e+05
1.007246675845686550e+05
9.999861485020451073e+04
9.929190526299299381e+04
9.860774276610296511e+04
9.794612793704510841e+04
9.730486170890719222e+04
9.668087524793135526e+04
9.607135391722970235e+04
9.547423655037939898e+04
9.488793241818912793e+04
9.431040152049172320e+04
9.373797519671176269e+04
9.316437830818330985e+04
9.258034184921749693e+04
9.197401692024146905e+04
9.133219647766265552e+04
9.064218483210630075e+04
8.989404935171618126e+04
8.908292725743503252e+04
8.821101428216464410e+04
8.728882578320492757e+04
8.633532780317217112e+04
8.537664093459228752e+04
8.444326036808120261e+04
8.356608923528110608e+04
8.277195682745055819e+04
8.207955381956446217e+04
8.149674340576454415e+04
8.101995228273037355e+04
8.063586054599701311e+04
8.032503153139678761e+04
8.006662327619775897e+04
7.984304831782246765e+04
7.964347067467067973e+04
7.946533085153948923e+04
7.931357880098794703e+04
7.919783754857188615e+04
7.912818326199309377e+04
7.911051122937542095e+04
7.914251512837629707e+04
7.921114949284589966e+04
7.929212843631411670e+04
7.935161778212785430e+04
7.934988291897263844e+04
7.924632219703233568e+04
7.900508188899989182e+04
7.860033236221369589e+04
7.802029938398080412e+04
7.726930211629887344e+04
7.636735269345813140e+04
7.534729364563456329e+04
7.424991771938858437e+04
7.311792429994801932e+04
7.198981192771716451e+04
7.089482506450155051e+04
6.984987363765585178e+04
6.885899700265466527e+04
6.791554359756990743e+04
6.700685241393618344e+04
6.612087065977852035e+04
6.525380494864929642e+04
6.441756999806577369e+04
6.364551274615302100e+04
6.299476618932363635e+04
6.254378232659651258e+04
6.238423318995325099e+04
6.260756468197509821e+04
6.328787917754177033e+04
6.446417660408228403e+04
6.612586687989301572e+04
6.820547891172258824e+04
7.058142184847575845e+04
7.309160495079515385e+04
7.555614125419907214e+04
7.780494783436124271e+04
7.970455566401855322e+04
8.117838031785177009e+04
8.221617720142933831e+04
8.287101324500363262e+04
8.324506161824869923e+04
8.346799657952028792e+04
8.367306758659381012e+04
8.397582169137372694e+04
8.445913802579739422e+04
8.516627991364672198e+04
8.610169241207824962e+04
8.723777868314868829e+04
8.852512351852889697e+04
8.990358235301158857e+04
9.131213123985911079e+04
9.269613011820836982e+04
9.401146855503185361e+04
9.522578429248057364e+04
9.631747409365040949e+04
9.727349864144968160e+04
9.808699743264206336e+04
9.875549691301528946e+04
9.928009106732148211e+04
9.966552365427679615e+04
9.992074835442057520e+04
1.000593967548135406e+05
1.000996742730911938e+05
1.000634676403710473e+05
9.997475819011156273e+04
9.985766400394735683e+04
9.973450797969051928e+04
9.962423659232308273e+04
9.954136612118003541e+04
9.949549334191386879e+04
9.949132674452381616e+04
9.952917202433901548e+04
9.960580783980563865e+04
9.971568078477602103e+04
9.985232373461275711e+04
1.000098767022467364e+05
1.001845872442906984e+05
1.003761939257296472e+05
1.005891310853833857e+05
1.008335015720635274e+05
1.011257206341345154e+05
1.014886424993416585e+05
1.019508813127779140e+05
1.025449963907934289e+05
1.033042977154602413e+05
1.042582827178079024e+05
1.054271223196255451e+05
1.068160787570824032e+05
1.084110988335298316e+05
1.101769030294167314e+05
1.120585587923083804e+05
1.139867928134937247e+05
1.158863353275711561e+05
1.176856998927503300e+05
1.193263054870988126e+05
1.207689519905915804e+05
1.219963634323957522e+05
1.230115933021836681e+05
1.238331828684485372e+05
1.244887194959649205e+05
1.250086364347011549e+05
1.254217157913847914e+05
1.257529850593189913e+05
1.260238296260142379e+05
1.262534728978097264e+05
1.264606950545863801e+05
1.266648095147408458e+05
1.268853820167299127e+05
1.271407562181823159e+05
1.274459262346139731e+05
1.278105209354115505e+05
1.282375962269068841e+05
1.287236338802548853e+05
1.292597457638505439e+05
1.298337167135819182e+05
1.304322914670704049e+05
1.310430747446398600e+05
1.316555718101123348e+05
1.322612063294854306e+05
1.328525265713565459e+05
1.334221308364949364e+05
1.339619858739381016e+05
1.344636992579964863e+05
1.349199493368436524e+05
1.353267899480973138e+05
1.356861166975085216e+05
1.360073864985706459e+05
1.363078155374705675e+05
1.366107066255862010e+05
1.369421251294051763e+05
1.373266550590409315e+05
1.377832567636872700e+05
1.383222366184364655e+05
1.389440505010410270e+05
1.396401972136903787e+05
1.403959502319936582e+05
1.411942554507419409e+05
1.420198842659992224e+05
1.428629206934224349e+05
1.437208670343242120e+05
1.445990109977959655e+05
1.455091085707523162e+05
1.464667943106762541e+05
1.474883509690580249e+05
1.485875163345678302e+05
1.497728912731723976e+05
1.510462943941197300e+05
1.524021621870652889e+05
1.538278950229588372e+05
1.553049536145026505e+05
1.568105310754651437e+05
1.583197238240971055e+05
1.598082155611923663e+05
1.612554745620021713e+05
1.626482874193161260e+05
1.639841423566215381e+05
1.652736624185035471e+05
1.665411582123243716e+05
1.678225712031280273e+05
1.691606349371330580e+05
1.705978498511712532e+05
1.721685816090773151e+05
1.738919770748420269e+05
1.757672863857104967e+05
1.777726149933782290e+05
1.798673096096126537e+05
1.819973844231705007e+05
1.841028463159934618e+05
1.861255740526225127e+05
1.880165022304349404e+05
1.897411369031832437e+05
1.912827742118276656e+05
1.926431492338953831e+05
1.938405993013186089e+05
1.949061755525743647e+05
1.958784344684505195e+05
1.967978130283945065e+05
1.977014760888586752e+05
1.986193238796819642e+05
1.995715363562254061e+05
2.005677207914036699e+05
2.016075042050915945e+05
2.026822892239055363e+05
2.037778271849750890e+05
2.048772036616262631e+05
2.059637709841693868e+05
2.070235469775657984e+05
2.080466916660027055e+05
2.090278917290494428e+05
2.099657664242874016e+05
2.108616463982451824e+05
2.117181712315261830e+05
2.125380834614934865e+05
2.133234364965197747e+05
2.140752913218980539e+05
2.147939242649012303e+05
2.154795882855662494e+05
2.161338700339386996e+05
2.167615659579861094e+05
2.173727428627703921e+05
2.179843474761133257e+05
2.186205600918303244e+05
2.193112052068662888e+05
2.200879755658354843e+05
2.209788757954626635e+05
2.220019179957592278e+05
2.231594732107422024e+05
2.244346747046710516e+05
2.257909059608003881e+05
2.271748225506582821e+05
2.285227093224845594e+05
2.297693716292127210e+05
2.308582538765704085e+05
2.317511127143099729e+05
2.324354269228188205e+05
2.329279173712903284e+05
2.332731579241983709e+05
2.335372319353098865e+05
2.337975072348911490e+05
2.341305280151274928e+05
2.346004412669857848e+05
2.352501469732051482e+05
2.360965867389115738e+05
2.371305604797336564e+05
2.383205327458516986e+05
2.396193040074419696e+05
2.409722344714798091e+05
2.423258083636226656e+05
2.436355383310345351e+05
2.448724018878649222e+05
2.460271482904737350e+05
2.471119733592334669e+05
2.481593034743451281e+05
2.492177755653219356e+05
2.503458905229868251e+05
2.516041577882004785e+05
2.530467636137397203e+05
2.547138649617707124e+05
2.566255597049131175e+05
2.587784367417272006e+05
2.611453574551700440e+05
2.636787275660351152e+05
2.663169762040916248e+05
2.689933374421073822e+05
2.716454888006377150e+05
2.742243344087135047e+05
2.767003565535523230e+05
2.790664847080685431e+05
2.813371823020369629e+05
2.835441884435742977e+05
2.857298711534175090e+05
2.879393711950249271e+05
2.902126983195787761e+05
2.925778125320268446e+05
2.950455819745365297e+05
2.976073610905289534e+05
3.002356944201259175e+05
3.028882288805827848e+05
3.055143056847476400e+05
3.080630389605978271e+05
3.104912140461819945e+05
3.127692871835254482e+05
3.148842313703792752e+05
3.168388306574419839e+05
3.186479848429808626e+05
3.203333139885592391e+05
3.219176222466698382e+05
3.234205660378566827e+05
3.248563273186151637e+05
3.262334538372914540e+05
3.275564917134886491e+05
3.288286913802499766e+05
3.300549096154302242e+05
3.312438200893684989e+05
3.324086747802175814e+05
3.335661613661945448e+05
3.347333999078227207e+05
3.359237544500875520e+05
3.371427189172222861e+05
3.383854111119494191e+05
3.396369549328493304e+05
3.408762109684805619e+05
3.420821466838697670e+05
3.432410432154894224e+05
3.443521789219424245e+05
3.454299001706569688e+05
3.465010561035002465e+05
3.475982781754050520e+05
3.487509852582674939e+05
3.499767875277209096e+05
3.512758777264530072e+05
3.526300880996221094e+05
3.540068835083012236e+05
3.553671237872199272e+05
3.566744043044954306e+05
3.579034568646234693e+05
3.590455165136440773e+05
3.601095542964079650e+05
3.611194955558082438e+05
3.621085910997216124e+05
3.631126722871811362e+05
3.641639813119956525e+05
3.652867321578153642e+05
3.664948009873871342e+05
3.677912817378226900e+05
3.691692918225420290e+05
3.706134184015774517e+05
3.721014405787624419e+05
3.736062546122280182e+05
3.750981055254576495e+05
3.765472262643078575e+05
3.779268452208932140e+05
3.792163402218032861e+05
3.804041794468888547e+05
3.814902360769587103e+05
3.824870836521213059e+05
3.834199441063252743e+05
3.843250564844553010e+05
3.852463765101297176e+05
3.862307330402063089e+05
3.873218621330830501e+05
3.885540659455269924e+05
3.899465013200339163e+05
3.914991723460005596e+05
3.931915023425912368e+05
3.949839046734332805e+05
3.968221747192844050e+05
3.986439700663022813e+05
4.003863048736669007e+05
4.019929414094796521e+05
4.034207765205799369e+05
4.046446563924013753e+05
4.056603526356235961e+05
4.064856019775496679e+05
4.071591587000617874e+05
4.077378222166164196e+05
4.082914847217097413e+05
4.088964447545685689e+05
4.096275180872974452e+05
4.105497539395578206e+05
4.117107332855195855e+05
4.131344327769887750e+05
4.148174894210367929e+05
4.167284444641594309e+05
4.188102285845181323e+05
4.209857985221347772e+05
4.231664507158326451e+05
4.252619319735930767e+05
4.271910931320437812e+05
4.288915894481297582e+05
4.303271373909266549e+05
4.314911638142646407e+05
4.324063035539094126e+05
4.331199762428636313e+05
4.336969948123167851e+05
4.342106332367580617e+05
4.347337081791954697e+05
4.353310280560585088e+05
4.360541413162254030e+05
4.369388001211559749e+05
4.380050365054467111e+05
4.392592733393163071e+05
4.406975059526709956e+05
4.423083737531930674e+05
4.440750105282414588e+05
4.459750033962051966e+05
4.479785678897617618e+05
4.500459487379394122e+05
4.521257333123753197e+05
4.541558671997589408e+05
4.560685160769900540e+05
4.577986557280991692e+05
4.592948208132943837e+05
4.605293715908276499e+05
4.615054103302414878e+05
4.622582387730368646e+05
4.628507402642796515e+05
4.633637497415210819e+05
4.638837440915458137e+05
4.644906466934488853e+05
4.652481391507594963e+05
4.661978774804862333e+05
4.673578500453645829e+05
4.687241847186153173e+05
4.702752282056756085e+05
4.719766817910136306e+05
4.737868331658331444e+05
4.756612749092284357e+05
4.775567945830149692e+05
4.794343001037754584e+05
4.812607351603836287e+05
4.830100144594032899e+05
4.846631238294180948e+05
4.862076809047475690e+05
4.876373646735210204e+05
4.889515963097733329e+05
4.901556374632886727e+05
4.912609249657902983e+05
4.922851536300206208e+05
4.932515517108993954e+05
4.941870682705929503e+05
4.951197170310598449e+05
4.960758272885368788e+05
4.970781252684801002e+05
4.981452402758569224e+05
4.992925047202155110e+05
5.005331543244284694e+05
5.018786702104238793e+05
5.033373090216036653e+05
5.049107758556952467e+05
5.065901087478645495e+05
5.083526139618411544e+05
5.101616933168235701e+05
5.119705577126063872e+05
5.137294413642581203e+05
5.153945888524850016e+05
5.169365399877386517e+05
5.183453798142418964e+05
5.196315668281657272e+05
5.208223025752737885e+05
5.219546499134005280e+05
5.230673482757723541e+05
5.241933652749399771e+05
5.253547681227397406e+05
5.265607419199831784e+05
5.278087795266429894e+05
5.290883943883836037e+05
5.303862453373334138e+05
5.316913378486504080e+05
5.329989928557811072e+05
5.343125626148696756e+05
5.356424083015292417e+05
5.370023620602249866e+05
5.384046288816115120e+05
5.398546384915061062e+05
5.413475326048480347e+05
5.428676419102734653e+05
5.443914878275402589e+05
5.458937317757081473e+05
5.473544327991956379e+05
5.487653533420140157e+05
5.501331610134784132e+05
5.514782572771736886e+05
5.528293653201041743e+05
5.542154366944865324e+05
5.556573479017750360e+05
5.571618935161305126e+05
5.587197303226337535e+05
5.603075410197953461e+05
5.618933322446108796e+05
5.634429841149606509e+05
5.649261765670638997e+05
5.663205086529233959e+05
5.676135892511155689e+05
5.688036301199533045e+05
5.698993035261378391e+05
5.709193338477996876e+05
5.718917521627782844e+05
5.728523381009073928e+05
5.738417756133670919e+05
5.749014740182613023e+05
5.760686160170235671e+05
5.773714453129788162e+05
5.788258417838191381e+05
5.804338236890628468e+05
5.821839715241724625e+05
5.840532085656451527e+05
5.860091581946493825e+05
5.880124911156673916e+05
5.900191221668825019e+05
5.919825384877874749e+05
5.938566904262923636e+05
5.955996660415246151e+05
5.971779125674399547e+05
5.985703118962800363e+05
5.997712105459605809e+05
6.007916654499231372e+05
6.016586239604544826e+05
6.024122939660230186e+05
6.031023386263261782e+05
6.037836139832398621e+05
6.045119846663587959e+05
6.053404580718375510e+05
6.063156480993605219e+05
6.074745140451145126e+05
6.088414020220207749e+05
6.104255559824424563e+05
6.122193774653819855e+05
6.141977647433604579e+05
6.163188628062404459e+05
6.185265097838470247e+05
6.207545390008916147e+05
6.229328372959808912e+05
6.249946627614215249e+05
6.268842780835587764e+05
6.285636336581314681e+05
6.300168168599359924e+05
6.312513510473932838e+05
6.322961026087524369e+05
6.331963235633865697e+05
6.340069641928492347e+05
6.347856434215230402e+05
6.355865100984538440e+05
6.364557590838568285e+05
6.374289772560261190e+05
6.385300071346824989e+05
6.397707946665787604e+05
6.411517780338902958e+05
6.426626798976153368e+05
6.442838867665396538e+05
6.459887265512354206e+05
6.477467788443205645e+05
6.495279292201648932e+05
6.513064142877665581e+05
6.530638505869487999e+05
6.547903667556792498e+05
6.564834633365494665e+05
6.581449353696363978e+05
6.597768437009736663e+05
6.613778647924147081e+05
6.629412520175306126e+05
6.644551286721398355e+05
6.659050763852851233e+05
6.672782423330079764e+05
6.685677204533879412e+05
6.697759199642583262e+05
6.709160076567565557e+05
6.720111272485195659e+05
6.730917091285629431e+05
6.741915776870948030e+05
6.753436651971108513e+05
6.765760200264315354e+05
6.779085948463008972e+05
6.793511293152788421e+05
6.809023203392019495e+05
6.825503439387336839e+05
6.842745981362401508e+05
