6.088754111760876840e+05
6.078480105444912333e+05
6.071776624327707104e+05
6.067434143886733800e+05
6.064064999035563087e+05
6.060303673963109031e+05
6.054986586065959418e+05
6.047288239416206488e+05
6.036799389523277059e+05
6.023542712081280770e+05
6.007930798168253386e+05
5.990678418236552970e+05
5.972684750388431130e+05
5.954901671068164287e+05
5.938202534289754694e+05
5.923263945402527461e+05
5.910472085509770550e+05
5.899864908918973524e+05
5.891120362723593134e+05
5.883596683817779412e+05
5.876422992473043269e+05
5.868628134225382237e+05
5.859286258968911134e+05
5.847652738377421629e+05
5.833266140390916262e+05
5.816000837534407619e+05
5.796067384413031396e+05
5.773969531642828370e+05
5.750433666440659435e+05
5.726326913878893247e+05
5.702575366388335824e+05
5.680087333401278593e+05
5.659681839811264072e+05
5.642022008646409959e+05
5.627556027549615828e+05
5.616472505247273948e+05
5.608678883704852778e+05
5.603809104342740029e+05
5.601260313062826172e+05
5.600250812424734468e+05
5.599886536051020958e+05
5.599223823776140343e+05
5.597322350366074825e+05
5.593290826967078028e+05
5.586334894113728078e+05
5.575817319674146129e+05
5.561333824405166088e+05
5.542795951677863486e+05
5.520500638937299373e+05
5.495160333250684198e+05
5.467871245560689131e+05
5.440010398736227071e+05
5.413070444489744259e+05
5.388458717304597376e+05
5.367297999209442642e+05
5.350267767232392216e+05
5.337516316923592240e+05
5.328658926633395022e+05
5.322859509056673851e+05
5.318977430591605371e+05
5.315750696962642251e+05
5.311983034254779341e+05
5.306705161818264751e+05
5.299287952030164888e+05
5.289494845561860129e+05
5.277470836059234571e+05
5.263674386337960605e+05
5.248766293124568183e+05
5.233475361579395831e+05
5.218463973982658936e+05
5.204216170200837078e+05
5.190966109484581393e+05
5.178676425209519803e+05
5.167066088006227510e+05
5.155678649597504409e+05
5.143976191399285453e+05
5.131442433050730033e+05
5.117679279400270316e+05
5.102483139492682531e+05
5.085889861986826290e+05
5.068180460350533249e+05
5.049844865511989919e+05
5.031508048122580512e+05
5.013830836565570789e+05
4.997404151362639386e+05
4.982657562633955386e+05
4.969799740862304461e+05
4.958800341817706940e+05
4.949412820799447945e+05
4.941228894429233624e+05
4.933750303887001355e+05
4.926462903440378723e+05
4.918900953556187451e+05
4.910694007254065364e+05
4.901593210289203562e+05
4.891477220826064586e+05
4.880340199840264395e+05
4.868265877261481946e+05
4.855393035407325369e+05
4.841878961697288905e+05
4.827868091362694977e+05
4.813472480483526597e+05
4.798768381759657059e+05
4.783809150256885914e+05
4.768649954332110938e+05
4.753375885747806169e+05
4.738123572074352414e+05
4.723088003262434504e+05
4.708510489796964685e+05
4.694648968791522202e+05
4.681736486371080973e+05
4.669936361979561625e+05
4.659302993431042414e+05
4.649756000790518010e+05
4.641073192274022149e+05
4.632905162310119485e+05
4.624811301286018570e+05
4.616313587482118746e+05
4.606960999520340702e+05
4.596394434309112839e+05
4.584400582020070869e+05
4.570944030029017013e+05
4.556170083826310001e+05
4.540375859086686978e+05
4.523953089377299766e+05
4.507311640840151813e+05
4.490796892287544906e+05
4.474616141773445415e+05
4.458788527953883167e+05
4.443129410051791347e+05
4.427273982324203243e+05
4.410736980656653177e+05
4.392997254690251430e+05
4.373589841432489920e+05
4.352186075563222985e+05
4.328645445398456650e+05
4.303030950100349146e+05
4.275590304585699923e+05
4.246714785003432189e+05
4.216892157197310589e+05
4.186668061385845649e+05
4.156622379629526404e+05
4.127357128864463884e+05
4.099485058550123358e+05
4.073606947980860714e+05
4.050271113893971778e+05
4.029918021627627895e+05
4.012821430069093476e+05
3.999041088987304829e+05
3.988399272522023530e+05
3.980486279246290214e+05
3.974692346786968410e+05
3.970258769502381328e+05
3.966340641204012791e+05
3.962076116193889175e+05
3.956659434094325406e+05
3.949414769481777912e+05
3.939864937659994466e+05
3.927785092038506409e+05
3.913229810165390372e+05
3.896524590892897686e+05
3.878219782409337931e+05
3.859013994850003510e+05
3.839661572335266974e+05
3.820881708958381205e+05
3.803284311647589202e+05
3.787321198695673374e+05
3.773263744101966731e+05
3.761202683016597293e+05
3.751063966334246797e+05
3.742635611611545901e+05
3.735602283733616932e+05
3.729584772477612132e+05
3.724180066082101548e+05
3.718995722888004384e+05
3.713672044968125410e+05
3.707888714445551741e+05
3.701358507480612607e+05
3.693816771000564913e+05
3.685018146442917059e+05
3.674749471860247431e+05
3.662860474568078644e+05
3.649304902518679155e+05
3.634178236843860941e+05
3.617737091230920050e+05
3.600390306523526087e+05
3.582660417466130457e+05
3.565122966728655738e+05
3.548336733856840292e+05
3.532778736389506957e+05
3.518794458472868428e+05
3.506568379621678614e+05
3.496115038838846376e+05
3.487288151072852779e+05
3.479804704219169798e+05
3.473281269558999920e+05
3.467279482819517143e+05
3.461356153659790871e+05
3.455111388864472974e+05
3.448226982222290244e+05
3.440488469309153152e+05
3.431787871612114832e+05
3.422109089725051890e+05
3.411502227258326020e+05
3.400055220969893271e+05
3.387870505432893988e+05
3.375051705186725012e+05
3.361701754263524199e+05
3.347930472328134347e+05
3.333867063010822749e+05
3.319671499791650567e+05
3.305538609946442884e+05
3.291690241516431561e+05
3.278354316787153948e+05
3.265734167039864697e+05
3.253975727823912166e+05
3.243142046563574113e+05
3.233202930915151373e+05
3.224042815854247892e+05
3.215483960705740610e+05
3.207317418553837342e+05
3.199332664876493509e+05
3.191338597539012553e+05
3.183172637948637130e+05
3.174699078625248512e+05
3.165801179374167114e+05
3.156373124487780733e+05
3.146317712950863061e+05
3.135553658305971185e+05
3.124032833093457157e+05
3.111763338059163070e+05
3.098830278851426556e+05
3.085404473588699475e+05
3.071731477450363454e+05
3.058099277920754976e+05
3.044790786393668968e+05
3.032033524141790112e+05
3.019960686291862512e+05
3.008594052104281727e+05
2.997851610319800093e+05
2.987574735739473836e+05
2.977564755691976752e+05
2.967618489534084219e+05
2.957556051024280605e+05
2.947239280604726519e+05
2.936582803871404030e+05
2.925560373574084369e+05
2.914207254344645771e+05
2.902616797387324623e+05
2.890928113647346036e+05
2.879303053862029919e+05
2.867894241078427294e+05
2.856810143006921280e+05
2.846086126536721713e+05
2.835670542986169457e+05
2.825431659369706176e+05
2.815185465712335426e+05
2.804737870171575341e+05
2.793929786670510657e+05
2.782672008578069508e+05
2.770959356856067316e+05
2.758859750721626915e+05
2.746481627336988458e+05
2.733929947774591274e+05
2.721264585601651925e+05
2.708474058811853174e+05
2.695472714733538451e+05
2.682122295343779260e+05
2.668271605654958403e+05
2.653802894358772901e+05
2.638671830356155988e+05
2.622929853422011947e+05
2.606722464967741107e+05
2.590263330389067414e+05
2.573790237834088330e+05
2.557513442164333246e+05
2.541568600830592040e+05
2.525985002896816004e+05
2.510675625769114413e+05
2.495450056939893984e+05
2.480046233754096902e+05
2.464173824385033804e+05
2.447561628335754503e+05
2.430003212109012238e+05
2.411397742952716362e+05
2.391784939586179971e+05
2.371373053939484817e+05
2.350556858786901867e+05
2.329920058138104214e+05
2.310215365758544067e+05
2.292317361392748717e+05
2.277148452253275609e+05
2.265585454244760040e+05
2.258360853822087811e+05
2.255976017891139782e+05
2.258641936975816498e+05
2.266256849243313482e+05
2.278421384848215966e+05
2.294483626024065015e+05
2.313601271943597822e+05
2.334807192559980904e+05
2.357067702287670691e+05
2.379328289066564175e+05
2.400547231936194585e+05
2.419721774194097379e+05
2.435913325653052889e+05
2.448277457687265705e+05
2.456101784014533914e+05
2.458851038937084377e+05
2.456214644873620418e+05
2.448148597806046891e+05
2.434901353498310782e+05
2.417013329587457119e+05
2.395282276552385301e+05
2.370692267306293652e+05
2.344311691783619171e+05
2.317173668920793280e+05
2.290158255908251449e+05
2.263897436734764196e+05
2.238719970769896754e+05
2.214644507144759991e+05
2.191418455541194417e+05
2.168590384191855846e+05
2.145598162476065045e+05
2.121855000901950989e+05
2.096820208851184289e+05
2.070048556770067953e+05
2.041218814530949749e+05
2.010146275097292673e+05
1.976785157740551804e+05
1.941225313145405962e+05
1.903684947510428901e+05
1.864498522727523814e+05
1.824097565025500953e+05
1.782982295550855633e+05
1.741683778144498938e+05
1.700719228538939205e+05
1.660546394494394190e+05
1.621525319910931285e+05
1.583896146256486827e+05
1.547779160036927206e+05
1.513198304222070437e+05
1.480123178398982855e+05
1.448519223920874356e+05
1.418393302342676034e+05
1.389823235016888357e+05
1.362964625955687952e+05
1.338034695414245944e+05
1.315278636829747702e+05
1.294927355851522589e+05
1.277155708448998921e+05
1.262048175470886054e+05
1.249575767246985197e+05
1.239585343526035867e+05
1.231801277169413515e+05
1.225839325013875059e+05
1.221232789638529794e+05
1.217470507021613739e+05
1.214044330569009908e+05
1.210500944857486465e+05
1.206490176310090901e+05
1.201800883677681850e+05
1.196376959833263536e+05
1.190309896197491471e+05
1.183809599452916154e+05
1.177159931191424403e+05
1.170668159382279409e+05
1.164617446652308281e+05
1.159229089515700616e+05
1.154637752401825564e+05
1.150879865815322119e+05
1.147893617373152374e+05
1.145528642846685834e+05
1.143563990310409281e+05
1.141733303837843414e+05
1.139755833048404893e+05
1.137370751968539262e+05
1.134370827240793733e+05
1.130630444025890902e+05
1.126123034744253964e+05
1.120924356365725107e+05
1.115200620302850730e+05
1.109183527374417754e+05
1.103136883585721225e+05
1.097320846738496475e+05
1.091959595047231705e+05
1.087216567598237598e+05
1.083179194931395323e+05
1.079853167155900010e+05
1.077165389685711416e+05
1.074974799913622555e+05
1.073090502833302453e+05
1.071296407969029096e+05
1.069380303917670099e+05
1.067163439211911755e+05
1.064525180647558009e+05
1.061417291180910688e+05
1.057864361417677865e+05
1.053950552450716787e+05
1.049796818894892058e+05
1.045535604108787520e+05
1.041290427474643948e+05
1.037165522802406049e+05
1.033246518788459653e+05
1.029608653374106361e+05
1.026325949840599933e+05
1.023474407687080820e+05
1.021124789442512993e+05
1.019325056914692686e+05
1.018077148903118359e+05
1.017315725058995158e+05
1.016896559800427203e+05
1.016599495752638904e+05
1.016146459927793330e+05
1.015230791639528761e+05
1.013551570913874311e+05
1.010846419132991286e+05
1.006917959046591131e+05
1.001651649506210815e+05
9.950248526552825933e+04
9.871080265664316539e+04
9.780588492610539834e+04
9.681094241914947634e+04
9.575462580317445099e+04
9.466830425770148577e+04
9.358276051360003476e+04
9.252464137978061626e+04
9.151320173810282722e+04
9.055798499600590731e+04
8.965801559448524495e+04
8.880281110243045259e+04
8.797509935400194081e+04
8.715466949317530089e+04
8.632245045058221149e+04
8.546382748098700540e+04
8.457042455680541752e+04
8.364003459604772797e+04
8.267491839622505358e+04
8.167913713430291682e+04
8.065579808694042731e+04
7.960503766726911999e+04
7.852329391779989237e+04
7.740404242179077119e+04
7.623979812548369227e+04
7.502489846787687566e+04
7.375841555989862536e+04
7.244650573522744526e+04
7.110359503543483152e+04
6.975201644392254821e+04
6.842003799292004260e+04
6.713859400280205591e+04
6.593736285890085855e+04
6.484102164073355380e+04
6.386647926182422088e+04
6.302164080123484018e+04
6.230585755939311639e+04
6.171179337535564264e+04
6.122811730726067617e+04
6.084230417549462436e+04
6.054290654369910771e+04
6.032090406787370739e+04
6.017004437663951103e+04
6.008636301788707351e+04
6.006723624033230590e+04
6.011035544787938125e+04
6.021293967233521107e+04
6.037137500024279871e+04
6.058134192804875784e+04
6.083839568480358139e+04
6.113890235815651977e+04
6.148118485396603501e+04
6.186667585450368642e+04
6.230080793934651592e+04
6.279331897227351146e+04
6.335765601255917863e+04
6.400926062750418350e+04
6.476272292474316782e+04
6.562807503665602417e+04
6.660680266961292364e+04
6.768842107387642318e+04
6.884863212337541336e+04
7.005010801367886597e+04
7.124679604715824826e+04
7.239226429092210310e+04
7.345196164836830576e+04
7.441832364449440502e+04
7.532647057791614498e+04
7.626701134697224188e+04
7.739155007963969547e+04
7.890639064234825491e+04
8.105113353050945443e+04
8.406161216780586983e+04
8.812069477926798572e+04
9.330503651708239340e+04
9.953951620527873456e+04
1.065722700880911434e+05
1.139807969113291474e+05
1.212134420448338788e+05
1.276619302672769554e+05
1.327519457256103633e+05
1.360329133280851529e+05
1.372473113426256459e+05
1.363646136905268941e+05
1.335739293667118473e+05
1.292396918419555150e+05
1.238330969192523480e+05
1.178560197241704445e+05
1.117731909373187227e+05
1.059635645318436873e+05
1.006952411525072821e+05
9.612230019480701594e+04
9.229797971312495065e+04
8.919726961608791316e+04
8.674265390809913515e+04
8.482849001043067256e+04
8.334142248410741740e+04
8.217572310900727462e+04
8.124337378342940065e+04
8.047919734006958606e+04
7.984162378406264179e+04
7.930992469436988176e+04
7.887899892541431473e+04
7.855298411071093869e+04
7.833899933536665048e+04
7.824212927281194425e+04
7.826235332217940595e+04
7.839359928755165311e+04
7.862459854981835815e+04
7.894086873124391423e+04
7.932702646580824512e+04
7.976873672472889302e+04
8.025386741810649983e+04
8.077273304355882283e+04
8.131757763119008450e+04
8.188160228237191041e+04
8.245787619686576363e+04
8.303841558383221854e+04
8.361362272895904607e+04
8.417218732325240853e+04
8.470147799920663238e+04
8.518838721130626800e+04
8.562052721044427017e+04
8.598761094466104987e+04
8.628280480834432819e+04
8.650382752662853454e+04
8.665359661750760279e+04
8.674028162210500159e+04
8.677669725810502132e+04
8.677905230417035636e+04
8.676516259784781141e+04
8.675233795381720120e+04
8.675524622737382015e+04
8.678410967394734325e+04
8.684356614762508252e+04
8.693242186060875247e+04
8.704436023782158736e+04
8.716950208040387952e+04
8.729657781894212530e+04
8.741538468054326950e+04
8.751914437940975768e+04
8.760633630757026549e+04
8.768157574784832832e+04
8.775519117128636572e+04
8.784138374057369947e+04
8.795522264771527261e+04
8.810914459353362327e+04
8.830991307625350601e+04
8.855698628132086014e+04
8.884287751926253259e+04
8.915546766354980355e+04
8.948158145642117597e+04
8.981074018292475375e+04
9.013802574630353774e+04
9.046542118299141293e+04
9.080162928184906195e+04
9.116092227041169826e+04
9.156179958841840562e+04
9.202605169786926126e+04
9.257836935000708036e+04
9.324615827767419978e+04
9.405898152295133332e+04
9.504718921583978226e+04
9.623974333259798004e+04
9.766176752056265832e+04
9.933266036286983581e+04
1.012655091742840305e+05
1.034680341144133272e+05
1.059445884000281512e+05
1.086981574437596282e+05
1.117311113696726534e+05
1.150437722643451270e+05
1.186305489981784194e+05
1.224742126777195954e+05
1.265395612045225134e+05
1.307680744448209007e+05
1.350751519901545544e+05
1.393512122087035095e+05
1.434673975771368423e+05
1.472859356601360196e+05
1.506743908068186138e+05
1.535221882053086883e+05
1.557570557909739437e+05
1.573586253634393797e+05
1.583665524522096675e+05
1.588812189539662504e+05
1.590562550786918728e+05
1.590834877595167200e+05
1.591721737675623735e+05
1.595252606677489821e+05
1.603158298049261502e+05
1.616668318057404831e+05
1.636368031242492725e+05
1.662135170621646685e+05
1.693165109257668955e+05
1.728081942597892485e+05
1.765119152464228973e+05
1.802341888937767653e+05
1.837875798287027865e+05
1.870107357755938137e+05
1.897828470584854949e+05
1.920311660629010876e+05
1.937317490511914948e+05
1.949048117538664374e+05
1.956066835534264974e+05
1.959202379614914826e+05
1.959450885203434736e+05
1.957881514406860515e+05
1.955547419240787276e+05
1.953403473211116216e+05
1.952235114202469704e+05
1.952605965720686363e+05
1.954832723484042217e+05
1.958992592986272939e+05
1.964961985724260157e+05
1.972477667022665555e+05
1.981206118075589184e+05
1.990805734305395163e+05
2.000970100348139531e+05
2.011447590770755196e+05
2.022040385714845033e+05
2.032591939140976174e+05
2.042974084407937189e+05
2.053082817538183008e+05
2.062846389111279277e+05
2.072242806715677725e+05
2.081318704106367659e+05
2.090199729103684949e+05
2.099084810009041394e+05
2.108221977565387206e+05
2.117869718714074988e+05
2.128252656399523257e+05
2.139521946228004817e+05
2.151728860121817852e+05
2.164815754015961429e+05
2.178623928420442971e+05
2.192914500095442636e+05
2.207397054705770570e+05
2.221761212395092880e+05
2.235707397297319549e+05
2.248974255648038816e+05
2.261361034676254203e+05
2.272743965762693551e+05
2.283086452307231084e+05
2.292443481362149469e+05
2.300960726963550551e+05
2.308868023092500516e+05
2.316465597900935099e+05
2.324100686041498557e+05
2.332133042279867805e+05
2.340890981374954281e+05
2.350624113721632166e+05
2.361462975744985451e+05
2.373396942170416296e+05
2.386278695413813984e+05
2.399856493374585407e+05
2.413826848715940432e+05
2.427893387753718416e+05
2.441815502408859320e+05
2.455433997597626294e+05
2.468668936759206408e+05
2.481494182014158869e+05
2.493900227613823372e+05
2.505859490821461077e+05
2.517305903193877894e+05
2.528134936983232037e+05
2.538223514947016083e+05
2.547463764227495994e+05
2.555801490520835505e+05
2.563269721388501348e+05
2.570009210063014762e+05
2.576270751382387825e+05
2.582397930110793386e+05
2.588792846747775329e+05
2.595870629300449218e+05
2.604010280819493346e+05
2.613509137858250469e+05
2.624546219588916283e+05
2.637157154858349822e+05
2.651221602922035381e+05
2.666463965087209363e+05
2.682469302425031783e+05
2.698717151375511894e+05
2.714634560213453369e+05
2.729665412919570226e+05
2.743347098872467177e+05
2.755380552504481166e+05
2.765678574237572029e+05
2.774381609394709230e+05
2.781838734962157323e+05
2.788561197724259691e+05
2.795162499119204003e+05
2.802300032113678171e+05
2.810628492617738084e+05
2.820767109948431607e+05
2.833274919795609894e+05
2.848624248466117424e+05
2.867163981192373903e+05
2.889070495099318214e+05
2.914292905700850533e+05
2.942507118611026672e+05
2.973096906111327698e+05
3.005177867820325773e+05
3.037671613568204339e+05
3.069424835098974872e+05
3.099354759466007235e+05
3.126593030327104498e+05
3.150597743219165131e+05
3.171209453590669436e+05
3.188640034216507338e+05
3.203399468295340193e+05
3.216180131774985930e+05
3.227726591538311914e+05
3.238719291946891462e+05
3.249693345207758830e+05
3.261001935629641521e+05
3.272821617747991113e+05
3.285187607224633102e+05
3.298043018783417647e+05
3.311286948258940829e+05
3.324810873177692411e+05
3.338518958494469407e+05
3.352333563313322375e+05
3.366191219006850733e+05
3.380035927148109186e+05
3.393815708366090548e+05
3.407485333565324545e+05
3.421014057358395658e+05
3.434393449640530744e+05
3.447638782066820422e+05
3.460779078915175633e+05
3.473835820444273995e+05
3.486796660298820352e+05
3.499595414082221687e+05
3.512110049723650445e+05
3.524185153966362122e+05
3.535675771449132008e+05
3.546499531425896566e+05
3.556678381150716450e+05
3.566353302287604893e+05
3.575764936647797585e+05
3.585206213133975398e+05
3.594963929257295677e+05
3.605269724655136233e+05
3.616275373662016937e+05
3.628055559240420698e+05
3.640629021071454627e+05
3.653982047338390839e+05
3.668079729701557080e+05
3.682859019073756645e+05
3.698208759092107648e+05
3.713949924998034840e+05
3.729830492375842296e+05
3.745543478738736594e+05
3.760766887489754590e+05
3.775215261175762280e+05
3.788688233457197202e+05
3.801103209394640289e+05
3.812505563189355889e+05
3.823057197934010183e+05
3.833009692246139166e+05
3.842669911778429523e+05
3.852364382100981311e+05
3.862405870811275672e+05
3.873063585853352561e+05
3.884538118134122924e+05
3.896943175752526731e+05
3.910296788014251506e+05
3.924523743513471563e+05
3.939468496743938886e+05
3.954914888033401803e+05
3.970607580461418256e+05
3.986271269099037745e+05
4.001627059154304443e+05
4.016409040422415128e+05
4.030385635703064036e+05
4.043388357908848557e+05
4.055345685426839045e+05
4.066314177454448654e+05
4.076495655539620784e+05
4.086230301696620299e+05
4.095960913268593140e+05
4.106171401325879851e+05
4.117310069228736684e+05
4.129712801416316070e+05
4.143541876429659897e+05
4.158752956117882859e+05
4.175097055515808752e+05
4.192157376328281825e+05
4.209414100743276649e+05
4.226324794123255415e+05
4.242405114538567723e+05
4.257295004038233892e+05
4.270799656818574877e+05
4.282901349951808807e+05
4.293745513649810455e+05
4.303609557600957924e+05
4.312864049525682349e+05
4.321932808770608390e+05
4.331253409572320525e+05
4.341235786898602964e+05
4.352216855394737213e+05
4.364413769061699859e+05
4.377885236809689668e+05
4.392514831601901096e+05
4.408028541841715341e+05
4.424049778263252811e+05
4.440181504896639381e+05
4.456092987250749720e+05
4.471584024681139854e+05
4.486605717640587827e+05
4.501232165084265289e+05
4.515595837764798198e+05
4.529812808645625482e+05
4.543926622593238717e+05
4.557890325527554960e+05
4.571589424831963843e+05
4.584891950732786790e+05
4.597702508121312712e+05
4.609998598496602499e+05
4.621837748211308499e+05
4.633337449456225731e+05
4.644640216780388728e+05
4.655879244422577904e+05
4.667156308157775784e+05
4.678536106698500807e+05
4.690054560415571323e+05
4.701735481365005835e+05
4.713610466915989527e+05
4.725738597851417726e+05
4.738223001367387478e+05
4.751219698362433701e+05
4.764931916659313720e+05
4.779583164458739921e+05
4.795367091293748817e+05
4.812381172298892052e+05
4.830561077171675279e+05
4.849638097262270749e+05
4.869139150545690209e+05
4.888437248890044284e+05
4.906843922991240397e+05
4.923720806800871505e+05
4.938581706158886664e+05
4.951161520551948925e+05
4.961441686420847545e+05
4.969636926874361816e+05
4.976158199203987024e+05
4.981568065943511901e+05
4.986538203124505235e+05
4.991809062029148918e+05
4.998144457130853552e+05
5.006272801829817472e+05
5.016812190053760423e+05
5.030185804075136548e+05
5.046543042212884175e+05
5.065706492601896753e+05
5.087163241815200890e+05
5.110110944627125864e+05
5.133556601142517175e+05
5.156452647178418702e+05
5.177844902057200670e+05
5.197003487816448323e+05
5.213512238546995213e+05
5.227302752561134985e+05
5.238632280520124477e+05
5.248015771103147417e+05
5.256128767681086902e+05
5.263699167716139928e+05
5.271403925145709654e+05
5.279783896552164806e+05
5.289187370563197182e+05
5.299749849634480197e+05
5.311412989861420356e+05
5.323978567512691952e+05
5.337185086119448533e+05
5.350788023987632478e+05
5.364622937433797633e+05
5.378635398382747080e+05
5.392872130132582970e+05
5.407440253583495505e+05
5.422451632719647605e+05
5.437973053865787806e+05
5.453998973491031211e+05
5.470453507934822701e+05
5.487216345079099992e+05
5.504158196296658134e+05
5.521168818357412238e+05
5.538165248961538309e+05
5.555077405640062643e+05
5.571818385333578335e+05
5.588253493991256692e+05
5.604182852979650488e+05
5.619347571542949881e+05
5.633461286566272611e+05
5.646260598411557730e+05
5.657562372062969953e+05
5.667314478344086092e+05
5.675629169710744172e+05
5.682793441430343082e+05
5.689256247471816605e+05
5.695596284896454308e+05
5.702475178411846282e+05
5.710579745835742215e+05
5.720555413556224667e+05
5.732932974253426073e+05
5.748053931761342101e+05
5.766004822919125436e+05
5.786575343185268575e+05
5.809255401542272884e+05
5.833280305475099012e+05
5.857721892258762382e+05
5.881610284574932884e+05
5.904061206222558394e+05
5.924381663449755870e+05
5.942133519915443612e+05
5.957147664971037302e+05
5.969496067890217528e+05
5.979439553328210022e+05
5.987372006676611491e+05
5.993776550397552783e+05
5.999198865717627341e+05
6.004231991304442054e+05
6.009500226020830451e+05
6.015629878993105376e+05
6.023201316738798050e+05
6.032687082786522806e+05
6.044390309542969335e+05
6.058401963525532046e+05
6.074592393604252720e+05
6.092642888240989996e+05
6.112110029523249250e+05
6.132504634251168463e+05
6.153362563232616521e+05
6.174288719341170508e+05
6.194966633869373472e+05
6.215139561310954159e+05
6.234579243168556131e+05
6.253061243371835444e+05
6.270360292500508949e+05
6.286268500306139467e+05
6.300628854856033577e+05
6.313370786268950906e+05
6.324535504828253761e+05
6.334284611390721984e+05
6.342892289865514031e+05
6.350725675496379845e+05
6.358218400481743738e+05
6.365840064332273323e+05
6.374062019669724395e+05
6.383319480610960163e+05
6.393971912652611500e+05
6.406266617402733536e+05
6.420312387648235308e+05
6.436069659009522293e+05
6.453360567376543768e+05
6.471897732528296765e+05
6.491325954047918785e+05
6.511267732652830891e+05
6.531362544534270419e+05
6.551291470192638226e+05
6.570782945935865864e+05
6.589601305970796384e+05
6.607525979739920003e+05
6.624333696426770184e+05
6.639796756611005403e+05
6.653706115180256311e+05
6.665919175912219798e+05
6.676421438710682560e+05
6.685382572478561196e+05
6.693185111476720776e+05
6.700409736801091349e+05
6.707773610110674053e+05
6.716032950839198893e+05
6.725872186462657992e+05
6.737805149868440349e+05
6.752108084136624821e+05
6.768792748073957628e+05
6.787616162576854695e+05
6.808116497608659556e+05
6.829664276816810016e+05
6.851522647430340294e+05
6.872915585736847715e+05
