6.127230378623069264e+05
6.115253282138863578e+05
6.103498546183223370e+05
6.091400872111395001e+05
6.078513185753592988e+05
6.064613110146899708e+05
6.049739889270466520e+05
6.034158735569192795e+05
6.018274449084564112e+05
6.002529264600964962e+05
5.987317150311532896e+05
5.972931865491312928e+05
5.959547885862537660e+05
5.947221002908081282e+05
5.935893810402295785e+05
5.925398938164489809e+05
5.915463580532465130e+05
5.905725520749960560e+05
5.895769417766754050e+05
5.885183466828954406e+05
5.873625592022046912e+05
5.860881147531149909e+05
5.846894659821925452e+05
5.831766384381039534e+05
5.815716575801048893e+05
5.799030922988607781e+05
5.782005188349309610e+05
5.764904328901887638e+05
5.747943235342486296e+05
5.731286779390481533e+05
5.715060256761917844e+05
5.699359949309648946e+05
5.684257213651528582e+05
5.669795811592936516e+05
5.655987723006616579e+05
5.642814586761326063e+05
5.630239171831047861e+05
5.618225141111239791e+05
5.606756876289161155e+05
5.595847805679766461e+05
5.585527877521810587e+05
5.575808468030078802e+05
5.566633326694008429e+05
5.557832685794739518e+05
5.549100231115799397e+05
5.540007396441422170e+05
5.530057933292546077e+05
5.518772291193082929e+05
5.505781277725484688e+05
5.490905460503876675e+05
5.474201360644747037e+05
5.455965074042215711e+05
5.436694446129931603e+05
5.417018920335182920e+05
5.397610419505573809e+05
5.379089869084390812e+05
5.361943653583988780e+05
5.346463014934012899e+05
5.332716507728155702e+05
5.320560162617283640e+05
5.309682180159841664e+05
5.299670880948670674e+05
5.290089471392591950e+05
5.280541343326079659e+05
5.270715025521104690e+05
5.260405805863174610e+05
5.249517612620511791e+05
5.238051358711268404e+05
5.226084687389439205e+05
5.213745364753119648e+05
5.201179408831240144e+05
5.188516778514000471e+05
5.175840861426063930e+05
5.163170176945652929e+05
5.150459061395763420e+05
5.137618263571438147e+05
5.124548708823646302e+05
5.111176040851983707e+05
5.097473060912025394e+05
5.083462432399757672e+05
5.069200628117826418e+05
5.054751999794180156e+05
5.040165435988548561e+05
5.025463995858084527e+05
5.010651562228798866e+05
4.995733134170082049e+05
4.980740109395170002e+05
4.965750572958967532e+05
4.950897027046343428e+05
4.936358553506347234e+05
4.922339122639047564e+05
4.909037220012762118e+05
4.896613590752596501e+05
4.885163768944335752e+05
4.874700489269034006e+05
4.865148448172251228e+05
4.856350719301124918e+05
4.848083254562108777e+05
4.840072343921295833e+05
4.832010460679725511e+05
4.823568594583960949e+05
4.814406922459948109e+05
4.804188683383744792e+05
4.792602692955826060e+05
4.779397336621868308e+05
4.764423887711074203e+05
4.747681543929519830e+05
4.729352884965642588e+05
4.709818029199580196e+05
4.689638863169545075e+05
4.669510450783018023e+05
4.650183624819859979e+05
4.632369296204278944e+05
4.616639872870875988e+05
4.603345285551688285e+05
4.592559701956346398e+05
4.584069883674662560e+05
4.577408059588642209e+05
4.571922972653323086e+05
4.566874865684382385e+05
4.561535848625009530e+05
4.555277462232466787e+05
4.547631902246123063e+05
4.538320589557265630e+05
4.527251349951336160e+05
4.514491511057980242e+05
4.500227656257848139e+05
4.484723342749772710e+05
4.468284090881682932e+05
4.451234978377663647e+05
4.433911072167805978e+05
4.416655889072982827e+05
4.399819590997291380e+05
4.383748129297329579e+05
4.368757773112006835e+05
4.355095754113825969e+05
4.342895016504226951e+05
4.332136304496274097e+05
4.322631482545445324e+05
4.314037214891297626e+05
4.305899436508844374e+05
4.297719796064672992e+05
4.289029166496872203e+05
4.279452679347273661e+05
4.268755254709181027e+05
4.256863620756642777e+05
4.243866816951044602e+05
4.229999687645829399e+05
4.215612798004387878e+05
4.201129716221371782e+05
4.186991716660382808e+05
4.173592566979189287e+05
4.161211627408033237e+05
4.149959110826360993e+05
4.139749257833404699e+05
4.130312857016769703e+05
4.121250349181957426e+05
4.112114144823653623e+05
4.102498886804551003e+05
4.092115615252482821e+05
4.080831613112251507e+05
4.068669799271503580e+05
4.055774774566595443e+05
4.042361566684884019e+05
4.028664630047687097e+05
4.014899331175669213e+05
4.001239719980641967e+05
3.987809483341391315e+05
3.974680561832814128e+05
3.961875869405451813e+05
3.949376198651518789e+05
3.937133429498107289e+05
3.925090834683855064e+05
3.913207361151984078e+05
3.901478874183446169e+05
3.889948163815006847e+05
3.878698124605291523e+05
3.867827891674663988e+05
3.857417450699069304e+05
3.847490024125468335e+05
3.837982282783960691e+05
3.828730489686098881e+05
3.819477191165304394e+05
3.809899085857782629e+05
3.799652748834762606e+05
3.788431159620360704e+05
3.776020866671807598e+05
3.762347989286913071e+05
3.747502177796819014e+05
3.731731659978203825e+05
3.715408955864931922e+05
3.698973876709786127e+05
3.682865617864613305e+05
3.667457216061062645e+05
3.653002902236243826e+05
3.639603167347194394e+05
3.627186108777845511e+05
3.615499508268965874e+05
3.604107939056661562e+05
3.592393222585970070e+05
3.579563108942849794e+05
3.564679048054964514e+05
3.546715843473830610e+05
3.524661346318191499e+05
3.497653043670590851e+05
3.465133355257312069e+05
3.426992072971827583e+05
3.383658644782847841e+05
3.336112917339976411e+05
3.285800397386632394e+05
3.234462298760546837e+05
3.183913697757900227e+05
3.135817037890159409e+05
3.091498199510552222e+05
3.051838694142785971e+05
3.017255427742012544e+05
2.987756652974564349e+05
2.963046372851189808e+05
2.942643574385030661e+05
2.925987116991946823e+05
2.912508381675881683e+05
2.901667004543902003e+05
2.892955919852905790e+05
2.885888198689410929e+05
2.879979560942017706e+05
2.874738135159016820e+05
2.869668651737989276e+05
2.864293127968736808e+05
2.858185146051372867e+05
2.851010705134532182e+05
2.842566020856506657e+05
2.832802239102299791e+05
2.821829239390021539e+05
2.809895286257478874e+05
2.797345165416951641e+05
2.784564911804251024e+05
2.771924543861384736e+05
2.759730242897575954e+05
2.748194154653967125e+05
2.737424599713600473e+05
2.727433856836143532e+05
2.718156745712622069e+05
2.709472191820280859e+05
2.701221854533659643e+05
2.693223633074491518e+05
2.685281639895641711e+05
2.677196331180361449e+05
2.668778020249334513e+05
2.659864317616115441e+05
2.650338573649761965e+05
2.640143991714915028e+05
2.629288089411855908e+05
2.617834803023130517e+05
2.605885676164420729e+05
2.593555438433206873e+05
2.580949210265487200e+05
2.568147824156951392e+05
2.555204745430439943e+05
2.542154060097390320e+05
2.529025432249880396e+05
2.515859917402163555e+05
2.502720520961990696e+05
2.489693278030317160e+05
2.476877816901446786e+05
2.464369960515807616e+05
2.452241845413375704e+05
2.440526260124047985e+05
2.429210776312501112e+05
2.418243888567201211e+05
2.407550856189655024e+05
2.397053006122825609e+05
2.386682676252603706e+05
2.376387698219603917e+05
2.366123897697640932e+05
2.355839742191680125e+05
2.345461558568182227e+05
2.334888652532888809e+05
2.324004507056260481e+05
2.312704034383610124e+05
2.300929957491411769e+05
2.288706556099519075e+05
2.276158296228791296e+05
2.263504827366123791e+05
2.251031266564446269e+05
2.239041002926151850e+05
2.227804381637320039e+05
2.217518156337541586e+05
2.208286767575781851e+05
2.200128632030289446e+05
2.193001746984206547e+05
2.186836628970811726e+05
2.181563547229508695e+05
2.177125594157140295e+05
2.173477230725469126e+05
2.170575767016281316e+05
2.168377068007219932e+05
2.166844728464618092e+05
2.165974898296048632e+05
2.165830051873503544e+05
2.166568288431949914e+05
2.168453213856522634e+05
2.171833803978489304e+05
2.177092197426113999e+05
2.184566932881711400e+05
2.194466466564410075e+05
2.206790739827731741e+05
2.221276655640780809e+05
2.237377638574780140e+05
2.254279981705153768e+05
2.270951585364704079e+05
2.286213689073936548e+05
2.298824196307989769e+05
2.307562152191781497e+05
2.311305972901085916e+05
2.309101737750936009e+05
2.300220800558885676e+05
2.284207189765341463e+05
2.260914594517165096e+05
2.230530852568646078e+05
2.193585943783421826e+05
2.150938712959687109e+05
2.103738575440935092e+05
2.053361269120323705e+05
2.001321651076696871e+05
1.949170603972736280e+05
1.898386325567718886e+05
1.850271889833981986e+05
1.805870640833438374e+05
1.765908771308857249e+05
1.730770774640072777e+05
1.700509036826296651e+05
1.674884457365704584e+05
1.653431363950152881e+05
1.635537557840888039e+05
1.620529207453299896e+05
1.607750371800262074e+05
1.596628007699215086e+05
1.586715319983372174e+05
1.577709266757410369e+05
1.569441852158715774e+05
1.561849126132068341e+05
1.554925763724902063e+05
1.548675699323640729e+05
1.543069701965626737e+05
1.538018718635761470e+05
1.533367744049537287e+05
1.528909962966751773e+05
1.524416260473447619e+05
1.519672039304286591e+05
1.514512276110053936e+05
1.508846944975215010e+05
1.502671836303228920e+05
1.496063520712636528e+05
1.489160745268444298e+05
1.482137062797928229e+05
1.475170545687989215e+05
1.468416076334062382e+05
1.461984376045224781e+05
1.455930205764244020e+05
1.450250490185589879e+05
1.444891667063059285e+05
1.439764330084778776e+05
1.434762183048845909e+05
1.429781566628433648e+05
1.424737630637871334e+05
1.419573889410142438e+05
1.414263486466053582e+05
1.408802714069774665e+05
1.403199560771656397e+05
1.397461559698205965e+05
1.391587426131998072e+05
1.385565756294122257e+05
1.379381734788365720e+05
1.373030057316056336e+05
1.366529956991851213e+05
1.359937061000034446e+05
1.353347209472947579e+05
1.346889290228200553e+05
1.340707061506869213e+05
1.334933005058228155e+05
1.329659580830161867e+05
1.324914216244164272e+05
1.320643808285927807e+05
1.316712764629644225e+05
1.312916225564163760e+05
1.309007601652827580e+05
1.304737203083326458e+05
1.299896602515535051e+05
1.294361573875583272e+05
1.288125340457323182e+05
1.281314046821930824e+05
1.274178413433511887e+05
1.267059583920519508e+05
1.260332658013647888e+05
1.254337049610605172e+05
1.249307011442352668e+05
1.245317018397270003e+05
1.242254494238398329e+05
1.239826878125866642e+05
1.237602505603957979e+05
1.235077142915322765e+05
1.231752334986891510e+05
1.227209604053738294e+05
1.221166538543860806e+05
1.213506219759861851e+05
1.204278426160057570e+05
1.193677357052572333e+05
1.182004372651857557e+05
1.169624730320006784e+05
1.156925122746176203e+05
1.144275548989590898e+05
1.131996371701911703e+05
1.120330389870473446e+05
1.109420417536784807e+05
1.099294369197312189e+05
1.089861048497152369e+05
1.080919817233417125e+05
1.072185795341580961e+05
1.063329536156699178e+05
1.054026951990087255e+05
1.044012461750628281e+05
1.033126630598824995e+05
1.021349494328494329e+05
1.008812531058047753e+05
9.957856987784724333e+04
9.826405129029025557e+04
9.697948517212126171e+04
9.576489636386993516e+04
9.465240755952890322e+04
9.366145630138312117e+04
9.279619131812862179e+04
9.204543319837353192e+04
9.138508351147823851e+04
9.078241799492810969e+04
9.020140094972937368e+04
8.960806384978648566e+04
8.897509821972293139e+04
8.828506429451089934e+04
8.753192540070525138e+04
8.672089966850532801e+04
8.586682643786047993e+04
8.499137198785657529e+04
8.411947885648324154e+04
8.327552876952753286e+04
8.247974825727959978e+04
8.174540920582138642e+04
8.107731485066226742e+04
8.047187989622939494e+04
7.991882095846730226e+04
7.940413371988295694e+04
7.891374452863069018e+04
7.843708145195638645e+04
7.796986279001006915e+04
7.751562899180558452e+04
7.708585765412668115e+04
7.669877547239704290e+04
7.637710747951119265e+04
7.614494722039275803e+04
7.602376089438551571e+04
7.602741309732866648e+04
7.615620261383362231e+04
7.639032567007563193e+04
7.668387577103360672e+04
7.696118781353377562e+04
7.711766569090617122e+04
7.702685977336454380e+04
7.655435929220210528e+04
7.557723904231436609e+04
7.400586930092847615e+04
7.180353923221917648e+04
6.899913966941635590e+04
6.568934240180565394e+04
6.202906675426130096e+04
5.821187932189217827e+04
5.444446046851896972e+04
5.092062576411262853e+04
4.780022515312705946e+04
4.519667925055334490e+04
4.317451545808849187e+04
4.175581719991174032e+04
4.093270555601566593e+04
4.068223553643933701e+04
4.098040743756631127e+04
4.181302120335578365e+04
4.318232195003680681e+04
4.510932286746651516e+04
4.763208805879421561e+04
5.080015006729932065e+04
5.466492809688385023e+04
5.926593912987814110e+04
6.461312838167801237e+04
7.066690210282432963e+04
7.731915755095511850e+04
8.438014090179673804e+04
9.157651572240292444e+04
9.856492763828297029e+04
1.049624285367046541e+05
1.103909022591076500e+05
1.145282912851223518e+05
1.171564365157105640e+05
1.181949317620649963e+05
1.177130005825903063e+05
1.159164259427112120e+05
1.131125217761404783e+05
1.096611982714829064e+05
1.059228391671331483e+05
1.022133478523182712e+05
9.877373640813888051e+04
9.575722843244930846e+04
9.323249862307788862e+04
9.119858260330779012e+04
8.960573224583736737e+04
8.837694718017376726e+04
8.742647404738744081e+04
8.667345965319046809e+04
8.605053847578370187e+04
8.550810265759920003e+04
8.501533574105244770e+04
8.455899346655100817e+04
8.414065139624409494e+04
8.377291599669102288e+04
8.347500405997721828e+04
8.326811984483773995e+04
8.317112524533002579e+04
8.319702240142962546e+04
8.335069438545718731e+04
8.362816456358610594e+04
8.401736898498205119e+04
8.450015311814249435e+04
8.505498520705444389e+04
8.565979359540541191e+04
8.629441407680690463e+04
8.694234500418844982e+04
8.759176678041450214e+04
8.823598138672208006e+04
8.887348812280599668e+04
8.950782401511116768e+04
9.014712833082328143e+04
9.080325150951179967e+04
9.149021766604100412e+04
9.222199917481010198e+04
9.300981948186625959e+04
9.385945354083819257e+04
9.476912599521799712e+04
9.572854846607854415e+04
9.671940274853499432e+04
9.771724978329619626e+04
9.869453516284492798e+04
9.962415728241676698e+04
1.004829956280008191e+05
1.012548420035454474e+05
1.019322898539199377e+05
1.025172805010948214e+05
1.030201751007956482e+05
1.034574340619141149e+05
1.038482479204145202e+05
1.042107388203015289e+05
1.045585529549880885e+05
1.048986843089298927e+05
1.052311387206800573e+05
1.055505855848764186e+05
1.058495792068587762e+05
1.061224545529918250e+05
1.063687879714059527e+05
1.065954409679127275e+05
1.068166218597142724e+05
1.070519518189846131e+05
1.073230264068301476e+05
1.076492870914777013e+05
1.080441117245992937e+05
1.085119269706194173e+05
1.090469041307322477e+05
1.096334863683888252e+05
1.102486581159402704e+05
1.108655468040702544e+05
1.114576890143440978e+05
1.120031510201399797e+05
1.124877130685703305e+05
1.129065224551718129e+05
1.132639597280352027e+05
1.135718660026826547e+05
1.138466426284149493e+05
1.141059606612118660e+05
1.143658508237298956e+05
1.146387873831289180e+05
1.149330880097697809e+05
1.152536128089514241e+05
1.156034463662301714e+05
1.159860523250719125e+05
1.164073370608149271e+05
1.168771561099852115e+05
1.174100252688425535e+05
1.180251048478471494e+05
1.187458183996392036e+05
1.195996268561948382e+05
1.206183979495862586e+05
1.218394522581967030e+05
1.233068139318654139e+05
1.250716514276928356e+05
1.271906270547009626e+05
1.297210965595173911e+05
1.327128560905294726e+05
1.361972441470907361e+05
1.401755097645230999e+05
1.446090472728812892e+05
1.494140852492010163e+05
1.544626580255841545e+05
1.595903970991090464e+05
1.646102384857733559e+05
1.693299467226658016e+05
1.735706823752191558e+05
1.771837796893614577e+05
1.800633825259911537e+05
1.821534410371085978e+05
1.834485999645593693e+05
1.839895219452726597e+05
1.838540174163608754e+05
1.831458592212544754e+05
1.819832606384283281e+05
1.804886897032131383e+05
1.787810796217183524e+05
1.769707550638952234e+05
1.751567333286617941e+05
1.734256404436863377e+05
1.718513732961064088e+05
1.704948038069726317e+05
1.694031515624004824e+05
1.686090186758480850e+05
1.681293809768334904e+05
1.679650029552920023e+05
1.681007698524707521e+05
1.685073143334446941e+05
1.691440808017647942e+05
1.699636612791435909e+05
1.709169200897323026e+05
1.719581835772317718e+05
1.730496822231820843e+05
1.741645363879783836e+05
1.752878584216595627e+05
1.764159338143721980e+05
1.775538405200970883e+05
1.787121648371894844e+05
1.799035959014694963e+05
1.811400943882456631e+05
1.824310544910003373e+05
1.837824900206667953e+05
1.851969025535008113e+05
1.866732751331753971e+05
1.882066831983076700e+05
1.897873314903924474e+05
1.913992926824952301e+05
1.930196282058621582e+05
1.946186996510408935e+05
1.961622227771296166e+05
1.976150441821537679e+05
1.989459613754122984e+05
2.001324477768354700e+05
2.011640958021346014e+05
2.020439869132646127e+05
2.027878784435531707e+05
2.034217883847100311e+05
2.039789956920570403e+05
2.044975101826208993e+05
2.050187259004065127e+05
2.055874151592512790e+05
2.062526598371641012e+05
2.070689244937548065e+05
2.080963306707092852e+05
2.093992807221801486e+05
2.110428480493813113e+05
2.130867559378841543e+05
2.155772953046334733e+05
2.185381605314896442e+05
2.219618179233176052e+05
2.258034624730538344e+05
2.299796054771577474e+05
2.343726788480694813e+05
2.388417724261234689e+05
2.432380573415816762e+05
2.474221158393807127e+05
2.512798059138568351e+05
2.547336850479312707e+05
2.577482510614906205e+05
2.603288458470775222e+05
2.625154274567912798e+05
2.643731420137512614e+05
2.659816523970853887e+05
2.674247460327388835e+05
2.687812094486803981e+05
2.701175832231634413e+05
2.714832388394202571e+05
2.729081057614982710e+05
2.744031427767869900e+05
2.759632289780063438e+05
2.775716616407004767e+05
2.792051200880531105e+05
2.808379857057503541e+05
2.824453332237240975e+05
2.840045547623932944e+05
2.854961439017814118e+05
2.869043780501054716e+05
2.882183993040222558e+05
2.894336527543086559e+05
2.905531132855571341e+05
2.915875356745471945e+05
2.925542396529712714e+05
2.934745677566937520e+05
2.943707973857147153e+05
2.952635872732382850e+05
2.961708018525737571e+05
2.971078782146571903e+05
2.980891142167882645e+05
2.991287636858367478e+05
3.002408824727333849e+05
3.014374604466804885e+05
3.027252244298152509e+05
3.041022163963287021e+05
3.055555245001169387e+05
3.070612648494941532e+05
3.085872065465450869e+05
3.100975837087812833e+05
3.115589540799537208e+05
3.129456618283821153e+05
3.142436077324061189e+05
3.154515390696796821e+05
3.165797592535454896e+05
3.176468072310921270e+05
3.186750883522360236e+05
3.196865563602249022e+05
3.206993600355733652e+05
3.217259782779446687e+05
3.227729204795639380e+05
3.238416996779434849e+05
3.249305721402657800e+05
3.260364878248866880e+05
3.271567738479412510e+05
3.282902288345283596e+05
3.294375019524141680e+05
3.306008349658772931e+05
3.317834155750258360e+05
3.329886672056916286e+05
3.342197384057063609e+05
3.354792652575234533e+05
3.367692531757941470e+05
3.380907971954914974e+05
3.394434348721239949e+05
3.408241912066588993e+05
3.422266871493141516e+05
3.436408397682139766e+05
3.450535474407384172e+05
3.464503576713104267e+05
3.478176554432586418e+05
3.491446426605516463e+05
3.504244660548095126e+05
3.516542567758827936e+05
3.528343536982531077e+05
3.539673237516154186e+05
3.550573987129803281e+05
3.561106439585631015e+05
3.571357479084497900e+05
3.581449963105368079e+05
3.591549030962850666e+05
3.601860884330017143e+05
3.612622019315394573e+05
3.624078677839039592e+05
3.636457513102879166e+05
3.649929737067216774e+05
3.664573031808592496e+05
3.680338124294996960e+05
3.697028895565791754e+05
3.714304510426489869e+05
3.731708326828023419e+05
3.748721909031028044e+05
3.764835521666049026e+05
3.779621734240878141e+05
3.792798029983035522e+05
3.804267589055541903e+05
3.814133018249319284e+05
3.822683395630709128e+05
3.830358880048780702e+05
3.837698933872335474e+05
3.845280698558206204e+05
3.853654300097160740e+05
3.863282295485462528e+05
3.874490652780537494e+05
3.887437675994059537e+05
3.902104585033007315e+05
3.918307428682153113e+05
3.935725933855648036e+05
3.953942307431112858e+05
3.972482832392436685e+05
3.990857145722595742e+05
4.008593164949675556e+05
4.025268217952437699e+05
4.040537946764465887e+05
4.054163832702555228e+05
4.066038394994371920e+05
4.076205249013648718e+05
4.084870037181107327e+05
4.092398017926427419e+05
4.099294705173078110e+05
4.106167302703392343e+05
4.113666955214132322e+05
4.122415330668762326e+05
4.132923628473656136e+05
4.145516725433183019e+05
4.160277870763275423e+05
4.177028031979482039e+05
4.195347702439295826e+05
4.214638869845248992e+05
4.234214223106810241e+05
4.253393730168125476e+05
4.271588458026859444e+05
4.288358018331573112e+05
4.303438174693436595e+05
4.316744081792911747e+05
4.328358356331068208e+05
4.338510838064206182e+05
4.347551241082495544e+05
4.355911644646676141e+05
4.364056677459867205e+05
4.372425576724798302e+05
4.381378351468803012e+05
4.391162363219470717e+05
4.401911537558351411e+05
4.413678316608705209e+05
4.426483510488100001e+05
4.440359178388964501e+05
4.455360777576378314e+05
4.471537990715045598e+05
4.488873465861869627e+05
4.507215822287630290e+05
4.526239100974350004e+05
4.545452060868311673e+05
4.564261130693325540e+05
4.582069430534511921e+05
4.598380753130387748e+05
4.612877328592286794e+05
4.625452613025291939e+05
4.636198648091543000e+05
4.645363145212357631e+05
4.653298010709754890e+05
4.660417149265301414e+05
4.667170631562485942e+05
4.674030885912781814e+05
4.681480029035997577e+05
4.689988170488246833e+05
4.699979022971267113e+05
4.711787313200968201e+05
4.725617934493609355e+05
4.741517094674027176e+05
4.759361448641062016e+05
4.778865269043985754e+05
4.799601508124430547e+05
4.821032037578822346e+05
4.842544777701713028e+05
4.863498198595392751e+05
4.883273956222113338e+05
4.901335154361164314e+05
4.917282509564491338e+05
4.930896990047023282e+05
4.942158462941705366e+05
4.951236241556435125e+05
4.958456666257808683e+05
4.964260399068418192e+05
4.969163840734373662e+05
4.973733760253555374e+05
4.978574402089699288e+05
4.984317072266124887e+05
4.991598401808702620e+05
5.001017265174703207e+05
5.013069959644043702e+05
5.028074160239879857e+05
5.046099402808034793e+05
5.066922546439738362e+05
5.090021174123939127e+05
5.114609103795915726e+05
5.139709665491501801e+05
5.164256525138529250e+05
5.187208997960278066e+05
5.207667980820348603e+05
5.224978713229496498e+05
5.238807321601205040e+05
5.249180231810751138e+05
5.256479877884406596e+05
5.261396601569458144e+05
5.264843844662025804e+05
5.267849579750441480e+05
5.271439724154609721e+05
5.276528685301038204e+05
5.283829222403479507e+05
5.293790071753335651e+05
5.306566351074764971e+05
5.322024639191185124e+05
5.339781100491952384e+05
5.359266614909733180e+05
5.379808198587496299e+05
5.400712781676441664e+05
5.421339543866435997e+05
5.441151238214828772e+05
5.459742034708685242e+05
5.476846523146034451e+05
5.492338518271474168e+05
5.506227522049060790e+05
5.518655823265421204e+05
5.529893024907013169e+05
5.540320690553374588e+05
5.550400102306572953e+05
5.560620940038121771e+05
5.571435986394570209e+05
5.583193584680347703e+05
5.596082708001709543e+05
5.610103803344921907e+05
5.625072640105304308e+05
5.640656369765716372e+05
5.656433669785241364e+05
5.671966469345083460e+05
5.686870214155418798e+05
5.700872171465262072e+05
5.713851092188869370e+05
5.725854866686936002e+05
5.737094927992392331e+05
5.747917691680609714e+05
5.758755512337303953e+05
5.770063113611707231e+05
5.782249402039727429e+05
5.795617009751811856e+05
5.810320933424471878e+05
5.826352898337367224e+05
5.843551305540140020e+05
5.861630748825374758e+05
5.880222491248429287e+05
5.898918332987121539e+05
5.917313223143592477e+05
5.935044215006774757e+05
5.951823449822607217e+05
5.967461417169003980e+05
5.981876024644884747e+05
5.995085087375974981e+05
6.007184829373460962e+05
6.018322542154152179e+05
6.028674187183278846e+05
6.038435124427622650e+05
6.047824911254477920e+05
6.057098806886627572e+05
6.066553820187908132e+05
6.076518723402941832e+05
6.087324771344938781e+05
6.099263045036607655e+05
6.112540561695561046e+05
6.127247616921174340e+05
6.143343795477300882e+05
6.160663145827258704e+05
6.178934144520807313e+05
6.197809259327069158e+05
6.216901052109935554e+05
6.235823713279983494e+05
6.254237959846333833e+05
6.271893172005563974e+05
6.288656233230049256e+05
6.304515773606122239e+05
6.319555938032865524e+05
6.333904470992371207e+05
6.347671382820626022e+05
6.360900890519070672e+05
6.373556572824573377e+05
6.385547747715741862e+05
6.396788514511253452e+05
6.407266875123693608e+05
6.417096326526979683e+05
6.426528908530657645e+05
6.435924236958298134e+05
6.445686702013484901e+05
6.456194865813358920e+05
6.467747940499584656e+05
6.480544054398717126e+05
6.494689004397286335e+05
6.510220189488840988e+05
6.527125082876171218e+05
6.545339199857999338e+05
6.564721949310001219e+05
6.585023183365184814e+05
6.605861509205126204e+05
6.626733409636367578e+05
6.647060775536529254e+05
6.666268840737395221e+05
6.683873868297785521e+05
6.699555939844382228e+05
6.713198418212771649e+05
6.724888845352747012e+05
6.734889735871742014e+05
6.743595456872980576e+05
6.751489974468360888e+05
6.759111509060532553e+05
6.767019908629938727e+05
6.775757423322489485e+05
6.785797078988841968e+05
6.797483241409325274e+05
6.810979972547205398e+05
6.826247141877328977e+05
6.843057986494838260e+05
