6.099550793809645111e+05
6.087833393761347979e+05
6.078927369791838573e+05
6.072009377506711753e+05
6.066055884918593802e+05
6.060001087531507947e+05
6.052897639664494200e+05
6.044052331108499784e+05
6.033113879992865259e+05
6.020099455090161646e+05
6.005358217463031178e+05
5.989481685332924826e+05
5.973179938702906948e+05
5.957147960040749749e+05
5.941946791383724194e+05
5.927919601297168992e+05
5.915154222734633368e+05
5.903493335972471396e+05
5.892583906047097407e+05
5.881951151941103162e+05
5.871080503578351345e+05
5.859493396487199934e+05
5.846807715797696728e+05
5.832779021869857097e+05
5.817322567965255585e+05
5.800517854039208032e+05
5.782597552236319752e+05
5.763922298663045513e+05
5.744943176691809203e+05
5.726155044047797564e+05
5.708045578313997248e+05
5.691045976717618760e+05
5.675488913580388762e+05
5.661577772337960778e+05
5.649369240638666088e+05
5.638770058948432561e+05
5.629548271792161977e+05
5.621358981218172703e+05
5.613783185095553054e+05
5.606375320208651247e+05
5.598711569075724110e+05
5.590428946616126923e+05
5.581246692980678054e+05
5.570967023755735718e+05
5.559460009522403125e+05
5.546643833148523699e+05
5.532473581525095506e+05
5.516947681815206306e+05
5.500132478318499634e+05
5.482195820891733747e+05
5.463433963953026105e+05
5.444275347026465461e+05
5.425250421581766568e+05
5.406926801744460827e+05
5.389820405426600482e+05
5.374302355738234473e+05
5.360525337482129689e+05
5.348390337961335899e+05
5.337565549015618162e+05
5.327555885332493344e+05
5.317807804232470226e+05
5.307824107357129687e+05
5.297260454851908144e+05
5.285980514002597192e+05
5.274058354484187439e+05
5.261731078499606811e+05
5.249317195399085758e+05
5.237123335445059929e+05
5.225362117945010541e+05
5.214098311467598542e+05
5.203231507905453909e+05
5.192514497490754584e+05
5.181599770615293528e+05
5.170103080659124535e+05
5.157672417368582683e+05
5.144051934402712504e+05
5.129132221028772765e+05
5.112980218273841310e+05
5.095844093961766921e+05
5.078130886871525436e+05
5.060358010509872111e+05
5.043083709564298042e+05
5.026825778574249125e+05
5.011981393543031882e+05
4.998762648489894927e+05
4.987161227142022690e+05
4.976950933175897808e+05
4.967728926452450687e+05
4.958987227930715890e+05
4.950198273144492414e+05
4.940895054108726326e+05
4.930729376968220458e+05
4.919500136824301444e+05
4.907153874558877433e+05
4.893767677645611693e+05
4.879526274417437962e+05
4.864700553658945719e+05
4.849626788542614086e+05
4.834679572828715318e+05
4.820231099610651727e+05
4.806595850235827966e+05
4.793969891465093242e+05
4.782382161735823611e+05
4.771676251222498249e+05
4.761533557649316499e+05
4.751535154753698152e+05
4.741246205800747848e+05
4.730299309132588096e+05
4.718454792652314645e+05
4.705625355219711782e+05
4.691864952147777658e+05
4.677332145880626631e+05
4.662242965397061780e+05
4.646827419394178432e+05
4.631299321658965782e+05
4.615843657606702182e+05
4.600620945923542604e+05
4.585784147852296592e+05
4.571500335695044487e+05
4.557966822932464420e+05
4.545411015007122187e+05
4.534066332700987696e+05
4.524123580014180625e+05
4.515666473864037544e+05
4.508608378210695228e+05
4.502650916619913769e+05
4.497281904654923710e+05
4.491820493133383570e+05
4.485504704643348814e+05
4.477605068159752991e+05
4.467541496821380570e+05
4.454980416086859186e+05
4.439894445309762959e+05
4.422575092933321721e+05
4.403597292776306276e+05
4.383741648202132201e+05
4.363885767656692769e+05
4.344880487939253799e+05
4.327430066929825116e+05
4.311996573728929507e+05
4.298746144483051030e+05
4.287547559844061616e+05
4.278022529503729893e+05
4.269634919130267226e+05
4.261796764442416606e+05
4.253965546314967214e+05
4.245711071595980902e+05
4.236740088311552536e+05
4.226879206874010270e+05
4.216027954586682608e+05
4.204100767996366485e+05
4.190977921229854110e+05
4.176481051055132993e+05
4.160380754332563374e+05
4.142434219881644822e+05
4.122442664049799205e+05
4.100313536364331958e+05
4.076111970951241674e+05
4.050089342200722313e+05
4.022682516472155694e+05
3.994483558373245760e+05
3.966184724381997949e+05
3.938506907535428181e+05
3.912121462403142941e+05
3.887576057367129251e+05
3.865235149349095882e+05
3.845244609726202907e+05
3.827527375686360756e+05
3.811812396037909784e+05
3.797692965783713735e+05
3.784704097998225479e+05
3.772403745625997544e+05
3.760441213004766032e+05
3.748598855765113258e+05
3.736799688005853095e+05
3.725082044495379087e+05
3.713550502861370333e+05
3.702317493321255897e+05
3.691450982790895505e+05
3.680940303294610349e+05
3.670685965622963849e+05
3.660512355915144435e+05
3.650196758196824812e+05
3.639505609641227638e+05
3.628229507573127630e+05
3.616211338809725712e+05
3.603365417704214924e+05
3.589688126099739457e+05
3.575261287562769139e+05
3.560248397092278465e+05
3.544881859622204793e+05
3.529438150110109709e+05
3.514198777983725886e+05
3.499398720566563425e+05
3.485169766960284906e+05
3.471491791508967872e+05
3.458167537932817359e+05
3.444833858594067860e+05
3.431014181164067704e+05
3.416205306082813768e+05
3.399980349699450890e+05
3.382082976490440778e+05
3.362488817829438485e+05
3.341418277333472506e+05
3.319298094492880628e+05
3.296682679274368566e+05
3.274155978725483874e+05
3.252237789115743944e+05
3.231314741606963216e+05
3.211607638081419282e+05
3.193176555409299908e+05
3.175956260002542404e+05
3.159809039587722509e+05
3.144580708392187953e+05
3.130147664229815709e+05
3.116447108132630237e+05
3.103487348579501268e+05
3.091339276056060335e+05
3.080112941773374914e+05
3.069924620455554104e+05
3.060860111701600254e+05
3.052939821888116421e+05
3.046090749309670646e+05
3.040129982302379212e+05
3.034763539570755675e+05
3.029602997870554682e+05
3.024200091559873545e+05
3.018096364871166879e+05
3.010881506528412574e+05
3.002251118219849304e+05
2.992053434107525973e+05
2.980315691642368911e+05
2.967244502128266031e+05
2.953199832015053253e+05
2.938647566956402152e+05
2.924099491528351791e+05
2.910050861691475147e+05
2.896924547958244802e+05
2.885027882079064730e+05
2.874525172520965571e+05
2.865426461434598896e+05
2.857591887014142121e+05
2.850750653461391339e+05
2.844533340150045697e+05
2.838515420223656110e+05
2.832268196765576722e+05
2.825411297155023203e+05
2.817659242734478903e+05
2.808854386060141842e+05
2.798980319022299955e+05
2.788153655747465673e+05
2.776596986339118448e+05
2.764600198378764908e+05
2.752479558539810823e+05
2.740542884006775566e+05
2.729065088193193078e+05
2.718273073040119489e+05
2.708334862303339178e+05
2.699347115168848541e+05
2.691318266665523988e+05
2.684150087807297823e+05
2.677625663883385132e+05
2.671413854847661569e+05
2.665097774666369078e+05
2.658228285717113176e+05
2.650395268415124156e+05
2.641302517844667309e+05
2.630829046231930261e+05
2.619061456742316368e+05
2.606288377695690142e+05
2.592956836742375745e+05
2.579599350014930242e+05
2.566746935453385522e+05
2.554845583120066440e+05
2.544191566710284678e+05
2.534895345450582099e+05
2.526876614997994038e+05
2.519886470454147784e+05
2.513548274551310751e+05
2.507407353901646275e+05
2.500980802353212785e+05
2.493801566358031705e+05
2.485454522324941645e+05
2.475605378283858590e+05
2.464025060991432692e+05
2.450612200515964068e+05
2.435414337664277118e+05
2.418645254632063734e+05
2.400692806394354266e+05
2.382110519521936658e+05
2.363588167865719297e+05
2.345901320078689314e+05
2.329845720260540256e+05
2.316166665504681005e+05
2.305494071198499878e+05
2.298290178778288537e+05
2.294810598372963141e+05
2.295073868528148741e+05
2.298833160346543300e+05
2.305547542706483509e+05
2.314358004047271970e+05
2.324081521530937171e+05
2.333240512974846642e+05
2.340141987951489573e+05
2.343010461372567224e+05
2.340164108399830584e+05
2.330209587684286817e+05
2.312222337860445259e+05
2.285879000376401236e+05
2.251517054482167878e+05
2.210111086016538902e+05
2.163171051908709342e+05
2.112581184048699506e+05
2.060405982694979757e+05
2.008691349401398620e+05
1.959285400989454938e+05
1.913696960790806625e+05
1.873002231806257041e+05
1.837803204245680245e+05
1.808235669774701528e+05
1.784020475642611273e+05
1.764548730739382736e+05
1.748989839330844115e+05
1.736410229694692534e+05
1.725890266539914301e+05
1.716627079083325225e+05
1.708012182239182002e+05
1.699675317198527628e+05
1.691490293377779890e+05
1.683544629801586561e+05
1.676081457038334338e+05
1.669427670946118596e+05
1.663924784591487260e+05
1.659877089269533171e+05
1.657525842112125247e+05
1.657050037907599472e+05
1.658586594661893905e+05
1.662257951104610984e+05
1.668194331356484618e+05
1.676540817702191707e+05
1.687444247003561177e+05
1.701019987213520799e+05
1.717302744335612806e+05
1.736188549301220919e+05
1.757377340598964947e+05
1.780327211080995621e+05
1.804231859449663025e+05
1.828031058769979281e+05
1.850459327755535778e+05
1.870130866141721490e+05
1.885650901396588306e+05
1.895737331944469188e+05
1.899334045388030063e+05
1.895699334575734101e+05
1.884458585604531690e+05
1.865617842973103689e+05
1.839541707294281805e+05
1.806903701132068527e+05
1.768619253140161163e+05
1.725771231576385908e+05
1.679536348118567839e+05
1.631118514230168657e+05
1.581692838436082529e+05
1.532361664969008416e+05
1.484122098191713158e+05
1.437843102218070999e+05
1.394249742603013583e+05
1.353912487849813770e+05
1.317240479200264963e+05
1.284478859730278200e+05
1.255711141323930206e+05
1.230867850303468440e+05
1.209742275167363550e+05
1.192013257852423558e+05
1.177273979251086275e+05
1.165064899495968566e+05
1.154908535381208785e+05
1.146343486930370709e+05
1.138954884092923021e+05
1.132398180610338604e+05
1.126413225951423665e+05
1.120826247247120045e+05
1.115539116365799855e+05
1.110507953491929802e+05
1.105716013135412359e+05
1.101147791507310903e+05
1.096771355704717280e+05
1.092533626702091569e+05
1.088369274542085768e+05
1.084219325517821999e+05
1.080052154551602871e+05
1.075878516187238129e+05
1.071754088304015022e+05
1.067767092542332830e+05
1.064013548435609555e+05
1.060566935564960586e+05
1.057451063702322281e+05
1.054624113416108012e+05
1.051978417941235821e+05
1.049355803518022585e+05
1.046573843365380308e+05
1.043455706606786844e+05
1.039856159142616380e+05
1.035678444854194677e+05
1.030880141463360196e+05
1.025469245112260396e+05
1.019493641886138066e+05
1.013027487067133479e+05
1.006157280786564515e+05
9.989693718646955676e+04
9.915398303314087389e+04
9.839272371096970164e+04
9.761687114321078116e+04
9.682791595941477863e+04
9.602532654304071912e+04
9.520694202831845905e+04
9.436949087831383804e+04
9.350922387600553338e+04
9.262271286447539751e+04
9.170787342792713025e+04
9.076518123746888887e+04
8.979888557817898982e+04
8.881785800785174069e+04
8.783565283201014972e+04
8.686947139355077525e+04
8.593800897800142411e+04
8.505853047974720539e+04
8.424382762310848921e+04
8.349982756118796533e+04
8.282449215769777948e+04
8.220830850994755747e+04
8.163624290981530794e+04
8.109065841204301978e+04
8.055449383893163758e+04
8.001401032889580529e+04
7.946059500665451924e+04
7.889138663491309853e+04
7.830876556593745772e+04
7.771896660555782728e+04
7.713020185893977759e+04
7.655072159745078534e+04
7.598720552463670901e+04
7.544377611265773885e+04
7.492177403164033603e+04
7.442025720582023496e+04
7.393701656126865419e+04
7.346978476738272002e+04
7.301728051583188062e+04
7.257978840847284300e+04
7.215910676144587342e+04
7.175786989770219952e+04
7.137843035939271795e+04
7.102163326070050243e+04
7.068589280871985829e+04
7.036695324832580809e+04
7.005855837933362636e+04
6.975397496976630646e+04
6.944797992205437913e+04
6.913864532598250662e+04
6.882817253637409885e+04
6.852222512384870788e+04
6.822767846579613979e+04
6.794930589540852816e+04
6.768643521729283384e+04
6.743080873943440383e+04
6.716663415267124947e+04
6.687315835923032137e+04
6.652923998216410109e+04
6.611865145228979236e+04
6.563450549874620629e+04
6.508143118715119635e+04
6.447486423198350531e+04
6.383780324050921627e+04
6.319624753086797136e+04
6.257494101130853232e+04
6.199484260083312256e+04
6.147301169268926606e+04
6.102463403232204291e+04
6.066610953574247833e+04
6.041780506325059105e+04
6.030537024160814326e+04
6.035929811411368428e+04
6.061335012230242864e+04
6.110313737853164639e+04
6.186621226919256878e+04
6.294434224147656641e+04
6.438735932516582398e+04
6.625651852201865404e+04
6.862423466057298356e+04
7.156697789982608811e+04
7.514936599576224398e+04
7.940007330565221491e+04
8.428354396547179203e+04
8.967462944378827524e+04
9.534490758153649222e+04
1.009685144142528879e+05
1.061514642328075279e+05
1.104823351349997101e+05
1.135955778498749714e+05
1.152338204325199185e+05
1.152943328186394647e+05
1.138480621880267863e+05
1.111265296113856311e+05
1.074801964208798017e+05
1.033189394526524993e+05
9.904883562779243221e+04
9.501872371511475649e+04
9.148571359591098735e+04
8.860277538886446564e+04
8.642584864927968010e+04
8.493412193560670130e+04
8.405584983754486893e+04
8.369299082779123273e+04
8.374021076056662423e+04
8.409644646843182272e+04
8.466952103295568668e+04
8.537583906100824242e+04
8.613785029527966981e+04
8.688182839799991052e+04
8.753775616736120719e+04
8.804199943806616648e+04
8.834229799399116018e+04
8.840371184976030781e+04
8.821376708838505147e+04
8.778522392415202921e+04
8.715553010002385417e+04
8.638286904001478979e+04
8.553946880968152254e+04
8.470329091471193533e+04
8.394931134168850258e+04
8.334143755965826858e+04
8.292584745849779574e+04
8.272633269531289989e+04
8.274211910285663907e+04
8.294855069647863274e+04
8.330084259824130277e+04
8.374075276507996023e+04
8.420551836891610583e+04
8.463788577575607633e+04
8.499572202216909500e+04
8.525968210134218680e+04
8.543775733688131731e+04
8.556614192221089615e+04
8.570652144054225937e+04
8.594038831047267013e+04
8.636118778458262386e+04
8.706500624402331596e+04
8.814029097470073611e+04
8.965697225022203929e+04
9.165553387773316354e+04
9.413707485785236349e+04
9.705603403956124384e+04
1.003176566597912752e+05
1.037820943889983027e+05
1.072760529806913401e+05
1.106112588942137081e+05
1.136071659614217642e+05
1.161139043752853613e+05
1.180310469303348509e+05
1.193185610111392161e+05
1.199981118943689798e+05
1.201451011409650528e+05
1.198737590272976959e+05
1.193187210082183447e+05
1.186166177328039921e+05
1.178904794327890268e+05
1.172386105748345726e+05
1.167284600144904543e+05
1.163951753332132794e+05
1.162440573877288552e+05
1.162559335620035126e+05
1.163944069006237696e+05
1.166139205307828233e+05
1.168675937071045919e+05
1.171138863717224740e+05
1.173213801766070683e+05
1.174713190280004928e+05
1.175579592147416552e+05
1.175871303949553112e+05
1.175736129459307995e+05
1.175379624340511655e+05
1.175032959104314941e+05
1.174923798228599044e+05
1.175252085962552665e+05
1.176171810503677407e+05
1.177779603478729259e+05
1.180110947274593636e+05
1.183144279443958949e+05
1.186812161350695387e+05
1.191017148953031719e+05
1.195648694502753788e+05
1.200597037515290722e+05
1.205761032508201897e+05
1.211049060992698214e+05
1.216374869677496899e+05
1.221652376436827326e+05
1.226794370602611452e+05
1.231719310727524426e+05
1.236368405176209635e+05
1.240732551202112663e+05
1.244886223036617448e+05
1.249023464999468706e+05
1.253489827404940297e+05
1.258803262864964490e+05
1.265656662993244099e+05
1.274895146427783329e+05
1.287462958343858190e+05
1.304318431061735610e+05
1.326320961374007165e+05
1.354100693743951560e+05
1.387928092424380302e+05
1.427604967801357561e+05
1.472399153533843346e+05
1.521041125059859769e+05
1.571792781083236041e+05
1.622587771548076125e+05
1.671231081771761528e+05
1.715635009768492309e+05
1.754060815140010673e+05
1.785331413887091039e+05
1.808981489658873761e+05
1.825317895876384573e+05
1.835375209590958257e+05
1.840767666269169713e+05
1.843456986456995946e+05
1.845472135379671818e+05
1.848627740732319653e+05
1.854289418183260132e+05
1.863225329128561134e+05
1.875565427279451687e+05
1.890867235184968449e+05
1.908265422416198999e+05
1.926667539670489205e+05
1.944953563933559053e+05
1.962142776325393352e+05
1.977505059036648017e+05
1.990610084472694725e+05
2.001322075739689171e+05
2.009756450716266118e+05
2.016216818684882019e+05
2.021127833013084601e+05
2.024973881718367338e+05
2.028248057938317361e+05
2.031411943488781690e+05
2.034864978973611433e+05
2.038922216586387949e+05
2.043800230614283937e+05
2.049611974734327814e+05
2.056371658487708773e+05
2.064009852668646490e+05
2.072397124820050376e+05
2.081372209594378073e+05
2.090769049459300586e+05
2.100436928581093671e+05
2.110249723449918092e+05
2.120103548507754749e+05
2.129905678453099099e+05
2.139560326055478072e+05
2.148957771963666019e+05
2.157972273767606239e+05
2.166471537274700531e+05
2.174337099744677835e+05
2.181491665323295165e+05
2.187927118730057846e+05
2.193726306196835940e+05
2.199072994057175238e+05
2.204247354181397823e+05
2.209607878425651870e+05
2.215563442959604727e+05
2.222540260992413387e+05
2.230947510223295540e+05
2.241143416107702069e+05
2.253402059556031018e+05
2.267881419744974119e+05
2.284595293795099715e+05
2.303394538150896842e+05
2.323964585393854941e+05
2.345844816947679792e+05
2.368470907573644363e+05
2.391235137127280177e+05
2.413554315954048943e+05
2.434932600974644010e+05
2.455007995251023676e+05
2.473575958086463215e+05
2.490589364763132762e+05
2.506138948608739011e+05
2.520421025938790699e+05
2.533699623425696918e+05
2.546268901466241514e+05
2.558420083555592864e+05
2.570415721098514332e+05
2.582473212388637476e+05
2.594758758109691262e+05
2.607391970704386476e+05
2.620459973766595649e+05
2.634038171515928698e+05
2.648213299396579387e+05
2.663103268268111278e+05
2.678867966128218686e+05
2.695705782397220028e+05
2.713832384632555768e+05
2.733441425273240893e+05
2.754651377299051383e+05
2.777447977212807164e+05
2.801636338257415919e+05
2.826818633900026907e+05
2.852410496339566889e+05
2.877701368954771897e+05
2.901952483139302931e+05
2.924514313769507571e+05
2.944937502439468517e+05
2.963050571129206801e+05
2.978985076409198809e+05
2.993142030295716831e+05
3.006108166263427120e+05
3.018542299775179708e+05
3.031057405249549774e+05
3.044122387033504783e+05
3.058000506699074758e+05
3.072731940590029117e+05
3.088158724452372408e+05
3.103983045401787385e+05
3.119844938476071111e+05
3.135402852140219766e+05
3.150400361825475702e+05
3.164705053498957423e+05
3.178311730071468046e+05
3.191311125617329380e+05
3.203835218719400582e+05
3.215997751152830897e+05
3.227850455258499132e+05
3.239370257882441510e+05
3.250481674404190271e+05
3.261105682762118522e+05
3.271216589652444236e+05
3.280885621696794406e+05
3.290295129154092283e+05
3.299718026092373184e+05
3.309468948653279222e+05
3.319842108286520815e+05
3.331053347464225371e+05
3.343200574967062566e+05
3.356249860190009931e+05
3.370047082708671223e+05
3.384349574959212332e+05
3.398869598172660335e+05
3.413321307041799882e+05
3.427463969516430516e+05
3.441135633868715959e+05
3.454272787993310485e+05
3.466913010292165563e+05
3.479179549768935540e+05
3.491249394246409647e+05
3.503309491578714224e+05
3.515508795978919370e+05
3.527915918740811758e+05
3.540492577028507949e+05
3.553091203010511235e+05
3.565480894016721868e+05
3.577399844725478324e+05
3.588625616569797276e+05
3.599048646556932363e+05
3.608730999326926540e+05
3.617932954531271826e+05
3.627095283680913271e+05
3.636774559177104966e+05
3.647540760785147431e+05
3.659857798476532334e+05
3.673974784953569178e+05
3.689855974669579882e+05
3.707169148173479480e+05
3.725337550624510041e+05
3.743643585679268581e+05
3.761358810571742943e+05
3.777868912171797128e+05
3.792765962060827878e+05
3.805891536271432997e+05
3.817328821680222172e+05
3.827354579774939921e+05
3.836369188270793529e+05
3.844823864915860468e+05
3.853159898383518448e+05
3.861767826190562919e+05
3.870967534098878969e+05
3.881004897853106959e+05
3.892057592330228654e+05
3.904242160764686996e+05
3.917616131685287110e+05
3.932172370453765034e+05
3.947827049212571583e+05
3.964406356834812323e+05
3.981639084573008586e+05
3.999161780842606095e+05
4.016540463041531038e+05
4.033308960647103959e+05
4.049020214552234393e+05
4.063304252839802648e+05
4.075925269784171251e+05
4.086829753384336946e+05
4.096177387602478848e+05
4.104346554720067652e+05
4.111907547560194507e+05
4.119560273226817953e+05
4.128039877647145186e+05
4.138002448761690175e+05
4.149911205282157753e+05
4.163947915193489753e+05
4.179971934541284572e+05
4.197539626479677972e+05
4.215982330183000886e+05
4.234526093369011651e+05
4.252426131333830417e+05
4.269086812346132356e+05
4.284144132782636443e+05
4.297499235070359427e+05
4.309303967419827823e+05
4.319908710123933852e+05
4.329786839343591710e+05
4.339450038247464690e+05
4.349366583005086286e+05
4.359892949453474721e+05
4.371228209173556534e+05
4.383399436347201699e+05
4.396282666974508902e+05
4.409656773942844593e+05
4.423278224238050752e+05
4.436956651617133175e+05
4.450608773324302165e+05
4.464273912634916487e+05
4.478087153643390629e+05
4.492221167600682238e+05
4.506818588212120230e+05
4.521938611989694182e+05
4.537533579683188000e+05
4.553457668877721881e+05
4.569497181436543469e+05
4.585406106645120308e+05
4.600933696745004272e+05
4.615839999293155852e+05
4.629904938185673673e+05
4.642941155298650847e+05
4.654818107037618756e+05
4.665496706476772670e+05
4.675064840474778903e+05
4.683759298407192691e+05
4.691961619512736215e+05
4.700163247669044067e+05
4.708905550823482336e+05
4.718708229813409853e+05
4.730002176377815777e+05
4.743079340007072897e+05
4.758064769776876783e+05
4.774908487111166469e+05
4.793390790500247967e+05
4.813135587720701587e+05
4.833631144822074566e+05
4.854262707617630949e+05
4.874362860603580484e+05
4.893281202921750373e+05
4.910466240695938468e+05
4.925543587202044437e+05
4.938370696177761420e+05
4.949052455597660155e+05
4.957913133936381200e+05
4.965433792387543363e+05
4.972174345867406810e+05
4.978701649398672162e+05
4.985538816794359591e+05
4.993139861158477725e+05
5.001883067378926789e+05
5.012070862174163922e+05
5.023925068192798644e+05
5.037572755232063937e+05
5.053025786191572552e+05
5.070162841565016424e+05
5.088723994430664461e+05
5.108324788499324350e+05
5.128490968594009755e+05
5.148708915406375309e+05
5.168482462269244133e+05
5.187385195031921612e+05
5.205098648041895940e+05
5.221430396361019230e+05
5.236310908053549938e+05
5.249772991381804459e+05
5.261921555478997761e+05
5.272903173616095446e+05
5.282884028691141866e+05
5.292041406950312667e+05
5.300568983991619898e+05
5.308691262170663103e+05
5.316679205217552371e+05
5.324858310693462845e+05
5.333602104870211333e+05
5.343307629524699878e+05
5.354353917013227474e+05
5.367048862606905168e+05
5.381573700678066816e+05
5.397936902455370873e+05
5.415949926691392902e+05
5.435234897725955816e+05
5.455268394121520687e+05
5.475456728593219304e+05
5.495228594870985253e+05
5.514124073756155558e+05
5.531857845828440040e+05
5.548340391392153688e+05
5.563652595430996735e+05
5.577982738338164054e+05
5.591545648942259140e+05
5.604508163494854234e+05
5.616941788021579850e+05
5.628814189038369805e+05
5.640019324557138607e+05
5.650435545714565087e+05
5.659994685856587021e+05
5.668744024514277698e+05
5.676886296958585735e+05
5.684788744243058609e+05
5.692958557169090491e+05
5.701987625311417505e+05
5.712473896996761905e+05
5.724930188853411237e+05
5.739694218401632970e+05
5.756855581253640121e+05
5.776215240366144571e+05
5.797289593745406019e+05
5.819363898937944323e+05
5.841589785896810936e+05
5.863111203075256199e+05
5.883195393420227338e+05
5.901342794601421338e+05
5.917353096945885336e+05
5.931333448430071585e+05
5.943647070695621660e+05
5.954813735177869676e+05
5.965384813865772448e+05
5.975822290491937893e+05
5.986411111375665059e+05
5.997226697850208730e+05
6.008165344632815104e+05
6.019027806220514467e+05
6.029630576962098712e+05
6.039910475388511550e+05
6.049989763403102988e+05
6.060181369516081177e+05
6.070933043241463602e+05
6.082728736818598118e+05
6.095978118859082460e+05
6.110926411643512547e+05
6.127606865102954907e+05
6.145841869191047736e+05
6.165283070034342818e+05
6.185472017971281894e+05
6.205903155190811958e+05
6.226078050586786121e+05
6.245548424921947299e+05
6.263950544449024601e+05
6.281032878392785788e+05
6.296674400574893225e+05
6.310887034565899521e+05
6.323796595642012544e+05
6.335603191897858633e+05
6.346531479958009440e+05
6.356788053029569564e+05
6.366542809912165394e+05
6.375942158576006768e+05
6.385147680948101915e+05
6.394380949564686744e+05
6.403950040675274795e+05
6.414239040670116665e+05
6.425656469802163774e+05
6.438555727713780943e+05
6.453152794870012440e+05
6.469468267959024524e+05
6.487311922727180645e+05
6.506312732554875547e+05
6.525982445337297395e+05
6.545792384640297387e+05
6.565243537772059208e+05
6.583917458588577574e+05
6.601505437399202492e+05
6.617820857243599603e+05
6.632801802730385680e+05
6.646508109772731550e+05
6.659112069067682605e+05
6.670878726326298201e+05
6.682132748283515684e+05
6.693214091796051944e+05
6.704431447709491476e+05
6.716026507500001462e+05
6.728160280574164353e+05
6.740924612561102258e+05
6.754370869758694898e+05
6.768538878563516773e+05
6.783467667860827642e+05
6.799177239434620133e+05
6.815624873222210445e+05
6.832654146527090343e+05
6.849962903800035128e+05
6.867113416346283630e+05
