6.811025175408833893e+05
6.790284262770379428e+05
6.770373811500193551e+05
6.751642744744016090e+05
6.734334917721017264e+05
6.718595169783995952e+05
6.704469298240399221e+05
6.691894488018827979e+05
6.680685007685284363e+05
6.670523740630530519e+05
6.660970793164637871e+05
6.651495834558164934e+05
6.641533174124478828e+05
6.630551226693243952e+05
6.618123759887084598e+05
6.603990123578935163e+05
6.588094539036578499e+05
6.570598498033171054e+05
6.551863834572742926e+05
6.532406834229849046e+05
6.512826726740433369e+05
6.493716041973998072e+05
6.475565488325215410e+05
6.458680586093716556e+05
6.443128702073433669e+05
6.428731330347240437e+05
6.415107252125071827e+05
6.401759751760715153e+05
6.388189212626641383e+05
6.374005135693169432e+05
6.359011368121933192e+05
6.343245103343920782e+05
6.326961747190093156e+05
6.310570569902247516e+05
6.294536872774176300e+05
6.279272998373209266e+05
6.265042065269658342e+05
6.251895004860624904e+05
6.239654127207446145e+05
6.227946324941148050e+05
6.216278009910077089e+05
6.204134437404968776e+05
6.191080795887203421e+05
6.176843053974405630e+05
6.161352953472776571e+05
6.144751502802117029e+05
6.127355344490396092e+05
6.109597210486924741e+05
6.091953875451083295e+05
6.074873379065560875e+05
6.058710113314656774e+05
6.043673893137648702e+05
6.029798176387222484e+05
6.016932292087068781e+05
6.004761148176088464e+05
5.992852240996472538e+05
5.980724236176939448e+05
5.967925793341745157e+05
5.954110021082963794e+05
5.939090511599559104e+05
5.922869215397225926e+05
5.905632854618348647e+05
5.887720905113324989e+05
5.869572655264892383e+05
5.851662873312061420e+05
5.834435661324909888e+05
5.818245078864367679e+05
5.803309779714732431e+05
5.789687333359071054e+05
5.777271773241455667e+05
5.765814914697435452e+05
5.754968236338357674e+05
5.744338287615331355e+05
5.733545664156274870e+05
5.722276497431083117e+05
5.710316637482971419e+05
5.697562218904747861e+05
5.684005544287252706e+05
5.669701254568694858e+05
5.654723305192261469e+05
5.639126784989614971e+05
5.622928540584167931e+05
5.606115901982126525e+05
5.588683875814931234e+05
5.570690177448786562e+05
5.552308230624462012e+05
5.533854951809075428e+05
5.515775369033057941e+05
5.498579284114153124e+05
5.482742047563797096e+05
5.468595648971238406e+05
5.456241832179889316e+05
5.445513227558928775e+05
5.435993627839082619e+05
5.427090426808862248e+05
5.418137937268421520e+05
5.408504784928543959e+05
5.397682651666998863e+05
5.385343977840077132e+05
5.371367350241639651e+05
5.355836438915218459e+05
5.339019666206213878e+05
5.321334872699587140e+05
5.303299746762643335e+05
5.285468142131044297e+05
5.268355839807725279e+05
5.252365184845237527e+05
5.237722854263693443e+05
5.224445446909461170e+05
5.212342339814698789e+05
5.201055870237323106e+05
5.190129018036379130e+05
5.179084302717639948e+05
5.167496866648805444e+05
5.155049335491945967e+05
5.141563382940499578e+05
5.127009518893922213e+05
5.111499965715011349e+05
5.095269180116050993e+05
5.078644261971517699e+05
5.062005720597134787e+05
5.045739741441308288e+05
5.030186317756316275e+05
5.015591604116434464e+05
5.002074938647363451e+05
4.989619137243647128e+05
4.978086749817374512e+05
4.967257029303592280e+05
4.956871750368145294e+05
4.946675773031529970e+05
4.936441573311864631e+05
4.925974523429122055e+05
4.915104182363133295e+05
4.903672488253831980e+05
4.891530073419188266e+05
4.878546938509277534e+05
4.864635821687825373e+05
4.849779445343029220e+05
4.834049668972748914e+05
4.817608832774517941e+05
4.800690236574333976e+05
4.783562821756207850e+05
4.766491122836046270e+05
4.749702754955801065e+05
4.733371532574127195e+05
4.717616626098824781e+05
4.702510492217827123e+05
4.688084320116076851e+05
4.674321488359106588e+05
4.661136445513634826e+05
4.648345455553061911e+05
4.635642641927172081e+05
4.622596423554756329e+05
4.608676816345981206e+05
4.593314914519198937e+05
4.575985657178041292e+05
4.556297347826634068e+05
4.534068637719627586e+05
4.509376182300609653e+05
4.482562656758198864e+05
4.454203161054490483e+05
4.425036140497488086e+05
4.395871183286779560e+05
4.367489484552377835e+05
4.340553071616894449e+05
4.315536305095470743e+05
4.292688413433689275e+05
4.272029939355155802e+05
4.253380180294488673e+05
4.236408102169062477e+05
4.220696578178037307e+05
4.205809426346201799e+05
4.191352281732740230e+05
4.177021021632453776e+05
4.162634204207734438e+05
4.148147915894400212e+05
4.133652305710251676e+05
4.119349453045705450e+05
4.105513099825596437e+05
4.092433035947376629e+05
4.080350564895747812e+05
4.069395398548404337e+05
4.059536739378184429e+05
4.050560583320108708e+05
4.042080846249306342e+05
4.033584652557916124e+05
4.024504060987069970e+05
4.014300065554222092e+05
4.002541826585265226e+05
3.988965550802623620e+05
3.973502699535801657e+05
3.956274604238810716e+05
3.937557924075688934e+05
3.917730714271026081e+05
3.897211065214748378e+05
3.876399360405425541e+05
3.855632201947539579e+05
3.835152374687019037e+05
3.815096001900362317e+05
3.795495768413676415e+05
3.776297638551478740e+05
3.757387536797630019e+05
3.738623771902399603e+05
3.719870571703242022e+05
3.701028041192605160e+05
3.682054191073803813e+05
3.662975419673001161e+05
3.643883105080560199e+05
3.624916049493604223e+05
3.606231534342464874e+05
3.587971227212471422e+05
3.570230903779345681e+05
3.553043336066743359e+05
3.536380737477347138e+05
3.520177245821138495e+05
3.504365044148666784e+05
3.488912625778805814e+05
3.473852584542851546e+05
3.459289619490579353e+05
3.445385724879668560e+05
3.432326232333088992e+05
3.420275157947798143e+05
3.409330120038385503e+05
3.399486302232956514e+05
3.390616691910201334e+05
3.382473126806806540e+05
3.374709822096280404e+05
3.366927726583036128e+05
3.358734017685342114e+05
3.349806731375014642e+05
3.339951241234145709e+05
3.329134756314968690e+05
3.317488429619960953e+05
3.305273984416998574e+05
3.292821271539443987e+05
3.280451926345513202e+05
3.268409133027679636e+05
3.256812296813956928e+05
3.245648073589884443e+05
3.234797914668699959e+05
3.224090893770013354e+05
3.213363164593448164e+05
3.202504636065057130e+05
3.191479522473667748e+05
3.180317876202442567e+05
3.169085948746118811e+05
3.157850182646987378e+05
3.146650392555727158e+05
3.135492367396451300e+05
3.124361196974761551e+05
3.113247821557326824e+05
3.102176062642732286e+05
3.091217554012226174e+05
3.080487172035007388e+05
3.070119434476117021e+05
3.060233632713601110e+05
3.050899324261404690e+05
3.042112938723854604e+05
3.033791387034857762e+05
3.025782108486496727e+05
3.017883850722666248e+05
3.009870701686925604e+05
3.001513734739887295e+05
2.992598547557357233e+05
2.982940558534908923e+05
2.972401220678279642e+05
2.960906827108669677e+05
2.948468388061325531e+05
2.935198040208652383e+05
2.921316190789594548e+05
2.907144614163213409e+05
2.893083404370250064e+05
2.879572906120456755e+05
2.867044544232379994e+05
2.855866447812165716e+05
2.846290935706601012e+05
2.838411314519323641e+05
2.832134795620882651e+05
2.827176284559732303e+05
2.823074266710745287e+05
2.819225649013018119e+05
2.814932565609312733e+05
2.809452352465698496e+05
2.802043091583829373e+05
2.792001067707615439e+05
2.778691637539629592e+05
2.761579115754158120e+05
2.740262281228216016e+05
2.714519109920429764e+05
2.684358140416368260e+05
2.650066792784011341e+05
2.612242004951199051e+05
2.571788221064144163e+05
2.529872942052885483e+05
2.487839496794827573e+05
2.447087455678945407e+05
2.408939646359122708e+05
2.374518309410346847e+05
2.344650625630006252e+05
2.319816737668209244e+05
2.300143946203272208e+05
2.285441804362596013e+05
2.275266575839148427e+05
2.269001027555000328e+05
2.265936637912299775e+05
2.265348877176095848e+05
2.266560558264283172e+05
2.268991644084510044e+05
2.272195194979979424e+05
2.275878296338110813e+05
2.279904976792754605e+05
2.284277199359505903e+05
2.289091635457618395e+05
2.294474534810908954e+05
2.300503323194413679e+05
2.307129105011207284e+05
2.314116464155634167e+05
2.321014490984873264e+05
2.327166343505304831e+05
2.331756041780654923e+05
2.333883407568681287e+05
2.332653366634928389e+05
2.327265141214475734e+05
2.317089581044263905e+05
2.301727382043407415e+05
2.281045345343047811e+05
2.255190780638862634e+05
2.224585290212584950e+05
2.189899128311565146e+05
2.152007350445055636e+05
2.111930169369881041e+05
2.070762633302085451e+05
2.029602113309959823e+05
1.989484428694015369e+05
1.951338977892651747e+05
1.915969131351830438e+05
1.884057130763397436e+05
1.856185101089203963e+05
1.832858460976784700e+05
1.814517346877469390e+05
1.801526279952910263e+05
1.794140763222802780e+05
1.792458807699279278e+05
1.796372174568804330e+05
1.805533920561371197e+05
1.819354986287963111e+05
1.837034407794283761e+05
1.857618063591819955e+05
1.880072958869678259e+05
1.903360491507323168e+05
1.926493974447152868e+05
1.948572018665808719e+05
1.968787729149835068e+05
1.986420901230675518e+05
2.000823983201959636e+05
2.011411573801760969e+05
2.017658707559930917e+05
2.019107645424600050e+05
2.015379056078290159e+05
2.006182971282227663e+05
1.991327485842721071e+05
1.970726927396604442e+05
1.944413596342211822e+05
1.912556383633563528e+05
1.875485571051503066e+05
1.833717681429195218e+05
1.787970098499649030e+05
1.739154632714639010e+05
1.688343039233348973e+05
1.636704553950282279e+05
1.585423286315863952e+05
1.535609023799674760e+05
1.488216775635885715e+05
1.443987867544792825e+05
1.403419761155945016e+05
1.366765091404785635e+05
1.334054832156172488e+05
1.305137455993250478e+05
1.279725775929095835e+05
1.257445090623986034e+05
1.237878899388856662e+05
1.220610421561352559e+05
1.205258694634105341e+05
1.191507328883034788e+05
1.179123037569602893e+05
1.167961023228331760e+05
1.157955868747545028e+05
1.149099499553649366e+05
1.141410926125435799e+05
1.134904439433207299e+05
1.129562803974863928e+05
1.125319868161293562e+05
1.122053935479907232e+05
1.119590616054756101e+05
1.117712690362737485e+05
1.116174822206812969e+05
1.114721940024367505e+05
1.113110630882113328e+05
1.111132228811726673e+05
1.108634564853469346e+05
1.105537548196746939e+05
1.101837164572205511e+05
1.097594044519413292e+05
1.092906499750265939e+05
1.087872834791674541e+05
1.082552077241277439e+05
1.076934237338189851e+05
1.070929690369946620e+05
1.064382365219605563e+05
1.057104504066774680e+05
1.048924082223363803e+05
1.039731848764504539e+05
1.029514846877685341e+05
1.018367266986455215e+05
1.006476209473602794e+05
9.940871283315723122e+04
9.814591047102492303e+04
9.688221488067989412e+04
9.563471430144755868e+04
9.441346574313477322e+04
9.322232415751910594e+04
9.206126113680039998e+04
9.092937344758449763e+04
8.982768360904893780e+04
8.876097376477584476e+04
8.773820414224339765e+04
8.677144992925300903e+04
8.587364704586878361e+04
8.505569604491560312e+04
8.432359928468307771e+04
8.367629563920809596e+04
8.310472229045939457e+04
8.259239516319203540e+04
8.211748923462968378e+04
8.165606814942823257e+04
8.118583287154795835e+04
8.068961252939781116e+04
8.015786437333053618e+04
7.958968609117885353e+04
7.899220874417755113e+04
7.837862142513274739e+04
7.776536375781871902e+04
7.716913411991366593e+04
7.660429104552936042e+04
7.608102680638799211e+04
7.560445383636212500e+04
7.517454894705081824e+04
7.478679193994335947e+04
7.443330999711804907e+04
7.410435674550606927e+04
7.378996793964582321e+04
7.348162007219206134e+04
7.317368606289000309e+04
7.286447071608726401e+04
7.255665077880045283e+04
7.225704091785590572e+04
7.197572068481826864e+04
7.172463700794031320e+04
7.151581417043851980e+04
7.135928019178584509e+04
7.126081687353774032e+04
7.121971954485845345e+04
7.122691680629344773e+04
7.126397758470155532e+04
7.130359697051212424e+04
7.131199067572868080e+04
7.125321206274708675e+04
7.109482887752127135e+04
7.081385327299729397e+04
7.040153030673069588e+04
6.986571275365816837e+04
6.923010090430286073e+04
6.853046303295585676e+04
6.780881614128631190e+04
6.710714981961817830e+04
6.646240632322008605e+04
6.590403068203030853e+04
6.545460251775130746e+04
6.513312865026063082e+04
6.495983805673608731e+04
6.496103790879938606e+04
6.517284943936482887e+04
6.564330996256813523e+04
6.643307288098566642e+04
6.761535212747515470e+04
6.927552761017928424e+04
7.150991212415510381e+04
7.442191059260818292e+04
7.811284513491817052e+04
8.266485696377629938e+04
8.811507663283153670e+04
9.442362449322681641e+04
1.014421016240358003e+05
1.088925033112718083e+05
1.163671820816064719e+05
1.233574177625293960e+05
1.293114104208877834e+05
1.337137696478355792e+05
1.361706993740637263e+05
1.364811113443368231e+05
1.346757695585830370e+05
1.310141368973756471e+05
1.259395541315810115e+05
1.200040954393168795e+05
1.137814032496470172e+05
1.077870043323842256e+05
1.024212295719224348e+05
9.794198435430700192e+04
9.446620249927442637e+04
9.199247342151723569e+04
9.043445681737473933e+04
8.965526288545127318e+04
8.949589680199144641e+04
8.979466109145076189e+04
9.039778795423249539e+04
9.116376446527676308e+04
9.196460642054007621e+04
9.268693992076847644e+04
9.323459577173629077e+04
9.353300230150297284e+04
9.353441857026937942e+04
9.322230387004672957e+04
9.261302901780817774e+04
9.175367453849960293e+04
9.071563415928660834e+04
8.958483699992080801e+04
8.845028066393898916e+04
8.739296934345239424e+04
8.647717430205241544e+04
8.574526641903669224e+04
8.521645318285720714e+04
8.488888867449713871e+04
8.474406618814598187e+04
8.475226058103393007e+04
8.487800609387985605e+04
8.508499921607701981e+04
8.534020164518553065e+04
8.561714836118048697e+04
8.589851823824418534e+04
8.617797588237322634e+04
8.646125216180403368e+04
8.676646310214928235e+04
8.712375461560956319e+04
8.757441662779636681e+04
8.816953805976813601e+04
8.896804149468324613e+04
9.003362216081205406e+04
9.142990250903867127e+04
9.321321789731121680e+04
9.542301161433527886e+04
9.807079656981151493e+04
1.011297627234142856e+05
1.045279223440536152e+05
1.081477217818336212e+05
1.118340417816804402e+05
1.154105686194540176e+05
1.187021675693429279e+05
1.215589098986160243e+05
1.238765400535786466e+05
1.256088163002161309e+05
1.267691758502142038e+05
1.274219246619586484e+05
1.276657378618119110e+05
1.276138737444982835e+05
1.273757299874319579e+05
1.270432889674367907e+05
1.266841195428248902e+05
1.263406292209201056e+05
1.260338169595483487e+05
1.257691992253612261e+05
1.255428478664953727e+05
1.253462786703827442e+05
1.251698359514372714e+05
1.250048690500065131e+05
1.248452227368430467e+05
1.246884171667544433e+05
1.245365765391768073e+05
1.243969093944716296e+05
1.242814935973373067e+05
1.242062844238607213e+05
1.241895378290942463e+05
1.242500727552289318e+05
1.244058723358748684e+05
1.246734130046781938e+05
1.250678633131119859e+05
1.256040064190932608e+05
1.262975084486381820e+05
1.271660465436441882e+05
1.282298516073502833e+05
1.295113960229158256e+05
1.310342113738470653e+05
1.328210699130550202e+05
1.348919116616204556e+05
1.372618805456831760e+05
1.399396492368865293e+05
1.429259467220074148e+05
1.462119927454207791e+05
1.497775172066627129e+05
1.535882508822745876e+05
1.575931566705305886e+05
1.617220806651792664e+05
1.658847711989411910e+05
1.699722239724515821e+05
1.738610366310933023e+05
1.774209571138588944e+05
1.805251962856077298e+05
1.830624656319456699e+05
1.849492030902735423e+05
1.861401609457840386e+05
1.866355356558689091e+05
1.864831816570644150e+05
1.857751713891475520e+05
1.846389499239130528e+05
1.832243914813142619e+05
1.816889380907300801e+05
1.801834361491422751e+05
1.788411229605352855e+05
1.777714419746364292e+05
1.770591412575829891e+05
1.767677336461289378e+05
1.769452393980719498e+05
1.776295409880006919e+05
1.788508789415738720e+05
1.806300198131558718e+05
1.829721913391293783e+05
1.858585438815967354e+05
1.892381031850391882e+05
1.930234629716342606e+05
1.970926496564745321e+05
2.012978916843949119e+05
2.054800052162705106e+05
2.094854707703337772e+05
2.131825855068909295e+05
2.164735229585058987e+05
2.193004651474008569e+05
2.216456322418917553e+05
2.235264185021286248e+05
2.249875591041181760e+05
2.260922477941037505e+05
2.269136353297502210e+05
2.275275122857422102e+05
2.280064924739473790e+05
2.284157631694230076e+05
2.288103895075265609e+05
2.292341160808064451e+05
2.297194963156324229e+05
2.302889904222730838e+05
2.309564846643067431e+05
2.317286132594289957e+05
2.326053932776683068e+05
2.335800150546270597e+05
2.346380729585849622e+05
2.357569129641783948e+05
2.369059465596269874e+05
2.380486321423029294e+05
2.391463691075008246e+05
2.401639225321262493e+05
2.410754089514012157e+05
2.418695316060602781e+05
2.425527784259102773e+05
2.431496856459518895e+05
2.436999089019884996e+05
2.442525533059001900e+05
2.448588140946810890e+05
2.455643356527265278e+05
2.464027430496395682e+05
2.473915401906173211e+05
2.485310650949908886e+05
2.498065536982218327e+05
2.511927242103733588e+05
2.526597932594403392e+05
2.541795858510640683e+05
2.557304620849789062e+05
2.573001393876319344e+05
2.588860494176832435e+05
2.604934877715460898e+05
2.621323278014172683e+05
2.638133407279012026e+05
2.655451257643962745e+05
2.673323314612896647e+05
2.691753543639453710e+05
2.710711956028292188e+05
2.730148003370795632e+05
2.750001059298494365e+05
2.770202046911840443e+05
2.790664212486134493e+05
2.811265845928227645e+05
2.831831871434604982e+05
2.852123322722998564e+05
2.871842978336255183e+05
2.890661874589059735e+05
2.908265904012127430e+05
2.924415758825833909e+05
2.939008801670542452e+05
2.952129392235242412e+05
2.964075325612211600e+05
2.975351978606932680e+05
2.986631454913700582e+05
2.998680178952182177e+05
3.012263925994674210e+05
3.028043506308591459e+05
3.046476855206605978e+05
3.067743780989038059e+05
3.091707652725451044e+05
3.117923476650629891e+05
3.145694182657073252e+05
3.174167511026796419e+05
3.202456712878273102e+05
3.229762062723972485e+05
3.255469326500910101e+05
3.279206805021663895e+05
3.300853212879527709e+05
3.320501301397563657e+05
3.338392730979942135e+05
3.354844861964894226e+05
3.370188519761872012e+05
3.384728575351415202e+05
3.398729453296230640e+05
3.412419069643947296e+05
3.425999951814262313e+05
3.439656380535224453e+05
3.453550511718494236e+05
3.467806622047587298e+05
3.482488610548393335e+05
3.497579785830724868e+05
3.512974622471582261e+05
3.528489328732728027e+05
3.543892454926149803e+05
3.558950045192916878e+05
3.573474268289288739e+05
3.587362242642041529e+05
3.600614082381437765e+05
3.613325521552296123e+05
3.625658604053097661e+05
3.637800762088272604e+05
3.649925515006000642e+05
3.662166017695441260e+05
3.674606839298076229e+05
3.687292212126423256e+05
3.700243394472491927e+05
3.713475657576128142e+05
3.727007094959802344e+05
3.740855871060120990e+05
3.755027782831320073e+05
3.769500183680752525e+05
3.784210048668083618e+05
3.799052721397564164e+05
3.813894071067543118e+05
3.828593647270592628e+05
3.843031798745701672e+05
3.857131548469550326e+05
3.870867523176954710e+05
3.884259216494894354e+05
3.897352446186037851e+05
3.910198115431569749e+05
3.922838666650117375e+05
3.935309016586286016e+05
3.947651771852513775e+05
3.959939404036368360e+05
3.972292176446699305e+05
3.984881663581980974e+05
3.997914928821120993e+05
4.011601225732666790e+05
4.026108616163571714e+05
4.041520546814035042e+05
4.057802286844780901e+05
4.074785281209081295e+05
4.092174808503665845e+05
4.109582891062293784e+05
4.126583744661765522e+05
4.142783278918154538e+05
4.157888705478573102e+05
4.171761703136312426e+05
4.184441100360323908e+05
4.196129042952590971e+05
4.207145752260384616e+05
4.217867819896361907e+05
4.228669078090087860e+05
4.239879334864813718e+05
4.251766301966761821e+05
4.264534698728207732e+05
4.278329477267992916e+05
4.293230945754655404e+05
4.309237681271251640e+05
4.326243953337278217e+05
4.344025766280902317e+05
4.362249208205894683e+05
4.380506467536705313e+05
4.398372933220467530e+05
4.415469549908635672e+05
4.431512886983661447e+05
4.446341874743250082e+05
4.459921069725786219e+05
4.472329574868521886e+05
4.483747461682644207e+05
4.494446692818784504e+05
4.504784455180614023e+05
4.515189225444940384e+05
4.526128689973894507e+05
4.538055122017046669e+05
4.551334943864981178e+05
4.566179249178621103e+05
4.582595709129502065e+05
4.600377427110183053e+05
4.619133071837432799e+05
4.638350117034506402e+05
4.657474567224591156e+05
4.675988996020030463e+05
4.693475293607449275e+05
4.709655754948700196e+05
4.724412185891345143e+05
4.737785516506670392e+05
4.749958564926078543e+05
4.761224332576369634e+05
4.771943482646221528e+05
4.782497524151239195e+05
4.793246742422410171e+05
4.804501527527335566e+05
4.816511289181881002e+05
4.829468015669094748e+05
4.843515198780601495e+05
4.858750859361375915e+05
4.875217215657375054e+05
4.892877479825971532e+05
4.911588435913911671e+05
4.931081859512703377e+05
4.950966554837871809e+05
4.970756742243915796e+05
4.989924654316038359e+05
5.007968596996276174e+05
5.024484172354066395e+05
5.039225917016536114e+05
5.052148410638444475e+05
5.063419159820061177e+05
5.073400006008780329e+05
5.082599329439054709e+05
5.091603225172943203e+05
5.100998528275078279e+05
5.111302166576517047e+05
5.122908758854775806e+05
5.136062343591255485e+05
5.150851018031983986e+05
5.167218071611539344e+05
5.184981880090308259e+05
5.203859242020372767e+05
5.223490842196625890e+05
5.243470283475762699e+05
5.263377858521153685e+05
5.282817308845981024e+05
5.301450498844094109e+05
5.319023850798432250e+05
5.335382728958333610e+05
5.350474531774807256e+05
5.364345120660085231e+05
5.377133618623345392e+05
5.389066931785275228e+05
5.400449817327220226e+05
5.411642900282964110e+05
5.423022993859956041e+05
5.434927721799118444e+05
5.447596480134736048e+05
5.461126756692741765e+05
5.475464025719080819e+05
5.490433615877672564e+05
5.505807453656655271e+05
5.521384060231609037e+05
5.537053493965396192e+05
5.552823754400861217e+05
5.568799968367299298e+05
5.585126222480451688e+05
5.601914079768940574e+05
5.619185506499288604e+05
5.636849958435598528e+05
5.654719977027411805e+05
5.672554251239205478e+05
5.690108534630764043e+05
5.707175994800288463e+05
5.723607454576099990e+05
5.739313093158247648e+05
5.754254807693202747e+05
5.768439560827239184e+05
5.781919407592471689e+05
5.794797005306336796e+05
5.807230243820133619e+05
5.819428581689441344e+05
5.831636713019312592e+05
5.844106432339251041e+05
5.857062536320629297e+05
5.870671391642889939e+05
5.885020594571086112e+05
5.900115178403630853e+05
5.915891051339800470e+05
5.932241170302123064e+05
5.949045958936159732e+05
5.966198074136454379e+05
5.983613568073684582e+05
6.001226423597361427e+05
6.018969793470253935e+05
6.036752726558366558e+05
6.054443531220311997e+05
6.071869089783473173e+05
6.088833870414077537e+05
6.105155018253935268e+05
6.120703440441397252e+05
6.135437708021921571e+05
6.149419241752596572e+05
6.162803306167531991e+05
6.175808754622134147e+05
6.188677034132035915e+05
6.201634448143999325e+05
6.214869279679012252e+05
6.228527805746619124e+05
6.242723794580303365e+05
6.257549391988101415e+05
6.273075043476147112e+05
6.289332855556545546e+05
6.306288384224195033e+05
6.323814677420166554e+05
6.341684477924273815e+05
6.359590259727135999e+05
6.377190220515675610e+05
6.394167499698940665e+05
6.410285371763352305e+05
6.425424950641064206e+05
6.439601181899637450e+05
6.452961680424538208e+05
6.465775981986208353e+05
6.478418669993499061e+05
6.491342172665722901e+05
6.505030139241059078e+05
6.519925333130534273e+05
6.536337398932438809e+05
6.554350651252140524e+05
6.573762080706406850e+05
6.594078210760171060e+05
6.614584573391238227e+05
6.634478223990770057e+05
6.653031240348716965e+05
6.669741106293307384e+05
6.684427526525625726e+05
6.697253044332120335e+05
6.708669306425171671e+05
6.719311964213008760e+05
6.729877248215092113e+05
6.741010076739867218e+05
6.753221221888645086e+05
6.766837210333322873e+05
6.781978209937284701e+05
6.798558653135505738e+05
6.816309860574394697e+05
6.834827378997009946e+05
6.853643086930445861e+05
6.872312910219832556e+05
6.890500113269485300e+05
6.908029066103053046e+05
6.924890523030364420e+05
6.941196281071399571e+05
6.957101680617202073e+05
6.972728695718902163e+05
6.988122531867703656e+05
7.003259640109763714e+05
7.018101483178741764e+05
7.032667317703643348e+05
7.047090532342951046e+05
7.061630341446219245e+05
7.076629715044115437e+05
7.092431937427327503e+05
7.109282637980988948e+05
7.127246656328267418e+05
7.146161171972709708e+05
7.165634069846851053e+05
7.185085825816430151e+05
7.203827374368022429e+05
7.221164351668816525e+05
7.236516350066735176e+05
7.249535838096985826e+05
7.260205883326930925e+05
7.268892571388371289e+05
7.276331543441859540e+05
7.283540403876964701e+05
7.291667509624529630e+05
7.301806570422352524e+05
7.314818086227350868e+05
7.331197724252833286e+05
7.351017918728762306e+05
7.373947117272550240e+05
7.399329387841568096e+05
7.426293682719342178e+05
7.453861575831579976e+05
7.481033823647241807e+05
7.506853441530227428e+05
7.530457353986486560e+05
7.551132819194227923e+05
7.568386692226390587e+05
7.582019630237378879e+05
7.592182532078026561e+05
7.599387805735098664e+05
7.604457582252623979e+05
7.608411518152625067e+05
7.612319147642548196e+05
7.617155297616957687e+05
