6.794323314495555824e+05
6.782066116508434061e+05
6.770316234289163258e+05
6.758493501550027868e+05
6.746099746896737488e+05
6.732806283083347371e+05
6.718501092596852686e+05
6.703288702912738081e+05
6.687447801300151041e+05
6.671360465423649875e+05
6.655430345436207717e+05
6.640005532444572309e+05
6.625317411190300481e+05
6.611442193747335114e+05
6.598288633263350930e+05
6.585613376244819956e+05
6.573063022603172576e+05
6.560237890631945338e+05
6.546766916263258317e+05
6.532378096622177400e+05
6.516947348290923983e+05
6.500512671610155376e+05
6.483249856454244582e+05
6.465417773296858650e+05
6.447291171622283291e+05
6.429102857178075938e+05
6.411013343437458389e+05
6.393115799422225682e+05
6.375471105816109339e+05
6.358156848813362885e+05
6.341309033586381702e+05
6.325137807203737320e+05
6.309907407958727563e+05
6.295882607043853495e+05
6.283254968169988133e+05
6.272068908971856581e+05
6.262168167594376719e+05
6.253178273726252373e+05
6.244531965756387217e+05
6.235534794033676153e+05
6.225459778920667013e+05
6.213654566545876442e+05
6.199642755865490763e+05
6.183202838729711948e+05
6.164412693836368853e+05
6.143653519804246025e+05
6.121573072014264762e+05
6.099013034908497939e+05
6.076909018512069015e+05
6.056174431784821209e+05
6.037581916750329547e+05
6.021658043857434532e+05
6.008607467357359128e+05
5.998280101213725284e+05
5.990188214092721464e+05
5.983570670310483547e+05
5.977491888487323886e+05
5.970957159492215142e+05
5.963026031290302053e+05
5.952910830750836758e+05
5.940054600286246277e+05
5.924187609590182547e+05
5.905361888251421042e+05
5.883960008223754121e+05
5.860671353547185427e+05
5.836430198795427568e+05
5.812316411644921172e+05
5.789429298667386174e+05
5.768753550111301010e+05
5.751039325641317992e+05
5.736714907661393518e+05
5.725841995943391230e+05
5.718114527454434428e+05
5.712895403630112996e+05
5.709283067408774514e+05
5.706200422092404915e+05
5.702499727923076134e+05
5.697076806434666505e+05
5.688985646826514276e+05
5.677541586019793758e+05
5.662399755775181111e+05
5.643597184304310940e+05
5.621552080670588184e+05
5.597020964351581642e+05
5.571020908803007333e+05
5.544727952473076293e+05
5.519362882861414691e+05
5.496073279875741573e+05
5.475818391319290968e+05
5.459263381902041147e+05
5.446692300104572205e+05
5.437953000657267403e+05
5.432449018903946271e+05
5.429190109130658675e+05
5.426904000442872057e+05
5.424198840962711256e+05
5.419752800657487242e+05
5.412498741066827206e+05
5.401770684389688540e+05
5.387385574606667506e+05
5.369646724097181577e+05
5.349271055078635691e+05
5.327256988127595978e+05
5.304720286595136859e+05
5.282729177463063970e+05
5.262167064835440833e+05
5.243642292778427945e+05
5.227452328270226135e+05
5.213597781720708590e+05
5.201832905163380783e+05
5.191735373615180142e+05
5.182779300857020426e+05
5.174400115257173893e+05
5.166045942007927806e+05
5.157215459300880902e+05
5.147485498796957545e+05
5.136532523554826621e+05
5.124150870965992799e+05
5.110268125203122618e+05
5.094955270926875528e+05
5.078427477607520996e+05
5.061031286043511354e+05
5.043215832377285114e+05
5.025489009081238764e+05
5.008362990029328503e+05
4.992296096090893261e+05
4.977638791662906297e+05
4.964590744798649102e+05
4.953174088936015614e+05
4.943226143548288965e+05
4.934413259758329368e+05
4.926265846268722671e+05
4.918232351133557386e+05
4.909746711900163209e+05
4.900300097685469082e+05
4.889505062965952093e+05
4.877140143223974155e+05
4.863166371872024611e+05
4.847713724264197517e+05
4.831043208037574659e+05
4.813496556206502137e+05
4.795447862947880058e+05
4.777268939961020369e+05
4.759313386837547878e+05
4.741915751080388436e+05
4.725394963082949398e+05
4.710048410357134417e+05
4.696126002817921690e+05
4.683781601010680897e+05
4.673009365508900955e+05
4.663581019307764946e+05
4.655003331604111008e+05
4.646512004494522698e+05
4.637109897715967963e+05
4.625647487155227573e+05
4.610935294663282693e+05
4.591873950871955021e+05
4.567587312604844337e+05
4.537545426711612381e+05
4.501664598117271671e+05
4.460370494384268532e+05
4.414608759823835571e+05
4.365789428313080571e+05
4.315659482323762495e+05
4.266112381895314902e+05
4.218960648220891599e+05
4.175711317367175361e+05
4.137388133240264142e+05
4.104435835508711170e+05
4.076722822429009830e+05
4.053635007653411012e+05
4.034233516714557190e+05
4.017437950061942684e+05
4.002197397460014326e+05
3.987621270513018826e+05
3.973056736673826235e+05
3.958113975789059186e+05
3.942650746887546848e+05
3.926732027400920051e+05
3.910579040791482548e+05
3.894516723778243759e+05
3.878922438371535973e+05
3.864174403585809050e+05
3.850597854232378886e+05
3.838410455254348926e+05
3.827674053364773863e+05
3.818264108729492873e+05
3.809867991447367822e+05
3.802017540723737911e+05
3.794151496092442540e+05
3.785693575255515170e+05
3.776126566557232291e+05
3.765044593974729651e+05
3.752174288176366244e+05
3.737367444848292507e+05
3.720577852106918581e+05
3.701839099767199950e+05
3.681256782152909436e+05
3.659019250308215269e+05
3.635420016847419902e+05
3.610876728534348658e+05
3.585929702166645438e+05
3.561208290960568702e+05
3.537364012203925522e+05
3.514981612951795105e+05
3.494488628125090618e+05
3.476086987262418843e+05
3.459725574229399208e+05
3.445121795677573537e+05
3.431826834466391592e+05
3.419317823569098255e+05
3.407094246018725680e+05
3.394756865884432918e+05
3.382054400483047357e+05
3.368893178521659574e+05
3.355314876200790750e+05
3.341454360407028580e+05
3.327492223945826408e+05
3.313614693987461505e+05
3.299988349592533195e+05
3.286750447875222308e+05
3.274009918081483338e+05
3.261851214096076437e+05
3.250334176266737632e+05
3.239487294364906847e+05
3.229297288841837435e+05
3.219702034443721641e+05
3.210594323629180435e+05
3.201840188893055893e+05
3.193308895192549098e+05
3.184905221541601932e+05
3.176591444856474409e+05
3.168388426711922511e+05
3.160352067757897894e+05
3.152530638048293767e+05
3.144916481512963073e+05
3.137409111639686744e+05
3.129804291921670665e+05
3.121816127791992621e+05
3.113129111580937169e+05
3.103467801838663290e+05
3.092666227761161863e+05
3.080718691605987842e+05
3.067798290998326847e+05
3.054237711277666967e+05
3.040476297532763565e+05
3.026985546918717446e+05
3.014189864402465755e+05
3.002399638530724915e+05
2.991769703830235521e+05
2.982289557089065784e+05
2.973804391610177117e+05
2.966060006077200524e+05
2.958760988259531441e+05
2.951630341173752095e+05
2.944459379176895018e+05
2.937138723626502324e+05
2.929664368617868167e+05
2.922117111869491055e+05
2.914618995487734792e+05
2.907275986483006855e+05
2.900120498972415226e+05
2.893068890588672948e+05
2.885906700343647390e+05
2.878308265780459042e+05
2.869888911368634435e+05
2.860279472515688394e+05
2.849206942857317626e+05
2.836563222735034651e+05
2.822446763002034859e+05
2.807168430909025483e+05
2.791221211902185460e+05
2.775221016090484918e+05
2.759830820928349276e+05
2.745681570064076805e+05
2.733300891669326811e+05
2.723056214381950558e+05
2.715114276255571167e+05
2.709416161042358726e+05
2.705666712756257039e+05
2.703339019427056774e+05
2.701697084598683869e+05
2.699840923263141303e+05
2.696776760238668066e+05
2.691510593337868922e+05
2.683157246864086483e+05
2.671051193453179440e+05
2.654841955944481888e+05
2.634557199887609459e+05
2.610620897906777682e+05
2.583821211447254755e+05
2.555231227760887123e+05
2.526093457324219926e+05
2.497684465248957858e+05
2.471178335247831419e+05
2.447526793888325628e+05
2.427370316822907771e+05
2.410989283491566312e+05
2.398298205439263256e+05
2.388880140089498309e+05
2.382053453533696593e+05
2.376959834780476813e+05
2.372661359831008012e+05
2.368235461385340022e+05
2.362859284346584172e+05
2.355878032182571478e+05
2.346854428280924622e+05
2.335597732166402566e+05
2.322171100179720670e+05
2.306876376063990465e+05
2.290216612916152226e+05
2.272839095721084741e+05
2.255464718927864451e+05
2.238811987276513246e+05
2.223524484437272476e+05
2.210109096233265882e+05
2.198889376228479668e+05
2.189975629510699655e+05
2.183251791957668029e+05
2.178379325459438260e+05
2.174819411942740553e+05
2.171875371349502529e+05
2.168756225971430540e+05
2.164659206311941380e+05
2.158864272193214565e+05
2.150828794723543397e+05
2.140267193341826205e+05
2.127200117460056499e+05
2.111961473543877655e+05
2.095158810665147903e+05
2.077591684329500131e+05
2.060141270031888853e+05
2.043650385800887598e+05
2.028814744445981050e+05
2.016103531169853522e+05
2.005721331605408632e+05
1.997615693408763327e+05
1.991526805280642584e+05
1.987069033885787358e+05
1.983828976466731692e+05
1.981461666071147483e+05
1.979766095871491125e+05
1.978723867199629894e+05
1.978490761116283829e+05
1.979339829965238459e+05
1.981564621921939543e+05
1.985360089971708076e+05
1.990704348198454536e+05
1.997265355274449976e+05
2.004352780853252043e+05
2.010927847818077134e+05
2.015674484320009651e+05
2.017125228464812681e+05
2.013826235435578274e+05
2.004518485997760145e+05
1.988308003676851804e+05
1.964797734789343667e+05
1.934158545550335839e+05
1.897126368513924535e+05
1.854925337613216252e+05
1.809130063299686590e+05
1.761490897467269679e+05
1.713751614647876995e+05
1.667488262919752451e+05
1.623991494919871038e+05
1.584204270697406027e+05
1.548714961725899775e+05
1.517795241490366752e+05
1.491464991962198983e+05
1.469564213633087056e+05
1.451814814727921621e+05
1.437862015162940370e+05
1.427293640521417256e+05
1.419643081219383166e+05
1.414385977858688275e+05
1.410940937688350677e+05
1.408681513414005167e+05
1.406962047271742485e+05
1.405155658612786210e+05
1.402699751457925304e+05
1.399143043195268547e+05
1.394187712657099473e+05
1.387720290122424194e+05
1.379825315509687643e+05
1.370777018157837447e+05
1.361006812232066586e+05
1.351048258523068216e+05
1.341465596484942362e+05
1.332775780184588220e+05
1.325375969183898123e+05
1.319487984432776866e+05
1.315128460224363662e+05
1.312109058159993147e+05
1.310066188031138154e+05
1.308515154619052628e+05
1.306920184958373866e+05
1.304769744320323662e+05
1.301646052534086630e+05
1.297278763270444178e+05
1.291575261340541765e+05
1.284623713511833485e+05
1.276669406115508900e+05
1.268069306548587192e+05
1.259233331639571988e+05
1.250562689535412210e+05
1.242395414763351437e+05
1.234966922144029377e+05
1.228389731327041663e+05
1.222652503340253752e+05
1.217635227631394519e+05
1.213135471962659940e+05
1.208900160821884492e+05
1.204657995608014608e+05
1.200148786831149482e+05
1.195147170937278424e+05
1.189479259913113201e+05
1.183031784432051936e+05
1.175754330280654249e+05
1.167656249058563262e+05
1.158800452963701682e+05
1.149296234637285961e+05
1.139292348779091699e+05
1.128970108117933560e+05
1.118534810494332633e+05
1.108203181717452098e+05
1.098185212974701280e+05
1.088660783620551956e+05
1.079754168663696328e+05
1.071511888162475807e+05
1.063890282762085117e+05
1.056758025888174743e+05
1.049915566812657635e+05
1.043129083940719138e+05
1.036172300129442447e+05
1.028866922961635864e+05
1.021112496176602144e+05
1.012899180891410069e+05
1.004301569934716827e+05
9.954565669702018204e+04
9.865320490825525485e+04
9.776944226180898841e+04
9.690821230716370337e+04
9.607893188297534653e+04
9.528607549156418827e+04
9.452959524072428758e+04
9.380595049615905737e+04
9.310940041259852296e+04
9.243327483208959165e+04
9.177103010535225621e+04
9.111697967393703584e+04
9.046665711679872766e+04
8.981683357781515224e+04
8.916528288744617021e+04
8.851045926413140842e+04
8.785129653513547964e+04
8.718731909861680469e+04
8.651915249706072791e+04
8.584934778425822151e+04
8.518323912016296526e+04
8.452941298790428846e+04
8.389935168259889178e+04
8.330596078368645976e+04
8.276098269674065523e+04
8.227166232375682739e+04
8.183735700874750910e+04
8.144696106058191799e+04
8.107797187495481921e+04
8.069774866655259393e+04
8.026706268071693194e+04
7.974551865615659335e+04
7.909797241718851728e+04
7.830079568257236679e+04
7.734681747048103716e+04
7.624800833048245113e+04
7.503541041576261341e+04
7.375634690597376903e+04
7.246944509726003162e+04
7.123837186187550833e+04
7.012534485362944542e+04
6.918543965802177263e+04
6.846250308269792004e+04
6.798717549187983968e+04
6.777719061233523826e+04
6.783980484863473976e+04
6.817591781195181829e+04
6.878516079712034843e+04
6.967093217071919935e+04
7.084407596424226358e+04
7.232373916817955615e+04
7.413408281244544196e+04
7.629614585041176178e+04
7.881534226547925209e+04
8.166665394204744371e+04
8.478112940352672013e+04
8.803818312506591610e+04
9.126781871271308046e+04
9.426501183255959768e+04
9.681538497220366844e+04
9.872785708927767701e+04
9.986733694018096139e+04
1.001797792364905035e+05
9.970346184668470232e+04
9.856376203060985426e+04
9.695290110616505262e+04
9.509972015036633820e+04
9.323645745480926416e+04
9.156931164212264412e+04
9.025763835003518034e+04
8.940380868320784066e+04
8.905303798835184716e+04
8.920060913829669880e+04
8.980316341860849934e+04
9.079099484548452892e+04
9.207918359480798244e+04
9.357650253006114508e+04
9.519197507833958662e+04
9.683955561333052174e+04
9.844160357185990142e+04
9.993170485540796653e+04
1.012570973195982515e+05
1.023806327618549549e+05
1.032819793650075590e+05
1.039577056516574085e+05
1.044199961469813425e+05
1.046939817007360543e+05
1.048139427526690852e+05
1.048188773910067539e+05
1.047480563741764054e+05
1.046371896371175681e+05
1.045157131793210283e+05
1.044055031582325755e+05
1.043210747544501355e+05
1.042710682551460195e+05
1.042606092117937806e+05
1.042940028877595905e+05
1.043772264503343031e+05
1.045198233129214786e+05
1.047360359789635258e+05
1.050452383852242492e+05
1.054718341524578718e+05
1.060447082945935836e+05
1.067960895163165114e+05
1.077594353740301885e+05
1.089658826979690784e+05
1.104390583459829213e+05
1.121886331421228097e+05
1.142037591392944742e+05
1.164481513290841540e+05
1.188587285985911731e+05
1.213492090028792154e+05
1.238188998147009261e+05
1.261654443978054624e+05
1.282989785071569786e+05
1.301544994316692027e+05
1.316995504709668166e+05
1.329355247414774494e+05
1.338926194844061101e+05
1.346201562770197052e+05
1.351750791097771144e+05
1.356116305408250482e+05
1.359744931153542711e+05
1.362963766084356175e+05
1.365996047890750342e+05
1.369001675648849341e+05
1.372122477946599538e+05
1.375514572054966702e+05
1.379357494045392086e+05
1.383839129099738784e+05
1.389123625759503338e+05
1.395314137464994274e+05
1.402422585208677920e+05
1.410355347841888142e+05
1.418918536827535718e+05
1.427841248682325240e+05
1.436811432405922387e+05
1.445517421449212998e+05
1.453688517066654167e+05
1.461129441916854121e+05
1.467745093624875881e+05
1.473553258931053279e+05
1.478683783795615891e+05
1.483363530871564581e+05
1.487887765045724809e+05
1.492580582596201566e+05
1.497749360719111573e+05
1.503640250047271547e+05
1.510402597358618805e+05
1.518069202396890032e+05
1.526556352373890404e+05
1.535683229221149522e+05
1.545205772751764453e+05
1.554856888655474177e+05
1.564384168650895299e+05
1.573578318313871860e+05
1.582289435261939361e+05
1.590432486421573558e+05
1.597986034459236253e+05
1.604988436805456295e+05
1.611533622355811822e+05
1.617765526915512455e+05
1.623868161659400794e+05
1.630048406808442669e+05
1.636511070793945109e+05
1.643429380482837732e+05
1.650917058101871226e+05
1.659008954428534780e+05
1.667655350381352182e+05
1.676731282484076801e+05
1.686058202356114925e+05
1.695432560792206204e+05
1.704655347928657720e+05
1.713557966372670780e+05
1.722022024405086704e+05
1.729992592677251669e+05
1.737485610270126199e+05
1.744590613505434303e+05
1.751470275890040502e+05
1.758358573506653192e+05
1.765559280520052707e+05
1.773445168853263895e+05
1.782455391662771581e+05
1.793084890447949874e+05
1.805857299880578357e+05
1.821274077452468337e+05
1.839738702578076045e+05
1.861464751960666035e+05
1.886387052188758971e+05
1.914101318964844395e+05
1.943855951560393441e+05
1.974609008502154902e+05
2.005146543160973815e+05
2.034240969462915964e+05
2.060816173903022718e+05
2.084083997914493084e+05
2.103625098902163154e+05
2.119402819249109889e+05
2.131715949242027709e+05
2.141109570922499115e+05
2.148269037043855351e+05
2.153920145482335356e+05
2.158750906412045588e+05
2.163360461051186139e+05
2.168232070626599016e+05
2.173721958385246689e+05
2.180055047176335938e+05
2.187321813074538077e+05
2.195475945044126711e+05
2.204337862552937295e+05
2.213611884868790803e+05
2.222923279671716155e+05
2.231875572551088699e+05
2.240120420194321196e+05
2.247425440339088673e+05
2.253722918575972144e+05
2.259125806257014337e+05
2.263905853007137775e+05
2.268438949153256253e+05
2.273131070462377102e+05
2.278342031637940090e+05
2.284323077412824205e+05
2.291179567567738413e+05
2.298863826477540424e+05
2.307197394008311676e+05
2.315917203039604356e+05
2.324736645121282490e+05
2.333410046080396278e+05
2.341788183567439264e+05
2.349853890547486080e+05
2.357730918087583268e+05
2.365665469949441031e+05
2.373986404320561560e+05
2.383054737905428337e+05
2.393214086724618101e+05
2.404750856873929733e+05
2.417867860617627739e+05
2.432670024057379924e+05
2.449158117661167053e+05
2.467226783432201482e+05
2.486665738795598445e+05
2.507166065201244783e+05
2.528335116302040115e+05
2.549722892543121125e+05
2.570860012382116984e+05
2.591303819296888250e+05
2.610686088955306623e+05
2.628754331673702691e+05
2.645399355884180986e+05
2.660664513179666246e+05
2.674736263804752380e+05
2.687920239129458205e+05
2.700610350404052297e+05
2.713259331212309189e+05
2.726356796420075698e+05
2.740416105572929373e+05
2.755965899657433620e+05
2.773538489601992769e+05
2.793647052907889010e+05
2.816747103301142342e+05
2.843183605619708542e+05
2.873131188713036245e+05
2.906539113959938986e+05
2.943093903929094668e+05
2.982210813151296461e+05
3.023061217639183160e+05
3.064637159189015510e+05
3.105847301000697189e+05
3.145631350952953799e+05
3.183074239202945610e+05
3.217499224193117698e+05
3.248522481549808290e+05
3.276060709894201718e+05
3.300295448538805358e+05
3.321608741819165298e+05
3.340510017390850699e+05
3.357571358918591868e+05
3.373379241976169287e+05
3.388499978346211719e+05
3.403449175395602942e+05
3.418655977268175338e+05
3.434420212350250222e+05
3.450870554604840581e+05
3.467938686624265974e+05
3.485364134506626870e+05
3.502736602445540484e+05
3.519570749665325857e+05
3.535397741916170344e+05
3.549852951742260484e+05
3.562741295471578487e+05
3.574069080977959093e+05
3.584040288805260789e+05
3.593022564933700487e+05
3.601492251129917568e+05
3.609968843247507466e+05
3.618948696600057883e+05
3.628846731331791962e+05
3.639953561432711431e+05
3.652413369637064170e+05
3.666224477481400245e+05
3.681260135947531671e+05
3.697302698603628669e+05
3.714081585375445429e+05
3.731305520826614229e+05
3.748682684042486362e+05
3.765927704989323393e+05
3.782760056990198791e+05
3.798902247755962308e+05
3.814086736820846563e+05
3.828077281306497171e+05
3.840704407553950441e+05
3.851908029784490354e+05
3.861775381677167607e+05
3.870561305074740085e+05
3.878681111020234530e+05
3.886672685382164200e+05
3.895132136764044408e+05
3.904633740130158258e+05
3.915648538101670565e+05
3.928476168350617518e+05
3.943201753697865643e+05
3.959685010300715221e+05
3.977583098284549196e+05
3.996402949611932272e+05
4.015573578570858808e+05
4.034525112832337036e+05
4.052760079123466858e+05
4.069904714401885867e+05
4.085733702798251179e+05
4.100169296926392708e+05
4.113262614527175319e+05
4.125168221087216516e+05
4.136121439514978556e+05
4.146421997281225631e+05
4.156420609327002312e+05
4.166500652985703782e+05
4.177047803399109980e+05
4.188406342055975692e+05
4.200829085610155598e+05
4.214434361939925002e+05
4.229184697287645540e+05
4.244896774471544777e+05
4.261282608689725166e+05
4.278011644787536352e+05
4.294776730776121840e+05
4.311346204698382644e+05
4.327589603732667165e+05
4.343473377947161207e+05
4.359031982113134582e+05
4.374325832795666065e+05
4.389399486996235792e+05
4.404251478033186286e+05
4.418823105384239461e+05
4.433008722423877334e+05
4.446685568843710935e+05
4.459757068286782596e+05
4.472199754418162047e+05
4.484101212815488689e+05
4.495676027547165286e+05
4.507250195921823033e+05
4.519212212250509765e+05
4.531939374419755186e+05
4.545717272554321098e+05
4.560674781685005291e+05
4.576753628238977399e+05
4.593721280920782010e+05
4.611222311414287542e+05
4.628851878488973598e+05
4.646230050894323504e+05
4.663058644872024888e+05
4.679150873202490038e+05
4.694433982486898894e+05
4.708932076790501014e+05
4.722738667120619793e+05
4.735987065849832725e+05
4.748824014323774027e+05
4.761389968920132378e+05
4.773808685837808880e+05
4.786187977689250838e+05
4.798631311958797742e+05
4.811255999249237357e+05
4.824209557298290893e+05
4.837673968690052279e+05
4.851849991503027850e+05
4.866920479221818387e+05
4.883000483003031695e+05
4.900088963091789628e+05
4.918038825462334789e+05
4.936557459123605513e+05
4.955240582206809777e+05
4.973631778294181568e+05
4.991292760160979815e+05
5.007867715623534750e+05
5.023129012211282970e+05
5.036998671585974516e+05
5.049547061857372173e+05
5.060974653114092071e+05
5.071583691477191169e+05
5.081745244193951366e+05
5.091864994654659531e+05
5.102349783633294865e+05
5.113576527733483817e+05
5.125865211563669727e+05
5.139457331145823118e+05
5.154500141962576308e+05
5.171035798993261415e+05
5.188993909690011060e+05
5.208186892834676546e+05
5.228309763698168681e+05
5.248948486177211162e+05
5.269602240090211853e+05
5.289723529063451570e+05
5.308775764784441562e+05
5.326301969490604242e+05
5.341992736686551943e+05
5.355738897949031089e+05
5.367655869882118423e+05
5.378072255432225065e+05
5.387483307788055390e+05
5.396477904994532000e+05
5.405653483171610860e+05
5.415535606942983577e+05
5.426517300270005362e+05
5.438828528084767750e+05
5.452539324088451685e+05
5.467592221216163598e+05
5.483852358406498097e+05
5.501158772479599575e+05
5.519359857287523337e+05
5.538320947071907576e+05
5.557901883975012461e+05
5.577914482291504974e+05
5.598079619983294979e+05
5.618006943937654141e+05
5.637214632939809235e+05
5.655193528333916329e+05
5.671503723689004546e+05
5.685878489944308531e+05
5.698305329098878428e+05
5.709058997623028699e+05
5.718674621816442814e+05
5.727865683149870019e+05
5.737405989464513259e+05
5.748002500740389805e+05
5.760185590433900943e+05
5.774236391249353765e+05
5.790160469461894827e+05
5.807706648570724064e+05
5.826421909552814905e+05
5.845729070761234034e+05
5.865013253433720674e+05
5.883705000733471243e+05
5.901351043454312021e+05
5.917666885233253706e+05
5.932567812846270390e+05
5.946176434286480071e+05
5.958805841418604832e+05
5.970918778849415248e+05
5.983065459094861289e+05
5.995805996085443767e+05
6.009627141450968338e+05
6.024865812767834868e+05
6.041652455956393387e+05
6.059884819192278665e+05
6.079237477649189532e+05
6.099205714043773478e+05
6.119176009483033558e+05
6.138511187365821097e+05
6.156637085922146216e+05
6.173119204115371685e+05
6.187720776625381550e+05
6.200436672948094783e+05
6.211499565659626387e+05
6.221356351852624211e+05
6.230615103568495251e+05
6.239966981377638876e+05
6.250093379931377713e+05
6.261574130808340851e+05
6.274814866136842174e+05
6.290008266417646082e+05
6.307134818885251880e+05
6.325996805634537013e+05
6.346269398396970937e+05
6.367549508954808116e+05
6.389388230549670989e+05
6.411304149266256718e+05
6.432787164149685996e+05
6.453309672179011395e+05
6.472360225828357507e+05
6.489504414587677456e+05
6.504463243466670392e+05
6.517187258636429906e+05
6.527900745585933328e+05
6.537096641712711425e+05
6.545477088460222585e+05
6.553851194346153643e+05
6.563014167246675352e+05
6.573635994217168773e+05
6.586182447770843282e+05
6.600879252975760028e+05
6.617716867410674458e+05
6.636483558530342998e+05
6.656811257425552467e+05
6.678221893901051953e+05
6.700168796144955559e+05
6.722074379645097069e+05
6.743368644204525044e+05
6.763531960660113255e+05
6.782141584662952228e+05
6.798916906071013073e+05
6.813755958801379893e+05
6.826755990713856881e+05
6.838213090895517962e+05
6.848598484774065437e+05
6.858511291938226204e+05
6.868609779778765514e+05
6.879526659528557211e+05
6.891779252231502905e+05
6.905690948638088303e+05
6.921343054253411246e+05
6.938572555243560346e+05
6.957020599417898338e+05
6.976221347649439704e+05
6.995707158022152726e+05
7.015100019871877739e+05
7.034164052712444682e+05
7.052808162721541012e+05
7.071045728569354396e+05
7.088932063362319022e+05
7.106504969545433996e+05
7.123747999591764528e+05
7.140583682160652243e+05
7.156891166835133918e+05
7.172535178152857115e+05
7.187393454749982338e+05
7.201376516326877754e+05
7.214442089804082643e+05
7.226611572916936129e+05
7.237994245569283376e+05
7.248817035686762538e+05
7.259447702713864855e+05
7.270393296924720053e+05
7.282258411724300822e+05
7.295659831364046549e+05
7.311111539713906823e+05
7.328909151096355636e+05
7.349048169383616187e+05
7.371202462384769460e+05
7.394770393491087016e+05
7.418973938209954649e+05
7.442980388715382433e+05
7.466013617252175463e+05
7.487432748323798878e+05
7.506774300795373274e+05
7.523769740874032723e+05
7.538355816127656726e+05
7.550687766633809078e+05
7.561150421630247729e+05
7.570348780087585328e+05
7.579056948523679748e+05
7.588115825745458715e+05
7.598291583672041306e+05
7.610128802032467211e+05
