6.829313331216609804e+05
6.806135423179320060e+05
6.782005978635117644e+05
6.757612457226953702e+05
6.733728800412735436e+05
6.711140994242485613e+05
6.690557024664168712e+05
6.672522370146099711e+05
6.657358680735219968e+05
6.645133006290452322e+05
6.635654230751335854e+05
6.628488102352995193e+05
6.622984478197392309e+05
6.618317412537408527e+05
6.613544800593141699e+05
6.607694159218417481e+05
6.599873081780000357e+05
6.589390017964823637e+05
6.575859736253019655e+05
6.559264662581356242e+05
6.539951439279521583e+05
6.518559493170797359e+05
6.495898619263367727e+05
6.472807503133926075e+05
6.450028828831665451e+05
6.428128100317262579e+05
6.407466630552688148e+05
6.388221416717784014e+05
6.370432543865890475e+05
6.354055810874407180e+05
6.339003633966960479e+05
6.325166938567588804e+05
6.312419861048818566e+05
6.300614290072463918e+05
6.289571845346072223e+05
6.279078368540033698e+05
6.268882886056391289e+05
6.258701261390581494e+05
6.248224919236355927e+05
6.237136192287930753e+05
6.225132411205816315e+05
6.211959536251346581e+05
6.197452712940623751e+05
6.181576700782417320e+05
6.164455578441203106e+05
6.146380353512151632e+05
6.127786123864275869e+05
6.109196947162532015e+05
6.091144997197948396e+05
6.074078546090498567e+05
6.058278338604352903e+05
6.043802165372866439e+05
6.030472256939108483e+05
6.017910438584452495e+05
6.005614257003626553e+05
5.993056909754138906e+05
5.979788049298074329e+05
5.965513301365758525e+05
5.950137297668337123e+05
5.933765597221665084e+05
5.916671243989891373e+05
5.899238457491551526e+05
5.881897510967825074e+05
5.865062052853197092e+05
5.849075531188718742e+05
5.834169752066673245e+05
5.820437398568824865e+05
5.807821038672612049e+05
5.796121793796907878e+05
5.785029380902192788e+05
5.774170961399442749e+05
5.763170364953000098e+05
5.751704500726060942e+05
5.739542915610425407e+05
5.726560869539384730e+05
5.712724981298438506e+05
5.698060290184629848e+05
5.682614402633114951e+05
5.666435077968959231e+05
5.649571443091968540e+05
5.632098282925885869e+05
5.614151938753188588e+05
5.595959904833771288e+05
5.577847045039687073e+05
5.560209157710871659e+05
5.543456199829389807e+05
5.527938265021034749e+05
5.513873483436943498e+05
5.501296662794535514e+05
5.490041556162970373e+05
5.479760707943472080e+05
5.469977885515688686e+05
5.460161428976025200e+05
5.449803558682374423e+05
5.438490870182258077e+05
5.425954384629731067e+05
5.412092703137588687e+05
5.396967834729937604e+05
5.380778717883187346e+05
5.363820997768057277e+05
5.346442458240888081e+05
5.329001764972885139e+05
5.311834896056364523e+05
5.295230299449054291e+05
5.279411631113076583e+05
5.264526306421944173e+05
5.250638625086983666e+05
5.237727096014463459e+05
5.225686155159653863e+05
5.214332588090226054e+05
5.203416883692080155e+05
5.192639735559200053e+05
5.181673987511229352e+05
5.170192215489963419e+05
5.157899508940631640e+05
5.144569706969855470e+05
5.130081498973866692e+05
5.114448812709301128e+05
5.097838378535516676e+05
5.080567050682243425e+05
5.063073247156225843e+05
5.045861337248943164e+05
5.029424689808178227e+05
5.014160763494408457e+05
5.000297220688026864e+05
4.987848563358400133e+05
4.976616649306353647e+05
4.966236780022514868e+05
4.956257691369628883e+05
4.946233766856591101e+05
4.935805064065437764e+05
4.924746239612415084e+05
4.912976711284585181e+05
4.900536777100703330e+05
4.887543295396193280e+05
4.874141252460164833e+05
4.860464252498474671e+05
4.846610159262525267e+05
4.832631284912655829e+05
4.818534540768652223e+05
4.804286937005114742e+05
4.789824709328897879e+05
4.775067588657411980e+05
4.759940562982009724e+05
4.744402543245568522e+05
4.728475654463797109e+05
4.712263600143679068e+05
4.695946469193146331e+05
4.679744676952290465e+05
4.663855489650485688e+05
4.648377642951478483e+05
4.633247440647477633e+05
4.618209295943594771e+05
4.602834398839812493e+05
4.586586460335210431e+05
4.568919045749476645e+05
4.549380231264387257e+05
4.527699813364880392e+05
4.503841111654866254e+05
4.478009983925768174e+05
4.450623920873508323e+05
4.422251232367607299e+05
4.393533684864963870e+05
4.365106364777923445e+05
4.337527247464510729e+05
4.311226559203404468e+05
4.286482403318366269e+05
4.263424065119688748e+05
4.242058429993631435e+05
4.222309585096263909e+05
4.204058946317906957e+05
4.187174568497312721e+05
4.171523517640208593e+05
4.156968439339215984e+05
4.143355890400421922e+05
4.130507041070986888e+05
4.118219856471025851e+05
4.106286545174799394e+05
4.094523101457311423e+05
4.082801850593205891e+05
4.071075195468391757e+05
4.059380214524089824e+05
4.047818949994969298e+05
4.036516585237688851e+05
4.025567015887933667e+05
4.014980274433310842e+05
4.004647124501820654e+05
3.994332280214847415e+05
3.983699992912083981e+05
3.972366443871606025e+05
3.959965493216824252e+05
3.946210553876649356e+05
3.930937018981745932e+05
3.914116197412722977e+05
3.895840827885496547e+05
3.876290817464492866e+05
3.855693018677847576e+05
3.834288968229324673e+05
3.812319637981809792e+05
3.790028189885000465e+05
3.767673459183422965e+05
3.745541609895516885e+05
3.723943342671198188e+05
3.703189465400860645e+05
3.683546595637675491e+05
3.665183731865826412e+05
3.648125805516378605e+05
3.632229987176326104e+05
3.617194689213561360e+05
3.602602178315572673e+05
3.587986694579890464e+05
3.572913734712947626e+05
3.557054143620706745e+05
3.540238860588616808e+05
3.522485485707735061e+05
3.503994579509170144e+05
3.485119910669816891e+05
3.466321046344460919e+05
3.448107725582956336e+05
3.430983492082214798e+05
3.415392491712604533e+05
3.401670359098304762e+05
3.389999645960891503e+05
3.380372782159882481e+05
3.372569673363236943e+05
3.366159901947941980e+05
3.360538330788692110e+05
3.354996579174016952e+05
3.348822741720179329e+05
3.341411422814920661e+05
3.332359927305022138e+05
3.321527353610441205e+05
3.309041831039406243e+05
3.295254754868485616e+05
3.280655115293790586e+05
3.265767111128587276e+05
3.251056914761255612e+05
3.236869126704502269e+05
3.223402365909116343e+05
3.210720733456552261e+05
3.198788019325381611e+05
3.187507598908460350e+05
3.176753652929411037e+05
3.166386775162214763e+05
3.156255727431379491e+05
3.146193482822297956e+05
3.136017529311541584e+05
3.125541538515535649e+05
3.114599664671610808e+05
3.103078562929853797e+05
3.090948067285001162e+05
3.078280604685850558e+05
3.065251793058938929e+05
3.052119260463214014e+05
3.039182101564261829e+05
3.026728172430832055e+05
3.014979525429594796e+05
3.004047026831312105e+05
2.993903424109179759e+05
2.984380289311566157e+05
2.975189370308466023e+05
2.965964217860634089e+05
2.956314624123237445e+05
2.945884927820644225e+05
2.934407458436917514e+05
2.921743737312014564e+05
2.907907966921973857e+05
2.893069555445238366e+05
2.877533944872701541e+05
2.861703842902524048e+05
2.846025858024168410e+05
2.830929989876415348e+05
2.816770867790282355e+05
2.803779709764100844e+05
2.792034663000128348e+05
2.781454672394771478e+05
2.771818543795820442e+05
2.762806694391664932e+05
2.754058689903973718e+05
2.745235938405942288e+05
2.736077071367027238e+05
2.726434712053370313e+05
2.716286824588155723e+05
2.705722654250488849e+05
2.694910189577033161e+05
2.684056471862668986e+05
2.673372128351917490e+05
2.663047186169413617e+05
2.653238480591939297e+05
2.644062915024609538e+05
2.635588307215562090e+05
2.627815799967459170e+05
2.620653851360729313e+05
2.613890907061948965e+05
2.607178714685006125e+05
2.600038473150541249e+05
2.591897099759172706e+05
2.582152376080379763e+05
2.570256545925900864e+05
2.555801309322069283e+05
2.538585417457248259e+05
2.518649870720417530e+05
2.496273846592293121e+05
2.471934349994528457e+05
2.446241144944755069e+05
2.419863326311884739e+05
2.393463801159048162e+05
2.367653448904276011e+05
2.342969595146191132e+05
2.319876040892584715e+05
2.298776401781710447e+05
2.280030247666231589e+05
2.263962668404239230e+05
2.250861549188816862e+05
2.240961478619446571e+05
2.234417202218984603e+05
2.231271726049175777e+05
2.231424306374117441e+05
2.234602300788328284e+05
2.240339438310008263e+05
2.247962634164953779e+05
2.256590437072027707e+05
2.265147935618923802e+05
2.272404077807315625e+05
2.277036412259507051e+05
2.277724495924731600e+05
2.273267083051568188e+05
2.262711296244481055e+05
2.245476431400818692e+05
2.221452786493271415e+05
2.191057933926229307e+05
2.155238910343551543e+05
2.115417405122313357e+05
2.073383962090251734e+05
2.031154192759574216e+05
1.990803491680779553e+05
1.954296536971640307e+05
1.923325209580723022e+05
1.899165675464719534e+05
1.882564292603070207e+05
1.873663378035389469e+05
1.871980232540465659e+05
1.876452977476527158e+05
1.885561350013987394e+05
1.897518213707101822e+05
1.910510221848379879e+05
1.922949239986374741e+05
1.933686590861611185e+05
1.942145040360759594e+05
1.948339505483885005e+05
1.952782511026268476e+05
1.956296806681989110e+05
1.959777363879533368e+05
1.963953088727983122e+05
1.969194244002894848e+05
1.975397832232031797e+05
1.981965009322510450e+05
1.987866690429467126e+05
1.991779079358351883e+05
1.992261460435543268e+05
1.987944716808799712e+05
1.977700603198302852e+05
1.960768233675577212e+05
1.936824220831712883e+05
1.905994230530475907e+05
1.868813756364537694e+05
1.826152461371621175e+05
1.779118563235879701e+05
1.728958111947267025e+05
1.676960366363271314e+05
1.624376653327957029e+05
1.572357134394852037e+05
1.521907782909527887e+05
1.473867901196749008e+05
1.428906102252236451e+05
1.387529957960833854e+05
1.350102341310585907e+05
1.316856987105309672e+05
1.287907632064092904e+05
1.263248969662997115e+05
1.242752277188068547e+05
1.226162156339583307e+05
1.213101866546542151e+05
1.203092683701760689e+05
1.195588303643318068e+05
1.190020237281901354e+05
1.185846395392308768e+05
1.182594039303986210e+05
1.179890205956323043e+05
1.177476598769962147e+05
1.175210054237326840e+05
1.173052448436771811e+05
1.171054529208162567e+05
1.169336960248688847e+05
1.168069927510169655e+05
1.167451191199191089e+05
1.167682174269225943e+05
1.168942496249159012e+05
1.171364620786245941e+05
1.175011158563456120e+05
1.179857319014467939e+05
1.185780028367719060e+05
1.192553805252064776e+05
1.199852317433383723e+05
1.207254254360834166e+05
1.214252997931724094e+05
1.220271297107189021e+05
1.224683973116206471e+05
1.226852503327131999e+05
1.226174131011908175e+05
1.222144491240064963e+05
1.214427217413190228e+05
1.202918296647000243e+05
1.187789447158144758e+05
1.169495633916625957e+05
1.148737886754804495e+05
1.126382777436106408e+05
1.103351382641393138e+05
1.080499583391661581e+05
1.058514947857054503e+05
1.037851826376319368e+05
1.018716609000504832e+05
1.001102291922040167e+05
9.848594109879514144e+04
9.697824561045732116e+04
9.556890333502850262e+04
9.424733016643843439e+04
9.301238387415395118e+04
9.187063007225214096e+04
9.083201242108717270e+04
8.990438865250458184e+04
8.908848450677079381e+04
8.837450245817069663e+04
8.774104777580741211e+04
8.715639761606886168e+04
8.658162161744059995e+04
8.597477917473406706e+04
8.529538920403720113e+04
8.450852665878982225e+04
8.358813318350075861e+04
8.251933084598576534e+04
8.129964362656070443e+04
7.993907432429259643e+04
7.845901372261367214e+04
7.689003374503443774e+04
7.526875449577724794e+04
7.363413809128361754e+04
7.202367841744759062e+04
7.046996568323735846e+04
6.899799883949373907e+04
6.762344687854469521e+04
6.635190080223589030e+04
6.517907323990162695e+04
6.409189941844953864e+04
6.307052008497573843e+04
6.209110657470846490e+04
6.112936750575403130e+04
6.016436701446129155e+04
5.918206726181555132e+04
5.817789920241098298e+04
5.715775715697934356e+04
5.613711947357765166e+04
5.513843976538367133e+04
5.418738513275481819e+04
5.330876973444922623e+04
5.252305523380717204e+04
5.184407159329215210e+04
5.127824691613081814e+04
5.082525827206985559e+04
5.047974354668791784e+04
5.023360481825051102e+04
5.007847570915029792e+04
5.000806033792610106e+04
5.002020961060869740e+04
5.011873013282161992e+04
5.031500312736566411e+04
5.062953321845736355e+04
5.109356432927010610e+04
5.175089048880815244e+04
5.265992158171643678e+04
5.389588336779438396e+04
5.555268997365082032e+04
5.774353182593305246e+04
6.059867599202664860e+04
6.425859272443049849e+04
6.886058682940223662e+04
7.451788764344976516e+04
8.129174902677076170e+04
8.915937806186884700e+04
9.798298187776857230e+04
1.074871742635355622e+05
1.172526111455480423e+05
1.267323882096660091e+05
1.352942300114042591e+05
1.422862469522671599e+05
1.471181078532008687e+05
1.493444129287303949e+05
1.487344656913652143e+05
1.453136892469385057e+05
1.393668330180714547e+05
1.314009177528861328e+05
1.220746049112701876e+05
1.121079411697309115e+05
1.021901642140281620e+05
9.290248450443804904e+04
8.466792003919990384e+04
7.773302137683684123e+04
7.217892494203220122e+04
6.795362543010595255e+04
6.491480871303311142e+04
6.287308575978760928e+04
6.162817257220340252e+04
6.099420504283333139e+04
6.081377371618156758e+04
6.096264097718217090e+04
6.134820699021516339e+04
6.190478340624230623e+04
6.258800582609760022e+04
6.336970268673536339e+04
6.423359973767401971e+04
6.517160801805635856e+04
6.618021687846416899e+04
6.725666809368821851e+04
6.839499826156877680e+04
6.958251199790596729e+04
7.079757560796846519e+04
7.200963075699476758e+04
7.318195587721746415e+04
7.427702561315648200e+04
7.526353883107042930e+04
7.612356859953774256e+04
7.685806188887498865e+04
7.748918461629269586e+04
7.805870209664125287e+04
7.862249657523569476e+04
7.924218457908410346e+04
7.997538301587855676e+04
8.086637594361389347e+04
8.193877502864952839e+04
8.319135424945849809e+04
8.459770104552080738e+04
8.610975585013662931e+04
8.766475727650568297e+04
8.919459740798718121e+04
9.063616373460675823e+04
9.194098069446785667e+04
9.308246364315313986e+04
9.405943327440723078e+04
9.489520197027295944e+04
9.563242287968705932e+04
9.632478723938984331e+04
9.702733450891844404e+04
9.778741695204985444e+04
9.863815673990831419e+04
9.959560566816291248e+04
1.006599391388574295e+05
1.018201255252979172e+05
1.030608404639490036e+05
1.043700976063438575e+05
1.057461737154924631e+05
1.072028131018257845e+05
1.087722006165445782e+05
1.105055659279265674e+05
1.124713701278499357e+05
1.147508313510253502e+05
1.174302569479219237e+05
1.205895838112722704e+05
1.242869974833462766e+05
1.285406361442137859e+05
1.333100012526143400e+05
1.384812662242987717e+05
1.438614698726903589e+05
1.491859503192626580e+05
1.541410647970349237e+05
1.584006216495319386e+05
1.616705090621926065e+05
1.637330533306958096e+05
1.644818259448872996e+05
1.639394315768569941e+05
1.622548091302309476e+05
1.596815113383200369e+05
1.565426962304515182e+05
1.531908509543908003e+05
1.499700456009583140e+05
1.471861905174234125e+05
1.450874449138684431e+05
1.438538845598562330e+05
1.435937432444505685e+05
1.443433264615920489e+05
1.460687468880212691e+05
1.486692320131561428e+05
1.519831096983914031e+05
1.557981046830224805e+05
1.598670735514019034e+05
1.639289643274703994e+05
1.677331092289719672e+05
1.710635648754855210e+05
1.737596275627334835e+05
1.757291165560511290e+05
1.769524146469481348e+05
1.774771479155273410e+05
1.774052009535289544e+05
1.768750040929266834e+05
1.760424463219839381e+05
1.750634054673362407e+05
1.740800054489601462e+05
1.732116409420979617e+05
1.725508270626997983e+05
1.721631898939277453e+05
1.720904560034827155e+05
1.723551057410397043e+05
1.729653877561637491e+05
1.739196117838693026e+05
1.752089972010482452e+05
1.768187915918031067e+05
1.787278048393155914e+05
1.809068500137478695e+05
1.833167905890240509e+05
1.859069571227758424e+05
1.886146465104572126e+05
1.913662931592116656e+05
1.940807178313130571e+05
1.966745903761029476e+05
1.990698457095107296e+05
2.012022681364027085e+05
2.030299023577807820e+05
2.045395558512055140e+05
2.057496564077093208e+05
2.067082655792076548e+05
2.074860755909879517e+05
2.081654639449610258e+05
2.088277388481866801e+05
2.095412013795416860e+05
2.103523960601294821e+05
2.112820191293646349e+05
2.123257359821074060e+05
2.134590432841004804e+05
2.146446242333485570e+05
2.158405059881185298e+05
2.170076334520025703e+05
2.181159820836051949e+05
2.191487942689847550e+05
2.201047928856507933e+05
2.209983069740330102e+05
2.218572623527123360e+05
2.227190991303015035e+05
2.236249625481429393e+05
2.246129270516046963e+05
2.257113920847940026e+05
2.269339328993050149e+05
2.282766761085924227e+05
2.297187238646690093e+05
2.312254472309759003e+05
2.327538507725344680e+05
2.342588699805240321e+05
2.356994602609775611e+05
2.370435883532138832e+05
2.382715880981176451e+05
2.393776595656925347e+05
2.403695272095923719e+05
2.412664623587731330e+05
2.420960680860947468e+05
2.428904190804605605e+05
2.436822736998641049e+05
2.445020335981258831e+05
2.453758768589508254e+05
2.463251000590601179e+05
2.473663303125056264e+05
2.485120743948647287e+05
2.497711324013186095e+05
2.511486556133127888e+05
2.526459125513943145e+05
2.542599871284667170e+05
2.559836115976769652e+05
2.578052048658976855e+05
2.597090810444561939e+05
2.616758127286314266e+05
2.636828623211899539e+05
2.657057095690568094e+05
2.677196634372213157e+05
2.697023020321979420e+05
2.716361290211174055e+05
2.735107601241001976e+05
2.753239334393029567e+05
2.770809224376983475e+05
2.787924134439339978e+05
2.804713876434839913e+05
2.821298327983367490e+05
2.837761160405208939e+05
2.854136124203932122e+05
2.870408177483300096e+05
2.886528036195424502e+05
2.902435895151759614e+05
2.918088607720793807e+05
2.933484649788574898e+05
2.948682516969265416e+05
2.963810220547246863e+05
2.979065380074170534e+05
2.994706274489060743e+05
3.011033945011356845e+05
3.028364780161624076e+05
3.046993276923967642e+05
3.067146884822621942e+05
3.088938807062198175e+05
3.112328677410421078e+05
3.137102721508630784e+05
3.162882554873872432e+05
3.189165225781739573e+05
3.215388607341426541e+05
3.241009001260080840e+05
3.265574550046661752e+05
3.288779698995306389e+05
3.310491422591945739e+05
3.330744946352755651e+05
3.349713002282024827e+05
3.367656922975141788e+05
3.384869832889692625e+05
3.401622176439536270e+05
3.418118266804636223e+05
3.434469788235248998e+05
3.450688647104600095e+05
3.466697920676929643e+05
3.482356765903595951e+05
3.497493694538182463e+05
3.511942661761394120e+05
3.525577352592500392e+05
3.538340015402591089e+05
3.550261654919776483e+05
3.561470531472009607e+05
3.572186429832152207e+05
3.582699721296257921e+05
3.593336885072154691e+05
3.604417166095174034e+05
3.616207364288792596e+05
3.628882586287708255e+05
3.642500004698306439e+05
3.656990662443862529e+05
3.672171641444258275e+05
3.687777762858277420e+05
3.703508485814629239e+05
3.719082088326012017e+05
3.734286330057735904e+05
3.749013841867343290e+05
3.763272587814964354e+05
3.777167179863724159e+05
3.790854552000468248e+05
3.804485294868780766e+05
3.818147158288332284e+05
3.831827797861812869e+05
3.845409185061999015e+05
3.858697384618033539e+05
3.871481172478509252e+05
3.883604276007066364e+05
3.895031438227414619e+05
3.905889376329082879e+05
3.916469804779425613e+05
3.927191385059193708e+05
3.938528143093960243e+05
3.950920652956506819e+05
3.964690662245761487e+05
3.979978549665202736e+05
3.996716457422400126e+05
4.014640231269177748e+05
4.033333616880539921e+05
4.052291629737704643e+05
4.070988453008020297e+05
4.088938367524631321e+05
4.105743913180464879e+05
4.121130728611900122e+05
4.134970991979169776e+05
4.147296567793795257e+05
4.158300284730032436e+05
4.168321694068931974e+05
4.177814217602057033e+05
4.187294195017687161e+05
4.197277546184557141e+05
4.208214132266597589e+05
4.220431366980371531e+05
4.234096598705054494e+05
4.249203313382388442e+05
4.265581258598318091e+05
4.282926867307882058e+05
4.300848479233182734e+05
4.318920285189009737e+05
4.336738635438191122e+05
4.353973736040951917e+05
4.370409101806288818e+05
4.385961494722350035e+05
4.400676545256364625e+05
4.414700114797663991e+05
4.428231710548416595e+05
4.441471821200967534e+05
4.454577556718304404e+05
4.467638946167042595e+05
4.480681860526229138e+05
4.493694794251320418e+05
4.506668780693044537e+05
4.519635474076215178e+05
4.532689408224320505e+05
4.545986094907613005e+05
4.559715694465172710e+05
4.574059578007414821e+05
4.589141880889360327e+05
4.604989130730577745e+05
4.621508579826835194e+05
4.638491152829159400e+05
4.655639274429302895e+05
4.672614402159641613e+05
4.689094759329928202e+05
4.704831322699337034e+05
4.719690200865759398e+05
4.733672384979492635e+05
4.746907018663351191e+05
4.759620601243522251e+05
4.772090199765968136e+05
4.784592178637532052e+05
4.797358225465630530e+05
4.810547640714170411e+05
4.824239981285926769e+05
4.838446710389529471e+05
4.853135950295507209e+05
4.868261728249957087e+05
4.883788620913862833e+05
4.899704341220646747e+05
4.916016193099219236e+05
4.932731853842189303e+05
4.949829763112358632e+05
4.967228307221762952e+05
4.984764653850195464e+05
5.002192537446476636e+05
5.019203497482785024e+05
5.035469286269295844e+05
5.050696645017463597e+05
5.064681779996136320e+05
5.077352095731573063e+05
5.088786851156312623e+05
5.099214605775983073e+05
5.108991072468380444e+05
5.118564177515425836e+05
5.128433005620648037e+05
5.139104760943189031e+05
5.151050873078082222e+05
5.164661925088797580e+05
5.180202180397790507e+05
5.197767612463551341e+05
5.217254715515469434e+05
5.238348894879024010e+05
5.260539592669688864e+05
5.283164664494940080e+05
5.305480397583461599e+05
5.326747976103096735e+05
5.346323696172329364e+05
5.363739323166562244e+05
5.378760324589817319e+05
5.391412727392907254e+05
5.401973723186482675e+05
5.410926770120960427e+05
5.418888402151874034e+05
5.426520067377983360e+05
5.434442208209169330e+05
5.443167664732701378e+05
5.453066586479104590e+05
5.464366320455853129e+05
5.477179700825451873e+05
5.491547010153203737e+05
5.507473401662127580e+05
5.524946141267621424e+05
5.543924075660080416e+05
5.564302791299041128e+05
5.585869295002983417e+05
5.608265958076757379e+05
5.630982507253857329e+05
5.653387040085862391e+05
5.674795040667201392e+05
5.694563474553744309e+05
5.712189401813667500e+05
5.727391422986747930e+05
5.740157249260541284e+05
5.750749234571517445e+05
5.759668657993128290e+05
5.767586581686621066e+05
5.775253431719980435e+05
5.783401426474127220e+05
5.792654256768177729e+05
5.803457214780851500e+05
5.816037996620238991e+05
5.830403428351955954e+05
5.846370821629014099e+05
5.863625875172731467e+05
5.881793826979359146e+05
5.900508493452259572e+05
5.919465515545520466e+05
5.938450968753671041e+05
5.957342951648911694e+05
5.976090009495553095e+05
5.994674791224291548e+05
6.013073460814276477e+05
6.031221170235573081e+05
6.048991941661154851e+05
6.066198270522381645e+05
6.082612077251245501e+05
6.098004483875185251e+05
6.112197510382944020e+05
6.125116870829327963e+05
6.136832876788621070e+05
6.147577465489584720e+05
6.157730290693423012e+05
6.167774819891125662e+05
6.178233919779864373e+05
6.189600077178400243e+05
6.202275591887942282e+05
6.216532574137441115e+05
6.232494038671557792e+05
6.250130210102951387e+05
6.269262141273139277e+05
6.289568795459533576e+05
6.310601011921586469e+05
6.331811051705694990e+05
6.352605165355046047e+05
6.372417988322786987e+05
6.390795487305730348e+05
6.407464554646457545e+05
6.422368103459498379e+05
6.435655764836830785e+05
6.447637067098575644e+05
6.458717645500390790e+05
6.469342167134818155e+05
6.479958571459925734e+05
6.491002247224533930e+05
6.502885303957610158e+05
6.515973159945644438e+05
6.530540111453058198e+05
6.546711939829826588e+05
6.564417402601682115e+05
6.583373469484850066e+05
6.603119172578996513e+05
6.623094702689385740e+05
6.642744817216335796e+05
6.661616923519646516e+05
6.679427731875230093e+05
6.696085442398358136e+05
6.711670264278101968e+05
6.726387594960595015e+05
6.740511515426603146e+05
6.754332088974887738e+05
6.768112503129940014e+05
6.782056339269386372e+05
6.796284074649955146e+05
6.810820689088524086e+05
6.825599509014377836e+05
6.840487226388448616e+05
6.855329577828386100e+05
6.870008224264048040e+05
6.884491568491131766e+05
6.898860572847995209e+05
6.913297454410139471e+05
6.928038475648975000e+05
6.943306268089028308e+05
6.959245652034688974e+05
6.975885633547699545e+05
6.993139660284443526e+05
7.010841119308972266e+05
7.028798122546151280e+05
7.046846072653474985e+05
7.064879821062491974e+05
7.082856936583145289e+05
7.100774935271998402e+05
7.118633727870901348e+05
7.136397591858142987e+05
7.153968892449431587e+05
7.171180634829263436e+05
7.187809255240585189e+05
7.203604657701506512e+05
7.218331991947880015e+05
7.231818689243047265e+05
7.244000065462391358e+05
7.254956755685561802e+05
7.264937221843856387e+05
7.274358945049877511e+05
7.283783365281614242e+05
7.293862814139842521e+05
7.305262779961774359e+05
7.318569174971019384e+05
7.334196193255918333e+05
7.352313567250648048e+05
7.372810458164475858e+05
7.395306066291970201e+05
7.419205687034387374e+05
7.443788877922263928e+05
7.468308132755148690e+05
7.492075466605905676e+05
7.514521202723032329e+05
7.535221082204889972e+05
7.553899269460566575e+05
7.570420764686517650e+05
7.584784871880247956e+05
7.597123516642758623e+05
7.607699298202061327e+05
7.616893533693443751e+05
7.625176982109210221e+05
7.633064091805353528e+05
