6.102815062992338790e+05
6.093150722914489452e+05
6.086085278866541339e+05
6.080675395772189368e+05
6.075858547272857977e+05
6.070595060342629440e+05
6.063990828005269868e+05
6.055390434737160103e+05
6.044436873281269800e+05
6.031096585566761205e+05
6.015648345166442450e+05
5.998634470938940067e+05
5.980775888418355025e+05
5.962859440280203708e+05
5.945614454267085530e+05
5.929601693233284168e+05
5.915137416382398224e+05
5.902267003690426936e+05
5.890788907850547694e+05
5.880316004106483888e+05
5.870353408364509232e+05
5.860372569206362823e+05
5.849869679792418610e+05
5.838407366402215557e+05
5.825646354504302144e+05
5.811374662908278406e+05
5.795536136245991802e+05
5.778251843786111567e+05
5.759822531061796471e+05
5.740701774604342645e+05
5.721437864686362445e+05
5.702593987198283430e+05
5.684665402386295609e+05
5.668014542353337165e+05
5.652839190814645262e+05
5.639177878566515865e+05
5.626945181874148548e+05
5.615982120132733835e+05
5.606105174119801959e+05
5.597140622153491713e+05
5.588936473112237873e+05
5.581350205458032433e+05
5.574216142592948163e+05
5.567301871287251124e+05
5.560268423305037431e+05
5.552652272585938917e+05
5.543885754660374951e+05
5.533364232399250614e+05
5.520553928694250062e+05
5.505118062915852061e+05
5.487027206981384661e+05
5.466618380063085351e+05
5.444578478257176466e+05
5.421848344407454133e+05
5.399467208275634330e+05
5.378395143807895947e+05
5.359357351401794003e+05
5.342746573616636451e+05
5.328601775503727840e+05
5.316658908862730023e+05
5.306450695169190876e+05
5.297422745400072308e+05
5.289035148633479839e+05
5.280829857339317678e+05
5.272459545457777567e+05
5.263686877132522641e+05
5.254369541561463848e+05
5.244444536528191529e+05
5.233917309096703539e+05
5.222852330050760065e+05
5.211356579028544948e+05
5.199549158720578998e+05
5.187518133386166301e+05
5.175275653101661010e+05
5.162729007313514012e+05
5.149684233896022197e+05
5.135889505952275358e+05
5.121110952381059178e+05
5.105219757381178206e+05
5.088262333404363017e+05
5.070488493815796683e+05
5.052325188695385586e+05
5.034301001171899843e+05
5.016942745332241175e+05
5.000674277829616913e+05
4.985745995876067318e+05
4.972212309030800243e+05
4.959957963619754883e+05
4.948758538924300810e+05
4.938351239249832579e+05
4.928492184325465932e+05
4.918985020768383401e+05
4.909678858702309662e+05
4.900445735485181212e+05
4.891154230677667074e+05
4.881654437677931273e+05
4.871781662986943847e+05
4.861376090738212224e+05
4.850308038448312436e+05
4.838496629933745717e+05
4.825914058815786848e+05
4.812575520215611323e+05
4.798522227589318063e+05
4.783808086546099512e+05
4.768498135555658955e+05
4.752680121808841941e+05
4.736482939452892751e+05
4.720090893119228422e+05
4.703743241198353935e+05
4.687714086570785730e+05
4.672275848308714340e+05
4.657656506987657631e+05
4.644003439204877359e+05
4.631363938315855921e+05
4.619685987765855389e+05
4.608835703984115971e+05
4.598623289722806076e+05
4.588828971793137607e+05
4.579223675807777909e+05
4.569583877204390010e+05
4.559703556381363305e+05
4.549406833520905930e+05
4.538562677695437451e+05
4.527099547548377886e+05
4.515015004295162507e+05
4.502374896483105258e+05
4.489299150733269053e+05
4.475935677552336128e+05
4.462428606215048349e+05
4.448889942685466958e+05
4.435383333632496651e+05
4.421924701374684810e+05
4.408498356563806301e+05
4.395081196909036953e+05
4.381664383762038196e+05
4.368263128309082822e+05
4.354910719030388864e+05
4.341640459265667596e+05
4.328465346782588167e+05
4.315367071055279230e+05
4.302302097804276855e+05
4.289224752771487110e+05
4.276118856245127972e+05
4.263024534173654392e+05
4.250047744732971769e+05
4.237346491982606822e+05
4.225096773687646491e+05
4.213449012695928686e+05
4.202488818897656747e+05
4.192213425696228514e+05
4.182528583963900455e+05
4.173263258024490206e+05
4.164194390570680844e+05
4.155073114495302434e+05
4.145646804610937834e+05
4.135676195756557281e+05
4.124950674148563994e+05
4.113305694965284783e+05
4.100643709490434267e+05
4.086955492198452121e+05
4.072334949868723052e+05
4.056979744817762403e+05
4.041173235992201371e+05
4.025249165065291454e+05
4.009546538107808447e+05
3.994365508177966694e+05
3.979934299755372340e+05
3.966392895875248360e+05
3.953793487655271310e+05
3.942113063433354255e+05
3.931271548469928093e+05
3.921149631447973079e+05
3.911602705135931028e+05
3.902469830283682677e+05
3.893578459308742313e+05
3.884746700251906877e+05
3.875785387031786959e+05
3.866502262563005788e+05
3.856710034292299533e+05
3.846238782095594215e+05
3.834951397958876914e+05
3.822759077190172975e+05
3.809633170148201752e+05
3.795610398573362036e+05
3.780790314359324402e+05
3.765326087061046273e+05
3.749411219017151161e+05
3.733264925100284163e+05
3.717117707289750106e+05
3.701196841839745757e+05
3.685710179868338746e+05
3.670826759926999221e+05
3.656654483790170052e+05
3.643217869605381857e+05
3.630441363923407043e+05
3.618144489977293997e+05
3.606053471423963201e+05
3.593830169721434359e+05
3.581114439976763679e+05
3.567572010545098456e+05
3.552938141826261999e+05
3.537048275274267653e+05
3.519850383162933867e+05
3.501398746415051282e+05
3.481833936425597058e+05
3.461357273823627038e+05
3.440208717891265987e+05
3.418654532043883228e+05
3.396985877943621017e+05
3.375523609749437892e+05
3.354620477519978303e+05
3.334651739837757777e+05
3.315989300305741490e+05
3.298961376366659533e+05
3.283806406695489422e+05
3.270633413142334903e+05
3.259399843301369692e+05
3.249912722277469002e+05
3.241852163809781196e+05
3.234810738291586167e+05
3.228339649252462550e+05
3.221993240330907865e+05
3.215365860598625150e+05
3.208118077915671747e+05
3.199991727157936548e+05
3.190815142454428133e+05
3.180501296248306753e+05
3.169042368996246951e+05
3.156504066156576155e+05
3.143021424781287205e+05
3.128795220606657094e+05
3.114085561539473129e+05
3.099198342513858806e+05
3.084461850628305110e+05
3.070194535173723125e+05
3.056669105391583871e+05
3.044080597931852681e+05
3.032525552420415916e+05
3.021996157762318617e+05
3.012388771315151243e+05
3.003522612666558707e+05
2.995163092925746460e+05
2.987045275399667444e+05
2.978895332394087454e+05
2.970450073898159899e+05
2.961475556790788542e+05
2.951785188102737302e+05
2.941256230968916207e+05
2.929842281989554176e+05
2.917579063169321162e+05
2.904582086722132517e+05
2.891036900836870191e+05
2.877184566692232038e+05
2.863305545964404009e+05
2.849703747927370132e+05
2.836689697483893251e+05
2.824559283024870092e+05
2.813564232705915929e+05
2.803873406317445333e+05
2.795529554989506141e+05
2.788412098341954406e+05
2.782219693245427916e+05
2.776484677359272609e+05
2.770624595343372785e+05
2.764025947850735974e+05
2.756145490382606513e+05
2.746608277547191246e+05
2.735281208318917779e+05
2.722306009465336683e+05
2.708084531572786509e+05
2.693219216716868104e+05
2.678420147131315316e+05
2.664395637903545867e+05
2.651745374032256659e+05
2.640873827931073611e+05
2.631937657424189965e+05
2.624834580136686563e+05
2.619233569050051447e+05
2.614638168696931971e+05
2.610467809774898633e+05
2.606138003545982938e+05
2.601120761024440289e+05
2.594972049644341459e+05
2.587322604018742859e+05
2.577839498852096731e+05
2.566175322819605062e+05
2.551926602665104438e+05
2.534621674303572800e+05
2.513750695599214523e+05
2.488838893913279462e+05
2.459551488915426889e+05
2.425808318641223013e+05
2.387880758093624609e+05
2.346444627371127135e+05
2.302570489048345189e+05
2.257645475852805539e+05
2.213235675015609304e+05
2.170911537238954334e+05
2.132067416011767054e+05
2.097767987635575701e+05
2.068648580744845967e+05
2.044884909563452820e+05
2.026233363537541009e+05
2.012129418957835587e+05
2.001822001739316620e+05
1.994517555301002576e+05
1.989509305803409079e+05
1.986273425383155118e+05
1.984522237984943495e+05
1.984212973281569721e+05
1.985517159899323888e+05
1.988759865002140577e+05
1.994339869479709596e+05
2.002642263982575096e+05
2.013954574362162093e+05
2.028396658586209523e+05
2.045873057624999783e+05
2.066053835672554851e+05
2.088386078726156557e+05
2.112133584467696492e+05
2.136437861422419373e+05
2.160390494658406533e+05
2.183105979055170028e+05
2.203785305416292686e+05
2.221763286106996820e+05
2.236535920458882465e+05
2.247767275101534033e+05
2.255278017959465215e+05
2.259019825304481201e+05
2.259041363862248545e+05
2.255452294187343505e+05
2.248391508528576232e+05
2.238004466750887805e+05
2.224432185974545137e+05
2.207811667791686486e+05
2.188284984292316367e+05
2.166012491195281036e+05
2.141185025801374286e+05
2.114030496976383729e+05
2.084811773125481559e+05
2.053814910622159659e+05
2.021329200190239935e+05
1.987622859070390696e+05
1.952919979087229003e+05
1.917384979011440882e+05
1.881119792103847722e+05
1.844176193133619381e+05
1.806581525322776579e+05
1.768371819893273059e+05
1.729623473174952669e+05
1.690474533537109382e+05
1.651129556509023532e+05
1.611846947339859616e+05
1.572912832666038885e+05
1.534608830224833218e+05
1.497181544379128900e+05
1.460819510113010474e+05
1.425640071891697880e+05
1.391686023969485250e+05
1.358930776316973206e+05
1.327291167124164931e+05
1.296647667723975028e+05
1.266871314756149077e+05
1.237854721217555052e+05
1.209541659363072104e+05
1.181947613991751132e+05
1.155164048349588265e+05
1.129342590982295078e+05
1.104661090428011812e+05
1.081279387130228861e+05
1.059296328505778074e+05
1.038719489205313002e+05
1.019455323843660590e+05
1.001321621010891395e+05
9.840783495684081572e+04
9.674691100923329941e+04
9.512641641589259962e+04
9.352970286228210898e+04
9.194888943617352925e+04
9.038577099481265759e+04
8.885111698361689923e+04
8.736250280882087827e+04
8.594102434187200561e+04
8.460744025262306968e+04
8.337843154426247929e+04
8.226370802506654582e+04
8.126457900403742678e+04
8.037432617402612232e+04
7.958030927056075598e+04
7.886729265095935261e+04
7.822113076798515976e+04
7.763181520194387122e+04
7.709503560808830662e+04
7.661182232111057965e+04
7.618640436855489679e+04
7.582295577319827862e+04
7.552223820815316867e+04
7.527916910114743223e+04
7.508204870957414096e+04
7.491367117686492566e+04
7.475399169839049864e+04
7.458359675345687720e+04
7.438704590557527263e+04
7.415525499898247654e+04
7.388641680633543001e+04
7.358538853893781197e+04
7.326187706340345903e+04
7.292800687630768516e+04
7.259590645993901126e+04
7.227581212002212123e+04
7.197494185525037756e+04
7.169713803169057064e+04
7.144310229133625398e+04
7.121098583401640644e+04
7.099713398006068019e+04
7.079686120763819781e+04
7.060519562651388696e+04
7.041755140288705297e+04
7.023027186214910762e+04
7.004096702854504110e+04
6.984857993676388287e+04
6.965316887889507052e+04
6.945547342666055192e+04
6.925640700629206549e+04
6.905665223640030308e+04
6.885650650650181342e+04
6.865603906754968921e+04
6.845550673762796214e+04
6.825587638089798565e+04
6.805925764494822943e+04
6.786907663473035791e+04
6.768990780935276416e+04
6.752699038469075458e+04
6.738554330411108094e+04
6.727003074030834250e+04
6.718351743193379662e+04
6.712721412271371810e+04
6.710027972484886413e+04
6.709993723193013284e+04
6.712196908837824594e+04
6.716165930833193124e+04
6.721521698957649642e+04
6.728164017149365100e+04
6.736487998798966873e+04
6.747608429565178812e+04
6.763567794845576282e+04
6.787508372004936973e+04
6.823796213481834275e+04
6.878086081431117782e+04
6.957301497543792357e+04
7.069468798400930245e+04
7.223296953094561468e+04
7.427360432729680906e+04
7.688756440233468311e+04
8.011203167155990377e+04
8.392731835897025303e+04
8.823369947725161910e+04
9.283438326755048183e+04
9.743184276876745571e+04
1.016435351113280922e+05
1.050393135521423828e+05
1.071972189456119813e+05
1.077683999282005680e+05
1.065377183050043968e+05
1.034659095608997595e+05
9.870266157209192170e+04
9.256683048358414089e+04
8.549813937852959498e+04
7.799151334162206331e+04
7.052860879495566769e+04
6.352028854298493388e+04
5.726945783738383761e+04
5.195757456952308712e+04
4.765234128236927791e+04
4.433016113425215008e+04
4.190554620653910388e+04
4.026052246782011935e+04
3.926930941552704462e+04
3.881616576755457208e+04
3.880652284296639118e+04
3.917299268897777802e+04
3.987848201920655265e+04
4.091857739094797580e+04
4.232472889284348639e+04
4.416865554128792428e+04
4.656694215515765973e+04
4.968321369736855559e+04
5.372395431142467714e+04
5.892354485944102635e+04
6.551501547252057208e+04
7.368572302317505819e+04
8.352153751195152290e+04
9.494831603332153463e+04
1.076839296477662574e+05
1.212160170383306104e+05
1.348184054560372315e+05
1.476122622593521373e+05
1.586676160283174831e+05
1.671295976184852188e+05
1.723451552279565949e+05
1.739632780132713669e+05
1.719864267788605648e+05
1.667619740024079802e+05
1.589167799571493524e+05
1.492512053105756058e+05
1.386169748022647109e+05
1.278043259512114018e+05
1.174582446913017920e+05
1.080338251133185986e+05
9.979033717676904052e+04
9.281548206750579993e+04
8.706724222370635835e+04
8.242075776930991560e+04
7.871061364908859832e+04
7.576311888372924295e+04
7.341710007128842699e+04
7.153451211198279634e+04
7.000355238546339388e+04
6.873719296719800332e+04
6.766956630162216607e+04
6.675187845709640533e+04
6.594877150652307319e+04
6.523546008090544638e+04
6.459557442914200510e+04
6.401944786612836469e+04
6.350255739749522036e+04
6.304391179560477758e+04
6.264432113787424169e+04
6.230462063719330763e+04
6.202402441552584060e+04
6.179884019446923048e+04
6.162178422330944886e+04
6.148209333140171657e+04
6.136652499845506100e+04
6.126115998497760302e+04
6.115369923631103302e+04
6.103574425467888068e+04
6.090445979929030000e+04
6.076311146932498377e+04
6.062025253246832290e+04
6.048772194246119034e+04
6.037796763514002669e+04
6.030138922588257992e+04
6.026433607387461961e+04
6.026813714947365952e+04
6.030919842340904870e+04
6.037992445513016719e+04
6.047010000948578818e+04
6.056841378381861432e+04
6.066394725052188005e+04
6.074758094587639789e+04
6.081330921979197592e+04
6.085939197155091097e+04
6.088916672383225523e+04
6.091128575726396957e+04
6.093919678013133671e+04
6.098985476618185203e+04
6.108187363763691246e+04
6.123350179211929208e+04
6.146085312149667880e+04
6.177671948841142148e+04
6.219007446654281375e+04
6.270614315679868741e+04
6.332675900952206575e+04
6.405072101245055092e+04
6.487400509834643162e+04
6.578990674886714260e+04
6.678938849596727232e+04
6.786196800533085479e+04
6.899735148373477568e+04
7.018771918840710714e+04
7.143021527638143743e+04
7.272893974929772958e+04
7.409572406241272984e+04
7.554924967167391151e+04
7.711257806814990181e+04
7.880973252657047124e+04
8.066238590403529815e+04
8.268777670049351582e+04
8.489861904277719441e+04
8.730507008555153152e+04
8.991799853365418676e+04
9.275216969680774491e+04
9.582780323649120692e+04
9.916939590438804589e+04
1.028016318840355671e+05
1.067433086983889225e+05
1.110010575205688947e+05
1.155648656282338197e+05
1.204068765729368752e+05
1.254838207072457299e+05
1.307421424671392160e+05
1.361239528919926379e+05
1.415717222029752447e+05
1.470302131835925393e+05
1.524452861673641601e+05
1.577604139022544841e+05
1.629125616142204381e+05
1.678292437309747038e+05
1.724280850339337485e+05
1.766193581787661824e+05
1.803111076779579744e+05
1.834158977667547297e+05
1.858580531919199275e+05
1.875804240780707041e+05
1.885500134362052195e+05
1.887620741456983669e+05
1.882424166497578553e+05
1.870476930915125122e+05
1.852634456955693895e+05
1.829998434681152867e+05
1.803853325195204816e+05
1.775588372867277649e+05
1.746615285721412220e+05
1.718293482716988947e+05
1.691873321065396594e+05
1.668462974053656508e+05
1.649017877119843033e+05
1.634345023555766093e+05
1.625110126399753499e+05
1.621835358665692038e+05
1.624879406158371712e+05
1.634398902030804020e+05
1.650298827786560578e+05
1.672186504442908044e+05
1.699346951268791454e+05
1.730755256443404651e+05
1.765134318100561504e+05
1.801055647408437508e+05
1.837069862497178256e+05
1.871845351581675350e+05
1.904290877540788206e+05
1.933641471111147839e+05
1.959495606389886234e+05
1.981802536493056396e+05
2.000808408179273829e+05
2.016975747178579622e+05
2.030892193337403005e+05
2.043181914517095720e+05
2.054429053721792006e+05
2.065118954158983543e+05
2.075600773699533602e+05
2.086074014326880861e+05
2.096600085202418850e+05
2.107137048092559271e+05
2.117591055197640380e+05
2.127873062913200120e+05
2.137946504157740856e+05
2.147852769441639248e+05
2.157707140777937020e+05
2.167666767436741793e+05
2.177881318505200034e+05
2.188442742724243726e+05
2.199350915447439475e+05
2.210506738689869817e+05
2.221735416103487660e+05
2.232833244181351038e+05
2.243624348511520657e+05
2.254011245158822567e+05
2.264005283162778651e+05
2.273728921667958202e+05
2.283389564958540432e+05
2.293232206185810501e+05
2.303483525743818609e+05
2.314302063743991603e+05
2.325747222599361849e+05
2.337774734681439004e+05
2.350259297709109960e+05
2.363038235989397508e+05
2.375965048169218062e+05
2.388959639828531654e+05
2.402043094006197643e+05
2.415348419763749116e+05
2.429103862816260371e+05
2.443591054747687303e+05
2.459085624422001420e+05
2.475792060863997031e+05
2.493786746374939103e+05
2.512982403154276544e+05
2.533123362028659030e+05
2.553814509316034382e+05
2.574578889099737280e+05
2.594931813978769351e+05
2.614455095531534462e+05
2.632855053552536992e+05
2.649992427542847581e+05
2.665879930354276439e+05
2.680651678695585579e+05
2.694515557667315006e+05
2.707702726292042644e+05
2.720427153437609086e+05
2.732862971349765430e+05
2.745140490182339563e+05
2.757355464161944110e+05
2.769582834472897812e+05
2.781886703212367138e+05
2.794322119269794202e+05
2.806929426448877784e+05
2.819725991772740381e+05
2.832701286995909177e+05
2.845819210053436691e+05
2.859027484649262042e+05
2.872270163503942895e+05
2.885497644262374961e+05
2.898669907438581577e+05
2.911752084448115784e+05
2.924705147811534698e+05
2.937476714878475759e+05
2.949996847301262897e+05
2.962181703803793062e+05
2.973945140390341985e+05
2.985216043945141719e+05
2.995957956580925966e+05
3.006187349106638576e+05
3.015987309096380486e+05
3.025514011944053927e+05
3.034993944914425956e+05
3.044710452856564079e+05
3.054978884799328516e+05
3.066110661344518885e+05
3.078368269720443641e+05
3.091915772314040223e+05
3.106772682202914730e+05
3.122782008305438212e+05
3.139604163472724613e+05
3.156745517913972144e+05
3.173623067997011240e+05
3.189656408614942338e+05
3.204368333212289144e+05
3.217470026446282282e+05
3.228908834949893062e+05
3.238866105546085746e+05
3.247706594693562947e+05
3.255894599687575246e+05
3.263900516135228681e+05
3.272122321912037442e+05
3.280839795394501998e+05
3.290207886870207149e+05
3.300283578902486479e+05
3.311071511181283277e+05
3.322569953470061300e+05
3.334800916083768825e+05
3.347815116699365899e+05
3.361671769658366684e+05
3.376401780604928499e+05
3.391968242638502270e+05
3.408238562729994301e+05
3.424978189573733835e+05
3.441868559531011852e+05
3.458544371569111245e+05
3.474640380862101447e+05
3.489837010814426467e+05
3.503896787910806597e+05
3.516687933356302674e+05
3.528195051594816032e+05
3.538518337238671957e+05
3.547862335977234179e+05
3.556514599762393627e+05
3.564815210267066141e+05
3.573120532323250663e+05
3.581767438766761334e+05
3.591045411403895705e+05
3.601181754977898090e+05
3.612339975219465559e+05
3.624625582824629382e+05
3.638090471718666377e+05
3.652728754791022511e+05
3.668463096231666277e+05
3.685128102528353920e+05
3.702462098033122020e+05
3.720117697440439370e+05
3.737694972434942028e+05
3.754791678335833712e+05
3.771057434126574080e+05
3.786236605547058862e+05
3.800188960995705565e+05
3.812885910933531122e+05
3.824389262853447581e+05
3.834824862880071159e+05
3.844363040060102358e+05
3.853211978134166566e+05
3.861621953563073184e+05
3.869891684594101389e+05
3.878365869394871988e+05
3.887416201477244613e+05
3.897405119677665643e+05
3.908639052481604740e+05
3.921322674695379683e+05
3.935525860988000059e+05
3.951170893764272332e+05
3.968041173906553886e+05
3.985806986706655589e+05
4.004060944885622011e+05
4.022356190499065560e+05
4.040243290863690781e+05
4.057305048940330744e+05
4.073190270633714972e+05
4.087646962007994880e+05
4.100552880235187477e+05
4.111938307614394580e+05
4.121994153639900615e+05
4.131059302858921583e+05
4.139584741654972895e+05
4.148077486612733919e+05
4.157032954712389037e+05
4.166868202865593485e+05
4.177868940973681165e+05
4.190159984152844991e+05
4.203702825416126871e+05
4.218317406184932333e+05
4.233720407538004802e+05
4.249571120957950479e+05
4.265518052696894156e+05
4.281242901757565560e+05
4.296500682218376314e+05
4.311153744049668312e+05
4.325193819984890870e+05
4.338742894861570094e+05
4.352024377962560393e+05
4.365302902873409330e+05
4.378802825205333065e+05
4.392627424392711837e+05
4.406706765988678671e+05
4.420797632977238391e+05
4.434543691802767571e+05
4.447582963456930011e+05
4.459670878648145008e+05
4.470778706271342817e+05
4.481133162287832820e+05
4.491181874555112445e+05
4.501494090373647050e+05
4.512627133384470362e+05
4.524998803762974567e+05
4.538801188071648940e+05
4.553975100978576811e+05
4.570243777996668359e+05
4.587187508982724976e+05
4.604333093775005545e+05
4.621234255979269510e+05
4.637528258895517793e+05
4.652964747208962799e+05
4.667410843674017233e+05
4.680839889218066237e+05
4.693310820356604527e+05
4.704943412280122866e+05
4.715893540301749599e+05
4.726332718638778897e+05
4.736436359469791059e+05
4.746383826539692818e+05
4.756369678603959037e+05
4.766620425571181113e+05
4.777406933357167873e+05
4.789041716709653265e+05
4.801853878653922002e+05
4.816141508267565514e+05
4.832109398236029665e+05
4.849805995187949156e+05
4.869075437383837998e+05
4.889537923504823702e+05
4.910605652301755617e+05
4.931534215337253409e+05
4.951502641256361967e+05
4.969710659750918276e+05
4.985479695862993249e+05
4.998344403190437006e+05
5.008123528643636964e+05
5.014961764454543591e+05
5.019337320878272294e+05
5.022032923383149318e+05
5.024070871536126942e+05
5.026616008889751974e+05
5.030854196381743532e+05
5.037858014502029982e+05
5.048455232217105804e+05
5.063117900932137854e+05
5.081889508625413873e+05
5.104363670660356293e+05
5.129720487621737411e+05
5.156817252758275135e+05
5.184320823393276660e+05
5.210862081584186526e+05
5.235190233962057973e+05
5.256306612841542810e+05
5.273563020402706461e+05
5.286716443964537466e+05
5.295938146747625433e+05
5.301779629030565266e+05
5.305100931309676962e+05
5.306969190105337184e+05
5.308538126883262303e+05
5.310922203268527519e+05
5.315081358895951416e+05
5.321731892045030836e+05
5.331295016787606291e+05
5.343887263896196382e+05
5.359348193517602049e+05
5.377293830170276342e+05
5.397181399493135978e+05
5.418373201449784683e+05
5.440193356668186607e+05
5.461977557315068552e+05
5.483119519360770937e+05
5.503116821689346107e+05
5.521614041047753999e+05
5.538435545983583434e+05
5.553597581949229352e+05
5.567291579583730781e+05
5.579837576326109702e+05
5.591615494735236280e+05
5.602989077471717028e+05
5.614239765874276636e+05
5.625525064611437265e+05
5.636869386728687678e+05
5.648187513135946356e+05
5.659333903203429654e+05
5.670166427142588655e+05
5.680610903234056896e+05
5.690712844969315920e+05
5.700664791432471247e+05
5.710801419774958631e+05
5.721560198301656637e+05
5.733412131903361296e+05
5.746774104696686845e+05
5.761919885438160272e+05
5.778909357673005434e+05
5.797553687340890756e+05
5.817427581831793068e+05
5.837929469248926034e+05
5.858378646025618073e+05
5.878128446311134612e+05
5.896669500026523601e+05
5.913699179059987655e+05
5.929142249350874918e+05
5.943121095313807018e+05
5.955887639641296118e+05
5.967739052363163792e+05
5.978942587315610144e+05
5.989690585934835253e+05
6.000096245216968236e+05
6.010227237223682459e+05
6.020161622310142266e+05
6.030042586580052739e+05
6.040108190146671841e+05
6.050680335640795529e+05
6.062111582744840998e+05
6.074704565718033118e+05
6.088630535833048634e+05
6.103875838588423794e+05
6.120236294929498108e+05
6.137362539663667558e+05
6.154841184658022830e+05
6.172284803462335840e+05
6.189402939623646671e+05
6.206036250613722950e+05
6.222151299221420195e+05
6.237807125684240600e+05
6.253110999254031340e+05
6.268178404250830645e+05
6.283104560078250943e+05
6.297946963001168333e+05
6.312714846613241825e+05
6.327363024238985963e+05
6.341791823028521612e+05
6.355857802741471678e+05
6.369398882611657027e+05
6.382272413594757672e+05
6.394398315901595633e+05
6.405795250988715561e+05
6.416598309476270806e+05
6.427051834511326160e+05
6.437478523117970908e+05
6.448232756999852136e+05
6.459649793893940514e+05
6.472002166105054785e+05
6.485471094961210620e+05
6.500135534905567765e+05
6.515976351677130442e+05
6.532889547581740189e+05
6.550701313026202843e+05
6.569179330748793436e+05
6.588038703307688702e+05
6.606945709513155743e+05
6.625526254606916336e+05
6.643386404919753550e+05
6.660148962629447924e+05
6.675503621642029611e+05
6.689261444727947237e+05
6.701400277856565081e+05
6.712088264837823808e+05
6.721677712171957828e+05
6.730668998430488864e+05
6.739650987926144153e+05
6.749228215010622516e+05
6.759945499660227215e+05
6.772218934505516663e+05
6.786280296870907769e+05
6.802141106869970681e+05
6.819582479369579814e+05
6.838176062861167593e+05
6.857338058881886536e+05
6.876412068323958665e+05
