5.414362502045809524e+05
5.404943120005358942e+05
5.398043668416792061e+05
5.393309953569107456e+05
5.390221182701681973e+05
5.388120432718229713e+05
5.386252276388761820e+05
5.383812751949587837e+05
5.380015854967667256e+05
5.374174463937110268e+05
5.365784631082967389e+05
5.354595062834802084e+05
5.340642644116156735e+05
5.324241649862442864e+05
5.305926804450637428e+05
5.286363752757906914e+05
5.266249399014307419e+05
5.246225504342757631e+05
5.226821921617137850e+05
5.208434191362019046e+05
5.191328866924041649e+05
5.175663193103344529e+05
5.161505524751392077e+05
5.148848080052064033e+05
5.137611088545178063e+05
5.127643467660076567e+05
5.118727390009435476e+05
5.110592122345332173e+05
5.102937883084450732e+05
5.095465665724754799e+05
5.087906192871291423e+05
5.080041391054899432e+05
5.071714583144966164e+05
5.062829526629987522e+05
5.053341719243575935e+05
5.043246714632798103e+05
5.032569151837573736e+05
5.021353520069748629e+05
5.009654910579934367e+05
4.997526879686378525e+05
4.985005094839488156e+05
4.972089306883944664e+05
4.958730563137306599e+05
4.944832865915958537e+05
4.930276621454088599e+05
4.914964866826632642e+05
4.898884244336265256e+05
4.882164434653038043e+05
4.865115845636694576e+05
4.848227971554466058e+05
4.832119818017307553e+05
4.817446636518036248e+05
4.804780037133008009e+05
4.794487419512528577e+05
4.786638859207265778e+05
4.780964350701481453e+05
4.776872991882433416e+05
4.773531354691438610e+05
4.769984858958472032e+05
4.765297159392010653e+05
4.758680690534747555e+05
4.749596662829054985e+05
4.737812641447416390e+05
4.723416478919726214e+05
4.706792989979961421e+05
4.688572350987034151e+05
4.669557544948894065e+05
4.650635291153130238e+05
4.632674265623373794e+05
4.616417743245996535e+05
4.602383768733401666e+05
4.590790824557944434e+05
4.581526640564972186e+05
4.574170451688000467e+05
4.568066442382709938e+05
4.562433036434977548e+05
4.556484346528807073e+05
4.549539545613570954e+05
4.541102569045072887e+05
4.530904757651922991e+05
4.518912290587833268e+05
4.505305530472987448e+05
4.490438428880771971e+05
4.474784836124085123e+05
4.458877356272488250e+05
4.443244562613477465e+05
4.428353442505528801e+05
4.414564269946859567e+05
4.402103355193145690e+05
4.391055266767347930e+05
4.381371578161290963e+05
4.372889966948998044e+05
4.365356978110600612e+05
4.358449941457722452e+05
4.351797067141525331e+05
4.344997792846195516e+05
4.337646673315033549e+05
4.329363201103450265e+05
4.319827594863962149e+05
4.308819832539786003e+05
4.296256877312609577e+05
4.282221546219554148e+05
4.266975946470485069e+05
4.250953037485637469e+05
4.234722003335710615e+05
4.218927004935768200e+05
4.204204311282202252e+05
4.191088810062549892e+05
4.179925816582113039e+05
4.170806085851397365e+05
4.163539640710470849e+05
4.157677252362449653e+05
4.152578381300607580e+05
4.147513593816711218e+05
4.141780983979625162e+05
4.134812621116160881e+05
4.126249788052838994e+05
4.115974081855889526e+05
4.104092769892943325e+05
4.090887594549815403e+05
4.076743273277278640e+05
4.062073509610389010e+05
4.047258713206212851e+05
4.032602851665260969e+05
4.018309725946883555e+05
4.004473915325211710e+05
3.991079935766443959e+05
3.978004634352024295e+05
3.965021231973659014e+05
3.951806987764755031e+05
3.937958659353797557e+05
3.923019936993375304e+05
3.906522875745595666e+05
3.888041804597861483e+05
3.867254369069836102e+05
3.844001298179058940e+05
3.818334853669146542e+05
3.790546019037993974e+05
3.761162408956695581e+05
3.730912645753367105e+05
3.700658418236818397e+05
3.671301997310584993e+05
3.643683273814005661e+05
3.618484417118285783e+05
3.596160084090810851e+05
3.576905855167698464e+05
3.560668217621547519e+05
3.547188807170634973e+05
3.536067497839458520e+05
3.526826318105405080e+05
3.518959927673803177e+05
3.511966706780865788e+05
3.505363679320752271e+05
3.498694597805369413e+05
3.491541245278121205e+05
3.483543649592708098e+05
3.474428083597785444e+05
3.464035985270522069e+05
3.452344927884263452e+05
3.439474994358365657e+05
3.425678623848040588e+05
3.411316377365009976e+05
3.396822902063786169e+05
3.382666342048791703e+05
3.369302223666472128e+05
3.357121966344870161e+05
3.346398314315611497e+05
3.337234736576051801e+05
3.329530699575361214e+05
3.322976368780312478e+05
3.317086467003027210e+05
3.311273847176987911e+05
3.304951548516923795e+05
3.297641922312172246e+05
3.289066806049714214e+05
3.279195807338049635e+05
3.268239989377912134e+05
3.256592626536731841e+05
3.244732790836764616e+05
3.233116946697471431e+05
3.222085582328726305e+05
3.211805810188452015e+05
3.202259131790767424e+05
3.193270369757238659e+05
3.184563607538305223e+05
3.175826883356249891e+05
3.166769816105621867e+05
3.157165187345141312e+05
3.146873234747933457e+05
3.135852753903820994e+05
3.124164405840827385e+05
3.111969313155711279e+05
3.099522075794399716e+05
3.087154190191495582e+05
3.075243352714297362e+05
3.064166870028545382e+05
3.054242632569178240e+05
3.045667029859947506e+05
3.038463513816608465e+05
3.032456212866387214e+05
3.027279043236488360e+05
3.022422712520791683e+05
3.017312074356043013e+05
3.011397714967019274e+05
3.004241520264704013e+05
2.995577921763912891e+05
2.985339944175574929e+05
2.973649378229856375e+05
2.960779670402314514e+05
2.947105280267349444e+05
2.933050957812999841e+05
2.919049580664545647e+05
2.905510546242757118e+05
2.892795373034327058e+05
2.881195317006925470e+05
2.870907807363976026e+05
2.862012869456328917e+05
2.854454950124199386e+05
2.848037437057049829e+05
2.842435662009203807e+05
2.837229892812362523e+05
2.831954530216045678e+05
2.826155486360692885e+05
2.819445945202976000e+05
2.811551668471349403e+05
2.802339939092783025e+05
2.791829823990670266e+05
2.780184499949241290e+05
2.767688298229068168e+05
2.754711939580258913e+05
2.741669665116412216e+05
2.728972209152745199e+05
2.716980109583976446e+05
2.705962542632489931e+05
2.696067139602568350e+05
2.687305440887488076e+05
2.679556432928994764e+05
2.672587298423517495e+05
2.666087052603135817e+05
2.659706413956969045e+05
2.653097031772687915e+05
2.645945137773869792e+05
2.637997806577426963e+05
2.629082658635288826e+05
2.619122618299297174e+05
2.608145941192855535e+05
2.596289213556287286e+05
2.583789290628437593e+05
2.570960786983151047e+05
2.558159066944766964e+05
2.545733434822703130e+05
2.533979184673330456e+05
2.523098389638577646e+05
2.513177138609051763e+05
2.504182295342517900e+05
2.495975716679371544e+05
2.488340170144839503e+05
2.481009986039971700e+05
2.473700600404410507e+05
2.466133539230423339e+05
2.458055797205092676e+05
2.449254121725376463e+05
2.439565241063514841e+05
2.428882912836369651e+05
2.417162296854492452e+05
2.404421859477669641e+05
2.390742781409247546e+05
2.376265517210054095e+05
2.361182725570257171e+05
2.345727525736993121e+05
2.330156391542855417e+05
2.314727276015679236e+05
2.299675575219023740e+05
2.285192493845502904e+05
2.271411143420743465e+05
2.258404411717590119e+05
2.246195247393896570e+05
2.234775542109888338e+05
2.224126071137973631e+05
2.214228774488643394e+05
2.205064915740489669e+05
2.196597763333851472e+05
2.188744463031946216e+05
2.181346241143283551e+05
2.174147156105847098e+05
2.166789006540255505e+05
2.158825107408766344e+05
2.149750803986332030e+05
2.139045803415156843e+05
2.126223225787501433e+05
2.110881598749779805e+05
2.092756865462182905e+05
2.071770396480513155e+05
2.048066177210424794e+05
2.022027686101340805e+05
1.994265035150606709e+05
1.965567299852924771e+05
1.936823066410214524e+05
1.908921378777609789e+05
1.882651868921000278e+05
1.858624125555483333e+05
1.837221664547663531e+05
1.818596910171123454e+05
1.802703512324091280e+05
1.789354256773636153e+05
1.778288772787564376e+05
1.769235620694509707e+05
1.761957253885814571e+05
1.756272209299028618e+05
1.752055007005202933e+05
1.749219244521566434e+05
1.747692358180882875e+05
1.747391177063009236e+05
1.748205966780638846e+05
1.749997811584118754e+05
1.752610701055013633e+05
1.755896217033087160e+05
1.759745669333578844e+05
1.764122209128252289e+05
1.769084240289310692e+05
1.774791839142803801e+05
1.781490238954483939e+05
1.789468616895246960e+05
1.798997666899994365e+05
1.810254512369506992e+05
1.823247158342422335e+05
1.837752084996261401e+05
1.853277518853533256e+05
1.869061616040305234e+05
1.884109711740392959e+05
1.897268539576223702e+05
1.907328774438035616e+05
1.913141636979281902e+05
1.913732050069531833e+05
1.908391091534669104e+05
1.896734491494880349e+05
1.878720742877709272e+05
1.854630167292456317e+05
1.825012931448494783e+05
1.790618060021265992e+05
1.752316505826585053e+05
1.711029836870982544e+05
1.667673050252024550e+05
1.623116295025362051e+05
1.578166397713277256e+05
1.533565322600294894e+05
1.489999427836007671e+05
1.448111219819442776e+05
1.408505007870566042e+05
1.371739886641557969e+05
1.338307606386350817e+05
1.308598096142645227e+05
1.282860110305624839e+05
1.261167147637446033e+05
1.243398563917744759e+05
1.229242766493967356e+05
1.218224537932254898e+05
1.209753342546492204e+05
1.203185280919559445e+05
1.197889016801057878e+05
1.193305717010338267e+05
1.188994544115918397e+05
1.184658028094696638e+05
1.180145191827465896e+05
1.175434100495598832e+05
1.170598978881957155e+05
1.165769543982822943e+05
1.161091109764492285e+05
1.156692974870398903e+05
1.152669745380909008e+05
1.149076307199700968e+05
1.145933305812772305e+05
1.143237416689333913e+05
1.140970194389844692e+05
1.139100952599244774e+05
1.137582278196649422e+05
1.136340251793008501e+05
1.135264008629404998e+05
1.134200078601274436e+05
1.132955787386703014e+05
1.131313336212660070e+05
1.129052910424769216e+05
1.125980325502953056e+05
1.121953136932589114e+05
1.116899237221049407e+05
1.110823667778187810e+05
1.103802178908512724e+05
1.095963196307953767e+05
1.087462461991728633e+05
1.078456053422149125e+05
1.069077444471434428e+05
1.059422877418304415e+05
1.049547042728277447e+05
1.039468564330970112e+05
1.029182676750839164e+05
1.018677177972287609e+05
1.007947427124976239e+05
9.970068055755767273e+04
9.858905113131308462e+04
9.746525315583850897e+04
9.633577221374445071e+04
9.520725568699878932e+04
9.408586904999775288e+04
9.297725744053986273e+04
9.188719986238009005e+04
9.082272529494602350e+04
8.979317750661321043e+04
8.881059715970973775e+04
8.788891814186684496e+04
8.704183874512762122e+04
8.627971358025146765e+04
8.560624159298403538e+04
8.501592996850259078e+04
8.449320289851007692e+04
8.401362393270997563e+04
8.354713999010104453e+04
8.306271347080955456e+04
8.253334939037323056e+04
8.194044135198422009e+04
8.127655706200440181e+04
8.054618383184066624e+04
7.976443167279435147e+04
7.895411420696522691e+04
7.814189567657154112e+04
7.735426302773800853e+04
7.661397518457118713e+04
7.593742423514902475e+04
7.533309954486171773e+04
7.480114493725495413e+04
7.433387395423960697e+04
7.391705334194801981e+04
7.353175130818631442e+04
7.315654389402257220e+04
7.276986338395203347e+04
7.235225845168932574e+04
7.188832937213932746e+04
7.136811736438421940e+04
7.078777474109237664e+04
7.014942580022018228e+04
6.946024412511222181e+04
6.873090660052941530e+04
6.797371055801959301e+04
6.720071963455027435e+04
6.642230024890058849e+04
6.564631024757331761e+04
6.487802643136345432e+04
6.412070345632208046e+04
6.337650928474452667e+04
6.264752948455826845e+04
6.193658142970781046e+04
6.124769514522569807e+04
6.058624232654526713e+04
5.995877642270870274e+04
5.937266126388495468e+04
5.883552801791398815e+04
5.835455316598660283e+04
5.793554220918843203e+04
5.758186279621559515e+04
5.729338583572641073e+04
5.706571315448606765e+04
5.689002432823350682e+04
5.675380529350134748e+04
5.664251460723032505e+04
5.654194848462147638e+04
5.644078229481415474e+04
5.633260836071634549e+04
5.621684056065279583e+04
5.609812871523370995e+04
5.598435107783717831e+04
5.588369937356778246e+04
5.580168782470352744e+04
5.573899186659837142e+04
5.569081864939025400e+04
5.564808684725315834e+04
5.560017714526218333e+04
5.553856497821036464e+04
5.546039954187461262e+04
5.537112229176558321e+04
5.528551970589176199e+04
5.522710063546480524e+04
5.522624642534706800e+04
5.531804536095038929e+04
5.554093985096511460e+04
5.593716759669913881e+04
5.655541455426192260e+04
5.745516270255696145e+04
5.871108046828927036e+04
6.041477701592077210e+04
6.267074163551417587e+04
6.558374968513580097e+04
6.923672018195420969e+04
7.366088722159218742e+04
7.880362049678461335e+04
8.450222355786511616e+04
9.047323635649008793e+04
9.632510574853201979e+04
1.015973112323387177e+05
1.058220681872990099e+05
1.085975940028765763e+05
1.096571028207020427e+05
1.089171871604950866e+05
1.064936497368097189e+05
1.026809849306200922e+05
9.790097975333084469e+04
9.263329243843510631e+04
8.734412000219868787e+04
8.242752424189905287e+04
7.816870321245673404e+04
7.473165555809745274e+04
7.216763657911539485e+04
7.043717999724109541e+04
6.943772957597135974e+04
6.903049144551987411e+04
6.906278846054521273e+04
6.938476825632936379e+04
6.986100649945801706e+04
7.037815606608428061e+04
7.084959516409781645e+04
7.121751374246881460e+04
7.145249034241202753e+04
7.155057512832593056e+04
7.152818255722893809e+04
7.141551225165756478e+04
7.124952452730174991e+04
7.106754166413524945e+04
7.090230603306756529e+04
7.077890144700423116e+04
7.071349404662383313e+04
7.071351870346158103e+04
7.077880272178031737e+04
7.090317073322215583e+04
7.107623564714554232e+04
7.128524677455858910e+04
7.151695426785762538e+04
7.175942894561357389e+04
7.200368137070053490e+04
7.224483082066020870e+04
7.248256508524728997e+04
7.272074799370430992e+04
7.296624916552196373e+04
7.322730545145426004e+04
7.351187035878916504e+04
7.382639305345335742e+04
7.417529050595242006e+04
7.456110789347736863e+04
7.498511568850398180e+04
7.544796446809053305e+04
7.595005014279150055e+04
7.649140398819719849e+04
7.707113756681179802e+04
7.768665751911789994e+04
7.833295875579540734e+04
7.900228610704548191e+04
7.968434119884336542e+04
8.036704656578885624e+04
8.103771734884135367e+04
8.168438271509179322e+04
8.229697549224615796e+04
8.286817043844972795e+04
8.339376934616392828e+04
8.387265724166684959e+04
8.430644452043411729e+04
8.469894366137441830e+04
8.505561216158617754e+04
8.538304797222447814e+04
8.568857185857290460e+04
8.597988390394061571e+04
8.626474252908081689e+04
8.655059126547558117e+04
8.684406808894823189e+04
8.715039258934736426e+04
8.747273753896291601e+04
8.781181953686296765e+04
8.816602462921170809e+04
8.853235371632367605e+04
8.890830080212767643e+04
8.929449960200747591e+04
8.969768382071127417e+04
9.013331777349139156e+04
9.062725118345406372e+04
9.121595037976554886e+04
9.194519646483223187e+04
9.286750540559008368e+04
9.403879093718426884e+04
9.551486544061551103e+04
9.734822455326911586e+04
9.958523169857039466e+04
1.022634256057193852e+05
1.054083836080852489e+05
1.090295532091065834e+05
1.131148127708842949e+05
1.176242034106196370e+05
1.224840917212209461e+05
1.275836623648571403e+05
1.327757798397010192e+05
1.378837112457511830e+05
1.427140142565532587e+05
1.470743642957013508e+05
1.507936796088351985e+05
1.537410603512699599e+05
1.558400821128109237e+05
1.570759013470411301e+05
1.574941883783205703e+05
1.571926580496096576e+05
1.563074244311834918e+05
1.549971761665595404e+05
1.534280883094420424e+05
1.517615574056872865e+05
1.501455959202897211e+05
1.487094868223687808e+05
1.475604798650930752e+05
1.467811431550238631e+05
1.464264666320866963e+05
1.465207195821935602e+05
1.470550150097166770e+05
1.479871293917284638e+05
1.492450805089108471e+05
1.507352139889297541e+05
1.523542903126607707e+05
1.540037134702319745e+05
1.556030944016521971e+05
1.571001853517947020e+05
1.584749770889614592e+05
1.597372108684009581e+05
1.609182522924993536e+05
1.620596552877499198e+05
1.632013902690354735e+05
1.643724757690005936e+05
1.655857948058194015e+05
1.668375667538866983e+05
1.681107133641764231e+05
1.693805469834097894e+05
1.706209821119097469e+05
1.718097877502582851e+05
1.729320553515944339e+05
1.739817748062032915e+05
1.749619298361284600e+05
1.758836971156792133e+05
1.767651729296415288e+05
1.776297151300428377e+05
1.785037035797785211e+05
1.794134779890386562e+05
1.803814685288002074e+05
1.814219933583271923e+05
1.825376436987341149e+05
1.837173763111321023e+05
1.849372342396876484e+05
1.861640216173347144e+05
1.873614299383631151e+05
1.884973204298471974e+05
1.895503907257527462e+05
1.905144853479985031e+05
1.913993771252871957e+05
1.922277967810091213e+05
1.930295287101467839e+05
1.938341905200783222e+05
1.946646186111314455e+05
1.955325100234024867e+05
1.964372397590325563e+05
1.973678481748309860e+05
1.983073778859488666e+05
1.992382577698386158e+05
2.001473575480939762e+05
2.010295991257928254e+05
2.018894593712888018e+05
2.027401851061105845e+05
2.036009732951117039e+05
2.044927162290872075e+05
2.054331660391801270e+05
2.064325141151135904e+05
2.074903627088376961e+05
2.085948425399817352e+05
2.097242005422652583e+05
2.108506202208232426e+05
2.119454857339092996e+05
2.129849233864385460e+05
2.139543712324129301e+05
2.148511669550482475e+05
2.156846319011368614e+05
2.164737211584297474e+05
2.172428478337481210e+05
2.180168523442438745e+05
2.188162138377728988e+05
2.196534891528187436e+05
2.205316565618530440e+05
2.214446068728302489e+05
2.223795527690973831e+05
2.233207182205604040e+05
2.242534154226859682e+05
2.251675758827667159e+05
2.260599792239777744e+05
2.269347640510895289e+05
2.278022162430517492e+05
2.286762097066500573e+05
2.295709419987824222e+05
2.304977168741915666e+05
2.314624690325836127e+05
2.324645261145280674e+05
2.334968084290940606e+05
2.345473459198747296e+05
2.356017179316932161e+05
2.366458541628286184e+05
2.376686036101052887e+05
2.386635752764438221e+05
2.396299471070968721e+05
2.405721863773861551e+05
2.414988851707005815e+05
2.424211464067205088e+05
2.433511059689314570e+05
2.443011820525502262e+05
2.452844539104646537e+05
2.463161890485477343e+05
2.474160413654590375e+05
2.486099911352864583e+05
2.499308807998336852e+05
2.514165630410881422e+05
2.531052461518644996e+05
2.550284705438207602e+05
2.572030267851472599e+05
2.596237311140825332e+05
2.622590707675578888e+05
2.650512333325544605e+05
2.679210505579859600e+05
2.707771936157362652e+05
2.735279080770069850e+05
2.760929856309370371e+05
2.784136981580682332e+05
2.804590237330329255e+05
2.822274423552245134e+05
2.837445464479508810e+05
2.850574083110349020e+05
2.862269337715106667e+05
2.873193602917550015e+05
2.883978219903156278e+05
2.895147163128228276e+05
2.907055721010714769e+05
2.919851724130200455e+05
2.933466416905980441e+05
2.947638894800189300e+05
2.961971828130935319e+05
2.976008691013316275e+05
2.989316936780094984e+05
3.001560218273563078e+05
3.012546663770035375e+05
3.022247770221263054e+05
3.030790439216073719e+05
3.038429942520522745e+05
3.045512741861988907e+05
3.052435905440991628e+05
3.059606629669955000e+05
3.067403317804341787e+05
3.076139684909725911e+05
3.086034688829177758e+05
3.097192052392327460e+05
3.109592413623222383e+05
3.123098678731400287e+05
3.137472234954856685e+05
3.152396017698825453e+05
3.167500956216123886e+05
3.182394485806128941e+05
3.196691838096191059e+05
3.210050879070035880e+05
3.222208805973624112e+05
3.233015347517947666e+05
3.242454757303600200e+05
3.250649994019880542e+05
3.257847263250756077e+05
3.264385398474270478e+05
3.270658948160472210e+05
3.277083686212527682e+05
3.284068551409174688e+05
3.291991604771220009e+05
3.301173641274445108e+05
3.311844535756951664e+05
3.324103971635922207e+05
3.337886333223042311e+05
3.352944325867635198e+05
3.368863907352438546e+05
3.385114487169952481e+05
3.401126732445568778e+05
3.416380901985538658e+05
3.430485375676619005e+05
3.443228785429405398e+05
3.454597542957850965e+05
3.464759714917238452e+05
3.474022852115827845e+05
3.482776281622702954e+05
3.491428259926487226e+05
3.500346894741490250e+05
3.509812114917389117e+05
3.519984428574516205e+05
3.530894239620656008e+05
3.542452596874776646e+05
3.554480582677754574e+05
3.566750980310232844e+05
3.579033530258711544e+05
3.591134806047948077e+05
3.602925633007598226e+05
3.614352472773568588e+05
3.625433301323933410e+05
3.636242090576461051e+05
3.646888079777455423e+05
3.657496009266363108e+05
3.668191446993373684e+05
3.679092099516927265e+05
3.690302982660433627e+05
3.701911961439004517e+05
3.713983124338851776e+05
3.726548132689963095e+05
3.739598385665778187e+05
3.753081700488463975e+05
3.766905406445984845e+05
3.780944239169589127e+05
3.795048544966633199e+05
3.809048396176177193e+05
3.822752935342920246e+05
3.835949793844427331e+05
3.848413244696740876e+05
3.859928670739228837e+05
3.870334287090316066e+05
3.879571537738267216e+05
3.887728062009396963e+05
3.895055996039609308e+05
3.901954964779882575e+05
3.908920756024274742e+05
3.916472040287719574e+05
3.925073559798339847e+05
3.935072861036064569e+05
3.946660650214021443e+05
3.959856478203343577e+05
3.974515807403030340e+05
3.990353196889623068e+05
4.006977949228471261e+05
4.023940049823697191e+05
4.040783258355926373e+05
4.057098836635951884e+05
4.072570036378580262e+05
4.086997225739966962e+05
4.100297994853662094e+05
4.112484550985383103e+05
4.123628675174060627e+05
4.133828545746325981e+05
4.143189723305483931e+05
4.151825403027451830e+05
4.159872039209203795e+05
4.167509707469235873e+05
4.174974840160332969e+05
4.182556500128700281e+05
4.190574090580332559e+05
4.199341240363368997e+05
4.209124957749894238e+05
4.220109913502422860e+05
4.232375395211565774e+05
4.245888534036667552e+05
4.260513399850629503e+05
4.276032516147559509e+05
4.292175599795729504e+05
4.308649772636299022e+05
4.325165925893104868e+05
4.341457272404824034e+05
4.357288377271480276e+05
4.372455875894436613e+05
4.386784971137725515e+05
4.400127540203834069e+05
4.412367199045925518e+05
4.423433587762891548e+05
4.433323280558807310e+05
4.442120067326200078e+05
4.450005268592523644e+05
4.457250784788141027e+05
4.464193454982437543e+05
4.471196671045974363e+05
4.478610577231093193e+05
4.486742652875288040e+05
4.495845311814920278e+05
4.506118529455229873e+05
4.517717658205641201e+05
4.530753739470274304e+05
4.545277706620707177e+05
4.561249316298787016e+05
4.578501923865111894e+05
4.596720086122635403e+05
4.615445168998592417e+05
4.634115123734620865e+05
4.652132365673918976e+05
4.668943733035412151e+05
4.684113041256286087e+05
4.697370736705769668e+05
4.708634058684012853e+05
4.718000486255670548e+05
4.725723100772069301e+05
4.732177233455441310e+05
4.737824592760117957e+05
4.743176878393065999e+05
4.748758420654987567e+05
4.755067709076128667e+05
4.762539888543283450e+05
4.771514404038429493e+05
4.782212274465238443e+05
4.794725601558284834e+05
4.809018890408359584e+05
4.824939196115772356e+05
4.842231205146161374e+05
4.860554240048776264e+05
4.879500012020743452e+05
4.898611594922721270e+05
4.917404823737588013e+05
4.935393148633521050e+05
4.952116462398766889e+05
4.967174079463154194e+05
4.980261805153670139e+05
4.991212147648204700e+05
5.000034319394229678e+05
5.006946676783136791e+05
5.012390079394752393e+05
5.017009050956157153e+05
5.021591372857409879e+05
5.026966798780690297e+05
5.033879720404664404e+05
5.042863600117172464e+05
5.054150576731183683e+05
5.067643660325016244e+05
5.082961774487699149e+05
5.099545125551510137e+05
5.116788672324611107e+05
5.134162949079752434e+05
5.151287965756520862e+05
5.167944961157211801e+05
5.184034662648754893e+05
5.199509630663653370e+05
5.214314704791866243e+05
5.228361505618289812e+05
5.241544665414813207e+05
5.253787478902307339e+05
5.265091804256794276e+05
5.275566476363183465e+05
5.285419599039522000e+05
5.294917054533360060e+05
5.304324367355204886e+05
5.313855209146168781e+05
5.323645242283162661e+05
5.333757584262237651e+05
5.344212142350615468e+05
5.355021866485975916e+05
5.366218350819540210e+05
5.377856721228765091e+05
5.390001171815110138e+05
5.402702039321735501e+05
5.415978298292268300e+05
5.429814581185718998e+05
5.444172032274707453e+05
5.459002921749181114e+05
5.474255381237552501e+05
5.489859425248827320e+05
5.505696751640767325e+05
5.521569055073043564e+05
5.537185989015671657e+05
5.552190015510808444e+05
5.566221548044153024e+05
5.579009473354198271e+05
5.590457609325938392e+05
5.600694191396732349e+05
5.610061764779468067e+05
5.619045428591351956e+05
5.628159935598289594e+05
5.637831257756666746e+05
5.648309620338247623e+05
5.659638450853476534e+05
5.671682936509291176e+05
5.684201798700842774e+05
5.696934246963101905e+05
5.709674185737575172e+05
5.722313561040728819e+05
5.734850550911409082e+05
5.747369946200537961e+05
5.760008702547228895e+05
5.772918935423383955e+05
5.786236022694474086e+05
5.800054377278604079e+05
5.814410420340222772e+05
5.829272074303108966e+05
5.844535699363935273e+05
5.860032867146787466e+05
5.875548917143242434e+05
5.890852230320584495e+05
5.905728546407128451e+05
5.920010756651943084e+05
5.933594046765374951e+05
5.946430542185332160e+05
5.958505921307795215e+05
5.969809565342705464e+05
5.980315212593611795e+05
5.989987204217287945e+05
5.998817673693834804e+05
6.006885695162528427e+05
6.014416475199977867e+05
6.021813299579195445e+05
6.029640485379529418e+05
6.038550808055773377e+05
6.049170257257105550e+05
6.061969019185763318e+05
