5.418480216706868960e+05
5.414486014122358756e+05
5.412618796582494397e+05
5.411957185291844653e+05
5.411506810949700885e+05
5.410283941797376610e+05
5.407397629014860140e+05
5.402129505965529243e+05
5.394006264611828374e+05
5.382853594491676195e+05
5.368816514172378229e+05
5.352333689623338869e+05
5.334063584184367210e+05
5.314774885265150806e+05
5.295226264569776831e+05
5.276064877423393773e+05
5.257766317670308053e+05
5.240623464903343702e+05
5.224774419880266651e+05
5.210248051093154936e+05
5.197004264007342281e+05
5.184954625483056298e+05
5.173962520930440514e+05
5.163833792992703384e+05
5.154313525856985361e+05
5.145100883432758274e+05
5.135884371384163969e+05
5.126389607130422373e+05
5.116425380017468706e+05
5.105913764015123015e+05
5.094895521057819715e+05
5.083510039701447240e+05
5.071956190693030949e+05
5.060444472239882452e+05
5.049151164564834908e+05
5.038182851856804918e+05
5.027556095575156505e+05
5.017193524132632301e+05
5.006934849552279338e+05
4.996559568871222436e+05
4.985817337400255492e+05
4.974462041447260417e+05
4.962286113880573539e+05
4.949152159942584694e+05
4.935019097414034186e+05
4.919959726867137942e+05
4.904166380830371636e+05
4.887941768959496985e+05
4.871673836746501620e+05
4.855796240715527674e+05
4.840739086019483511e+05
4.826876789652133011e+05
4.814480592030648259e+05
4.803682323150146403e+05
4.794454107172124786e+05
4.786606441797632724e+05
4.779804878184617846e+05
4.773603355821547448e+05
4.767490094055430964e+05
4.760940128727411502e+05
4.753467770362853771e+05
4.744673001588371117e+05
4.734277996011973592e+05
4.722152528384727193e+05
4.708328653830401017e+05
4.693004763170703663e+05
4.676537313658916974e+05
4.659416763650331995e+05
4.642224443588237045e+05
4.625570331846477347e+05
4.610017323495010496e+05
4.596003389233867056e+05
4.583776377729437081e+05
4.573355393436048180e+05
4.564527697573284968e+05
4.556882530690589920e+05
4.549875432850589277e+05
4.542910556428548298e+05
4.535425368147213594e+05
4.526962521037220722e+05
4.517217477006023983e+05
4.506056984630475054e+05
4.493511198344600271e+05
4.479748644739991287e+05
4.465045842009749613e+05
4.449760762332825689e+05
4.434312398016384104e+05
4.419160742494317237e+05
4.404776871078301338e+05
4.391594679254442453e+05
4.379944309606694151e+05
4.369978953879473847e+05
4.361616013046284206e+05
4.354515481362906285e+05
4.348110848980820156e+05
4.341692930916509940e+05
4.334530353750554495e+05
4.325998476560287527e+05
4.315685906601271708e+05
4.303455219889071304e+05
4.289448670342588448e+05
4.274044844913108391e+05
4.257782963598319911e+05
4.241274998221729184e+05
4.225122593080307706e+05
4.209849048551428132e+05
4.195850079889090848e+05
4.183363102759956382e+05
4.172453743682084605e+05
4.163018810967701720e+05
4.154805338039235212e+05
4.147444453661736916e+05
4.140496801609756658e+05
4.133503945369017893e+05
4.126038785553152557e+05
4.117748236660346738e+05
4.108383308953669621e+05
4.097814692929803859e+05
4.086034901655782014e+05
4.073149948043547338e+05
4.059363846286350745e+05
4.044958136744525400e+05
4.030267078876644955e+05
4.015648322764102486e+05
4.001449490105782752e+05
3.987972959820880787e+05
3.975443184007275850e+05
3.963981765426743659e+05
3.953594623639486963e+05
3.944173214707431034e+05
3.935509067046145792e+05
3.927318966104789870e+05
3.919277359460286098e+05
3.911052510431080591e+05
3.902342829610718181e+05
3.892909321332724649e+05
3.882599667090238072e+05
3.871360079160291352e+05
3.859233302240235498e+05
3.846344594163337024e+05
3.832880725193939870e+05
3.819068299102204619e+05
3.805156158492398099e+05
3.791402939386313665e+05
3.778066909324408043e+05
3.765393221441736096e+05
3.753594814412432024e+05
3.742826880117354449e+05
3.733159199571784120e+05
3.724553462256331695e+05
3.716852563744195504e+05
3.709786016188193462e+05
3.702991547413300141e+05
3.696049637249786756e+05
3.688526348805406597e+05
3.680020220919324784e+05
3.670209948595521273e+05
3.658899648533404106e+05
3.646057080394875957e+05
3.631838003644744167e+05
3.616588618666595430e+05
3.600819480018212926e+05
3.585149006406938424e+05
3.570221780560046318e+05
3.556614006694202544e+05
3.544743253918872797e+05
3.534800212297201506e+05
3.526716293081173208e+05
3.520173604931032169e+05
3.514655132797534461e+05
3.509525038647019537e+05
3.504123687976576621e+05
3.497860288078519516e+05
3.490287975158543559e+05
3.481151007330758730e+05
3.470399984588763909e+05
3.458177088564882870e+05
3.444777855694597238e+05
3.430598287386638112e+05
3.416076290911783581e+05
3.401635264250723412e+05
3.387635959445551271e+05
3.374341144986626459e+05
3.361896091351006762e+05
3.350326216420172132e+05
3.339551058268508641e+05
3.329411172505673021e+05
3.319702133377763676e+05
3.310208365329544758e+05
3.300729719481886132e+05
3.291095715035386966e+05
3.281165735687647830e+05
3.270817270639220951e+05
3.259927451612608857e+05
3.248354845407286193e+05
3.235928394293593010e+05
3.222448735775479581e+05
3.207704370377860032e+05
3.191501833548791474e+05
3.173705646299589425e+05
3.154280830523693585e+05
3.133328758606680785e+05
3.111106777457491844e+05
3.088024014178931830e+05
3.064610119410488405e+05
3.041459670573610347e+05
3.019160981728207553e+05
2.998222300819761585e+05
2.979009414555187104e+05
2.961706150980863022e+05
2.946303968311347999e+05
2.932620382263499778e+05
2.920340269271568395e+05
2.909070538753501605e+05
2.898397913238143083e+05
2.887941260089627467e+05
2.877393002621959313e+05
2.866547239322148380e+05
2.855314260280433809e+05
2.843721874987091287e+05
2.831903896825172706e+05
2.820076246170423692e+05
2.808502181357748341e+05
2.797450122523710597e+05
2.787149576526563033e+05
2.777751700930522056e+05
2.769300412330409163e+05
2.761717893413811689e+05
2.754805859396128799e+05
2.748262053347612964e+05
2.741710565520343371e+05
2.734744242441284587e+05
2.726976684332721052e+05
2.718099389060537796e+05
2.707936647050607135e+05
2.696487996002784930e+05
2.683947090175837511e+05
2.670688079912674148e+05
2.657216317765382119e+05
2.644088343084662338e+05
2.631814505074314075e+05
2.620763718618270941e+05
2.611091560390081722e+05
2.602709147803667292e+05
2.595301454483640846e+05
2.588391919685193570e+05
2.581438588597381895e+05
2.573939068005538720e+05
2.565519932936159021e+05
2.555991565242219076e+05
2.545360000688360888e+05
2.533799520299739088e+05
2.521599234039640578e+05
2.509100798901217640e+05
2.496642197336848185e+05
2.484516214103330276e+05
2.472945278177432483e+05
2.462069656312456354e+05
2.451944787667173368e+05
2.442544981886735477e+05
2.433772750885109126e+05
2.425473919290210761e+05
2.417457820419341442e+05
2.409520138340982085e+05
2.401464697451998945e+05
2.393120707786366111e+05
2.384353622297775291e+05
2.375069965646845521e+05
2.365218163776163128e+05
2.354787905638910597e+05
2.343809955919868953e+05
2.332357107689988916e+05
2.320545634443797171e+05
2.308535466163671808e+05
2.296526514468800451e+05
2.284748311494174122e+05
2.273440750905667082e+05
2.262825509957535251e+05
2.253070556452164892e+05
2.244253255503001565e+05
2.236329799053195457e+05
2.229118876143843518e+05
2.222305238825227716e+05
2.215464628145285824e+05
2.208106760369986587e+05
2.199729359031661006e+05
2.189874759529253060e+05
2.178181690731960698e+05
2.164427698625990888e+05
2.148560862287416239e+05
2.130721435415367887e+05
2.111253918470700737e+05
2.090707989219048177e+05
2.069823934213586617e+05
2.049496570396169263e+05
2.030712759401357034e+05
2.014462124332214589e+05
2.001627654812112160e+05
1.992870400200883450e+05
1.988527693145302474e+05
1.988545069036840287e+05
1.992457399033171823e+05
1.999425691556185775e+05
2.008324999236938311e+05
2.017868947722087032e+05
2.026750112560186244e+05
2.033774009504347923e+05
2.037967518028689083e+05
2.038648745722621679e+05
2.035452940485384897e+05
2.028316577014556387e+05
2.017428093024942791e+05
2.003158102137062524e+05
1.985983583441233495e+05
1.966419161720507254e+05
1.944964440912575519e+05
1.922070652732264716e+05
1.898124534251891309e+05
1.873444175323676027e+05
1.848281410856418079e+05
1.822827538256780535e+05
1.797221944349691621e+05
1.771564728670439217e+05
1.745933684808321414e+05
1.720403618797408999e+05
1.695063633951238298e+05
1.670027462699221796e+05
1.645433941619341203e+05
1.621438575071456435e+05
1.598200950589883141e+05
1.575874542844580137e+05
1.554604080876896624e+05
1.534531587137504830e+05
1.515807234026432270e+05
1.498597673600014823e+05
1.483084310341671226e+05
1.469447510368077201e+05
1.457838683665699209e+05
1.448348056758171588e+05
1.440979176011189411e+05
1.435640216252522368e+05
1.432157266862418037e+05
1.430307848676490539e+05
1.429866669455266383e+05
1.430652275705847424e+05
1.432563619892612332e+05
1.435598860149563407e+05
1.439853186660232604e+05
1.445496385802516597e+05
1.452733315970901458e+05
1.461751665136550437e+05
1.472662159182762261e+05
1.485437609193951357e+05
1.499858961604969227e+05
1.515478113868606451e+05
1.531607407125694153e+05
1.547343267088658758e+05
1.561626117390268482e+05
1.573331312464739603e+05
1.581378359998133674e+05
1.584840476707027410e+05
1.583035427870854037e+05
1.575582279912370723e+05
1.562416223918487085e+05
1.543762814243362518e+05
1.520081140931205009e+05
1.491990432751412736e+05
1.460195398978313315e+05
1.425422717490981449e+05
1.388375984233201889e+05
1.349711012447247049e+05
1.310029064279888989e+05
1.269883040059916821e+05
1.229790680963901395e+05
1.190248907488773111e+05
1.151744051785306510e+05
1.114753825741491310e+05
1.079738549679465214e+05
1.047121559612199489e+05
1.017261580700490595e+05
9.904225453244580422e+04
9.667479774977015040e+04
9.462469554280315060e+04
9.287965947639325168e+04
9.141623948216742428e+04
9.020336085985349200e+04
8.920672081098108902e+04
8.839320492606924381e+04
8.773450582449797366e+04
8.720935761157244269e+04
8.680416871531173820e+04
8.651222957952728029e+04
8.633197631430254842e+04
8.626492936712579103e+04
8.631387988297412812e+04
8.648170483233343111e+04
8.677092681027427898e+04
8.718386893495827098e+04
8.772304389689154050e+04
8.839129135909468459e+04
8.919115911099397636e+04
9.012312612337864994e+04
9.118250017119107360e+04
9.235518132671620697e+04
9.361292243778781267e+04
9.490914862563535280e+04
9.617668640049993701e+04
9.732874904701847117e+04
9.826411266822685138e+04
9.887658018991853169e+04
9.906770451261640119e+04
9.876062068396180985e+04
9.791210463083934155e+04
9.651997195415443275e+04
9.462379408176809375e+04
9.229847985795285786e+04
8.964210321194442804e+04
8.676086649132065941e+04
8.375476803251619276e+04
8.070716354397279792e+04
7.768011407357994176e+04
7.471564920841350977e+04
7.184142724750138586e+04
6.907824721533281263e+04
6.644671461066756456e+04
6.397102824925339519e+04
6.167903030542132910e+04
5.959891889232875837e+04
5.775397475671530992e+04
5.615707243548906263e+04
5.480660804465833644e+04
5.368492948116162006e+04
5.275963449211876286e+04
5.198742936489520798e+04
5.131975615881847625e+04
5.070914177215086966e+04
5.011517224143238855e+04
4.950910613840541919e+04
4.887638285446611553e+04
4.821664200037109549e+04
4.754132441216715233e+04
4.686940674270527234e+04
4.622221756170537992e+04
4.561846773283598304e+04
4.507052058971916267e+04
4.458254117499836866e+04
4.415061639927983197e+04
4.376441266173798795e+04
4.340960930249404919e+04
4.307030943748076970e+04
4.273086128425442439e+04
4.237689966078059661e+04
4.199577494436988491e+04
4.157674267887338647e+04
4.111128931442335306e+04
4.059380461128975003e+04
4.002257230573235574e+04
3.940083957461768296e+04
3.873761342211820738e+04
3.804784210569976131e+04
3.735175555681021797e+04
3.667332087903728825e+04
3.603797054285436752e+04
3.546993667936301790e+04
3.498963638418410119e+04
3.461157355137351260e+04
3.434314432523999130e+04
3.418457069315277477e+04
3.412997623571645818e+04
3.416940780868584989e+04
3.429144364731032692e+04
3.448594499220818398e+04
3.474651747992324090e+04
3.507234292119276506e+04
3.546919975104222976e+04
3.594968177665528492e+04
3.653281873141131655e+04
3.724346979879774153e+04
3.811197750040291430e+04
3.917461041458998807e+04
4.047526115440131252e+04
4.206866175427801500e+04
4.402498109057814872e+04
4.643503315684376139e+04
4.941445830067130009e+04
5.310427172352830530e+04
5.766441911128262291e+04
6.325693529319510708e+04
7.001652440011267026e+04
7.800922352773984312e+04
8.718409969979332527e+04
9.732771468202273536e+04
1.080347025025747425e+05
1.187083008459201956e+05
1.286006536348332302e+05
1.368941368494516355e+05
1.428136810088866332e+05
1.457494607302261284e+05
1.453632469252685260e+05
1.416529472280119953e+05
1.349587893664245203e+05
1.259088297094034351e+05
1.153165671004655887e+05
1.040546218723095517e+05
9.293238578383432468e+04
8.260159842555812793e+04
7.350399283339221438e+04
6.586317972365990863e+04
5.971263089664980362e+04
5.494557319338140223e+04
5.137153681289778615e+04
4.876724480124326510e+04
4.691456736559115234e+04
4.562341655084822560e+04
4.474133224127706490e+04
4.415355094257468591e+04
4.377771307522930874e+04
4.355661792775503272e+04
4.345122530650233239e+04
4.343493703664778150e+04
4.348935197512088780e+04
4.360125041690420039e+04
4.376046495565119403e+04
4.395840674558666069e+04
4.418719888578155951e+04
4.443950475983852812e+04
4.470915444246789411e+04
4.499254880527526984e+04
4.529059914398349065e+04
4.561072487620992615e+04
4.596828218185767037e+04
4.638680784914393735e+04
4.689665673309755221e+04
4.753194676282053115e+04
4.832611356235594576e+04
4.930671414256314165e+04
5.049032302143040579e+04
5.187839525998391036e+04
5.345483691305986576e+04
5.518576536037798360e+04
5.702161367864078056e+04
5.890138462906448694e+04
6.075853202467857045e+04
6.252767772567629436e+04
6.415120308501121326e+04
6.558473017356652417e+04
6.680066635883761046e+04
6.778932763669213455e+04
6.855762904542392062e+04
6.912582677882171993e+04
6.952317992035372299e+04
6.978355286824854556e+04
6.994185311683264445e+04
7.003183686215756461e+04
7.008534133785087033e+04
7.013257639283825119e+04
7.020286141880459036e+04
7.032518815387187351e+04
7.052819975462948787e+04
7.083950964115503302e+04
7.128462005082082760e+04
7.188593180483669857e+04
7.266239334390098520e+04
7.363019702226795198e+04
7.480462095491668151e+04
7.620270598868768138e+04
7.784605389617918991e+04
7.976275374913644919e+04
8.198739301329053706e+04
8.455834432507856400e+04
8.751202180618865532e+04
9.087448120679901331e+04
9.465145302649898804e+04
9.881848845220655494e+04
1.033132254161449964e+05
1.080317495659361448e+05
1.128305897877938551e+05
1.175350710928876360e+05
1.219536461236885661e+05
1.258966213303953846e+05
1.291966373381506419e+05
1.317276313779597112e+05
1.334190243563294644e+05
1.342626176030776114e+05
1.343110405090962886e+05
1.336682562253222568e+05
1.324741902235747548e+05
1.308865891685466777e+05
1.290634822052424279e+05
1.271490723379154806e+05
1.252647410308630788e+05
1.235054762065339164e+05
1.219408341230236110e+05
1.206188158229745022e+05
1.195708860388101602e+05
1.188166981687922234e+05
1.183676941511977639e+05
1.182293726568105340e+05
1.184024716873659927e+05
1.188835086613910826e+05
1.196650859504969267e+05
1.207361967592461588e+05
1.220825688685255736e+05
1.236869504899008898e+05
1.255292115156512009e+05
1.275861918851778610e+05
1.298313311994481192e+05
1.322342091556359082e+05
1.347601805244980496e+05
1.373702919050620403e+05
1.400216304018245137e+05
1.426681942428293696e+05
1.452623081434938940e+05
1.477565433497021731e+05
1.501060507518523955e+05
1.522711761337991047e+05
1.542201911988410575e+05
1.559319267025523295e+05
1.573980235321599757e+05
1.586244357710744371e+05
1.596317727078823082e+05
1.604541222813843924e+05
1.611362079805814428e+05
1.617290833085351333e+05
1.622849657316726225e+05
1.628520992533569224e+05
1.634705674284563283e+05
1.641697079651432869e+05
1.649672959498466807e+05
1.658701642538632732e+05
1.668756297909429995e+05
1.679731084352871694e+05
1.691455845739903161e+05
1.703709732103708957e+05
1.716236590655227774e+05
1.728764889308980783e+05
1.741032528880636964e+05
1.752813681817403412e+05
1.763942625778159127e+05
1.774329571426643524e+05
1.783965610751595523e+05
1.792916994808779564e+05
1.801311567111394252e+05
1.809321393594472029e+05
1.817145318390573375e+05
1.824993834950077871e+05
1.833076966361727391e+05
1.841594306562374113e+05
1.850725294362762652e+05
1.860617435826305591e+05
1.871370848251309071e+05
1.883019326476930582e+05
1.895510836665484530e+05
1.908693013388469699e+05
1.922310569074412342e+05
1.936020426311560732e+05
1.949426632788907737e+05
1.962131678836314823e+05
1.973795568764675991e+05
1.984190878345381643e+05
1.993242279455845419e+05
2.001042552975667641e+05
2.007842643596410635e+05
2.014018929099974921e+05
2.020024904113501834e+05
2.026336112809094193e+05
2.033396651516732527e+05
2.041573848281218670e+05
2.051125824966733635e+05
2.062185067902511801e+05
2.074759691344170424e+05
2.088752182270846097e+05
2.103992648154923227e+05
2.120280230060538452e+05
2.137423480289725121e+05
2.155269611735545332e+05
2.173714683290265093e+05
2.192691942429588235e+05
2.212142278851963056e+05
2.231976702142033027e+05
2.252043651914366055e+05
2.272112605708239716e+05
2.291880386339505785e+05
2.310999774829081725e+05
2.329124031579357688e+05
2.345957609904237324e+05
2.361303187718289555e+05
2.375097207566046563e+05
2.387428811573119019e+05
2.398539188090438547e+05
2.408799796268962964e+05
2.418669580503951001e+05
2.428634175601940078e+05
2.439134430842736911e+05
2.450496162302900048e+05
2.462875700987780292e+05
2.476234526547254645e+05
2.490350477840907115e+05
2.504864145576051960e+05
2.519350037173511810e+05
2.533396107332948595e+05
2.546674171559814713e+05
2.558987474784846709e+05
2.570288477040222497e+05
2.580667277308150078e+05
2.590317010063071211e+05
2.599486052529764711e+05
2.608427965615539579e+05
2.617359196506123990e+05
2.626432127790297964e+05
2.635727390840525622e+05
2.645264898434472270e+05
2.655028564130908926e+05
2.664996261742193601e+05
2.675165326021030778e+05
2.685565398682874511e+05
2.696254421844524913e+05
2.707298937015981064e+05
2.718744895145407063e+05
2.730588306698331144e+05
2.742755282298891107e+05
2.755098348578359000e+05
2.767411351781246485e+05
2.779460322949151159e+05
2.791023850987120531e+05
2.801934663262357935e+05
2.812114297616988188e+05
2.821594401243263273e+05
2.830520594669972197e+05
2.839137525013588602e+05
2.847756562446255703e+05
2.856710502755237976e+05
2.866302293378351023e+05
2.876756495397331310e+05
2.888182144933477393e+05
2.900553544174519484e+05
2.913711776201523026e+05
2.927385608514726046e+05
2.941227292802650481e+05
2.954857387264522840e+05
2.967912966878794832e+05
2.980094515176390414e+05
2.991207356046451023e+05
3.001193220498426235e+05
3.010146892563952715e+05
3.018312931128611672e+05
3.026059284642778803e+05
3.033828537627589540e+05
3.042072807367853820e+05
3.051183309933975106e+05
3.061428441914232681e+05
3.072913516281177290e+05
3.085570824018103885e+05
3.099181547518445877e+05
3.113423276242457796e+05
3.127930796918231645e+05
3.142355282754035434e+05
3.156408745570233441e+05
3.169886092414400191e+05
3.182664635245813406e+05
3.194688030806256575e+05
3.205945960261963191e+05
3.216460768229948590e+05
3.226287636870606220e+05
3.235527328217631439e+05
3.244343119617477059e+05
3.252969555457513779e+05
3.261702088509221794e+05
3.270863326481550466e+05
3.280750825364088523e+05
3.291579346830137656e+05
3.303433916811702074e+05
3.316247575890462613e+05
3.329810521415116382e+05
3.343808246299260645e+05
3.357878485001976951e+05
3.371672615104726283e+05
3.384907479542358196e+05
3.397397801910187700e+05
3.409065871739547001e+05
3.419931895331614069e+05
3.430093275518639712e+05
3.439702584813478170e+05
3.448951685151220881e+05
3.458064251153208315e+05
3.467292996499770670e+05
3.476913769194304477e+05
3.487208360343042295e+05
3.498431848940541968e+05
3.510767248631987604e+05
3.524277424086934188e+05
3.538868660751196439e+05
3.554279739434852963e+05
3.570104529090321739e+05
3.585846683068178245e+05
3.600995261323846644e+05
3.615103602621938335e+05
3.627853043300788268e+05
3.639088446072150837e+05
3.648821877786780242e+05
3.657210480994958198e+05
3.664520903071110952e+05
3.671093418105607852e+05
3.677314388535525068e+05
3.683598470633511315e+05
3.690375467975370120e+05
3.698073854276505881e+05
3.707094729595783283e+05
3.717775162680943031e+05
3.730345838055755594e+05
3.744891853436131496e+05
3.761325777848588768e+05
3.779378955870339996e+05
3.798612430510290433e+05
3.818445178815697436e+05
3.838196163431463065e+05
3.857137768353335559e+05
3.874559619628827204e+05
3.889841248882740038e+05
3.902528399818963953e+05
3.912402180941817933e+05
3.919525965779843973e+05
3.924255523956108955e+05
3.927204978631953127e+05
3.929173028379780590e+05
3.931045594888274209e+05
3.933697106977373478e+05
3.937909845896174666e+05
3.944320425569165964e+05
3.953389879388411064e+05
3.965385563890333287e+05
3.980363385007777251e+05
3.998147135876762331e+05
4.018312939483380178e+05
4.040194192966080736e+05
4.062921380542879924e+05
4.085501602820066619e+05
4.106929061449018773e+05
4.126306382963270298e+05
4.142952501657966641e+05
4.156477075809941161e+05
4.166811445255110157e+05
4.174197241408793489e+05
4.179141692506740219e+05
4.182351531617173459e+05
4.184656043427358964e+05
4.186926693492236082e+05
4.189998482741052285e+05
4.194597802468063892e+05
4.201282515750800376e+05
4.210400556920620729e+05
4.222071973269881564e+05
4.236195706390147679e+05
4.252477693360078265e+05
4.270473063113513053e+05
4.289633968847544747e+05
4.309356282822329085e+05
4.329021865104862372e+05
4.348036521356453304e+05
4.365865531383185880e+05
4.382068292503464036e+05
4.396331809101107065e+05
4.408500577109187143e+05
4.418598727515530773e+05
4.426839447805235977e+05
4.433616748520552064e+05
4.439475763939071330e+05
4.445060378300285083e+05
4.451041279343363130e+05
4.458032982189852046e+05
4.466513287719100481e+05
4.476760806579135242e+05
4.488823907592655742e+05
4.502527729993523099e+05
4.517516759340435383e+05
4.533322186415769393e+05
4.549438800889248378e+05
4.565396665066499263e+05
4.580817126391738420e+05
4.595448254137233598e+05
4.609179068754213513e+05
4.622034032975058071e+05
4.634150023030144512e+05
4.645739018043339602e+05
4.657041972646545037e+05
4.668282126084314659e+05
4.679627460774683277e+05
4.691170375182384741e+05
4.702927634832783951e+05
4.714857087166571291e+05
4.726882441116849077e+05
4.738916137754344963e+05
4.750873578183077625e+05
4.762678020544452011e+05
4.774261164619105984e+05
4.785566867409892147e+05
4.796563339065458858e+05
4.807263620447310386e+05
4.817747935152171995e+05
4.828177754839231493e+05
4.838792044232513290e+05
4.849881037319171592e+05
4.861740037210084265e+05
4.874612298010789091e+05
4.888633701693838811e+05
4.903791754513644846e+05
4.919907980845125276e+05
4.936647608638415113e+05
4.953555156205603853e+05
4.970110295269902563e+05
4.985795659840109292e+05
5.000167039416367188e+05
5.012916305839833221e+05
5.023918126455990714e+05
5.033252883457147400e+05
5.041200496207225369e+05
5.048203557691871538e+05
5.054803684025674011e+05
5.061561667338297702e+05
5.068977981861878070e+05
5.077432496300069615e+05
5.087158360916669481e+05
5.098254632749470184e+05
5.110728237746828236e+05
5.124543986179702915e+05
5.139657473527981201e+05
5.156012876695082523e+05
5.173503981190104387e+05
5.191915604751122883e+05
5.210875312099477160e+05
5.229845431833248003e+05
5.248171797749180114e+05
5.265183546437966870e+05
5.280317081400408642e+05
5.293226285154372454e+05
5.303845166380732553e+05
5.312386557533374289e+05
5.319283464993136004e+05
5.325098165078329621e+05
5.330430571377039887e+05
5.335850216526769800e+05
5.341860312610573601e+05
5.348886361770965159e+05
5.357273375543843722e+05
5.367277890368023654e+05
5.379050765125212492e+05
5.392617584916810738e+05
5.407868915482573211e+05
5.424569870821867371e+05
5.442389566408246756e+05
5.460941454486467410e+05
5.479820814123792807e+05
5.498628437296145130e+05
5.516978294415967539e+05
5.534496960048848996e+05
5.550828414530929876e+05
5.565656112591647543e+05
5.578745228972554905e+05
5.589995709504757542e+05
5.599487069391752593e+05
5.607493954210364027e+05
5.614459235618785024e+05
5.620926314489702927e+05
5.627448147421465255e+05
5.634500115343820071e+05
5.642422504875324667e+05
5.651406352292466909e+05
5.661519101369101554e+05
5.672751913509977749e+05
5.685065061487365747e+05
5.698413392479998292e+05
5.712746599284713157e+05
5.727991960129222134e+05
5.744033941441472853e+05
5.760703261710153893e+05
5.777780216097239172e+05
5.795008695630315924e+05
5.812113306192617165e+05
5.828813893493084470e+05
5.844837341756308451e+05
5.859931404801825993e+05
5.873886006355382269e+05
5.886563261765427887e+05
5.897930848969923100e+05
5.908088143482073210e+05
5.917273705062568188e+05
5.925846815681057051e+05
5.934242948726612376e+05
5.942910311182772275e+05
5.952239488298163051e+05
5.962499794245695230e+05
5.973794665957154939e+05
5.986045358580240281e+05
5.999008021054100245e+05
6.012324075693746563e+05
6.025597670848222915e+05
6.038487358125757892e+05
6.050793562185190385e+05
6.062521019229367375e+05
6.073898059305625502e+05
6.085342959445288870e+05
