6.793952091307879891e+05
6.773388683074755827e+05
6.754281489709439920e+05
6.736849774263879517e+05
6.721159864498922834e+05
6.707139739368546288e+05
6.694598428706289269e+05
6.683251843921294203e+05
6.672758191793439910e+05
6.662762004725927254e+05
6.652938656911699800e+05
6.643026025629796786e+05
6.632831087767886929e+05
6.622207755611165194e+05
6.611014934578529792e+05
6.599074591337493621e+05
6.586152735762447119e+05
6.571979080388792790e+05
6.556305908664450981e+05
6.538989451201529009e+05
6.520065219586527674e+05
6.499787708941921592e+05
6.478615708995304303e+05
6.457143251679932000e+05
6.435995594071513042e+05
6.415721761738100322e+05
6.396715138703093398e+05
6.379181617429093458e+05
6.363156304841123056e+05
6.348552832671807846e+05
6.335220938095599413e+05
6.322990701807879377e+05
6.311692720849612961e+05
6.301156068848394789e+05
6.291193897072413238e+05
6.281587314642227720e+05
6.272073744082860649e+05
6.262341024676433299e+05
6.252027200418183347e+05
6.240728844312853180e+05
6.228024873593996745e+05
6.213523497979582753e+05
6.196934265889194794e+05
6.178156011662773089e+05
6.157359449794387911e+05
6.135036252369063441e+05
6.111989119987990707e+05
6.089250206818350125e+05
6.067934638374740025e+05
6.049055351772037102e+05
6.033338466287361225e+05
6.021080523237759480e+05
6.012079660339112161e+05
6.005655303394738585e+05
6.000750815758676035e+05
5.996096508015139261e+05
5.990400491062577348e+05
5.982533288514021551e+05
5.971677550839656033e+05
5.957423795305726817e+05
5.939803870083674556e+05
5.919263670708187856e+05
5.896584456545298453e+05
5.872767615893424954e+05
5.848900880766318878e+05
5.826024755400231807e+05
5.805016266529778950e+05
5.786503260916962754e+05
5.770816952622670215e+05
5.757984210393378744e+05
5.747755262501374818e+05
5.739658017963424791e+05
5.733067653932558605e+05
5.727279730105451308e+05
5.721576796465532389e+05
5.715281920080783311e+05
5.707797078782775206e+05
5.698628849656471284e+05
5.687406890517575666e+05
5.673901200288279215e+05
5.658041676132365828e+05
5.639938867897773162e+05
5.619899882757803425e+05
5.598430222944151610e+05
5.576212428725706413e+05
5.554055999441465829e+05
5.532819205157769611e+05
5.513310393275490496e+05
5.496182467726857867e+05
5.481837931684096111e+05
5.470362262032614090e+05
5.461499972546754871e+05
5.454680760158346966e+05
5.449093765941058518e+05
5.443798286237452412e+05
5.437851759883696213e+05
5.430432645252284128e+05
5.420937728029852733e+05
5.409039677620716393e+05
5.394699235961766681e+05
5.378134831993418047e+05
5.359758766503218794e+05
5.340092572695307899e+05
5.319674936350651551e+05
5.298974491376616061e+05
5.278317843151782872e+05
5.257840987668971065e+05
5.237470087391540874e+05
5.216935058801099076e+05
5.195816087126504281e+05
5.173618638673526584e+05
5.149867074486533529e+05
5.124201800141183194e+05
5.096461939274678589e+05
5.066736620939626591e+05
5.035373810424404219e+05
5.002945043833407690e+05
4.970174637581619900e+05
4.937849547292235657e+05
4.906728588374217506e+05
4.877466796553796157e+05
4.850564056211948046e+05
4.826339712004701141e+05
4.804929377805080730e+05
4.786297790832302999e+05
4.770261852878772188e+05
4.756519467857044074e+05
4.744681021390962414e+05
4.734300825076127658e+05
4.724905973940200056e+05
4.716020610072577838e+05
4.707184951219182112e+05
4.697970301959044882e+05
4.687992756703373161e+05
4.676928600471132668e+05
4.664533238535057171e+05
4.650663262413877528e+05
4.635298843083045213e+05
4.618561858663017629e+05
4.600724455591864535e+05
4.582203114818924805e+05
4.563534539154455997e+05
4.545331667189184809e+05
4.528220929705551825e+05
4.512765597500327276e+05
4.499384454950502841e+05
4.488279094375107670e+05
4.479385223631154513e+05
4.472361791380262584e+05
4.466625592761605512e+05
4.461429128834487055e+05
4.455968497220108984e+05
4.449499691251949407e+05
4.441439159774997388e+05
4.431429161573193269e+05
4.419358939544211025e+05
4.405345325439202134e+05
4.389686506277622539e+05
4.372806805142546655e+05
4.355207382041360834e+05
4.337429534230176359e+05
4.320027642648199107e+05
4.303542124828411033e+05
4.288462056958437315e+05
4.275172865339764976e+05
4.263894253287549363e+05
4.254622989538249094e+05
4.247099879199963761e+05
4.240817532848145347e+05
4.235075853977952502e+05
4.229078826134338160e+05
4.222054056268628337e+05
4.213369924749146448e+05
4.202626141203882871e+05
4.189701171326574404e+05
4.174751317212707945e+05
4.158167331922159647e+05
4.140502119256365113e+05
4.122385715156924562e+05
4.104441630346069578e+05
4.087213536373511888e+05
4.071105767706447514e+05
4.056337599355068523e+05
4.042911038692907314e+05
4.030594495585887926e+05
4.018928044177634292e+05
4.007257186013422324e+05
3.994798926958031370e+05
3.980736523604614194e+05
3.964329842715340783e+05
3.945020871579027735e+05
3.922512178539652959e+05
3.896801550286658457e+05
3.868167106708436040e+05
3.837109999726570677e+05
3.804271792787336162e+05
3.770347587153505883e+05
3.736013244344186387e+05
3.701877468985244050e+05
3.668460274632240762e+05
3.636191632873027702e+05
3.605419972342233523e+05
3.576420225424775854e+05
3.549394596051684348e+05
3.524464591600444401e+05
3.501658236564859399e+05
3.480899990375427296e+05
3.462011503206745838e+05
3.444728672620831057e+05
3.428735330525009776e+05
3.413708033326537698e+05
3.399361940474802395e+05
3.385486342614541645e+05
3.371960706546788570e+05
3.358747517873745528e+05
3.345865012083920883e+05
3.333348861791382078e+05
3.321215032026899280e+05
3.309435242290303577e+05
3.297932016774291405e+05
3.286593675913645420e+05
3.275303110883804038e+05
3.263970029242832679e+05
3.252555928214931628e+05
3.241084323460764717e+05
3.229634366176641779e+05
3.218321746974671260e+05
3.207274566317449207e+05
3.196612327227952192e+05
3.186433362262954470e+05
3.176811151276492747e+05
3.167795281328890705e+05
3.159410430535196792e+05
3.151647999365844298e+05
3.144449565076229628e+05
3.137687275190402288e+05
3.131150802685018862e+05
3.124551101810985128e+05
3.117547071658624336e+05
3.109793648736987379e+05
3.101001771521075862e+05
3.090995389084597118e+05
3.079750358097085264e+05
3.067404755674938788e+05
3.054237953369175084e+05
3.040623922550230636e+05
3.026970155000259983e+05
3.013655944013679400e+05
3.000982574087511166e+05
2.989144118289690232e+05
2.978222277005864889e+05
2.968203185163159505e+05
2.959009380758284824e+05
2.950537043531737290e+05
2.942687864747946733e+05
2.935386787869966356e+05
2.928581036276682862e+05
2.922221318241327535e+05
2.916231425496656448e+05
2.910476160041841795e+05
2.904738612088476657e+05
2.898715974169727415e+05
2.892038785900417715e+05
2.884312832429088885e+05
2.875177243885046919e+05
2.864368018672675244e+05
2.851774255468805204e+05
2.837475308292583213e+05
2.821750675744031323e+05
2.805059841051007970e+05
2.787995174024643493e+05
2.771215949536753469e+05
2.755374369022306637e+05
2.741044646402076469e+05
2.728663971392808598e+05
2.718490434942297870e+05
2.710579148235492175e+05
2.704775113579960889e+05
2.700720673118113773e+05
2.697876434240213130e+05
2.695556394065767527e+05
2.692978991211390821e+05
2.689334664926664555e+05
2.683866867022006772e+05
2.675958396334091667e+05
2.665210513439968927e+05
2.651500759167326032e+05
2.635007945216758526e+05
2.616198923403320368e+05
2.595779481431588356e+05
2.574618511914779083e+05
2.553658526451957878e+05
2.533826054387364420e+05
2.515953183537033037e+05
2.500717776550036797e+05
2.488605839756741480e+05
2.479895631626060931e+05
2.474659434119666985e+05
2.472775611191537755e+05
2.473941315510529384e+05
2.477676205108721333e+05
2.483311068718823662e+05
2.489962774516430800e+05
2.496507220640620508e+05
2.501571759299039550e+05
2.503573323979588749e+05
2.500823976760146325e+05
2.491710146062184358e+05
2.474928121554622485e+05
2.449733561891626450e+05
2.416146361240678816e+05
2.375052255968325480e+05
2.328161734579590557e+05
2.277820582255225745e+05
2.226704194262920937e+05
2.177457172632891161e+05
2.132351340011458669e+05
2.093026518737567530e+05
2.060353803348669317e+05
2.034429871527090727e+05
2.014683020680404734e+05
2.000053958175797015e+05
1.989209042793732078e+05
1.980748537398082844e+05
1.973383026481257402e+05
1.966062919537987909e+05
1.958055812833773089e+05
1.948973300214205810e+05
1.938753044997029356e+05
1.927604648375505058e+05
1.915929960124098870e+05
1.904230154562488315e+05
1.893012650816798559e+05
1.882710097736635944e+05
1.873620856291766686e+05
1.865876116396500147e+05
1.859434044122118503e+05
1.854097389454538643e+05
1.849548591533444996e+05
1.845395657974043279e+05
1.841222425746172667e+05
1.836637554424153641e+05
1.831317396663055406e+05
1.825038815288641199e+05
1.817699325813001487e+05
1.809323652610743011e+05
1.800057478709658317e+05
1.790150219597535906e+05
1.779928734348831058e+05
1.769763350515245984e+05
1.760027337093946990e+05
1.751051887930885714e+05
1.743080893586223829e+05
1.736232342247274937e+05
1.730474507546919631e+05
1.725623829582039034e+05
1.721367382200220309e+05
1.717307222173700284e+05
1.713018730702536122e+05
1.708112099199506047e+05
1.702286169259853486e+05
1.695366456093435118e+05
1.687323103377952066e+05
1.678268399572309572e+05
1.668436482256927702e+05
1.658149735998328833e+05
1.647777304590086569e+05
1.637691310763101792e+05
1.628225924641072343e+05
1.619643404246819555e+05
1.612109780161741364e+05
1.605681259382482967e+05
1.600301069222789956e+05
1.595805684948553098e+05
1.591939295166639495e+05
1.588375751305304875e+05
1.584747643283094803e+05
1.580681980956324551e+05
1.575840880912556604e+05
1.569963763108689454e+05
1.562905492050318862e+05
1.554663623688734369e+05
1.545388304547900625e+05
1.535370711521905905e+05
1.525009744642829755e+05
1.514760925755655044e+05
1.505074933070137922e+05
1.496335107101013418e+05
1.488803386680211988e+05
1.482582740888490516e+05
1.477601690202348400e+05
1.473623328636649530e+05
1.470277666425912757e+05
1.467112498114055779e+05
1.463654964272269863e+05
1.459474234462250606e+05
1.454235829016272619e+05
1.447740057021900720e+05
1.439940329159341345e+05
1.430940781596676970e+05
1.420975808212146221e+05
1.410376173006470199e+05
1.399527237134185270e+05
1.388824685895441216e+05
1.378632317234070215e+05
1.369245311762452766e+05
1.360861296345017035e+05
1.353560752964025305e+05
1.347298068020097853e+05
1.341904598853177740e+05
1.337105027316111373e+05
1.332547309873821214e+05
1.327844356302623637e+05
1.322622512050011719e+05
1.316569074479331903e+05
1.309469862919618608e+05
1.301229310683534859e+05
1.291869640666195191e+05
1.281511206297442113e+05
1.270341040627945913e+05
1.258579155579440994e+05
1.246451206022640545e+05
1.234172204253578675e+05
1.221940696017880546e+05
1.209938381381262734e+05
1.198328380957374902e+05
1.187246854485305812e+05
1.176786702591287467e+05
1.166976794172250666e+05
1.157763500114676281e+05
1.149001904493071779e+05
1.140461793815770943e+05
1.131849495698932878e+05
1.122842540804354503e+05
1.113131374823605147e+05
1.102461481686509360e+05
1.090669886893141957e+05
1.077711232421984023e+05
1.063669815415411576e+05
1.048755147054811387e+05
1.033280196214945463e+05
1.017623970943491586e+05
1.002183299071491201e+05
9.873216825091221835e+04
9.733246254393516574e+04
9.603698977961800119e+04
9.485177219683912699e+04
9.377208419893211976e+04
9.278495039066429308e+04
9.187231909186276607e+04
9.101405124875812908e+04
9.019009420656689326e+04
8.938161857412493555e+04
8.857133222252546693e+04
8.774349254189924977e+04
8.688421005765034351e+04
8.598245274392975261e+04
8.503179373971837049e+04
8.403253672185202595e+04
8.299356045090153930e+04
8.193316117691001273e+04
8.087836544101836625e+04
7.986256630239970400e+04
7.892176634841282794e+04
7.809004416402839706e+04
7.739499911480238370e+04
7.685385816720753792e+04
7.647071486990172707e+04
7.623512406897993060e+04
7.612209391885128571e+04
7.609343992324793362e+04
7.610046409398096148e+04
7.608791817340198031e+04
7.599912527761714591e+04
7.578193854832666693e+04
7.539494848881797225e+04
7.481311120165490138e+04
7.403187290672250674e+04
7.306899202062137192e+04
7.196361636591168644e+04
7.077268736529850867e+04
6.956528621803298302e+04
6.841596482817181095e+04
6.739829957236717746e+04
6.657980780762129871e+04
6.601898150323465234e+04
6.576459063320612768e+04
6.585671795388395549e+04
6.632837603949304321e+04
6.720621663148245716e+04
6.850894123713612498e+04
7.024264957937221334e+04
7.239345882842788706e+04
7.491903821300181153e+04
7.774180614032974700e+04
8.074694891136755177e+04
8.378779258611323894e+04
8.669937044224247802e+04
8.931867967985276482e+04
9.150785812651090964e+04
9.317516381522876327e+04
9.428877758756058756e+04
9.488011731831569341e+04
9.503602523893202306e+04
9.488197263550116622e+04
9.456042222677408427e+04
9.420915015075496922e+04
9.394363333609592519e+04
9.384599132412247127e+04
9.396108969841046201e+04
9.429885443666769424e+04
9.484094184935186058e+04
9.554968414148892043e+04
9.637749711604394543e+04
9.727543014373966435e+04
9.820003998378754477e+04
9.911816355987064890e+04
1.000094358159671683e+05
1.008665943844292342e+05
1.016937921211776847e+05
1.025033331398646842e+05
1.033114433629617124e+05
1.041338291207618458e+05
1.049818020857735246e+05
1.058596165675134544e+05
1.067633898469531850e+05
1.076816279647511401e+05
1.085970594905149628e+05
1.094892788184577075e+05
1.103376601174312818e+05
1.111241005459081643e+05
1.118353141941927170e+05
1.124645409959996759e+05
1.130126008028720244e+05
1.134882103440444189e+05
1.139074419431768183e+05
1.142922135640959896e+05
1.146678152393315686e+05
1.150596943059006007e+05
1.154899707053484453e+05
1.159743231071758928e+05
1.165198792592735263e+05
1.171245296349288110e+05
1.177777245894207299e+05
1.184624460720164498e+05
1.191578109494016389e+05
1.198417494675118505e+05
1.204933892809796525e+05
1.210950450469432108e+05
1.216339102993073029e+05
1.221035623025660170e+05
1.225052202316657495e+05
1.228484551848830015e+05
1.231509072641897801e+05
1.234366546336859465e+05
1.237332212251176534e+05
1.240676851603820396e+05
1.244627525146734697e+05
1.249337942206303123e+05
1.254876184525730496e+05
1.261232323236166849e+05
1.268342299081842648e+05
1.276119663575284503e+05
1.284485167684408225e+05
1.293386146688133886e+05
1.302802131840323418e+05
1.312738141293309163e+05
1.323210666073397442e+05
1.334232305831608828e+05
1.345799407773805724e+05
1.357884090005001635e+05
1.370429320814588864e+05
1.383344614313619095e+05
1.396500866605629562e+05
1.409725352825885057e+05
1.422800630151807272e+05
1.435472519152497989e+05
1.447471342532199633e+05
1.458546983842473128e+05
1.468513039102731855e+05
1.477290280558792874e+05
1.484937050587823032e+05
1.491655639853835746e+05
1.497769293188220181e+05
1.503672601680986118e+05
1.509765852075675211e+05
1.516388574119614204e+05
1.523767454394473461e+05
1.531989267983798927e+05
1.541002422009508009e+05
1.550643610435937881e+05
1.560680940556052956e+05
1.570862591783179669e+05
1.580960480196524877e+05
1.590800894372251059e+05
1.600277919830847532e+05
1.609349941027103341e+05
1.618023683245481807e+05
1.626333018922395131e+05
1.634320157195691136e+05
1.642024631397074263e+05
1.649481542898448533e+05
1.656726498083297920e+05
1.663802321665847849e+05
1.670762821354882326e+05
1.677671194806907151e+05
1.684593694163941836e+05
1.691591335160782037e+05
1.698712902052311110e+05
1.705991450226856396e+05
1.713444873760975024e+05
1.721079861175001424e+05
1.728898156458023004e+05
1.736904273031139746e+05
1.745114156463701511e+05
1.753564387188049441e+05
1.762321374199368001e+05
1.771489875656475488e+05
1.781220230815582618e+05
1.791713667042854649e+05
1.803224480824847124e+05
1.816056540444012498e+05
1.830549895848569286e+05
1.847052569143679284e+05
1.865874320562304056e+05
1.887224058414002648e+05
1.911139697754236986e+05
1.937426089082687977e+05
1.965619792546002718e+05
1.994996474597385677e+05
2.024627391296888527e+05
2.053478439513659687e+05
2.080533141018846654e+05
2.104914163253789302e+05
2.125979003717901651e+05
2.143373594624117250e+05
2.157039471628971805e+05
2.167181413211049221e+05
2.174209620229330612e+05
2.178672253035876201e+05
2.181191374320075847e+05
2.182410218686727749e+05
2.182954390267496929e+05
2.183405423349241319e+05
2.184282576333698526e+05
2.186027767166762787e+05
2.188989208088854793e+05
2.193401623383765400e+05
2.199364680465090205e+05
2.206825443694299320e+05
2.215573568656558054e+05
2.225257812754756305e+05
2.235428372456095531e+05
2.245602337005654699e+05
2.255341552618691640e+05
2.264326518374043808e+05
2.272409063780109573e+05
2.279631238913965935e+05
2.286206758019724221e+05
2.292471600689854240e+05
2.298818638336397125e+05
2.305634736426296877e+05
2.313256517812550883e+05
2.321953568374954921e+05
2.331937752099916397e+05
2.343387958790258563e+05
2.356474453573447245e+05
2.371368095986678090e+05
2.388226763988882885e+05
2.407161597222820565e+05
2.428194931134715152e+05
2.451226133867034805e+05
2.476019213084605581e+05
2.502218215349815146e+05
2.529386623163879558e+05
2.557059294396609184e+05
2.584792790423109545e+05
2.612202569795511954e+05
2.638981601744258078e+05
2.664901565163971973e+05
2.689802456639541197e+05
2.713577994701275020e+05
2.736162954255689401e+05
2.757525644683252322e+05
2.777665509398668655e+05
2.796613395374933607e+05
2.814431142304551322e+05
2.831208006947601680e+05
2.847053674923431827e+05
2.862090140882608248e+05
2.876446085196140921e+05
2.890256399134167586e+05
2.903666244758525281e+05
2.916835042767365812e+05
2.929933554273886257e+05
2.943128771295700571e+05
2.956556746547364746e+05
2.970290480670294492e+05
2.984314861295524170e+05
2.998520368389452342e+05
3.012721286132832174e+05
3.026694980127442395e+05
3.040230685453450424e+05
3.053172968268638360e+05
3.065447820860994980e+05
3.077066444097762578e+05
3.088109550599647337e+05
3.098700160911986022e+05
3.108974021234827815e+05
3.119054889110732474e+05
3.129039118173671304e+05
3.138991821547007421e+05
3.148955463639113586e+05
3.158969838395788684e+05
3.169098979939446435e+05
3.179456087621991173e+05
3.190214354919098550e+05
3.201592679346912773e+05
3.213812238544345018e+05
3.227031479330998263e+05
3.241278773047464201e+05
3.256408229133452987e+05
3.272100946560073062e+05
3.287921239880386856e+05
3.303419329805240850e+05
3.318255412607513135e+05
3.332311227833071025e+05
3.345757357253519003e+05
3.359056355011748383e+05
3.372898891335442313e+05
3.388086698385814670e+05
3.405387709675689694e+05
3.425393341231376980e+05
3.448405753677647444e+05
3.474375926075276220e+05
3.502903433973753126e+05
3.533297510423155618e+05
3.564687561048888601e+05
3.596161342901815078e+05
3.626902591829199228e+05
3.656299234471758245e+05
3.683999795182273374e+05
3.709908528969798936e+05
3.734126019450174645e+05
3.756856538110562833e+05
3.778311419159716461e+05
3.798636199811635306e+05
3.817878933462440036e+05
3.836001937466172385e+05
3.852925089774819789e+05
3.868580718033710145e+05
3.882960341225550510e+05
3.896140618927179603e+05
3.908285785728099290e+05
3.919632043454786763e+05
3.930462944022116717e+05
3.941083539944412187e+05
3.951797127634900389e+05
3.962884661064441898e+05
3.974585387437226018e+05
3.987078190232702764e+05
4.000465219051875174e+05
4.014760873865167960e+05
4.029889023249395541e+05
4.045689658995624050e+05
4.061934161575683393e+05
4.078347169097330770e+05
4.094633101740607526e+05
4.110506035813138587e+05
4.125721661489477265e+05
4.140108743219882599e+05
4.153595240658925613e+05
4.166222559854187421e+05
4.178142027810125728e+05
4.189591366986588691e+05
4.200854716174579808e+05
4.212215199953806004e+05
4.223911598919931566e+05
4.236109000102694845e+05
4.248888165229653241e+05
4.262252182212384068e+05
4.276144529632736230e+05
4.290471565534623805e+05
4.305124274904715130e+05
4.319996963376004715e+05
4.335002345708713401e+05
4.350082210184990545e+05
4.365211383649085765e+05
4.380392083222323563e+05
4.395637633769601234e+05
4.410948973534347606e+05
4.426292287214685348e+05
4.441588322075700271e+05
4.456721118518276489e+05
4.471566250600619824e+05
4.486029404423132655e+05
4.500079943423990626e+05
4.513764719738853164e+05
4.527195204958153190e+05
4.540512602616873337e+05
4.553845322901406907e+05
4.567276179654497537e+05
4.580831490162485861e+05
4.594493729890605318e+05
4.608228984762524487e+05
4.622015257070568623e+05
4.635859739582992624e+05
4.649800528541376116e+05
4.663896349728098139e+05
4.678212297331038862e+05
4.692808497345282813e+05
4.707733578299698420e+05
4.723019651047433726e+05
4.738673769890496042e+05
4.754663818906989181e+05
4.770902631971030496e+05
4.787239153081455152e+05
4.803466088303551660e+05
4.819348628660743707e+05
4.834670326940914383e+05
4.849284075559687917e+05
4.863152346721359063e+05
4.876363359615523950e+05
4.889117592387121404e+05
4.901688669476089999e+05
4.914370156150726252e+05
4.927422537379136193e+05
4.941032384658773663e+05
4.955290285989358090e+05
4.970188253394332714e+05
4.985633143317123177e+05
5.001470792667180067e+05
5.017515446531337802e+05
5.033579542906959541e+05
5.049499390367533197e+05
5.065152896721719299e+05
5.080466894945348031e+05
5.095414093669485301e+05
5.110002757686437690e+05
5.124264644974644762e+05
5.138247124716760591e+05
5.152013136792046134e+05
5.165648340266027953e+05
5.179270192457673838e+05
5.193030980665137758e+05
5.207107596634494257e+05
5.221675298301031580e+05
5.236869384204513626e+05
5.252744964963790262e+05
5.269248073764294386e+05
5.286209532071718713e+05
5.303366547632293077e+05
5.320408226411023643e+05
5.337033388994387351e+05
5.353005308984087314e+05
5.368189568781910930e+05
5.382567261170581914e+05
5.396223649632601300e+05
5.409319120740013896e+05
5.422052747320909984e+05
5.434628607614127686e+05
5.447232156213929411e+05
5.460019923818368698e+05
5.473121800526208244e+05
5.486651671976773068e+05
5.500719507963658543e+05
5.515436723654471571e+05
5.530907735032477649e+05
5.547204912402227055e+05
5.564331203590123914e+05
5.582182351135667413e+05
5.600525340203898959e+05
5.619008250965604093e+05
5.637208071931126760e+05
5.654709654330338817e+05
5.671196022057281807e+05
5.686523407511254773e+05
5.700757128021509852e+05
5.714156142706404207e+05
5.727110313386365306e+05
5.740048701679613441e+05
5.753344451810094761e+05
5.767240065812270623e+05
5.781808110328946495e+05
5.796950973545808811e+05
5.812433720420594327e+05
5.827939024064249825e+05
5.843132618930920726e+05
5.857729777250724146e+05
5.871555477239846950e+05
5.884591657862064894e+05
5.897004352310837712e+05
5.909143097610115074e+05
5.921506782838191139e+05
5.934675152958878316e+05
5.949212991738531273e+05
5.965562342851269059e+05
5.983943932155321818e+05
6.004289656024606666e+05
6.026222698052766500e+05
6.049091760889751604e+05
6.072053972590533085e+05
6.094190744399860268e+05
6.114635024058495183e+05
6.132688205666919239e+05
6.147909748359437799e+05
6.160170157855420839e+05
6.169665616023136536e+05
6.176897871958964970e+05
6.182625056446843082e+05
6.187788593079191633e+05
6.193420390654805815e+05
6.200535200608238811e+05
6.210016391607146943e+05
6.222508387651825324e+05
6.238332870988305658e+05
6.257445494492348516e+05
6.279443720127985580e+05
6.303625633901461260e+05
6.329087788047688082e+05
6.354841754619335989e+05
6.379927296175590018e+05
6.403505145089516882e+05
6.424921617691158317e+05
6.443746359499624232e+05
6.459789658637018874e+05
6.473105538128730841e+05
6.483982657173704356e+05
6.492920254538847366e+05
6.500584386864886619e+05
6.507742307481424650e+05
6.515179230644513154e+05
6.523609068739633076e+05
6.533595469234250486e+05
6.545499059893945232e+05
6.559460835998822004e+05
6.575422020757643040e+05
6.593170931568635860e+05
6.612400910583793884e+05
6.632762444108305499e+05
6.653897295901088510e+05
6.675450835561850108e+05
6.697067551965231542e+05
6.718380850514221238e+05
6.739009714423913974e+05
6.758571574922162108e+05
6.776714367605929729e+05
6.793163691660873592e+05
6.807775467855202733e+05
6.820581748246584320e+05
6.831817457585195079e+05
6.841918266995907761e+05
6.851483971602572128e+05
6.861207515884692548e+05
6.871777112066296395e+05
6.883766940140735824e+05
6.897538606042659376e+05
6.913177776740026893e+05
6.930485519550595200e+05
6.949031392714346293e+05
6.968258154421441723e+05
6.987611772240562132e+05
7.006661509327447275e+05
7.025177242233655415e+05
7.043144526750316145e+05
7.060717595040883170e+05
7.078129326097324956e+05
7.095588710814351216e+05
7.113196994405087316e+05
7.130904325960178394e+05
7.148513744289623573e+05
7.165724616925248411e+05
7.182198321528909728e+05
7.197627372350929072e+05
7.211794251991780475e+05
7.224614101832059678e+05
7.236161576696069678e+05
7.246683587724355748e+05
7.256596558639748255e+05
7.266462567067602649e+05
7.276937904526990606e+05
7.288693035437002545e+05
7.302313617224256741e+05
7.318203161340740044e+05
7.336512613331900211e+05
7.357116491224461934e+05
7.379640354075341020e+05
7.403526694168830290e+05
7.428114495807066560e+05
7.452707827642245684e+05
7.476620911326904316e+05
7.499204542799477931e+05
7.519871691897691926e+05
7.538140833328834269e+05
7.553702872474080650e+05
7.566497772250012495e+05
7.576770957296962151e+05
7.585076906415190315e+05
7.592211377635801909e+05
7.599079485803480493e+05
7.606533292272095568e+05
