6.803321242232605582e+05
6.783896221747103846e+05
6.766100583372974070e+05
6.750182973430341808e+05
6.736168364912316902e+05
6.723853237001011148e+05
6.712839839605885791e+05
6.702605447311878670e+05
6.692590704568054061e+05
6.682284293477421161e+05
6.671282727684342535e+05
6.659313878723625094e+05
6.646226864841912175e+05
6.631963094587157248e+05
6.616528177564742509e+05
6.599979970487158280e+05
6.582436468445924111e+05
6.564094254020574735e+05
6.545240213827913394e+05
6.526240270306398161e+05
6.507498571981082205e+05
6.489394281859272160e+05
6.472214207437084988e+05
6.456102799361842917e+05
6.441045171271754662e+05
6.426886762752905488e+05
6.413380680738162482e+05
6.400245941078225151e+05
6.387219412086294033e+05
6.374090289166677976e+05
6.360714797779824585e+05
6.347016238747569732e+05
6.332978461026353762e+05
6.318638824218533700e+05
6.304081570882223314e+05
6.289427531811762601e+05
6.274814330314551480e+05
6.260364192330209771e+05
6.246143153262572596e+05
6.232122801619325764e+05
6.218159833735772409e+05
6.204006759539209306e+05
6.189358765738580842e+05
6.173929602008716902e+05
6.157537960669549648e+05
6.140179769913778873e+05
6.122063780826976290e+05
6.103597401868152665e+05
6.085323656944967806e+05
6.067823653283327585e+05
6.051607670406312682e+05
6.037019530218989821e+05
6.024173564062929945e+05
6.012933826440147823e+05
6.002934857652960345e+05
5.993635480613341788e+05
5.984393450037759030e+05
5.974548908032240579e+05
5.963506752449063351e+05
5.950810114739370765e+05
5.936197993479660945e+05
5.919640041093004402e+05
5.901342116951495409e+05
5.881719180361652980e+05
5.861337892668439308e+05
5.840838506830501137e+05
5.820851318135900656e+05
5.801924167296488304e+05
5.784473007401142968e+05
5.768758920833793236e+05
5.754886040587431053e+05
5.742809814150560414e+05
5.732346222232367145e+05
5.723178881249317201e+05
5.714868534705851926e+05
5.706873721386129037e+05
5.698589777243537828e+05
5.689406578004432376e+05
5.678777241034727776e+05
5.666284744727554498e+05
5.651693635076694191e+05
5.634979071997136343e+05
5.616332259371264372e+05
5.596146095582996495e+05
5.574985605683503672e+05
5.553545020694390405e+05
5.532590074191103922e+05
5.512883434185656952e+05
5.495094922746649245e+05
5.479705465487425681e+05
5.466921426035973709e+05
5.456620117179196095e+05
5.448344857557334471e+05
5.441358469610173488e+05
5.434750015591294505e+05
5.427575371140374336e+05
5.419002844509435818e+05
5.408433805681548547e+05
5.395575618876343360e+05
5.380457398742157966e+05
5.363393546100280946e+05
5.344910874527976848e+05
5.325659431340896990e+05
5.306324719328829087e+05
5.287552409046954708e+05
5.269889464922690531e+05
5.253740951334359124e+05
5.239340769722900586e+05
5.226736196229915950e+05
5.215788086076405016e+05
5.206188912786305882e+05
5.197498678469072329e+05
5.189195044184296858e+05
5.180730633140224963e+05
5.171589041849920759e+05
5.161332258839611895e+05
5.149635227092271089e+05
5.136306689513254678e+05
5.121297809525463963e+05
5.104700738337395014e+05
5.086738629478144576e+05
5.067747453826543642e+05
5.048149164559675846e+05
5.028415672244901652e+05
5.009023668335271650e+05
4.990401448460587999e+05
4.972870600843343418e+05
4.956587925565465703e+05
4.941496097222541575e+05
4.927294443334051757e+05
4.913442048043012619e+05
4.899202368759310921e+05
4.883730908417256433e+05
4.866196493662274443e+05
4.845915720969663234e+05
4.822473405830952688e+05
4.795802643344831886e+05
4.766206893522230093e+05
4.734320679457424558e+05
4.701020228319095331e+05
4.667305822752786917e+05
4.634180846144940006e+05
4.602548520002503647e+05
4.573138698319807881e+05
4.546467483220614959e+05
4.522825071774218231e+05
4.502283810580144636e+05
4.484718810821647057e+05
4.469836213049608050e+05
4.457207310796615784e+05
4.446308571024187258e+05
4.436567358676846488e+05
4.427411227421503863e+05
4.418316185161789763e+05
4.408847825034853304e+05
4.398689592915783869e+05
4.387654767350042239e+05
4.375682096128760604e+05
4.362818218193812645e+05
4.349191997776700882e+05
4.334986334029719001e+05
4.320412098954597604e+05
4.305687091074153432e+05
4.291020756680067861e+05
4.276603353620392736e+05
4.262596712398179807e+05
4.249123395067144302e+05
4.236252350716997171e+05
4.223982049905653112e+05
4.212225629474307643e+05
4.200805189710619161e+05
4.189462455033637234e+05
4.177889814176584478e+05
4.165780003791811760e+05
4.152886370237912633e+05
4.139081139048404293e+05
4.124398150556657347e+05
4.109049335159561597e+05
4.093409596897570300e+05
4.077970839161298354e+05
4.063271026426503086e+05
4.049807869881013175e+05
4.037949300177865662e+05
4.027854815348467091e+05
4.019422783329348895e+05
4.012277566971804481e+05
4.005805390075931209e+05
3.999238689451089012e+05
3.991776888295522658e+05
3.982720660573635832e+05
3.971591039727774332e+05
3.958206986941674841e+05
3.942705198108275654e+05
3.925500833390611224e+05
3.907202536466972088e+05
3.888504874047926278e+05
3.870083548554955050e+05
3.852513645539981662e+05
3.836221404059386696e+05
3.821469308381719165e+05
3.808366137549491250e+05
3.796890004259163979e+05
3.786913529791548499e+05
3.778224663123505889e+05
3.770541906314623775e+05
3.763526630295834038e+05
3.756796539397193119e+05
3.749943338239275618e+05
3.742555510835029418e+05
3.734245303053665557e+05
3.724678293043709709e+05
3.713604040980800055e+05
3.700886196335284621e+05
3.686529233505738666e+05
3.670696807167627267e+05
3.653714863779806765e+05
3.636052906545989099e+05
3.618280300419858540e+05
3.601000720359144616e+05
3.584774621337280259e+05
3.570044072080411715e+05
3.557074368274768931e+05
3.545922408722130931e+05
3.536434852912673377e+05
3.528272602878867765e+05
3.520954596420674934e+05
3.513913816167526529e+05
3.506560328264444834e+05
3.498347626323438017e+05
3.488837829582250561e+05
3.477758531651394442e+05
3.465041365760278422e+05
3.450832315296004526e+05
3.435468007622479927e+05
3.419419976907456876e+05
3.403217375392586109e+05
3.387364379660302657e+05
3.372269227804327966e+05
3.358197359235689510e+05
3.345253606780026457e+05
3.333390878132031066e+05
3.322437775270665297e+05
3.312136101627239259e+05
3.302180566330281436e+05
3.292255700193232624e+05
3.282067574202351389e+05
3.271369523408723180e+05
3.259981633713889169e+05
3.247803639603233896e+05
3.234820648322480265e+05
3.221101188737652265e+05
3.206787682013482554e+05
3.192080450205343077e+05
3.177217440627410542e+05
3.162452424717725371e+05
3.148034119427565020e+05
3.134187461587026482e+05
3.121096647176821134e+05
3.108888392505174270e+05
3.097613987540000817e+05
3.087230372488544090e+05
3.077583187816294958e+05
3.068397403484468232e+05
3.059282431372192805e+05
3.049757648607493029e+05
3.039300839822175330e+05
3.027416835996963200e+05
3.013717804709594930e+05
2.998001707237427472e+05
2.980312810660261894e+05
2.960968944090240402e+05
2.940544935821503750e+05
2.919809962706119404e+05
2.899626841699862853e+05
2.880831020074422704e+05
2.864113180503564654e+05
2.849929590645396383e+05
2.838457889085575007e+05
2.829604431714856764e+05
2.823056044985614717e+05
2.818358198594088317e+05
2.814996574872732745e+05
2.812461106781864073e+05
2.810279694176656194e+05
2.808020034253805643e+05
2.805268666163993184e+05
2.801603329482650734e+05
2.796576353832825553e+05
2.789722932268143632e+05
2.780600045502381399e+05
2.768851648479365977e+05
2.754286077784636873e+05
2.736945063167866901e+05
2.717142337174242130e+05
2.695454685584854451e+05
2.672658780846385635e+05
2.649620822925176471e+05
2.627158976987479255e+05
2.605906719110920967e+05
2.586205702299932891e+05
2.568049422359445016e+05
2.551086337690884247e+05
2.534677451819072594e+05
2.517992934917506936e+05
2.500127678900012688e+05
2.480216838033894019e+05
2.457537442154154996e+05
2.431588270338268194e+05
2.402144980135872320e+05
2.369289903534941259e+05
2.333416209133783996e+05
2.295205474128714995e+05
2.255577565700741543e+05
2.215613236103312229e+05
2.176453386947344698e+05
2.139184003847521381e+05
2.104720857934123196e+05
2.073711273781812051e+05
2.046469841789532220e+05
2.022960178346201428e+05
2.002826489849345817e+05
1.985468959200179961e+05
1.970148664844943269e+05
1.956103211459527083e+05
1.942654454337206844e+05
1.929293908800978097e+05
1.915737694366676151e+05
1.901948923593463842e+05
1.888129720809480641e+05
1.874687152579331014e+05
1.862177992022212129e+05
1.851237669933942962e+05
1.842499963582555356e+05
1.836516026939911535e+05
1.833683338147067407e+05
1.834195517303925008e+05
1.838021503829750582e+05
1.844917127342241583e+05
1.854464948792816431e+05
1.866131720652870426e+05
1.879329287715438695e+05
1.893465529757416225e+05
1.907976653361456410e+05
1.922338896847153374e+05
1.936064027205193706e+05
1.948686848895305593e+05
1.959753471337825758e+05
1.968816752491112275e+05
1.975441471745433519e+05
1.979217925486683671e+05
1.979779999343949021e+05
1.976822959666386596e+05
1.970117166494269622e+05
1.959516019953286741e+05
1.944958745806993393e+05
1.926470131394999335e+05
1.904159458635975898e+05
1.878219746765277814e+05
1.848926780464038311e+05
1.816636289754092868e+05
1.781777745093815320e+05
1.744844400416105345e+05
1.706380550096050720e+05
1.666967369381197786e+05
1.627207704849039146e+05
1.587708382694456377e+05
1.549057458227280586e+05
1.511794732208096248e+05
1.476377127762329183e+05
1.443144938096790574e+05
1.412298221547471476e+05
1.383892538655135722e+05
1.357858956555777113e+05
1.334045928876201797e+05
1.312273039266358246e+05
1.292381835056917625e+05
1.274269238588429725e+05
1.257894498869080853e+05
1.243259435586334439e+05
1.230370600860614795e+05
1.219197679459100764e+05
1.209642968810788880e+05
1.201532162508063630e+05
1.194628896309954289e+05
1.188667657509234850e+05
1.183394509758638014e+05
1.178604067766139488e+05
1.174163886724160548e+05
1.170022169331744954e+05
1.166199358647344634e+05
1.162767356024551409e+05
1.159821467060881550e+05
1.157450282867104834e+05
1.155708297939396725e+05
1.154595520104405587e+05
1.154047493136117700e+05
1.153937661981925339e+05
1.154091734644713288e+05
1.154311004127949855e+05
1.154399269553242193e+05
1.154186878664714459e+05
1.153546020368661702e+05
1.152393690034737519e+05
1.150682142873139237e+05
1.148380180770487495e+05
1.145451239305273775e+05
1.141835141028444923e+05
1.137439251505602151e+05
1.132141952330314234e+05
1.125807730767557077e+05
1.118309940330343670e+05
1.109555407804748538e+05
1.099505017895245692e+05
1.088185997160356783e+05
1.075694123777896748e+05
1.062186611552229879e+05
1.047868242701155687e+05
1.032974136358053802e+05
1.017752406562211108e+05
1.002449171056701016e+05
9.872972332209419983e+04
9.725085184858512366e+04
9.582692114248339203e+04
9.447357639998056402e+04
9.320298419979549362e+04
9.202310907398698328e+04
9.093682879735174356e+04
8.994115093053590681e+04
8.902694528273788455e+04
8.817960796412441414e+04
8.738086896471161162e+04
8.661157927532593021e+04
8.585489087755548826e+04
8.509895076681239880e+04
8.433822186297734152e+04
8.357287239412820782e+04
8.280625702100861236e+04
8.204115068763721501e+04
8.127585807105836284e+04
8.050143609764445864e+04
7.970099121594056487e+04
7.885144303299981402e+04
7.792747017317160498e+04
7.690677713193971431e+04
7.577549231763229182e+04
7.453248624700064829e+04
7.319165557353441545e+04
7.178166447084839456e+04
7.034315688995341770e+04
6.892394175030055339e+04
6.757301853190526890e+04
6.633449289372467319e+04
6.524240717665542616e+04
6.431729548601515853e+04
6.356492100562531414e+04
6.297724210921965278e+04
6.253526650067117589e+04
6.221315800143438537e+04
6.198280250232177787e+04
6.181803437004442821e+04
6.169786400456940464e+04
6.160830096718839923e+04
6.154268372937497043e+04
6.150073786180749448e+04
6.148681553353508207e+04
6.150786297699526767e+04
6.157160066828992422e+04
6.168521569978503976e+04
6.185463149059304851e+04
6.208422478069549834e+04
6.237677042473967595e+04
6.273342970942857937e+04
6.315372394614177756e+04
6.363558331004402135e+04
6.417565942802497011e+04
6.477009480588833685e+04
6.541585380913169502e+04
6.611258315604161180e+04
6.686485357192892116e+04
6.768460098900293815e+04
6.859365916390062193e+04
6.962641573542846891e+04
7.083272093427245272e+04
7.228107854503535782e+04
7.406171754743310157e+04
7.628835754081631603e+04
7.909652184866236348e+04
8.263553606412667432e+04
8.705145095318154199e+04
9.245956331491562014e+04
9.890813045094106928e+04
1.063388063723826635e+05
1.145530973845308035e+05
1.231961349382295157e+05
1.317678409575257101e+05
1.396665319121297798e+05
1.462619818467631703e+05
1.509861480964285729e+05
1.534231178175667010e+05
1.533779640271405224e+05
1.509082342521249084e+05
1.463107824718485645e+05
1.400678175373156846e+05
1.327658105597071117e+05
1.250062961917662906e+05
1.173273154087046860e+05
1.101490096854461153e+05
1.037489621199139074e+05
9.826507722003964591e+04
9.371832681528759713e+04
9.004556841164991783e+04
8.713356994140951429e+04
8.484818182207868085e+04
8.305587392875691876e+04
8.163749989214676316e+04
8.049564799854822922e+04
7.955733849601402471e+04
7.877353425900706497e+04
7.811642770087266399e+04
7.757510341375462303e+04
7.715008504975364485e+04
7.684739269638474798e+04
7.667289747671027726e+04
7.662780095533022541e+04
7.670590425125336333e+04
7.689298439562201384e+04
7.716816251380316680e+04
7.750675904307892779e+04
7.788389127710230241e+04
7.827802441953364178e+04
7.867381781794814742e+04
7.906384328487288440e+04
7.944900864342866407e+04
7.983773341790634731e+04
8.024407086681283545e+04
8.068506370736302051e+04
8.117768746538496634e+04
8.173579126942603034e+04
8.236747863341800985e+04
8.307334410972119076e+04
8.384586066498685977e+04
8.466999520712348749e+04
8.552486464141625038e+04
8.638602045404729142e+04
8.722785463810755755e+04
8.802569484881148674e+04
8.875736765579221537e+04
8.940425714795407839e+04
8.995205687769099313e+04
9.039143342628520622e+04
9.071869637233970570e+04
9.093638278846413596e+04
9.105352491789081250e+04
9.108535963096433261e+04
9.105237169284625270e+04
9.097878231666199281e+04
9.089080189960870484e+04
9.081506855366870877e+04
9.077764255364470591e+04
9.080373090719054744e+04
9.091803894822373695e+04
9.114538324795354856e+04
9.151105420949973632e+04
9.204046429799488396e+04
9.275787836145175970e+04
9.368443365028598055e+04
9.483607549372070935e+04
9.622227486278086144e+04
9.784630382795908372e+04
9.970738601896479668e+04
1.018043321360884438e+05
1.041395686922749010e+05
1.067220620706186164e+05
1.095677323315223184e+05
1.126965619986746606e+05
1.161265541553125076e+05
1.198656692905471282e+05
1.239035475197058840e+05
1.282049858396291093e+05
1.327067518987743824e+05
1.373185209595230699e+05
1.419277878080689115e+05
1.464078217053052504e+05
1.506273146598570747e+05
1.544603858788094949e+05
1.577959450082206167e+05
1.605458624161699845e+05
1.626517097821429488e+05
1.640898810760058986e+05
1.648747143718166335e+05
1.650589961980252701e+05
1.647311878907454375e+05
1.640090363965433207e+05
1.630299083481688285e+05
1.619390072834840103e+05
1.608772765845696267e+05
1.599709615977435315e+05
1.593243773485547863e+05
1.590165130795050645e+05
1.591010150186212559e+05
1.596082210073994065e+05
1.605475952027835883e+05
1.619092396935588040e+05
1.636639969474397076e+05
1.657626575621197408e+05
1.681355490064313053e+05
1.706940063738186727e+05
1.733348397469570627e+05
1.759480748889090028e+05
1.784272666806440102e+05
1.806808938464083476e+05
1.826429553274494247e+05
1.842809545733168197e+05
1.855998896069538605e+05
1.866415113147587108e+05
1.874788287400724366e+05
1.882065341442695935e+05
1.889286330098626204e+05
1.897450339518993569e+05
1.907390944597900379e+05
1.919680348208521900e+05
1.934576709076719708e+05
1.952021217215970391e+05
1.971681842949677375e+05
1.993031830342408211e+05
2.015445333663442289e+05
2.038291492834495148e+05
2.061011527202760335e+05
2.083169502699450823e+05
2.104474080949656491e+05
2.124773948635674897e+05
2.144032955212503439e+05
2.162292535009348940e+05
2.179629554035871115e+05
2.196117874963975628e+05
2.211801562415122171e+05
2.226686060631031869e+05
2.240750188593547791e+05
2.253976467794835917e+05
2.266391294871865248e+05
2.278101849785331869e+05
2.289315527847234916e+05
2.300331299745909928e+05
2.311500248869722418e+05
2.323162356358244142e+05
2.335575092194581812e+05
2.348853405389713298e+05
2.362938621596776939e+05
2.377606061939225183e+05
2.392510418511619500e+05
2.407257617464051582e+05
2.421485286012997967e+05
2.434932738385042467e+05
2.447485386236682825e+05
2.459185861687563010e+05
2.470212445938816236e+05
2.480832443260453292e+05
2.491342620011501131e+05
2.502010356127612758e+05
2.513027954148505232e+05
2.524489085850946431e+05
2.536391195447240025e+05
2.548661590351730993e+05
2.561199070572750934e+05
2.573918734696243482e+05
2.586786457037232758e+05
2.599832200923679047e+05
2.613137395778468344e+05
2.626799396701083751e+05
2.640883145410848665e+05
2.655374269133815542e+05
2.670147708138580783e+05
2.684961753888897947e+05
2.699480643565010978e+05
2.713321792463065358e+05
2.726118353447252885e+05
2.737585200212282944e+05
2.747576667350740172e+05
2.756126620766573469e+05
2.763464544023731141e+05
2.770004435715451255e+05
2.776306140842043096e+05
2.783011569974391023e+05
2.790761568203661009e+05
2.800103113142730435e+05
2.811400424539453234e+05
2.824766058965891716e+05
2.840027456446732976e+05
2.856739586416506791e+05
2.874245588264147518e+05
2.891776598738583853e+05
2.908572471827578265e+05
2.923999959439467639e+05
2.937645864344407455e+05
2.949369233983916929e+05
2.959306410437337472e+05
2.967832471383448574e+05
2.975489726074544596e+05
2.982897484683811781e+05
2.990657846319893724e+05
2.999270982652395614e+05
3.009071252726400271e+05
3.020192612116755918e+05
3.032567827938710689e+05
3.045960868182996055e+05
3.060026172929549357e+05
3.074383726969680283e+05
3.088696389818347525e+05
3.102736518013398745e+05
3.116432117014510441e+05
3.129887265113310423e+05
3.143375841542841517e+05
3.157310688874186599e+05
3.172192172946895589e+05
3.188541331466245465e+05
3.206824252940476290e+05
3.227376363985487842e+05
3.250337452623845311e+05
3.275609301355995703e+05
3.302846336504879873e+05
3.331484911538475426e+05
3.360809197355572833e+05
3.390043055809761863e+05
3.418450518329830375e+05
3.445425141496916185e+05
3.470551691113754059e+05
3.493631350944309961e+05
3.514671221869352739e+05
3.533846946531265276e+05
3.551451416720211855e+05
3.567842085882741376e+05
3.583395622495926218e+05
3.598473640433984110e+05
3.613398973479916458e+05
3.628439464479562594e+05
3.643795645431595622e+05
3.659589648758882540e+05
3.675854772225954803e+05
3.692527791276752832e+05
3.709448519762440119e+05
3.726372044410657254e+05
3.742997381609478034e+05
3.759011827165719005e+05
3.774144289419926936e+05
3.788215958433462074e+05
3.801175384477923508e+05
3.813108603132380522e+05
3.824222234075209708e+05
3.834805486606445629e+05
3.845182376135925879e+05
3.855666272609925945e+05
3.866525573343018768e+05
3.877964051888987306e+05
3.890114838388207718e+05
3.903044470484004123e+05
3.916762871126118698e+05
3.931235417275412474e+05
3.946393667283811956e+05
3.962141915592162404e+05
3.978358206143404241e+05
3.994891035683916416e+05
4.011555904940409819e+05
4.028137473764105816e+05
4.044401935199021827e+05
4.060120325180980144e+05
4.075098509264973109e+05
4.089206064203924034e+05
4.102396091806400800e+05
4.114711272580162622e+05
4.126276448345414829e+05
4.137282171728552203e+05
4.147965086628757999e+05
4.158589457406641450e+05
4.169431008827968035e+05
4.180761521888890420e+05
4.192831870393233257e+05
4.205852572365752421e+05
4.219973363639123272e+05
4.235265138707988663e+05
4.251707697787766228e+05
4.269185123445911449e+05
4.287488460282073356e+05
4.306324234502349282e+05
4.325328088485603221e+05
4.344084895750306314e+05
4.362158415409179288e+05
4.379132892997032613e+05
4.394665203649518080e+05
4.408540300149957766e+05
4.420717643449230236e+05
4.431354978946312913e+05
4.440799840273080044e+05
4.449547580310371122e+05
4.458174397212085314e+05
4.467260844136407250e+05
4.477322892876570113e+05
4.488763331897329190e+05
4.501848121463746647e+05
4.516703720626485301e+05
4.533325669712367235e+05
4.551587818011900526e+05
4.571245533341820119e+05
4.591933227561336244e+05
4.613163701860034489e+05
4.634341155901603634e+05
4.654799062875506934e+05
4.673867958933850750e+05
4.690967993092753459e+05
4.705710055207123514e+05
4.717981520829874789e+05
4.727991643073108280e+05
4.736258896281151101e+05
4.743536751323318458e+05
4.750691313661568565e+05
4.758558406916632084e+05
4.767814019380849786e+05
4.778888050520893885e+05
4.791938110905446811e+05
4.806882183248226065e+05
4.823472402174329618e+05
4.841382589926189394e+05
4.860282286818591529e+05
4.879878905016040080e+05
4.899923247288237326e+05
4.920186664056917652e+05
4.940426286650954280e+05
4.960356325133973151e+05
4.979639265132483561e+05
4.997903399385327357e+05
5.014785032600197592e+05
5.029986659299411695e+05
5.043337462822981179e+05
5.054840478881659219e+05
5.064692639580506366e+05
5.073270133792966953e+05
5.081081129779064795e+05
5.088698026593265822e+05
5.096687959570735693e+05
5.105559894107229775e+05
5.115738642994368565e+05
5.127563521077163168e+05
5.141297752491190913e+05
5.157129900406698580e+05
5.175153400223422213e+05
5.195323104713064386e+05
5.217402874067141092e+05
5.240928412432261393e+05
5.265209446850491222e+05
5.289384273819945520e+05
5.312522113856985234e+05
5.333752166183533845e+05
5.352389733261461370e+05
5.368032296937496867e+05
5.380609660881807795e+05
5.390386094441753812e+05
5.397922391464484390e+05
5.404008697331571020e+05
5.409576373796770349e+05
5.415593870381093584e+05
5.422952226768571418e+05
5.432351684432575712e+05
5.444208635585296433e+05
5.458605764091520105e+05
5.475302740807901137e+05
5.493809713495007018e+05
5.513506133675478632e+05
5.533771721634673886e+05
5.554092318531412166e+05
5.574113736577394884e+05
5.593637409225617303e+05
5.612573498511108337e+05
5.630880396924593952e+05
5.648518894904523622e+05
5.665436354927411303e+05
5.681578676803077105e+05
5.696914940146496519e+05
5.711457219858341850e+05
5.725265665211142041e+05
5.738440457022773335e+05
5.751110120121221989e+05
5.763425390632712515e+05
5.775560525979208760e+05
5.787715210514668142e+05
5.800106379916900769e+05
5.812943377554410836e+05
5.826389760406402638e+05
5.840524952214006335e+05
5.855322794756161748e+05
5.870659222803440643e+05
5.886349913158599520e+05
5.902206420123282587e+05
5.918091923719975166e+05
5.933958443688324187e+05
5.949855230364846066e+05
5.965908792594377883e+05
5.982283635815741727e+05
5.999136063415184617e+05
6.016571347879887326e+05
6.034609928833579179e+05
6.053164555038346443e+05
6.072029562981139170e+05
6.090885284942252329e+05
6.109322292406066554e+05
6.126888895639596740e+05
6.143159877851569327e+05
6.157816445114212111e+05
6.170720503486744128e+05
6.181964386568969348e+05
6.191881720854426967e+05
6.201014798752467614e+05
6.210044808290771907e+05
6.219699359318022616e+05
6.230654535825825296e+05
6.243446565667577088e+05
6.258403647116696229e+05
6.275604332858140115e+05
6.294866450725133764e+05
6.315768957714093849e+05
6.337706267870648298e+05
6.359969080565490294e+05
6.381838541197038721e+05
6.402675095506749349e+05
6.421983653520530788e+05
6.439444492894874420e+05
6.454912428471528692e+05
6.468399157678936608e+05
6.480058539618945215e+05
6.490188204943569144e+05
6.499245502981421305e+05
6.507859022632119013e+05
6.516808297196042258e+05
6.526950172746502794e+05
6.539090104306456633e+05
6.553822483964078128e+05
6.571384269009119598e+05
6.591570586758633144e+05
6.613746123023295077e+05
6.636956865260615014e+05
6.660114467202018714e+05
6.682202827631717082e+05
6.702451968208524631e+05
6.720438765541351167e+05
6.736100651367749088e+05
6.749675914124354022e+05
6.761602478976622224e+05
6.772410948881458025e+05
6.782638831727897050e+05
6.792777674774898915e+05
6.803250734990355559e+05
6.814410711281057447e+05
6.826545664932415821e+05
6.839884052862412063e+05
6.854593544237675378e+05
6.870771216087592766e+05
6.888425154509727145e+05
6.907450702642010292e+05
6.927608983594519086e+05
6.948519323612960288e+05
6.969677879462810233e+05
6.990509768201940460e+05
7.010451510201336350e+05
7.029048088380962145e+05
7.046039855157430284e+05
7.061413674761657603e+05
7.075401569192763418e+05
7.088425845203433419e+05
7.101006061800695024e+05
7.113653694562569726e+05
7.126781125298038824e+05
7.140643271599466680e+05
7.155317368184834486e+05
7.170715179075060878e+05
7.186616649747226620e+05
7.202715346947655780e+05
7.218670922320870450e+05
7.234167588029885665e+05
7.248976797181761358e+05
7.263016933099649614e+05
7.276396256000372814e+05
7.289422599570610328e+05
7.302567949376454344e+05
7.316388005226791138e+05
7.331411997125793714e+05
7.348029938844793942e+05
7.366407471485970309e+05
7.386450418836843455e+05
7.407824977238260908e+05
7.430021727279927582e+05
7.452439827294736169e+05
7.474466555900990497e+05
7.495536473185523646e+05
7.515168555690649664e+05
7.532991091210083105e+05
7.548766903613808099e+05
7.562424516640870133e+05
7.574088650675786193e+05
7.584093675142150605e+05
7.592962931170266820e+05
7.601346905615617288e+05
7.609929702332383022e+05
7.619327878696738044e+05
