6.833306224248722428e+05
6.812688163521161769e+05
6.790487642003155779e+05
6.767391022183640162e+05
6.744182962902729632e+05
6.721677707830480067e+05
6.700657920526583912e+05
6.681815983232216677e+05
6.665689174385954393e+05
6.652585473825822119e+05
6.642508805242542876e+05
6.635104800947759068e+05
6.629653169796330621e+05
6.625126070574220503e+05
6.620314710518392967e+05
6.614005005442500114e+05
6.605166030008392408e+05
6.593108948827850400e+05
6.577581414360987255e+05
6.558780110656827455e+05
6.537285641158014769e+05
6.513941978247736115e+05
6.489712007451456739e+05
6.465539927049688995e+05
6.442242787077723769e+05
6.420441810963128228e+05
6.400533757292185910e+05
6.382695939846121473e+05
6.366915690404184861e+05
6.353034505186862079e+05
6.340797275160088902e+05
6.329897338389843935e+05
6.320009255794199416e+05
6.310804191112027038e+05
6.301947837382825091e+05
6.293086954942366574e+05
6.283835725962233264e+05
6.273775079693767475e+05
6.262475491548408754e+05
6.249546569525022060e+05
6.234706758332882309e+05
6.217856847271916922e+05
6.199135337580021005e+05
6.178934997904465999e+05
6.157868787548418622e+05
6.136687408801008714e+05
6.116165198599462165e+05
6.096980417817800771e+05
6.079616683810311370e+05
6.064304424460096052e+05
6.051008511712801410e+05
6.039456030065116938e+05
6.029190804301927565e+05
6.019640277392817661e+05
6.010183944761140738e+05
6.000217557993850205e+05
5.989210853110649623e+05
5.976757510889507830e+05
5.962615088260378689e+05
5.946731311863227747e+05
5.929252706645933213e+05
5.910512524876240641e+05
5.890997084304831224e+05
5.871292372282607248e+05
5.852015662733049830e+05
5.833739598368278239e+05
5.816918350013181334e+05
5.801826549197926652e+05
5.788521090362612158e+05
5.776833211215867195e+05
5.766393587936859112e+05
5.756687273923062021e+05
5.747129449112666771e+05
5.737148629177109106e+05
5.726262489510754822e+05
5.714133414747493807e+05
5.700595956313317874e+05
5.685655230211531743e+05
5.669461896659459453e+05
5.652273695191941224e+05
5.634414288560264977e+05
5.616237437728890218e+05
5.598099670836093137e+05
5.580339773350106552e+05
5.563260614259022987e+05
5.547109042616311926e+05
5.532052493312952574e+05
5.518155068682063138e+05
5.505359311794077512e+05
5.493481087581728352e+05
5.482223257829799550e+05
5.471209577865148894e+05
5.460034780402345350e+05
5.448321958049576497e+05
5.435775817165848566e+05
5.422221138829959091e+05
5.407619682291995268e+05
5.392064455240294337e+05
5.375755707335927291e+05
5.358966294262430165e+05
5.342004336550903972e+05
5.325178878912091022e+05
5.308771109521677718e+05
5.293011342582035577e+05
5.278061326500051655e+05
5.264002219989367295e+05
5.250829599572998704e+05
5.238456912533104187e+05
5.226727435486061731e+05
5.215432642143830890e+05
5.204333143253272865e+05
5.193178094343750272e+05
5.181720439002361381e+05
5.169727916740453220e+05
5.156992225040463964e+05
5.143339944561969023e+05
5.128648195051114308e+05
5.112865576761015109e+05
5.096035507210191572e+05
5.078315771281188936e+05
5.059986295140739530e+05
5.041437897895558272e+05
5.023138397136008716e+05
5.005578190479408950e+05
4.989203527406177018e+05
4.974349929431090131e+05
4.961188963375955354e+05
4.949698549087063875e+05
4.939661469176784158e+05
4.930690923099577194e+05
4.922277761809755466e+05
4.913852177048602025e+05
4.904852441070512868e+05
4.894793449324567337e+05
4.883327363911794382e+05
4.870287799926850130e+05
4.855709022907436593e+05
4.839814021509699523e+05
4.822970682134815725e+05
4.805622682457710616e+05
4.788208856947841705e+05
4.771088975471708691e+05
4.754493195205026423e+05
4.738506622583327116e+05
4.723091017317516962e+05
4.708135538000094239e+05
4.693520690176141215e+05
4.679176593870705110e+05
4.665119075605447870e+05
4.651453940731054172e+05
4.638348882241077954e+05
4.625981203424857231e+05
4.614475661649935646e+05
4.603849013142691692e+05
4.593976052850217093e+05
4.584586777782480931e+05
4.575297025730281603e+05
4.565667158938642242e+05
4.555276788865022827e+05
4.543799710212381906e+05
4.531063105343198404e+05
4.517078743659579195e+05
4.502040329780362663e+05
4.486288554967108066e+05
4.470251805441403994e+05
4.454374422193245264e+05
4.439045394572870573e+05
4.424538867810349911e+05
4.410974867042715778e+05
4.398305190021222807e+05
4.386326069384830771e+05
4.374716011016801931e+05
4.363093974273509230e+05
4.351089726002562675e+05
4.338415206812312827e+05
4.324924018782610656e+05
4.310646727171199163e+05
4.295793156711068586e+05
4.280718919657139922e+05
4.265860720712487819e+05
4.251651694038916030e+05
4.238432475892852526e+05
4.226374996511515346e+05
4.215434054033916909e+05
4.205337139402886969e+05
4.195616398591421312e+05
4.185678764680665336e+05
4.174902159656560398e+05
4.162738826044201851e+05
4.148803367079490563e+05
4.132924820262701251e+05
4.115149704618444084e+05
4.095695124630885548e+05
4.074864436664178502e+05
4.052948558864841470e+05
4.030140255744483438e+05
4.006485147166160168e+05
3.981882772999851150e+05
3.956136877429001033e+05
3.929040270828574430e+05
3.900470048152094823e+05
3.870466159611545736e+05
3.839270999215051415e+05
3.807318437025176245e+05
3.775174572699425626e+05
3.743445592641395633e+05
3.712676840395290055e+05
3.683269165123287821e+05
3.655433334958901396e+05
3.629192395734986640e+05
3.604428508643941022e+05
3.580958837425283855e+05
3.558617823244060855e+05
3.537322591463132994e+05
3.517104209323765244e+05
3.498098049715104862e+05
3.480498301764520584e+05
3.464491156212033238e+05
3.450185773328647483e+05
3.437560994124938152e+05
3.426440017722593620e+05
3.416497410543369479e+05
3.407295507150122430e+05
3.398342273787739687e+05
3.389160373157204012e+05
3.379356700008274638e+05
3.368681995027655503e+05
3.357070827263646643e+05
3.344653687201674911e+05
3.331736018462944194e+05
3.318744190797486226e+05
3.306145075857400661e+05
3.294352380209929543e+05
3.283637204514308833e+05
3.274060967685705400e+05
3.265445518343810691e+05
3.257388701609466807e+05
3.249325218124183011e+05
3.240623784652504837e+05
3.230703800261353026e+05
3.219149381126838853e+05
3.205797228457346791e+05
3.190778481124473037e+05
3.174503581248261034e+05
3.157591712667997344e+05
3.140759427691462915e+05
3.124692829457318876e+05
3.109931049085331615e+05
3.096784717857085052e+05
3.085303170380040538e+05
3.075291618075623992e+05
3.066368417921367218e+05
3.058045770193394856e+05
3.049815742145662080e+05
3.041226513933815295e+05
3.031939057047219831e+05
3.021759845106658759e+05
3.010649209744362161e+05
2.998707295716560329e+05
2.986140884087196318e+05
2.973215618846506113e+05
2.960200033575741109e+05
2.947310099200874683e+05
2.934664860113871982e+05
2.922263728006990277e+05
2.909993041081161937e+05
2.897663392457002192e+05
2.885071144982639235e+05
2.872069819038410787e+05
2.858632428637472331e+05
2.844886438138509402e+05
2.831109265202581882e+05
2.817682611055236193e+05
2.805015259797098115e+05
2.793452820280761225e+05
2.783196488180697197e+05
2.774250327560182195e+05
2.766408818908450194e+05
2.759285994289914961e+05
2.752377467824721243e+05
2.745139765499162604e+05
2.737069107259556768e+05
2.727764250067039975e+05
2.716963861182785477e+05
2.704556050951649668e+05
2.690564018155633821e+05
2.675115785983083770e+05
2.658407299051826121e+05
2.640667200079055037e+05
2.622129369567998801e+05
2.603016715096840926e+05
2.583537306689808029e+05
2.563891952319283155e+05
2.544290635487535328e+05
2.524973777805647405e+05
2.506232998176513938e+05
2.488425043595489115e+05
2.471972242692378641e+05
2.457343790040762105e+05
2.445015007924141246e+05
2.435406591876099410e+05
2.428811953361211054e+05
2.425326352755198604e+05
2.424794306523217820e+05
2.426790002428787702e+05
2.430638915136440482e+05
2.435479128675419197e+05
2.440351081802670960e+05
2.444297782426450285e+05
2.446456086123184650e+05
2.446123594941694173e+05
2.442793463741916057e+05
2.436158194804078958e+05
2.426090619185648684e+05
2.412613798468871973e+05
2.395870921232853143e+05
2.376102149118698435e+05
2.353629578751704248e+05
2.328846308491585660e+05
2.302203041973817453e+05
2.274186700110786478e+05
2.245289640161602292e+05
2.215973430571671342e+05
2.186635240250844508e+05
2.157585794804375619e+05
2.129044952578431694e+05
2.101155369248921925e+05
2.074008765109579545e+05
2.047675478266132704e+05
2.022227853292456130e+05
1.997751540515491797e+05
1.974344332601049100e+05
1.952107240739783738e+05
1.931134881759450363e+05
1.911511000625863671e+05
1.893310953389371862e+05
1.876608441193409381e+05
1.861481154613531253e+05
1.848010632071999717e+05
1.836275124878632196e+05
1.826338601445304521e+05
1.818241767699446063e+05
1.812000577493773308e+05
1.807614317845224869e+05
1.805080699455090216e+05
1.804411745673237019e+05
1.805643271724070946e+05
1.808832577701612317e+05
1.814042501557042706e+05
1.821313499244981795e+05
1.830627672298180987e+05
1.841869405975260015e+05
1.854787210558019869e+05
1.868961455949230003e+05
1.883783430318011669e+05
1.898452072736797854e+05
1.911994628416175547e+05
1.923315164125398733e+05
1.931270042695478769e+05
1.934763102345586231e+05
1.932847505332006549e+05
1.924818271679126483e+05
1.910280740518153179e+05
1.889185326681490114e+05
1.861826145092693623e+05
1.828807835770051461e+05
1.790989165545231081e+05
1.749412964358197933e+05
1.705230416289393615e+05
1.659625308977681561e+05
1.613742126228073903e+05
1.568621561834841559e+05
1.525147751713062753e+05
1.484012150544414471e+05
1.445698378770536219e+05
1.410490010157586075e+05
1.378499515498167893e+05
1.349712490870307083e+05
1.324038187190106546e+05
1.301356246425742283e+05
1.281550818178373738e+05
1.264526527158452227e+05
1.250205188068377465e+05
1.238506611313266621e+05
1.229320333181648166e+05
1.222477001949910045e+05
1.217728205088853574e+05
1.214741794473781047e+05
1.213116551935177849e+05
1.212415843059504841e+05
1.212215465124800976e+05
1.212157131149853521e+05
1.211996909513646679e+05
1.211638185045446153e+05
1.211141525415943179e+05
1.210708738239466620e+05
1.210644266823713115e+05
1.211302415217140951e+05
1.213032284784911753e+05
1.216132767317454854e+05
1.220827227574444987e+05
1.227262182306088507e+05
1.235527570624978689e+05
1.245689699324045359e+05
1.257823213804369880e+05
1.272026742350172426e+05
1.288408920980711700e+05
1.307037447209688835e+05
1.327853051791431499e+05
1.350561391293882625e+05
1.374526467792716867e+05
1.398696106591853022e+05
1.421590029537434748e+05
1.441372099290317856e+05
1.456010881249302474e+05
1.463510531469573616e+05
1.462173534951851470e+05
1.450844875571131706e+05
1.429088448240621656e+05
1.397261141827910033e+05
1.356473463520404766e+05
1.308450259213378449e+05
1.255323517154155707e+05
1.199396967556329619e+05
1.142919175935052335e+05
1.087891753480411280e+05
1.035927338583862002e+05
9.881623097457346739e+04
9.452234427151625277e+04
9.072451029773430491e+04
8.739319582610602083e+04
8.446597541105166601e+04
8.186028826996087446e+04
7.948732185890593973e+04
7.726517543524896610e+04
7.512945863881158584e+04
7.303985305832939048e+04
7.098186456786438066e+04
6.896387426317120844e+04
6.701045593456068309e+04
6.515357290179601841e+04
6.342355671424209868e+04
6.184165202768125164e+04
6.041542971309262794e+04
5.913764989533054177e+04
5.798837222034678416e+04
5.693943931499780592e+04
5.596003819520620891e+04
5.502194212909042835e+04
5.410324656143690663e+04
5.318987026777227584e+04
5.227469088318793365e+04
5.135479714941614657e+04
5.042783849502544035e+04
4.948871507742005633e+04
4.852779015393717418e+04
4.753140033010911429e+04
4.648476403036632837e+04
4.537662204152400227e+04
4.420432469674611639e+04
4.297782719037832430e+04
4.172127766560642340e+04
4.047152815357325744e+04
3.927375930287374649e+04
3.817520331494711718e+04
3.721842601084853231e+04
3.643566383945099369e+04
3.584534007702877716e+04
3.545126986067994585e+04
3.524442116638882726e+04
3.520661241524344950e+04
3.531529533974582591e+04
3.554859523272595834e+04
3.588998881082122534e+04
3.633229062580857135e+04
3.688089545497953077e+04
3.755641548720707942e+04
3.839691785896378133e+04
3.945989936700787075e+04
4.082394450821851206e+04
4.258973402968225855e+04
4.487975261371273518e+04
4.783574419176114316e+04
5.161274662799033831e+04
5.636848136380875076e+04
6.224707817891679588e+04
6.935670499154461140e+04
7.774176676591593423e+04
8.735197456471376063e+04
9.801261462457824382e+04
1.094023354279398336e+05
1.210460030097933486e+05
1.323298081477032101e+05
1.425431871267071110e+05
1.509471569656261709e+05
1.568621439110986539e+05
1.597619401256927813e+05
1.593561667188609135e+05
1.556434087644412648e+05
1.489218283410072036e+05
1.397527983952093637e+05
1.288836680911894655e+05
1.171450876435174287e+05
1.053435815748378518e+05
9.416977505002653925e+04
8.413721218652238895e+04
7.555807234224399144e+04
6.855312307776667876e+04
6.308652265992433968e+04
5.901306620888737234e+04
5.612619871818361571e+04
5.419847638002072927e+04
5.301049938286337419e+04
5.236816985436197865e+04
5.211055670220321190e+04
5.211150276767036121e+04
5.227776566529574484e+04
5.254555819240980782e+04
5.287641114966131136e+04
5.325265814039765974e+04
5.367261665398134210e+04
5.414560414964109077e+04
5.468710088735781028e+04
5.531449682803550240e+04
5.604385750971880043e+04
5.688801071313818829e+04
5.785603975874918251e+04
5.895403437272459996e+04
6.018675024442198628e+04
6.155969495523239311e+04
6.308109847479227028e+04
6.476323270950528240e+04
6.662260597434292140e+04
6.867867438903888979e+04
7.095089714643050684e+04
7.345423398401329177e+04
7.619353836080415931e+04
7.915769168356189039e+04
8.231465365420719900e+04
8.560874211159249535e+04
8.896128908344022057e+04
9.227530423713696655e+04
9.544397594143019523e+04
9.836192737910030701e+04
1.009373663306232338e+05
1.031028690694185789e+05
1.048226849268522637e+05
1.060951503397944471e+05
1.069498946900941810e+05
1.074407007343144942e+05
1.076358023571256199e+05
1.076077946675155108e+05
1.074251109311678883e+05
1.071463164770974690e+05
1.068175687060938653e+05
1.064728183618594485e+05
1.061359083881946281e+05
1.058237135730166337e+05
1.055497332380261942e+05
1.053278833245217975e+05
1.051764348647853913e+05
1.051220200280485151e+05
1.052034099432863877e+05
1.054744811778993171e+05
1.060055622958003369e+05
1.068822732609565574e+05
1.082010650954219309e+05
1.100609364700000442e+05
1.125512654401133477e+05
1.157363867372770910e+05
1.196384733566042996e+05
1.242213312346413586e+05
1.293785970354824967e+05
1.349301154277158494e+05
1.406295607243326085e+05
1.461845018041239819e+05
1.512873548087245435e+05
1.556527270574346476e+05
1.590544673769845394e+05
1.613551287547422980e+05
1.625218783512866066e+05
1.626258637148334819e+05
1.618257954470133409e+05
1.603399147648905055e+05
1.584126222068720090e+05
1.562823879236176144e+05
1.541562845332885336e+05
1.521941902307017299e+05
1.505031965515327756e+05
1.491407041245366272e+05
1.481234848863108200e+05
1.474396823233155592e+05
1.470611171226509614e+05
1.469540546518244955e+05
1.470874658467272820e+05
1.474385419893724902e+05
1.479956798930637597e+05
1.487593199147079140e+05
1.497409708369446744e+05
1.509606263633701019e+05
1.524427068353194336e+05
1.542107376530119218e+05
1.562812100929501757e+05
1.586573832923814189e+05
1.613240481032982934e+05
1.642443519494877546e+05
1.673595921244684723e+05
1.705924142196996254e+05
1.738531823120181216e+05
1.770485756988120265e+05
1.800909143300720316e+05
1.829065083916023432e+05
1.854415687811409298e+05
1.876648646296558727e+05
1.895671792227236438e+05
1.911584079368244275e+05
1.924635859651160426e+05
1.935190850680369476e+05
1.943697287007484701e+05
1.950668688321788504e+05
1.956668448691195517e+05
1.962289521141574660e+05
1.968121859730322612e+05
1.974705335862636566e+05
1.982472681996216998e+05
1.991693266158576298e+05
2.002432022941211471e+05
2.014537248523341841e+05
2.027665853341014881e+05
2.041345960164502030e+05
2.055066599341592519e+05
2.068375715088634752e+05
2.080963777620020264e+05
2.092712852098575968e+05
2.103699757068835606e+05
2.114154412241789396e+05
2.124386610571977217e+05
2.134702290038171341e+05
2.145331582253485394e+05
2.156385604799756547e+05
2.167849497845875449e+05
2.179609007642521174e+05
2.191500026404877135e+05
2.203366520349530620e+05
2.215112203251231113e+05
2.226734083995516121e+05
2.238330402539887000e+05
2.250080661589139490e+05
2.262201076657698140e+05
2.274884372626105906e+05
2.288237491953223071e+05
2.302232958852196753e+05
2.316687959626857773e+05
2.331279247731195064e+05
2.345592978240846423e+05
2.359199186160177633e+05
2.371733969624479651e+05
2.382970758320856548e+05
2.392865699955018063e+05
2.401569562437540153e+05
2.409406835806754534e+05
2.416829244710410421e+05
2.424354167464748898e+05
2.432498613377420697e+05
2.441717733751099731e+05
2.452354896142435900e+05
2.464609040132353839e+05
2.478524148578722670e+05
2.494004130586227984e+05
2.510853073820904538e+05
2.528835420440890302e+05
2.547744331058403186e+05
2.567461726933709288e+05
2.587992867163749179e+05
2.609463319598961971e+05
2.632076164780608378e+05
2.656039324256504769e+05
2.681482854318117024e+05
2.708390129504844081e+05
2.736563310892976006e+05
2.765633409154466353e+05
2.795112068650595611e+05
2.824470378894062596e+05
2.853223293241293286e+05
2.880998285007408704e+05
2.907572962829996250e+05
2.932875952995326370e+05
2.956955256100119441e+05
2.979925833415503730e+05
3.001911881874772371e+05
3.022998852872190182e+05
3.043206402699699393e+05
3.062487306399464142e+05
3.080750390595148201e+05
3.097899359226271627e+05
3.113875530856983969e+05
3.128692030541606364e+05
3.142450025580333313e+05
3.155333202080533374e+05
3.167583038564604358e+05
3.179462541312247049e+05
3.191218519466989092e+05
3.203051782065616571e+05
3.215101438368862728e+05
3.227444993001793628e+05
3.240111466393938754e+05
3.253101421056616819e+05
3.266406283587874495e+05
3.280020129500780022e+05
3.293940110297200736e+05
3.308156262163231149e+05
3.322636097772167413e+05
3.337312245478636469e+05
3.352080890118224197e+05
3.366814585304895299e+05
3.381386624434803380e+05
3.395698411063977401e+05
3.409699043228944065e+05
3.423389001351014012e+05
3.436806399897999363e+05
3.450001723999136011e+05
3.463011832533271518e+05
3.475844088591792970e+05
3.488476962681618752e+05
3.500876640902015497e+05
3.513023130804086686e+05
3.524936359647754580e+05
3.536693349737650715e+05
3.548430704128541984e+05
3.560330671628348064e+05
3.572592690929663950e+05
3.585395107729812153e+05
3.598853901344714104e+05
3.612986907800056506e+05
3.627692816213166807e+05
3.642753276217668317e+05
3.657862968743047677e+05
3.672686404950735741e+05
3.686932643817033968e+05
3.700432176723160082e+05
3.713196351796209347e+05
3.725440758794893627e+05
3.737560526451563928e+05
3.750056458021700964e+05
3.763423875386071741e+05
3.778027606910692411e+05
3.793993319800915197e+05
3.811144804968729732e+05
3.829008045454206294e+05
3.846887403867407702e+05
3.864000764351739199e+05
3.879644099646962131e+05
3.893346760841080104e+05
3.904980025712781353e+05
3.914793140811524936e+05
3.923369854433631990e+05
3.931518462624792592e+05
3.940123547680093907e+05
3.949993692748313188e+05
3.961735747350419406e+05
3.975675366046190029e+05
3.991830193627253175e+05
4.009930705666866852e+05
4.029476900750782806e+05
4.049816900885693613e+05
4.070234475785635877e+05
4.090034680163775338e+05
4.108619073362142663e+05
4.125544256204544799e+05
4.140559997025847551e+05
4.153625979163877200e+05
4.164908549143981654e+05
4.174759984645176446e+05
4.183682523258169531e+05
4.192278476283076452e+05
4.201187631789461593e+05
4.211014986227054032e+05
4.222255590397324413e+05
4.235227445658999495e+05
4.250025615849717869e+05
4.266509114754113252e+05
4.284326283179829479e+05
4.302975738967066281e+05
4.321891304289178224e+05
4.340533440066829789e+05
4.358468477541163447e+05
4.375420545814222423e+05
4.391288263474690611e+05
4.406126831354212482e+05
4.420103873853729456e+05
4.433442480792825809e+05
4.446366467426877934e+05
4.459060810676340479e+05
4.471655171623880742e+05
4.484231569144496461e+05
4.496850203681564890e+05
4.509581906027054065e+05
4.522533345339653315e+05
4.535853038007461582e+05
4.549712317449354450e+05
4.564264271822493756e+05
4.579592452979584341e+05
4.595666641866327845e+05
4.612322660469972761e+05
4.629276696162049193e+05
4.646173869951504166e+05
4.662659663240951486e+05
4.678455376586306375e+05
4.693417576987612993e+05
4.707566519212135463e+05
4.721077510258945986e+05
4.734238780256436439e+05
4.747386787315239781e+05
4.760833682189536630e+05
4.774802068977739546e+05
4.789380138761583949e+05
4.804506489397996920e+05
4.819988722970653325e+05
4.835553318235009792e+05
4.850916953322577174e+05
4.865863039860549034e+05
4.880304025757416966e+05
4.894311967873183312e+05
4.908107365380651900e+05
4.922007540105633088e+05
4.936347483176713577e+05
4.951394148456146941e+05
4.967276876584977144e+05
4.983951432772728731e+05
5.001204925309540122e+05
5.018697209555241279e+05
5.036025175418232102e+05
5.052792386261273641e+05
5.068668644865099923e+05
5.083430691662281752e+05
5.096983236616995418e+05
5.109365395780354156e+05
5.120749013844055007e+05
5.131432199735727627e+05
5.141825908251206274e+05
5.152427109135781648e+05
5.163772116482632118e+05
5.176369044796250528e+05
5.190617337303145323e+05
5.206730923312556697e+05
5.224685460262317210e+05
5.244206681996030966e+05
5.264806614735568874e+05
5.285860923844776116e+05
5.306709045120478841e+05
5.326753382112779655e+05
5.345536336499965983e+05
5.362782584615370724e+05
5.378404850256764330e+05
5.392480280450696591e+05
5.405208966630431823e+05
5.416866224184860475e+05
5.427757808555848897e+05
5.438184422039060155e+05
5.448419677258292213e+05
5.458703737737865886e+05
5.469252110469598556e+05
5.480275046663557878e+05
5.491998594004544429e+05
5.504675573300399119e+05
5.518575751150760334e+05
5.533950150598086184e+05
5.550973644757098518e+05
5.569679678158893948e+05
5.589907316127790837e+05
5.611280780838603387e+05
5.633234341792770429e+05
5.655082830420377431e+05
5.676124316738634370e+05
5.695751458016484976e+05
5.713545268328227103e+05
5.729330405310573988e+05
5.743182365894613322e+05
5.755390070611326955e+05
5.766387826437685871e+05
5.776675694512425689e+05
5.786746277114498662e+05
5.797030392518175067e+05
5.807866628882238874e+05
5.819492892459445866e+05
5.832053472932092845e+05
5.845613455813898472e+05
5.860173278323326958e+05
5.875679092000548262e+05
5.892028333829349140e+05
5.909073353443790693e+05
5.926627940846367273e+05
5.944481275634148624e+05
5.962420981885852525e+05
5.980262420920844888e+05
5.997876838348066667e+05
6.015208658762509003e+05
6.032273714776182314e+05
6.049135676065438893e+05
6.065865737154870294e+05
6.082497698885906721e+05
6.098993802133742720e+05
6.115234280685577542e+05
6.131036154451880138e+05
6.146197048829817213e+05
6.160551572815938853e+05
6.174024099123541964e+05
6.186663710737777874e+05
6.198653292181461584e+05
6.210292371204831870e+05
6.221959385456518503e+05
6.234061855336074950e+05
6.246982647943237098e+05
6.261028729300572304e+05
6.276387438438264653e+05
6.293095340523360064e+05
6.311025474891875638e+05
6.329898413298504893e+05
6.349319161246586591e+05
6.368835379225069191e+05
6.388004896383546293e+05
6.406455936679126462e+05
6.423925292021760251e+05
6.440268352791622747e+05
6.455446929623141186e+05
6.469509972997750156e+05
6.482583087532714708e+05
6.494873822393020382e+05
6.506685436210911721e+05
6.518420320119869430e+05
6.530553028685146710e+05
6.543564284637856763e+05
6.557846716071513947e+05
6.573610770460392814e+05
6.590825540030051488e+05
6.609219702145917108e+05
6.628345878049484454e+05
6.647687259655287489e+05
6.666769658631151542e+05
6.685242334374195198e+05
6.702906513647397514e+05
6.719693623401353834e+05
6.735614935075576650e+05
6.750711935147361364e+05
6.765030128067116020e+05
6.778623041195796104e+05
6.791576830383002525e+05
6.804037056487093214e+05
6.816220967672371771e+05
6.828408112883348949e+05
6.840912882770890137e+05
6.854048666809482966e+05
6.868092572661679005e+05
6.883254438069042517e+05
6.899649007910554064e+05
6.917269612358785234e+05
6.935966040299315937e+05
6.955435469097059686e+05
6.975238509349218803e+05
6.994849105455388781e+05
7.013737070954373339e+05
7.031469028645521030e+05
7.047803154769543326e+05
7.062750473938153591e+05
7.076582555099251913e+05
7.089780251406020252e+05
7.102935221626412822e+05
7.116628965504982043e+05
7.131318395175405312e+05
7.147251766157218954e+05
7.164427371358408127e+05
7.182595321917168330e+05
7.201294958953890018e+05
7.219918796645896509e+05
7.237796367644196143e+05
7.254293556350778090e+05
7.268921165819525486e+05
7.281439969051474473e+05
7.291941673894261476e+05
7.300881655301585561e+05
7.309044577625180827e+05
7.317438815747625194e+05
7.327135640633171424e+05
7.339086895353823202e+05
7.353962907418558607e+05
7.372046911033202196e+05
7.393205141657914501e+05
7.416929754398788791e+05
7.442433398699164391e+05
7.468766186027879594e+05
7.494929485216704197e+05
7.519972614062082721e+05
7.543070983093236573e+05
7.563591032318094512e+05
7.581145707937071566e+05
7.595636646223095013e+05
7.607271548280301504e+05
7.616543376261029625e+05
7.624164599146083929e+05
7.630962628055858659e+05
7.637756111241009785e+05
