6.110987099062325433e+05
6.098319968533193460e+05
6.088099578781210585e+05
6.079816596878574928e+05
6.072760923139126971e+05
6.066122186719805468e+05
6.059092896038140170e+05
6.050960597650160780e+05
6.041180582103168126e+05
6.029425510599946138e+05
6.015610998250764096e+05
5.999896501932770479e+05
5.982660368979760678e+05
5.964448815351886442e+05
5.945902207953550387e+05
5.927667616725242697e+05
5.910311657214503502e+05
5.894249248195739929e+05
5.879700553276588907e+05
5.866681009109474253e+05
5.855020979776566382e+05
5.844405670416536741e+05
5.834424495723231230e+05
5.824621697481095325e+05
5.814544205965511501e+05
5.803785685504880967e+05
5.792025840715878876e+05
5.779061980597331421e+05
5.764827777271654923e+05
5.749394474012490828e+05
5.732953380286409520e+05
5.715784042858181056e+05
5.698217146132290363e+05
5.680602193296658807e+05
5.663286358796297573e+05
5.646604132979102433e+05
5.630870905232544756e+05
5.616370908248070627e+05
5.603332584398966283e+05
5.591891302933017723e+05
5.582047182613140903e+05
5.573630878989433404e+05
5.566290332619709661e+05
5.559506779383827234e+05
5.552640959017667919e+05
5.545003321358476533e+05
5.535937344631872838e+05
5.524903598294164985e+05
5.511553263490769314e+05
5.495782139348479686e+05
5.477758541216510348e+05
5.457920481945757056e+05
5.436939477574740304e+05
5.415651079363665776e+05
5.394956542740680743e+05
5.375705889453884447e+05
5.358578827816091944e+05
5.343984329572233837e+05
5.331999586809346220e+05
5.322363018898186274e+05
5.314524546691389987e+05
5.307742590240463614e+05
5.301205855329796905e+05
5.294153226176336175e+05
5.285968731112374226e+05
5.276238796909513185e+05
5.264771268078349531e+05
5.251584830811159918e+05
5.236880472367628827e+05
5.221003786096079857e+05
5.204401559223967488e+05
5.187572210777840810e+05
5.171009755293717608e+05
5.155144691708523897e+05
5.140289862502239412e+05
5.126601682318780804e+05
5.114065385207036743e+05
5.102507574132126174e+05
5.091632666022200137e+05
5.081074504397847923e+05
5.070452202303864760e+05
5.059420384797961451e+05
5.047707376610750798e+05
5.035138975899509969e+05
5.021648886540137464e+05
5.007278777431125054e+05
4.992171025287093944e+05
4.976555816490959842e+05
4.960732350342168938e+05
4.945042667209308129e+05
4.929837210036221659e+05
4.915433861644294811e+05
4.902075897473010118e+05
4.889897118397866725e+05
4.878902457517426228e+05
4.868968841249368852e+05
4.859865113921136362e+05
4.851283983519457397e+05
4.842876033204140258e+05
4.834277417479676078e+05
4.825128274429969024e+05
4.815085491135423654e+05
4.803837880131476559e+05
4.791131624717321247e+05
4.776808759555699071e+05
4.760853524048622348e+05
4.743434091155992937e+05
4.724923710531079560e+05
4.705887475935501861e+05
4.687028380397658912e+05
4.669096869779064436e+05
4.652778591593265301e+05
4.638582352559199790e+05
4.626752215188922128e+05
4.617223376903202152e+05
4.609631868664840003e+05
4.603375666686285986e+05
4.597713042073782999e+05
4.591876350834501209e+05
4.585178143991173711e+05
4.577091380239041173e+05
4.567294361080855015e+05
4.555680328250629827e+05
4.542338452054091031e+05
4.527515894271075958e+05
4.511570391466636211e+05
4.494921091950902482e+05
4.478003663605495822e+05
4.461234322672206908e+05
4.444985768659422756e+05
4.429575321735304897e+05
4.415262000486217439e+05
4.402246129178021802e+05
4.390664059070086805e+05
4.380572802851996385e+05
4.371924442769067246e+05
4.364536311350653996e+05
4.358067801642611157e+05
4.352016331635299721e+05
4.345742683659444447e+05
4.338530100803251844e+05
4.329673472675132798e+05
4.318586477720314288e+05
4.304907639066617703e+05
4.288582803870037314e+05
4.269903060813678312e+05
4.249484097297092085e+05
4.228184525681611267e+05
4.206974246335072676e+05
4.186775894622332999e+05
4.168309372015366098e+05
4.151969299687900930e+05
4.137758051121657481e+05
4.125285020773358410e+05
4.113829366840996081e+05
4.102451948111773818e+05
4.090134786892227712e+05
4.075923917308253003e+05
4.059053543788001989e+05
4.039035038120605750e+05
4.015702193960609729e+05
3.989212876714412123e+05
3.960015003472441458e+05
3.928789774981554947e+05
3.896385834424965433e+05
3.863754406646262505e+05
3.831889107986590825e+05
3.801768024874779512e+05
3.774292918654466048e+05
3.750222536144900369e+05
3.730102958918886143e+05
3.714204540004871087e+05
3.702478631158995559e+05
3.694545925905648037e+05
3.689722405634678435e+05
3.687081282957543153e+05
3.685543076076512807e+05
3.683982690660090884e+05
3.681341722409224021e+05
3.676734469298566110e+05
3.669536082364778267e+05
3.659441169506672304e+05
3.646482687983071664e+05
3.631005841073805932e+05
3.613600064144091448e+05
3.595001872657180647e+05
3.575988635630100034e+05
3.557284834612389677e+05
3.539496886344002560e+05
3.523082033958102111e+05
3.508345416137742577e+05
3.495451930720059318e+05
3.484438872624790529e+05
3.475221297818327439e+05
3.467591290937566664e+05
3.461219956924045109e+05
3.455673084958746913e+05
3.450446980427674716e+05
3.445022234945137752e+05
3.438924653651519329e+05
3.431778451579497196e+05
3.423339100597117795e+05
3.413500606116100098e+05
3.402280920079911593e+05
3.389795647539033089e+05
3.376231689444365329e+05
3.361828947464039084e+05
3.346871763941381359e+05
3.331685347635041690e+05
3.316628610529129510e+05
3.302074965476137004e+05
3.288376652687671012e+05
3.275814826578517095e+05
3.264544871724363766e+05
3.254551774313210044e+05
3.245631604921261314e+05
3.237410982371254941e+05
3.229407178746542777e+05
3.221119638155009598e+05
3.212132903222232126e+05
3.202205216796426103e+05
3.191318914448167197e+05
3.179678107513698633e+05
3.167653350194436498e+05
3.155687544395396253e+05
3.144187723095554393e+05
3.133430490028398926e+05
3.123504077509191120e+05
3.114298939270909759e+05
3.105545006722580292e+05
3.096881371880218503e+05
3.087936858285948983e+05
3.078399724341362598e+05
3.068061308187118266e+05
3.056829117191095138e+05
3.044715533564228099e+05
3.031814864821212250e+05
3.018281621421404416e+05
3.004317223672438413e+05
2.990164046645414201e+05
2.976099161410710658e+05
2.962418677758072154e+05
2.949407914961475763e+05
2.937300403875540360e+05
2.926235868487441912e+05
2.916230126493366552e+05
2.907166837866324931e+05
2.898813722819712129e+05
2.890857851803663652e+05
2.882949622443306143e+05
2.874745046198903583e+05
2.865940228506991407e+05
2.856297526431609294e+05
2.845666404409427196e+05
2.834001500736229937e+05
2.821376416594125330e+05
2.807987036623253953e+05
2.794136267526636948e+05
2.780195133949646261e+05
2.766542762624050374e+05
2.753496873874700395e+05
2.741252739396498073e+05
2.729848779656615807e+05
2.719170237151169567e+05
2.708990861089714454e+05
2.699040525413564756e+05
2.689078631969725830e+05
2.678951841053138487e+05
2.668620296064364957e+05
2.658146782007286092e+05
2.647654555535293184e+05
2.637268377274214290e+05
2.627057242561298190e+05
2.616995801869448915e+05
2.606955396337904676e+05
2.596726984809812566e+05
2.586069447949977475e+05
2.574770121318479651e+05
2.562701539273411909e+05
2.549859779439632839e+05
2.536374800755483157e+05
2.522490173526011640e+05
2.508516697448889317e+05
2.494770002171591623e+05
2.481505427131522738e+05
2.468864058736783336e+05
2.456841925020612834e+05
2.445290295858013560e+05
2.433949203667193651e+05
2.422509396630603587e+05
2.410691182997528231e+05
2.398323644139000971e+05
2.385406046582285780e+05
2.372135843809831131e+05
2.358894175006589503e+05
2.346188845946583315e+05
2.334564282801506342e+05
2.324495615259708138e+05
2.316288035511276103e+05
2.310001888884430518e+05
2.305418629984299187e+05
2.302053992604213126e+05
2.299214595955927216e+05
2.296085349026909971e+05
2.291829745963854075e+05
2.285684709908883669e+05
2.277035718550239108e+05
2.265464782936770353e+05
2.250771012298739224e+05
2.232968836704655841e+05
2.212271375030494819e+05
2.189066056487569876e+05
2.163887425718264421e+05
2.137389338397893880e+05
2.110316500006890565e+05
2.083474079028640990e+05
2.057694074729981076e+05
2.033798038006249699e+05
2.012557153479954868e+05
1.994651922593998315e+05
1.980634090081692848e+05
1.970892724764861341e+05
1.965624810803159489e+05
1.964809240871063957e+05
1.968182859632481122e+05
1.975218929406818934e+05
1.985111934881813359e+05
1.996776854471064289e+05
2.008874077412924671e+05
2.019871192761763232e+05
2.028148742177819076e+05
2.032148696115274506e+05
2.030553197020209918e+05
2.022469488119102316e+05
2.007588070237166248e+05
1.986278129431989801e+05
1.959589414048426552e+05
1.929143604686197068e+05
1.896919194492429961e+05
1.864958057481245778e+05
1.835043538969129149e+05
1.808412811242363532e+05
1.785565356619103404e+05
1.766212808188771305e+05
1.749385455057078216e+05
1.733674455118664482e+05
1.717556030326410837e+05
1.699724343141931749e+05
1.679359496774718282e+05
1.656276314463350573e+05
1.630932149493275792e+05
1.604307781913212966e+05
1.577703880919369985e+05
1.552509208101325785e+05
1.529993761090493936e+05
1.511163820539576991e+05
1.496693204080331197e+05
1.486923442670709046e+05
1.481910784204392403e+05
1.481492480766698427e+05
1.485348132743196620e+05
1.493041061690735223e+05
1.504035909982789017e+05
1.517698347444947867e+05
1.533288501930617495e+05
1.549960684521384537e+05
1.566778790062694461e+05
1.582751073408616357e+05
1.596881838922023599e+05
1.608232662607626407e+05
1.615983129579266533e+05
1.619480977165201330e+05
1.618273663102299324e+05
1.612117101950767683e+05
1.600961882318388089e+05
1.584921838627431425e+05
1.564233406330130820e+05
1.539215706298994774e+05
1.510240076548001671e+05
1.477713896564934985e+05
1.442078195526947093e+05
1.403813661061869643e+05
1.363447214737933245e+05
1.321552242474651430e+05
1.278739242636195995e+05
1.235638138932746369e+05
1.192876535859781725e+05
1.151058407180753420e+05
1.110745372673812235e+05
1.072439551234463725e+05
1.036565137348674762e+05
1.003446689894058509e+05
9.732854253116829204e+04
9.461388735523384821e+04
9.219118068583929562e+04
9.003657124283189478e+04
8.811500257309396693e+04
8.638522152101009851e+04
8.480579021423027734e+04
8.334087356900839950e+04
8.196459620100626489e+04
8.066313514648271666e+04
7.943429797684024379e+04
7.828493366234783025e+04
7.722696321032496053e+04
7.627300634430070932e+04
7.543252118531547603e+04
7.470913538434143993e+04
7.409952086663078808e+04
7.359382695628103102e+04
7.317738793210600852e+04
7.283319368985516485e+04
7.254448642159914016e+04
7.229685234219304402e+04
7.207933110667231085e+04
7.188434656315848406e+04
7.170660520675564476e+04
7.154141489925331553e+04
7.138304845978667436e+04
7.122375571574830974e+04
7.105381794305285439e+04
7.086270756923739100e+04
7.064106894130790897e+04
7.038297877102937491e+04
7.008784892085246975e+04
6.976141638952237554e+04
6.941548868525339640e+04
6.906640449674564297e+04
6.873244848067488056e+04
6.843066120445051638e+04
6.817358001845842227e+04
6.796643783045210876e+04
6.780526213907767669e+04
6.767619015992280038e+04
6.755617157810021308e+04
6.741507570163211494e+04
6.721905004703078885e+04
6.693479040397905919e+04
6.653419334348767006e+04
6.599871007295908930e+04
6.532266056533389929e+04
6.451484866619418608e+04
6.359806088329150225e+04
6.260640334750933107e+04
6.158085419861071568e+04
6.056377646315104357e+04
5.959335100978353876e+04
5.869889366955822334e+04
5.789781877018786327e+04
5.719466288640144921e+04
5.658217903129193292e+04
5.604414414453197969e+04
5.555925796317538334e+04
5.510538150645313726e+04
5.466337173533337773e+04
5.421990000285314454e+04
5.376886837953513168e+04
5.331132166288739245e+04
5.285404443396142597e+04
5.240727560684470518e+04
5.198211585183763236e+04
5.158821395358535665e+04
5.123219568997735041e+04
5.091707640456849185e+04
5.064263609010894288e+04
5.040650462631649134e+04
5.020556708743384661e+04
5.003728908134431549e+04
4.990067427390336525e+04
4.979675562710501981e+04
4.972871926584100584e+04
4.970189708254003199e+04
4.972389915329198993e+04
4.980508821300857380e+04
4.995946236820849299e+04
5.020586683158517553e+04
5.056935735231972649e+04
5.108252299981108081e+04
5.178664774203502748e+04
5.273271716005806957e+04
5.398239392578179104e+04
5.560910336847328290e+04
5.769919122882861120e+04
6.035267007692778861e+04
6.368237245807486761e+04
6.780953714073001174e+04
7.285331167504354380e+04
7.891184411801610258e+04
8.603402990940837481e+04
9.418376983144358383e+04
1.032024152435570431e+05
1.127788603052356339e+05
1.224388867391902459e+05
1.315642750058454403e+05
1.394470358474851528e+05
1.453754961070928839e+05
1.487391148604626069e+05
1.491310873579100589e+05
1.464251552275916329e+05
1.408072295631704037e+05
1.327527249770156632e+05
1.229538803669259942e+05
1.122135739419719466e+05
1.013294036104541592e+05
9.099212778117733251e+04
8.171645071805840416e+04
7.381216051702041295e+04
6.739324796398819308e+04
6.241485597605146177e+04
5.872433742524231639e+04
5.611330385236196889e+04
5.436107286812386883e+04
5.326462172403235309e+04
5.265448406172402611e+04
5.239904630441988411e+04
5.240113808543229970e+04
5.259089103691251512e+04
5.291802622018697730e+04
5.334551450421628397e+04
5.384533620451996103e+04
5.439611470264841773e+04
5.498185387193407223e+04
5.559089771551790909e+04
5.621448111098239315e+04
5.684470442627754528e+04
5.747225254564922943e+04
5.808451048050902318e+04
5.866478540582390269e+04
5.919310962729213497e+04
5.964865507888243883e+04
6.001329358607069298e+04
6.027545827234510216e+04
6.043332233560534951e+04
6.049644607493566582e+04
6.048539466993282986e+04
6.042928348123969045e+04
6.036164366122274805e+04
6.031533298337387532e+04
6.031740803656185017e+04
6.038492044219886884e+04
6.052250412472607422e+04
6.072237776033944101e+04
6.096699471711946535e+04
6.123406287526446249e+04
6.150311489441017329e+04
6.176237131620576838e+04
6.201444814603708073e+04
6.227961039126045216e+04
6.259575971049700456e+04
6.301505883286731842e+04
6.359785752093519841e+04
6.440520220829571917e+04
6.549153594677606452e+04
6.689915609840724210e+04
6.865560599227555213e+04
7.077451492172261351e+04
7.325960039100215363e+04
7.611076922560953244e+04
7.933066571011429187e+04
8.292975118364811351e+04
8.692813162419464788e+04
9.135286339541358757e+04
9.623027052898886905e+04
1.015737653921020828e+05
1.073686448536521202e+05
1.135562254478640680e+05
1.200203800877923204e+05
1.265799088807745284e+05
1.329900233074419957e+05
1.389553323386964039e+05
1.441549711070531048e+05
1.482780315227262909e+05
1.510647045573796204e+05
1.523462851084965223e+05
1.520762541776044236e+05
1.503456105125794420e+05
1.473784865458013664e+05
1.435081983682300779e+05
1.391380987397592398e+05
1.346946798855535744e+05
1.305814257096708170e+05
1.271407451573408034e+05
1.246284735256388813e+05
1.232019566112233588e+05
1.229197795312467642e+05
1.237495932091437280e+05
1.255804672622384824e+05
1.282373865819121129e+05
1.314971282131480693e+05
1.351059547173995816e+05
1.387997682174991060e+05
1.423265122221649799e+05
1.454691194920776470e+05
1.480659216760826530e+05
1.500248768433513760e+05
1.513286199713539681e+05
1.520290923297257395e+05
1.522328106418748212e+05
1.520799372929478122e+05
1.517215405472241109e+05
1.512994525421714061e+05
1.509320289893745794e+05
1.507073195987904619e+05
1.506832584257128183e+05
1.508930051914462529e+05
1.513528236623762641e+05
1.520699144044868299e+05
1.530482462418847135e+05
1.542913557651780429e+05
1.558020099879718327e+05
1.575793453163181548e+05
1.596145232132263482e+05
1.618861044578263827e+05
1.643563192726659763e+05
1.669692709129549912e+05
1.696518767892486649e+05
1.723179960207414697e+05
1.748756816818641964e+05
1.772368507809893927e+05
1.793280001595016802e+05
1.811001071762311622e+05
1.825357444067405304e+05
1.836518232508215006e+05
1.844972167613660567e+05
1.851455857235920848e+05
1.856847383725458058e+05
1.862045094771728618e+05
1.867852924514553160e+05
1.874890156766249856e+05
1.883536827589846216e+05
1.893918200660100265e+05
1.905924906190701004e+05
1.919260552468953538e+05
1.933506150457558979e+05
1.948190221263235435e+05
1.962854503556352574e+05
1.977107330047046416e+05
1.990659647336248308e+05
2.003341903484972427e+05
2.015103105513879564e+05
2.025995728423497058e+05
2.036151485602116736e+05
2.045753192504116450e+05
2.055007288636837038e+05
2.064120377214147593e+05
2.073281735754075053e+05
2.082652404218927550e+05
2.092360351421918313e+05
2.102500461489146401e+05
2.113137676671692752e+05
2.124311480235750787e+05
2.136039869800562446e+05
2.148321033333097294e+05
2.161131277286674012e+05
2.174418666267279186e+05
2.188093452807760623e+05
2.202018389186589338e+05
2.216003606903898180e+05
2.229810943651956914e+05
2.243170824830987258e+05
2.255811378585929051e+05
2.267495579464388138e+05
2.278059431152092875e+05
2.287443624474353273e+05
2.295712818021176499e+05
2.303059711145282490e+05
2.309793976269002014e+05
2.316317825417962740e+05
2.323090387219232798e+05
2.330582961998767860e+05
2.339227705394169607e+05
2.349363965613956389e+05
2.361188962161434174e+05
2.374721447930632858e+05
2.389786931334889669e+05
2.406030095665487461e+05
2.422954620824097656e+05
2.439984276842877443e+05
2.456534080497206596e+05
2.472078291128991405e+05
2.486203744437736459e+05
2.498641762790777429e+05
2.509277863215070101e+05
2.518143642798040237e+05
2.525398013355768635e+05
2.531304883609703684e+05
2.536212030229754455e+05
2.540532537436012062e+05
2.544727215741363761e+05
2.549284852743440715e+05
2.554697397014132584e+05
2.561429016396868683e+05
2.569880753388223529e+05
2.580355334692207107e+05
2.593028631417728320e+05
2.607934487888500735e+05
2.624967683260598569e+05
2.643905834660397959e+05
2.664446049985976424e+05
2.686247695326510584e+05
2.708970504503413104e+05
2.732298594486260554e+05
2.755945720724045532e+05
2.779643886518627987e+05
2.803123838289054693e+05
2.826099616277760942e+05
2.848268692669949378e+05
2.869334336502418737e+05
2.889049206032207585e+05
2.907271196792757837e+05
2.924016739776338218e+05
2.939494830966841546e+05
2.954107741966360481e+05
2.968411082614835468e+05
2.983035143801008235e+05
2.998579100288047339e+05
3.015497380815678043e+05
3.034001316219407599e+05
3.053997860829436686e+05
3.075080728241348988e+05
3.096578963301361073e+05
3.117656118885712931e+05
3.137442624965920113e+05
3.155177132387210149e+05
3.170331072836656240e+05
3.182694486647593440e+05
3.192409103258727700e+05
3.199944672717340873e+05
3.206024464556399034e+05
3.211513933296800242e+05
3.217291757356644957e+05
3.224124393434194499e+05
3.232563979235877050e+05
3.242885137793702306e+05
3.255069491066774353e+05
3.268838332752831629e+05
3.283725247367713600e+05
3.299173174904635525e+05
3.314636216352533083e+05
3.329666556053608656e+05
3.343971418118758011e+05
3.357432881902606459e+05
3.370092494735585060e+05
3.382110352736252826e+05
3.393712532403085497e+05
3.405140514037169050e+05
3.416612151917113224e+05
3.428297717825604486e+05
3.440309016795114730e+05
3.452696559024013695e+05
3.465450047990474850e+05
3.478500262097044033e+05
3.491723863316518255e+05
3.504954632661229116e+05
3.518003833724899450e+05
3.530689113780175685e+05
3.542867277714297525e+05
3.554463638929947629e+05
3.565490937836437370e+05
3.576053883447418921e+05
3.586339561034727958e+05
3.596597116554297972e+05
3.607110965742045082e+05
3.618170551349302405e+05
3.630037933051121654e+05
3.642913946746164002e+05
3.656905016316776164e+05
3.671995203251524363e+05
3.688030070484555326e+05
3.704718867142638192e+05
3.721658857797491946e+05
3.738380992288854322e+05
3.754411011831331998e+05
3.769336100879290025e+05
3.782865465937218396e+05
3.794874186244967277e+05
3.805423027525172220e+05
3.814751691364086582e+05
3.823247851340122870e+05
3.831398000394226983e+05
3.839727852198127075e+05
3.848739944111137302e+05
3.858855091080047423e+05
3.870363497634004452e+05
3.883391081148467492e+05
3.897886311312572798e+05
3.913631390446763835e+05
3.930277959554151166e+05
3.947402050746842287e+05
3.964567544137538061e+05
3.981384456777170999e+05
3.997549810360476840e+05
4.012864515006368747e+05
4.027227530506429030e+05
4.040615347850458929e+05
4.053057972703903797e+05
4.064621300636024098e+05
4.075401225649751723e+05
4.085529244931869325e+05
4.095184716813751147e+05
4.104606286896982347e+05
4.114094386247192742e+05
4.123997923207876156e+05
4.134681371477840585e+05
4.146473512037410983e+05
4.159605588318779483e+05
4.174152836935063824e+05
4.189996558744449867e+05
4.206821682780398987e+05
4.224156597509760177e+05
4.241450048888174351e+05
4.258168425012826337e+05
4.273890269596255384e+05
4.288375898555694148e+05
4.301597800461705192e+05
4.313728573100767680e+05
4.325093114051902667e+05
4.336097642474803142e+05
4.347149511874851887e+05
4.358580549746102770e+05
4.370585237819128088e+05
4.383184484679436428e+05
4.396224910277515301e+05
4.409419938654191792e+05
4.422430683518241276e+05
4.434972339149541222e+05
4.446919559491627151e+05
4.458378028259702260e+05
4.469693983652319876e+05
4.481389735872754245e+05
4.494036702417212073e+05
4.508099618852482527e+05
4.523797346699830377e+05
4.541021858305715723e+05
4.559338720358991995e+05
4.578066927785213338e+05
4.596413130201142048e+05
4.613623119136221358e+05
4.629114590079929330e+05
4.642566527322056354e+05
4.653955534748907085e+05
4.663541856547017233e+05
4.671814782556065475e+05
4.679409544078576728e+05
4.687008653722049785e+05
4.695242195080897072e+05
4.704603543817162281e+05
4.715396803408513078e+05
4.727727028260902734e+05
4.741533511888295179e+05
4.756652979491931037e+05
4.772888958216667525e+05
4.790061269270427874e+05
4.808017689599585719e+05
4.826605813613448991e+05
4.845620540172187029e+05
4.864753949100083555e+05
4.883574667498882045e+05
4.901553053120512050e+05
4.918131334439900238e+05
4.932821424396163202e+05
4.945303791090206360e+05
4.955501322038166109e+05
4.963611054416560801e+05
4.970089425959798391e+05
4.975598192926933989e+05
4.980924879495292553e+05
4.986892789296498522e+05
4.994272769545926130e+05
5.003704647187704686e+05
5.015632798074598541e+05
5.030258766765050241e+05
5.047514080716140452e+05
5.067057364128510235e+05
5.088300137220595498e+05
5.110463986493219272e+05
5.132667421089586569e+05
5.154034080475964001e+05
5.173806748143655714e+05
5.191446612122445367e+05
5.206697208087721374e+05
5.219598942643206683e+05
5.230451983845870709e+05
5.239738977920250618e+05
5.248029507252279436e+05
5.255891278789356584e+05
5.263827445104210638e+05
5.272247618687321665e+05
5.281467140512999613e+05
5.291720431378710782e+05
5.303172997079158667e+05
5.315922453588659409e+05
5.329988162282005651e+05
5.345296892737076851e+05
5.361674810494959820e+05
5.378853383665470174e+05
5.396490792119668331e+05
5.414204749990281416e+05
5.431610173945443239e+05
5.448356386237024562e+05
5.464161683301418088e+05
5.478845254678791389e+05
5.492355649200010812e+05
5.504791545277332189e+05
5.516406917226230726e+05
5.527591895833431045e+05
5.538824533113430953e+05
5.550596652180657256e+05
5.563326067198923556e+05
5.577273935422194190e+05
5.592487067410156596e+05
5.608780043962222990e+05
5.625762568061331986e+05
5.642906594781393651e+05
5.659638611658036243e+05
5.675437395155037520e+05
5.689917724887811346e+05
5.702885474165001651e+05
5.714357456119275885e+05
5.724547826015676837e+05
5.733829211022846866e+05
5.742679526422005147e+05
5.751624635960540036e+05
5.761183968604539987e+05
5.771822778854869539e+05
5.783912334497680422e+05
5.797698340597228380e+05
5.813277950368073070e+05
5.830586158728256123e+05
5.849392900557471439e+05
5.869312742352872156e+05
5.889829497457655380e+05
5.910337801044293446e+05
5.930201794201491866e+05
5.948827178555009887e+05
5.965737751112442929e+05
5.980643078384029213e+05
5.993482629191525048e+05
6.004435011203044560e+05
6.013888585584097309e+05
6.022379262188337743e+05
6.030509237068168586e+05
6.038863912297886563e+05
6.047942268237319076e+05
6.058109923714969773e+05
6.069576953454061877e+05
6.082397164667072939e+05
6.096483456809034105e+05
6.111634616773492889e+05
6.127570589817715809e+05
6.143974020506459055e+05
6.160534915705288295e+05
6.176993342701606452e+05
6.193173655347099993e+05
6.209004066163770622e+05
6.224517613387668971e+05
6.239833854879803257e+05
6.255123833748615580e+05
6.270563414952649036e+05
6.286282138897988480e+05
6.302316625629795017e+05
6.318579025957509875e+05
6.334850841015570331e+05
6.350809044584650546e+05
6.366084159884620458e+05
6.380340072428202257e+05
6.393356284938693279e+05
6.405089251868851716e+05
6.415693338101722766e+05
6.425493712139463751e+05
6.434919360039082821e+05
6.444418236550461734e+05
6.454382385700352024e+05
6.465105707333219470e+05
6.476782646540546557e+05
6.489538422603645595e+05
6.503468211022251053e+05
6.518659871085028863e+05
6.535183669953780482e+05
6.553048985062757274e+05
6.572144735891629243e+05
6.592189941949276254e+05
6.612719371357355267e+05
6.633117722413731972e+05
6.652699243145202054e+05
6.670814730166102527e+05
6.686959712342774728e+05
6.700858413207724225e+05
6.712506478384374641e+05
6.722167734624448931e+05
6.730331916174249491e+05
6.737647644469668157e+05
6.744846219280464575e+05
6.752667671798717929e+05
6.761793877265235642e+05
6.772788098276084056e+05
6.786039081991405692e+05
6.801711335737516638e+05
6.819709164245012216e+05
6.839666372259358177e+05
6.860972526579237310e+05
