5.432938025196467061e+05
5.423653464148445055e+05
5.415323976208566455e+05
5.407852338402017485e+05
5.401111841298985528e+05
5.394913598987433361e+05
5.388979697387317428e+05
5.382936357418932021e+05
5.376335740370599087e+05
5.368705569463464199e+05
5.359616021757163107e+05
5.348747227733582258e+05
5.335940510776962619e+05
5.321221953615957173e+05
5.304795456776650390e+05
5.287010657858701888e+05
5.268316074668521760e+05
5.249208549419599585e+05
5.230187335286309244e+05
5.211716972430569585e+05
5.194199483044086955e+05
5.177954538547776756e+05
5.163206096329067950e+05
5.150074700658469228e+05
5.138575201900046086e+05
5.128619621162308031e+05
5.120024576360519277e+05
5.112522769501893199e+05
5.105778868203618913e+05
5.099411215710151009e+05
5.093020990683634300e+05
5.086228642060711863e+05
5.078713688234571018e+05
5.070249879411556758e+05
5.060725792255418492e+05
5.050143151449898724e+05
5.038591595942941494e+05
5.026206883962317370e+05
5.013125921542503638e+05
4.999453320659247693e+05
4.985249600158858229e+05
4.970542667378865881e+05
4.955355717732388875e+05
4.939739813285792479e+05
4.923799754318902269e+05
4.907706372963896720e+05
4.891694164369421196e+05
4.876047249598046765e+05
4.861077562693682848e+05
4.847097505247427034e+05
4.834387236353090848e+05
4.823156483328944305e+05
4.813503228450209717e+05
4.805375931904119207e+05
4.798549706270162133e+05
4.792627421027958626e+05
4.787072609995718813e+05
4.781272917294284562e+05
4.774623384582700091e+05
4.766611932206256315e+05
4.756888048056575935e+05
4.745300886726366589e+05
4.731902767189213191e+05
4.716924379447994288e+05
4.700734518017081427e+05
4.683797314885089290e+05
4.666634310869676992e+05
4.649790692673254525e+05
4.633799159110213513e+05
4.619134475345404935e+05
4.606157228131960146e+05
4.595053921811979963e+05
4.585787983276546584e+05
4.578078595587864984e+05
4.571419965713616693e+05
4.565143928164461395e+05
4.558517083016847610e+05
4.550853953335295082e+05
4.541623027109981049e+05
4.530524328631683020e+05
4.517524637183673913e+05
4.502847251846250147e+05
4.486923941497562919e+05
4.470324102619905607e+05
4.453678011075986433e+05
4.437607282254605088e+05
4.422668377052753931e+05
4.409307795105862315e+05
4.397823941670581698e+05
4.388332201827103854e+05
4.380735468459218391e+05
4.374708919491579290e+05
4.369711180112321745e+05
4.365031379259600653e+05
4.359873001474171178e+05
4.353463767838635249e+05
4.345170726364240400e+05
4.334595668450519443e+05
4.321630005220746971e+05
4.306459132326485123e+05
4.289520040474900161e+05
4.271427343695102027e+05
4.252887975200786022e+05
4.234622333707637154e+05
4.217301642334245262e+05
4.201501844998772722e+05
4.187667853220533580e+05
4.176081006078812643e+05
4.166827103288746439e+05
4.159769648001522291e+05
4.154539040293031721e+05
4.150549922130693449e+05
4.147054231987250969e+05
4.143228035192045500e+05
4.138279375790937338e+05
4.131556585297338897e+05
4.122634949896091712e+05
4.111365088990082731e+05
4.097876644418774522e+05
4.082541872788874898e+05
4.065911503517718520e+05
4.048637707949029864e+05
4.031396797729367390e+05
4.014819842132164631e+05
3.999435540570529411e+05
3.985627874237006181e+05
3.973610872346865362e+05
3.963422629224424018e+05
3.954939003396915505e+05
3.947903992059609154e+05
3.941969864280272741e+05
3.936737757445513853e+05
3.931790152808737475e+05
3.926710641335954424e+05
3.921092311910175486e+05
3.914541601976239472e+05
3.906687221013029921e+05
3.897202431060571689e+05
3.885843701461023302e+05
3.872501201026752242e+05
3.857249363264464191e+05
3.840381555331812706e+05
3.822413538863492431e+05
3.804046213668789132e+05
3.786087607528492226e+05
3.769344402557602152e+05
3.754501273100694525e+05
3.742009539147109026e+05
3.732004400968310656e+05
3.724263544879013789e+05
3.718211773469644249e+05
3.712969242799334461e+05
3.707436523255082429e+05
3.700407947186569800e+05
3.690704042502673110e+05
3.677312430629531736e+05
3.659523524612693000e+05
3.637043573995514889e+05
3.610065422520614811e+05
3.579279410873043234e+05
3.545814569280419964e+05
3.511112732388648437e+05
3.476752359795830562e+05
3.444250427389009274e+05
3.414876090582553297e+05
3.389507230365287396e+05
3.368551358300000429e+05
3.351938637939683977e+05
3.339180811851118342e+05
3.329478981121436809e+05
3.321857457164611551e+05
3.315300610173663590e+05
3.308873691285087843e+05
3.301815107980553876e+05
3.293594526624916471e+05
3.283936819308773847e+05
3.272815434320973000e+05
3.260420365404579206e+05
3.247106375533628161e+05
3.233327562763118767e+05
3.219565386500751483e+05
3.206258708024256048e+05
3.193745263904263848e+05
3.182223099332299898e+05
3.171737232849945431e+05
3.162191717904672259e+05
3.153381878773826757e+05
3.145037762807896943e+05
3.136869107822047663e+05
3.128604417222272605e+05
3.120020761330427486e+05
3.110964660218796926e+05
3.101366110798619338e+05
3.091246904883731040e+05
3.080721713269897737e+05
3.069987922148872167e+05
3.059299972216242459e+05
3.048927082485492574e+05
3.039099161965481471e+05
3.029952156294933520e+05
3.021487941726061399e+05
3.013562645321312011e+05
3.005910354002506938e+05
2.998198520169138792e+05
2.990100862925935071e+05
2.981367416851525195e+05
2.971872229180968134e+05
2.961626844096223940e+05
2.950759143777363352e+05
2.939467911271103658e+05
2.927969742830290925e+05
2.916454889525565668e+05
2.905063078256763984e+05
2.893882075933900196e+05
2.882963947624413995e+05
2.872349044361739070e+05
2.862086694686475676e+05
2.852243949926609057e+05
2.842898325012368150e+05
2.834115856404040824e+05
2.825920674012742820e+05
2.818265568978635129e+05
2.811013857988955569e+05
2.803940682830115547e+05
2.796756917150220834e+05
2.789152239382771659e+05
2.780847735517745605e+05
2.771644954537738813e+05
2.761459236512743519e+05
2.750330287927397294e+05
2.738410428684764192e+05
2.725937583667448489e+05
2.713203140539568267e+05
2.700523137347119628e+05
2.688216043864783715e+05
2.676584521804087562e+05
2.665895111043406068e+05
2.656350631542836200e+05
2.648054918425164069e+05
2.640976093103155144e+05
2.634919822998887394e+05
2.629525336107959156e+05
2.624293273049120908e+05
2.618646631869525590e+05
2.612016527146889712e+05
2.603936413886887021e+05
2.594124629550738318e+05
2.582537030606456101e+05
2.569378633648073010e+05
2.555073150488682149e+05
2.540198773637664854e+05
2.525404523964048421e+05
2.511322534804205934e+05
2.498488581514885591e+05
2.487278359015806636e+05
2.477863125018455903e+05
2.470186853178623423e+05
2.463967550024201919e+05
2.458725921008884616e+05
2.453842925258846371e+05
2.448642956032065849e+05
2.442492446433094447e+05
2.434897307688435249e+05
2.425579815213316178e+05
2.414518261237521947e+05
2.401940639840995427e+05
2.388274456504419795e+05
2.374064978815838404e+05
2.359880704591338872e+05
2.346225865603623679e+05
2.333475723229236028e+05
2.321843145356254536e+05
2.311377030899480742e+05
2.301986763666821353e+05
2.293483221183459391e+05
2.285626012193325732e+05
2.278167868698248640e+05
2.270889522189564304e+05
2.263621180930016271e+05
2.256249497459082049e+05
2.248711562644136138e+05
2.240979910875178757e+05
2.233044475221089961e+05
2.224898284794487699e+05
2.216532726113547978e+05
2.207945011735867010e+05
2.199155566560532025e+05
2.190227847142294340e+05
2.181279815540145792e+05
2.172476823452183453e+05
2.164000666357628652e+05
2.155997799193233950e+05
2.148518315157464240e+05
2.141462931018817762e+05
2.134555479077399941e+05
2.127352830023206188e+05
2.119294454108521459e+05
2.109783091271261219e+05
2.098279605350779311e+05
2.084391512488029257e+05
2.067936783269087900e+05
2.048971483604871319e+05
2.027779419018629997e+05
2.004831251755095145e+05
1.980726801529008662e+05
1.956135687780210283e+05
1.931748049554689205e+05
1.908240446227765060e+05
1.886254981325707340e+05
1.866384988045461359e+05
1.849159882228038623e+05
1.835024799033408344e+05
1.824315492801649380e+05
1.817233091300984961e+05
1.813824597318221349e+05
1.813972976066799019e+05
1.817396454326337553e+05
1.823652643125135801e+05
1.832141669735426258e+05
1.842104920765814313e+05
1.852621667507536768e+05
1.862612415444339858e+05
1.870862063498538628e+05
1.876075151074304595e+05
1.876968708874253789e+05
1.872397085076728254e+05
1.861491264756378077e+05
1.843787070438475639e+05
1.819315629109484435e+05
1.788636515687863575e+05
1.752806933516301797e+05
1.713294794887634926e+05
1.671854645984449016e+05
1.630389410485736444e+05
1.590817052134391852e+05
1.554951773153946560e+05
1.524398859924795979e+05
1.500455845206983504e+05
1.484013745345950301e+05
1.475460947669992456e+05
1.474605311475075141e+05
1.480640963678323897e+05
1.492188608600308653e+05
1.507428088253204187e+05
1.524320442371456011e+05
1.540890005642428878e+05
1.555514473807221511e+05
1.567161198192316515e+05
1.575515834298160044e+05
1.580973216280632769e+05
1.584492669753308001e+05
1.587350981651707552e+05
1.590847206675569178e+05
1.596019841867078794e+05
1.603429069143924280e+05
1.613038933653003478e+05
1.624212152135291253e+05
1.635808813577579858e+05
1.646363045461630973e+05
1.654300731447498838e+05
1.658157500776728557e+05
1.656759670989850420e+05
1.649340975630115718e+05
1.635582907920645084e+05
1.615583208804406167e+05
1.589771468778706330e+05
1.558799355757327576e+05
1.523433596215445141e+05
1.484472965674291190e+05
1.442699028104984609e+05
1.398858373184383381e+05
1.353665504718087905e+05
1.307812449817622110e+05
1.261973354898806720e+05
1.216797722259638249e+05
1.172891814629712317e+05
1.130792075345506164e+05
1.090936469061830721e+05
1.053639875657267112e+05
1.019078901281002181e+05
9.872902175585555960e+04
9.581847639720531879e+04
9.315775845410255715e+04
9.072297776041210454e+04
8.848957183583569713e+04
8.643665373825910501e+04
8.455008720096903562e+04
8.282365100179887668e+04
8.125810956357994291e+04
7.985851817185655818e+04
7.863050134373331093e+04
7.757643713200704951e+04
7.669242428445525002e+04
7.596664960304557462e+04
7.537940638249946642e+04
7.490464729989212356e+04
7.451266819260855846e+04
7.417335526748008851e+04
7.385939312261938176e+04
7.354890508683313965e+04
7.322714863552029419e+04
7.288708098336713738e+04
7.252880859165691072e+04
7.215810902111674659e+04
7.178434127928935050e+04
7.141812763141829055e+04
7.106919152073202713e+04
7.074467742844927125e+04
7.044817121549914009e+04
7.017950150543902419e+04
6.993525605222149170e+04
6.970981647928412713e+04
6.949662509276730998e+04
6.928936947751343541e+04
6.908281520715091028e+04
6.887312901118118316e+04
6.865768934815835382e+04
6.843453729863255285e+04
6.820173135434718279e+04
6.795689878459587635e+04
6.769721182664984372e+04
6.741987649709456309e+04
6.712304652248266211e+04
6.680691582992662734e+04
6.647464604471955681e+04
6.613277978184392850e+04
6.579088320905489672e+04
6.546033585081282217e+04
6.515240360855141626e+04
6.487593822548623575e+04
6.463518421435027267e+04
6.442819655665330356e+04
6.424626377914664772e+04
6.407451653764566436e+04
6.389364254640903528e+04
6.368240027400203689e+04
6.342048769255904335e+04
6.309130223806243157e+04
6.268420411690223409e+04
6.219601826137852186e+04
6.163162991680928099e+04
6.100361792739624070e+04
6.033093483225731325e+04
5.963671403534786077e+04
5.894539090020689764e+04
5.827946977103626705e+04
5.765641742405721743e+04
5.708625089235328778e+04
5.657034849083799782e+04
5.610181551389479864e+04
5.566740718272891536e+04
5.525063635557313683e+04
5.483538899897332885e+04
5.440923969581912388e+04
5.396574977465668780e+04
5.350531292607102660e+04
5.303449384664664103e+04
5.256416463841687801e+04
5.210698161544270260e+04
5.167481549451776664e+04
5.127666474273471249e+04
5.091740097652760596e+04
5.059748327523077751e+04
5.031358574087612214e+04
5.005993403834587662e+04
4.983004673549385188e+04
4.961852571338127018e+04
4.942254220079723746e+04
4.924273187739465357e+04
4.908334888206485630e+04
4.895171936384921719e+04
4.885723837885361718e+04
4.881030746918836667e+04
4.882165297278851358e+04
4.890236366328168515e+04
4.906475656968095427e+04
4.932389125635834353e+04
4.969931061330959346e+04
5.021649447579395201e+04
5.090763085535582650e+04
5.181161909232813923e+04
5.297361058844652871e+04
5.444468601984989073e+04
5.628226286529187928e+04
5.855137819938056055e+04
6.132609389966602612e+04
6.468913179514012882e+04
6.872690380369233026e+04
7.351695100781536894e+04
7.910599649666425830e+04
8.547956268577453739e+04
9.252799627403599152e+04
1.000176449204850942e+05
1.075781915622792731e+05
1.147161982833328802e+05
1.208600075509614544e+05
1.254330180239910551e+05
1.279432563256925205e+05
1.280702593654009397e+05
1.257284055356944009e+05
1.210902533007308521e+05
1.145631487291639787e+05
1.067243119261408283e+05
9.822990094294297160e+04
8.971894956559574348e+04
8.173224307908386982e+04
7.466004694543358346e+04
6.872371636037350981e+04
6.398766078379109240e+04
6.039230196477426216e+04
5.779655582479191071e+04
5.601959909541740490e+04
5.487496183876584109e+04
5.419381139257842005e+04
5.383749155408990191e+04
5.370137116109793715e+04
5.371280986670828861e+04
5.382588593246749952e+04
5.401488629985955049e+04
5.426781140162662632e+04
5.458053681486598362e+04
5.495189632790080941e+04
5.537978973897774995e+04
5.585839277147124085e+04
5.637655730577502254e+04
5.691746010901776754e+04
5.745945558803109452e+04
5.797793247924157185e+04
5.844782179140023800e+04
5.884631548590731109e+04
5.915536733815143089e+04
5.936364898048820760e+04
5.946777583416643029e+04
5.947273907260279520e+04
5.939154485142596968e+04
5.924408033703810361e+04
5.905524532850109244e+04
5.885246044076632825e+04
5.866280290720734774e+04
5.851018555529642617e+04
5.841309642407270439e+04
5.838337225056766329e+04
5.842626136544958717e+04
5.854169604234801955e+04
5.872636146306069713e+04
5.897594803837606014e+04
5.928698250830490724e+04
5.965783908371921279e+04
6.008884444827486004e+04
6.058168818116003240e+04
6.113853662602832628e+04
6.176128658956180152e+04
6.245130713223008934e+04
6.320985503594859620e+04
6.403916256933528348e+04
6.494401855692284880e+04
6.593351898166521278e+04
6.702257944930609665e+04
6.823281460123455327e+04
6.959252405901552993e+04
7.113576391320918628e+04
7.290074831340477976e+04
7.492799053144652862e+04
7.725853538323636167e+04
7.993231143866812636e+04
8.298613084863066615e+04
8.645040881736042502e+04
9.034355064628763648e+04
9.466339321380217734e+04
9.937613672783601214e+04
1.044046434406438784e+05
1.096193439075456845e+05
1.148356862110492075e+05
1.198215887351369747e+05
1.243165355472136871e+05
1.280610850483482063e+05
1.308324117669199477e+05
1.324790871085314720e+05
1.329475456173300336e+05
1.322940259817316837e+05
1.306789735184312594e+05
1.283450395684695832e+05
1.255836562955668342e+05
1.226975441562054039e+05
1.199667751916811685e+05
1.176242338215498748e+05
1.158431948510512011e+05
1.147363283496007498e+05
1.143627611966717814e+05
1.147385457383655303e+05
1.158461767929086491e+05
1.176403524847472436e+05
1.200493640078114986e+05
1.229735893719846499e+05
1.262839238739408756e+05
1.298232352559844585e+05
1.334130602129739127e+05
1.368660765376671916e+05
1.400029489044002257e+05
1.426705847376115562e+05
1.447581509326644882e+05
1.462076006010481506e+05
1.470167869531489850e+05
1.472350411062408239e+05
1.469527735831202299e+05
1.462877254861308029e+05
1.453707075474719168e+05
1.443331069084780465e+05
1.432974411455935042e+05
1.423712073467480950e+05
1.416435346962757176e+05
1.411838374982964015e+05
1.410417248400908429e+05
1.412476770272987196e+05
1.418142546705714485e+05
1.427377383176053409e+05
1.440000846278433164e+05
1.455710018648775294e+05
1.474099065289809369e+05
1.494676102578303544e+05
1.516878041279619501e+05
1.540086611591578985e+05
1.563650171116244455e+05
1.586914933207415743e+05
1.609265818610759452e+05
1.630172480218359269e+05
1.649232280598431535e+05
1.666200988844826643e+05
1.681004331490989716e+05
1.693728307419235935e+05
1.704591330004050105e+05
1.713904809724785446e+05
1.722029790551366168e+05
1.729336093379044323e+05
1.736168331512088189e+05
1.742821322753487038e+05
1.749526258119463455e+05
1.756448109692900616e+05
1.763693490952884604e+05
1.771326256658551574e+05
1.779386062350965803e+05
1.787903966395101452e+05
1.796909899375562381e+05
1.806429595437991375e+05
1.816472491995263845e+05
1.827015612376817735e+05
1.837990113706144621e+05
1.849276392704597383e+05
1.860710848751902813e+05
1.872103810712849372e+05
1.883265042393175536e+05
1.894031468814701366e+05
1.904291456481974164e+05
1.914000829480916436e+05
1.923187436613950995e+05
1.931943284422037250e+05
1.940405861531640985e+05
1.948732932391280483e+05
1.957077030012519390e+05
1.965566200744266971e+05
1.974295650905876828e+05
1.983331076987035049e+05
1.992719911673074530e+05
2.002503374464798835e+05
2.012721706879952108e+05
2.023407799019127560e+05
2.034569572068066336e+05
2.046166836756888661e+05
2.058091618086687231e+05
2.070160766392525111e+05
2.082126233491250896e+05
2.093703183575817966e+05
2.104611136550828232e+05
2.114620147412316874e+05
2.123593131110647228e+05
2.131516447983336984e+05
2.138513003196988720e+05
2.144834807995930023e+05
2.150834991918848245e+05
2.156922553478970367e+05
2.163506339510327089e+05
2.170937105810947833e+05
2.179457189259927836e+05
2.189165900533087552e+05
2.200005611747169751e+05
2.211769737300219713e+05
2.224130581761556095e+05
2.236683012844327895e+05
2.248998943094440037e+05
2.260686970725488500e+05
2.271450668731838814e+05
2.281138031159576203e+05
2.289774286305602000e+05
2.297571605947761564e+05
2.304912522780857107e+05
2.312308493009677040e+05
2.320339670694603410e+05
2.329585240176826774e+05
2.340554857784459600e+05
2.353630966074341850e+05
2.369029522469530348e+05
2.386783577702119946e+05
2.406750463933403371e+05
2.428639383335371094e+05
2.452052519415483112e+05
2.476530442480297643e+05
2.501592606930924230e+05
2.526766557629316230e+05
2.551604336073444574e+05
2.575689702872330672e+05
2.598643059400285420e+05
2.620130963836435112e+05
2.639883932996989461e+05
2.657721262249518768e+05
2.673577040598515305e+05
2.687519221537765115e+05
2.699754277210541186e+05
2.710613121709480183e+05
2.720518357189839007e+05
2.729937091449387372e+05
2.739326624772695941e+05
2.749081760704552871e+05
2.759492263383853133e+05
2.770717128898282535e+05
2.782779099837394897e+05
2.795578813414073666e+05
2.808924131620248663e+05
2.822567718559872010e+05
2.836245591377785313e+05
2.849711083549105679e+05
2.862761379630048759e+05
2.875256036216804059e+05
2.887127651562152314e+05
2.898384138827548013e+05
2.909101052147271112e+05
2.919402649010716705e+05
2.929432716762815253e+05
2.939320115920357057e+05
2.949147653719012742e+05
2.958934061629191274e+05
2.968636164179338375e+05
2.978172246665648418e+05
2.987460389335532673e+05
2.996460144263273105e+05
3.005204690494675306e+05
3.013813948521773564e+05
3.022485445530138095e+05
3.031466213883991586e+05
3.041013202738231048e+05
3.051350633294875734e+05
3.062631263160433155e+05
3.074906460152931395e+05
3.088108790904697380e+05
3.102050629420017358e+05
3.116441849553362117e+05
3.130927385608128388e+05
3.145140742832329706e+05
3.158763670997219160e+05
3.171577923857715214e+05
3.183495103015835048e+05
3.194556126148616895e+05
3.204901320263802772e+05
3.214721811268441961e+05
3.224208643280059332e+05
3.233515466618282371e+05
3.242744141086461022e+05
3.251953284560028114e+05
3.261181726028559497e+05
3.270475061190709239e+05
3.279904816200868227e+05
3.289574550771771464e+05
3.299612829270781367e+05
3.310156908138729050e+05
3.321332148143587983e+05
3.333231062649236410e+05
3.345894068339621881e+05
3.359292969881363679e+05
3.373318731573738041e+05
3.387776719714278588e+05
3.402393940063161426e+05
3.416842261942744371e+05
3.430778396912560565e+05
3.443896087352178874e+05
3.455980529129553470e+05
3.466952009522823500e+05
3.476886878536771983e+05
3.486009356531538069e+05
3.494655480513749062e+05
3.503217778036503587e+05
3.512083391870243941e+05
3.521578223756164080e+05
3.531925990998662892e+05
3.543225987980567734e+05
3.555449041771588381e+05
3.568448898549476289e+05
3.581985919770398177e+05
3.595760346333918860e+05
3.609452264535978320e+05
3.622764293062951183e+05
3.635461439067989122e+05
3.647401686809184030e+05
3.658551671803537756e+05
3.668984471324780025e+05
3.678860432511124527e+05
3.688395868040550267e+05
3.697827211192738032e+05
3.707379077170419623e+05
3.717243349966853275e+05
3.727573039658428752e+05
3.738489784429783467e+05
3.750098604124746053e+05
3.762499548468932044e+05
3.775785185751875397e+05
3.790016832719131489e+05
3.805180815549954423e+05
3.821136468144196551e+05
3.837575865869550034e+05
3.854017139768234338e+05
3.869846252803537063e+05
3.884407546092492994e+05
3.897126043134794454e+05
3.907631220900491462e+05
3.915848485999183613e+05
3.922032914461924811e+05
3.926736972726322128e+05
3.930723225311797578e+05
3.934847011492265738e+05
3.939937965762650711e+05
3.946702998791711289e+05
3.955661246094701346e+05
3.967109726247175131e+05
3.981111915534958243e+05
3.997501510674380697e+05
4.015898044056895305e+05
4.035735645193977980e+05
4.056307748398674303e+05
4.076828078504815931e+05
4.096503547452763887e+05
4.114610669489022112e+05
4.130565897048485349e+05
4.143982085740863113e+05
4.154706531100346474e+05
4.162838607357654837e+05
4.168725884784871014e+05
4.172937276955810958e+05
4.176212001960126217e+05
4.179385510754584684e+05
4.183298242063077632e+05
4.188698589112436748e+05
4.196155327612424735e+05
4.205994867145970347e+05
4.218274471105537377e+05
4.232795231046431581e+05
4.249150377935295692e+05
4.266797800273085013e+05
4.285141937978307251e+05
4.303609971182559966e+05
4.321710024775656639e+05
4.339064116761566838e+05
4.355414738834376330e+05
4.370610049392156652e+05
4.384577312663992052e+05
4.397296134128144477e+05
4.408781449884930043e+05
4.419081373016588041e+05
4.428288355011443491e+05
4.436556055896393373e+05
4.444111253487475915e+05
4.451251470684770611e+05
4.458324392866367707e+05
4.465692414712863392e+05
4.473691672163215699e+05
4.482597005996289081e+05
4.492601541963539785e+05
4.503813286069754395e+05
4.516264300930228201e+05
4.529923827008263906e+05
4.544706952944702934e+05
4.560474718098331359e+05
4.577027533435340738e+05
4.594098576478104806e+05
4.611355255081164069e+05
4.628414619896208751e+05
4.644874069720690022e+05
4.660353873325198074e+05
4.674544542095268844e+05
4.687250525951689924e+05
4.698421829085141653e+05
4.708166533896321780e+05
4.716739811494643800e+05
4.724508999879404437e+05
4.731899640478159999e+05
4.739332929117466556e+05
4.747168834553248598e+05
4.755668977307098103e+05
4.764988176949259941e+05
4.775194414346406120e+05
4.786306965281615267e+05
4.798335703818061738e+05
4.811304172410378233e+05
4.825245591289284057e+05
4.840172189574679942e+05
4.856029691913570277e+05
4.872655892726635793e+05
4.889762119506808231e+05
4.906949021647385671e+05
4.923756336865135236e+05
4.939734560305671184e+05
4.954519145365760778e+05
4.967887574962368235e+05
4.979786139564571204e+05
4.990323643013093388e+05
4.999739179798793048e+05
5.008356705084848218e+05
5.016538706066290033e+05
5.024646220201985561e+05
5.033006304687552620e+05
5.041884669205707614e+05
5.051462416750065167e+05
5.061820429339391412e+05
5.072939086661224137e+05
5.084720597803428536e+05
5.097034484241824248e+05
5.109775803056283039e+05
5.122915967252204427e+05
5.136523557774976362e+05
5.150740587749467813e+05
5.165716436575243715e+05
5.181520421079951338e+05
5.198066039428496733e+05
5.215078873685773578e+05
5.232125180984104518e+05
5.248695011510121403e+05
5.264312068428643979e+05
5.278631990647471976e+05
5.291496105793778552e+05
5.302926747055497253e+05
5.313074591203387827e+05
5.322147375427517109e+05
5.330354458349640481e+05
5.337890929910570849e+05
5.344963509863580111e+05
5.351838387804687954e+05
5.358878829522525193e+05
5.366543657528957119e+05
5.375335151853951393e+05
5.385708371572394390e+05
5.397972363245524466e+05
5.412218573927633697e+05
5.428300926954715978e+05
5.445870868489133427e+05
5.464449468890613643e+05
5.483507273726973217e+05
5.502525729112365516e+05
5.521028913927796530e+05
5.538592469750201562e+05
5.554848299857680686e+05
5.569502965712163132e+05
5.582375681614059722e+05
5.593445384134381311e+05
5.602884714585025795e+05
5.611058438093757723e+05
5.618475452124803560e+05
5.625701697341969702e+05
5.633257443998563103e+05
5.641529234317516675e+05
5.650721488413418410e+05
5.660858296001530252e+05
5.671828891225312836e+05
5.683457776235865895e+05
5.695576545280906139e+05
5.708078883578864625e+05
5.720949133071831893e+05
5.734263351167003857e+05
5.748166729590714676e+05
5.762832462900048122e+05
5.778407059021296445e+05
5.794948522848397261e+05
5.812367869196319953e+05
5.830389233830720186e+05
5.848545659461852629e+05
5.866222972873272374e+05
5.882752341099276673e+05
5.897536250604999950e+05
5.910178776760749752e+05
5.920585224686231231e+05
5.929001813878375106e+05
5.935981798447511392e+05
5.942284918652136112e+05
5.948735243361946195e+05
5.956072366333000828e+05
5.964830069971129997e+05
5.975266457922166446e+05
5.987354516528522363e+05
6.000827206707434962e+05
6.015260449739812175e+05
6.030172478223360376e+05
6.045118590968438657e+05
6.059764768934065942e+05
6.073930069110305049e+05
6.087594795184478862e+05
