4.753518906568775419e+05
4.744682583576910547e+05
4.736228576887811651e+05
4.727997617272929056e+05
4.719932895370466867e+05
4.712065858669083100e+05
4.704472836007088772e+05
4.697216697560064495e+05
4.690292175571433036e+05
4.683591027430864051e+05
4.676895364451371133e+05
4.669897955719929887e+05
4.662241191961203003e+05
4.653564003715200815e+05
4.643548119829592761e+05
4.631959301930696238e+05
4.618682671424881555e+05
4.603751982480841107e+05
4.587370561536020250e+05
4.569918291993234307e+05
4.551937034611090785e+05
4.534088416528219241e+05
4.517083623051656177e+05
4.501593225665878854e+05
4.488153025123373372e+05
4.477085823932091007e+05
4.468456686434958829e+05
4.462070853102098336e+05
4.457511971468926058e+05
4.454208081722547067e+05
4.451507712544186506e+05
4.448750035884811659e+05
4.445319838405441842e+05
4.440686446943533374e+05
4.434431700986303622e+05
4.426273165795986424e+05
4.416085208505308838e+05
4.403914849142740713e+05
4.389984963379838155e+05
4.374677182360748411e+05
4.358491322574080550e+05
4.341985592837920412e+05
4.325708816885951092e+05
4.310139169491807115e+05
4.295641782917461824e+05
4.282450853594538639e+05
4.270673521184681449e+05
4.260306502489351551e+05
4.251254901662507327e+05
4.243346123897624784e+05
4.236338274632820976e+05
4.229928344972314080e+05
4.223767765622998704e+05
4.217490367210424738e+05
4.210751684693997377e+05
4.203271945790798054e+05
4.194871314863566076e+05
4.185487018226360669e+05
4.175167588885764126e+05
4.164047264909645892e+05
4.152310184945476358e+05
4.140156608531061793e+05
4.127780897580409655e+05
4.115364609044177923e+05
4.103080639536759118e+05
4.091099228516202420e+05
4.079586047025214648e+05
4.068686832862430601e+05
4.058500191892062430e+05
4.049047053476723959e+05
4.040248730905058328e+05
4.031923988671744592e+05
4.023809592188084498e+05
4.015601074281462934e+05
4.007004151462314767e+05
3.997784753172700293e+05
3.987807437036681804e+05
3.977056513696846669e+05
3.965638967686642427e+05
3.953771174998962670e+05
3.941751969925826415e+05
3.929923934581294307e+05
3.918624749170175055e+05
3.908132340838655364e+05
3.898611166506031295e+05
3.890070491040839115e+05
3.882346606428779778e+05
3.875117933851808193e+05
3.867954917070415104e+05
3.860397445499452879e+05
3.852044225414651446e+05
3.842633929771317635e+05
3.832098799756720546e+05
3.820577616583672352e+05
3.808384946063684765e+05
3.795944538430146640e+05
3.783703694854540518e+05
3.772049739829494501e+05
3.761248121438617818e+05
3.751414457823476405e+05
3.742522212163171498e+05
3.734437070045296568e+05
3.726962189240570879e+05
3.719877791220711078e+05
3.712964244665480219e+05
3.706007416091221385e+05
3.698794421348211472e+05
3.691112769377029035e+05
3.682763911773569416e+05
3.673594154560263851e+05
3.663535412687537610e+05
3.652640378293782705e+05
3.641095341063661617e+05
3.629200238665821962e+05
3.617317089203069336e+05
3.605799848142887349e+05
3.594925798306340002e+05
3.584847836054272484e+05
3.575578967929664068e+05
3.567008647882330697e+05
3.558940284331976436e+05
3.551134342039394542e+05
3.543343226229342981e+05
3.535330773103632964e+05
3.526876981673717964e+05
3.517773959374917904e+05
3.507820073450469063e+05
3.496816655921430211e+05
3.484567823074474582e+05
3.470881857600976364e+05
3.455573607976828353e+05
3.438470676841885434e+05
3.419429133574930020e+05
3.398364099668490235e+05
3.375295372991866316e+05
3.350399589433079818e+05
3.324052099558225600e+05
3.296838399999385583e+05
3.269519642524247756e+05
3.242949061674938421e+05
3.217952093727710308e+05
3.195196466103997664e+05
3.175084220958183287e+05
3.157693116383492597e+05
3.142781689851942938e+05
3.129855150486999191e+05
3.118273935342043987e+05
3.107377820179886767e+05
3.096597913787005818e+05
3.085535771317226463e+05
3.074000111444658251e+05
3.062003164568297216e+05
3.049726947664472391e+05
3.037472805825885735e+05
3.025605591646434041e+05
3.014498990408596583e+05
3.004483762750641908e+05
2.995798604548068251e+05
2.988544814580806997e+05
2.982649901625144994e+05
2.977849118509821710e+05
2.973694964131508605e+05
2.969601331098784576e+05
2.964921445308649563e+05
2.959049129449052271e+05
2.951524421948023373e+05
2.942120387896329630e+05
2.930890109525377629e+05
2.918161396073758951e+05
2.904479544914993457e+05
2.890511687680499163e+05
2.876935626910436549e+05
2.864338529828923056e+05
2.853145715217431425e+05
2.843589090849065105e+05
2.835712548104147427e+05
2.829402120009515202e+05
2.824424952594274655e+05
2.820463735142844380e+05
2.817140356093460578e+05
2.814030826885452261e+05
2.810679434374637785e+05
2.806621344624124467e+05
2.801419210214613704e+05
2.794712467878586031e+05
2.786270912021265249e+05
2.776039724966831855e+05
2.764163170007288572e+05
2.750978541119020083e+05
2.736979038684621919e+05
2.722751549809331773e+05
2.708900641581488308e+05
2.695972194681672845e+05
2.684388975999635295e+05
2.674406959363007918e+05
2.666096653748263489e+05
2.659349309124671272e+05
2.653904458396680420e+05
2.649393118462063721e+05
2.645389967426227522e+05
2.641467561056941049e+05
2.637245821298081428e+05
2.632430567532064742e+05
2.626836021139881923e+05
2.620388352259833191e+05
2.613110553022015956e+05
2.605092758101642539e+05
2.596455572863392590e+05
2.587315784558281011e+05
2.577763150625682902e+05
2.567853732724468282e+05
2.557620360786756792e+05
2.547095764762371546e+05
2.536340233483133488e+05
2.525464372877365095e+05
2.514638877692944079e+05
2.504086698693381331e+05
2.494057593533182226e+05
2.484789635412432253e+05
2.476465750732116285e+05
2.469174973189065640e+05
2.462887450580460136e+05
2.457449423543328594e+05
2.452600016325677279e+05
2.448006756811144878e+05
2.443312503601877252e+05
2.438184036506676639e+05
2.432352671364286798e+05
2.425639903952065506e+05
2.417965496419921983e+05
2.409340198559947021e+05
2.399848861821905302e+05
2.389630864902760659e+05
2.378863234587125771e+05
2.367748411905025714e+05
2.356504894774841960e+05
2.345356739758780168e+05
2.334518229793264763e+05
2.324172819553824665e+05
2.314449467362870637e+05
2.305402737542283430e+05
2.297003947636768571e+05
2.289148494583193678e+05
2.281679973581546801e+05
2.274426437957172166e+05
2.267240036849532917e+05
2.260029717100238486e+05
2.252778145157322288e+05
2.245537984176202153e+05
2.238407985263162409e+05
2.231494620947966177e+05
2.224868914622197044e+05
2.218529738806355745e+05
2.212383679080678558e+05
2.206247714274306782e+05
2.199875275627612136e+05
2.193000167254161788e+05
2.185388077949192957e+05
2.176883425620457274e+05
2.167440659928525856e+05
2.157133434263192466e+05
2.146140863459401880e+05
2.134715637974545243e+05
2.123142530007045716e+05
2.111696955533970904e+05
2.100611754370657145e+05
2.090056957835997455e+05
2.080133212865545938e+05
2.070875988515704521e+05
2.062265698878777912e+05
2.054238867995820183e+05
2.046697180079445825e+05
2.039513863169328833e+05
2.032539260965812136e+05
2.025608749080270354e+05
2.018555929508003173e+05
2.011232422100364347e+05
2.003533092160484230e+05
1.995422922474240768e+05
1.986959719672278443e+05
1.978306178861047374e+05
1.969726089931537572e+05
1.961562765461593517e+05
1.954202430546307296e+05
1.948029821090804180e+05
1.943385665371102805e+05
1.940534617164935626e+05
1.939647464691559144e+05
1.940794668389752042e+05
1.943942326151850284e+05
1.948939435265190841e+05
1.955488471385930898e+05
1.963099397063167125e+05
1.971037715571289591e+05
1.978286299208976852e+05
1.983544666688978032e+05
1.985285724298330024e+05
1.981878572544563503e+05
1.971769259073151334e+05
1.953693872301060765e+05
1.926885491040637426e+05
1.891232687628010463e+05
1.847354407269111252e+05
1.796572555520353781e+05
1.740784916755655140e+05
1.682261064806173963e+05
1.623397424973036104e+05
1.566471849760494952e+05
1.513433378919044917e+05
1.465752109520375670e+05
1.424341048716326186e+05
1.389549606193845684e+05
1.361218788497697969e+05
1.338781742367357365e+05
1.321390034109345288e+05
1.308045861294564675e+05
1.297723146124387422e+05
1.289465612975463300e+05
1.282456242977457296e+05
1.276058160269584623e+05
1.269830522903108358e+05
1.263523925874597335e+05
1.257059077808350848e+05
1.250491753908567771e+05
1.243967570009205519e+05
1.237672009845695138e+05
1.231783081238450104e+05
1.226434229862871289e+05
1.221692739865327021e+05
1.217554395285453793e+05
1.213950592778888240e+05
1.210761549010100862e+05
1.207829867986536119e+05
1.204971965335843997e+05
1.201988760285206081e+05
1.198679419995076460e+05
1.194861439762038935e+05
1.190397163574609294e+05
1.185222549236125924e+05
1.179370658770396694e+05
1.172981649657679372e+05
1.166293443102857127e+05
1.159611958019758458e+05
1.153265172762524744e+05
1.147549531786930165e+05
1.142679135735346790e+05
1.138747455684549059e+05
1.135708565918258391e+05
1.133381101154462376e+05
1.131474250983719248e+05
1.129631664755364618e+05
1.127486361300765129e+05
1.124717752729717613e+05
1.121101025079351821e+05
1.116539886859683029e+05
1.111076480632299645e+05
1.104876852377852192e+05
1.098195782089722052e+05
1.091329418767226889e+05
1.084566520762002328e+05
1.078148426126364502e+05
1.072244522916960268e+05
1.066945221540644125e+05
1.062269827296831209e+05
1.058183534121652483e+05
1.054616626869750180e+05
1.051479883952459204e+05
1.048672680713199952e+05
1.046083682642280037e+05
1.043587313126687950e+05
1.041041261103261349e+05
1.038290219940949901e+05
1.035178570882926142e+05
1.031570653247160953e+05
1.027373333009977068e+05
1.022553705811934633e+05
1.017146028415451729e+05
1.011245916795878002e+05
1.004994622745411616e+05
9.985594734692331986e+04
9.921167729644311476e+04
9.858406735352319083e+04
9.798973359172913479e+04
9.744403606171904539e+04
9.696026873169522150e+04
9.654822370886735735e+04
9.621224073329419480e+04
9.594922701757110190e+04
9.574733106823643902e+04
9.558589907551655779e+04
9.543706082086997048e+04
9.526888690876650799e+04
9.504966006760337041e+04
9.475252157245454146e+04
9.435965478272410110e+04
9.386526054646902776e+04
9.327682154443141189e+04
9.261446841250154830e+04
9.190856734153513389e+04
9.119588738134282175e+04
9.051485678815458959e+04
8.990049833343946375e+04
8.937967204971481988e+04
8.896726134577389166e+04
8.866389362923937733e+04
8.845564782918544370e+04
8.831593854979405296e+04
8.820939554937297362e+04
8.809715221696971275e+04
8.794263237479179224e+04
8.771679160268814303e+04
8.740188449105643667e+04
8.699316734027223720e+04
8.649840551925826003e+04
8.593549916725647927e+04
8.532885256012922036e+04
8.470523519502932322e+04
8.408983237150148489e+04
8.350302416874722985e+04
8.295823609839088749e+04
8.246101760408778500e+04
8.200933571397652850e+04
8.159491206984945165e+04
8.120528339132461406e+04
8.082615520257945172e+04
8.044359060958806367e+04
8.004566215813810413e+04
7.962338464347824629e+04
7.917097740792395780e+04
7.868568385000951821e+04
7.816742692607661593e+04
7.761848438549463754e+04
7.704318201547495846e+04
7.644743222456831427e+04
7.583789043986445176e+04
7.522060802986378258e+04
7.459929113236782723e+04
7.397352792135952041e+04
7.333750391706982919e+04
7.267970594224447268e+04
7.198391327157481282e+04
7.123145459659813787e+04
7.040437729578147992e+04
6.948893315155152231e+04
6.847869491845426091e+04
6.737669089414051268e+04
6.619614519040910818e+04
6.495968154685206537e+04
6.369712783062240487e+04
6.244229716871064011e+04
6.122928471111046383e+04
6.008888419485122722e+04
5.904568627963465406e+04
5.811627693479902518e+04
5.730873390311842377e+04
5.662336626112365047e+04
5.605441157813223253e+04
5.559224977774041326e+04
5.522564674402748642e+04
5.494360864980010956e+04
5.473658336538598087e+04
5.459693926844959788e+04
5.451882939574756892e+04
5.449766658829234075e+04
5.452947270407679025e+04
5.461032700789754017e+04
5.473604862920092273e+04
5.490213582841134485e+04
5.510387957919129258e+04
5.533649491832671629e+04
5.559509045144915581e+04
5.587433767357220495e+04
5.616780696529331908e+04
5.646708311067768955e+04
5.676091218023116380e+04
5.703470393824115308e+04
5.727067393899659510e+04
5.744875295148850273e+04
5.754816763285197521e+04
5.754939452026373328e+04
5.743610125198660535e+04
5.719676519700776407e+04
5.682588072626126086e+04
5.632494271372589719e+04
5.570359786527198594e+04
5.498137118171196926e+04
5.419014564301060454e+04
5.337712910997896688e+04
5.260749904023706767e+04
5.196544727504877665e+04
5.155214449314260855e+04
5.147936482379386871e+04
5.185823082325875293e+04
5.278370425820288801e+04
5.431684661585548747e+04
5.646814064707355283e+04
5.918585281901183043e+04
6.235313189339090604e+04
6.579611305942316540e+04
6.930292711611902632e+04
7.265078193822510366e+04
7.563600962516636355e+04
7.810093451075801568e+04
7.995203786639231839e+04
8.116604785715026082e+04
8.178361123461177340e+04
8.189315881654099212e+04
8.160957824048129260e+04
8.105285523524462769e+04
8.033096529615235340e+04
7.952947015390834713e+04
7.870819386577716796e+04
7.790365705838424037e+04
7.713500774538551923e+04
7.641105315022365539e+04
7.573646837187864003e+04
7.511602601612286526e+04
7.455647585467612953e+04
7.406632930439978372e+04
7.365420382495313243e+04
7.332656113308515341e+04
7.308565961335049360e+04
7.292836778266620240e+04
7.284619175518536940e+04
7.282651604165942990e+04
7.285472758437246375e+04
7.291667543587936962e+04
7.300087166518873710e+04
7.309996536541335809e+04
7.321126319483452244e+04
7.333633246157746180e+04
7.347991649700420385e+04
7.364846883984541637e+04
7.384858178552790196e+04
7.408549972841750423e+04
7.436183298023752286e+04
7.467656328698570724e+04
7.502445420703174022e+04
7.539600665472583205e+04
7.577808094996436557e+04
7.615521247598488117e+04
7.651149116784612124e+04
7.683270701178818126e+04
7.710835156233896851e+04
7.733306056289325352e+04
7.750719717550634232e+04
7.763647646657531732e+04
7.773075644478861068e+04
7.780230117305694148e+04
7.786390983872750076e+04
7.792728897884416801e+04
7.800194252718894859e+04
7.809470400942963897e+04
7.820987759510100295e+04
7.834982213950379810e+04
7.851572668921672448e+04
7.870830128049651103e+04
7.892815062448196113e+04
7.917570679670626123e+04
7.945074841720395489e+04
7.975168546452579903e+04
8.007488729095920280e+04
8.041433390317898011e+04
8.076176936461118748e+04
8.110736943776601402e+04
8.144077444475250377e+04
8.175225250982964644e+04
8.203377821826176660e+04
8.227991006666811882e+04
8.248845735030282231e+04
8.266097335658839438e+04
8.280307012314193707e+04
8.292445464934525080e+04
8.303851197652218980e+04
8.316127612501863041e+04
8.330975601091119461e+04
8.349977832976917853e+04
8.374369177669113560e+04
8.404837015205240459e+04
8.441392118749243673e+04
8.483337125240862952e+04
8.529340605612321815e+04
8.577606058759991720e+04
8.626110546003625495e+04
8.672878621626411041e+04
8.716253928492951673e+04
8.755133475009644462e+04
8.789138442284801567e+04
8.818709810866150656e+04
8.845134624489434646e+04
8.870524624943708477e+04
8.897777527259761700e+04
8.930547588416578947e+04
8.973234752644845867e+04
9.030973516041373659e+04
9.109571470010803023e+04
9.215324420224496862e+04
9.354631911175667483e+04
9.533362737879261840e+04
9.755976399027695879e+04
1.002448536324244196e+05
1.033742618049623852e+05
1.068906947138649557e+05
1.106911370835047419e+05
1.146305760122605716e+05
1.185332931663754280e+05
1.222108729959829652e+05
1.254843618267874263e+05
1.282067142779306305e+05
1.302812221915390692e+05
1.316722659845309099e+05
1.324063637355372193e+05
1.325636985121740145e+05
1.322624554887787381e+05
1.316397775557630812e+05
1.308335477133302775e+05
1.299684728655083600e+05
1.291483713801051636e+05
1.284546811605361436e+05
1.279495750510728976e+05
1.276811296398906998e+05
1.276879264464888838e+05
1.280011838436809776e+05
1.286437231025473448e+05
1.296263572488027858e+05
1.309432702464648173e+05
1.325683634969838895e+05
1.344543101157853671e+05
1.365352904721283703e+05
1.387333432619720115e+05
1.409672681222763786e+05
1.431623306304027210e+05
1.452588068820209010e+05
1.472176790656157827e+05
1.490224480203900894e+05
1.506768815132908057e+05
1.521993679508684727e+05
1.536152214711814013e+05
1.549486643605029385e+05
1.562162344664356206e+05
1.574230267277024977e+05
1.585625373775381886e+05
1.596200548056409461e+05
1.605787015902077546e+05
1.614265726290390303e+05
1.621631104715599213e+05
1.628030131706541870e+05
1.633765661976012052e+05
1.639261817820077413e+05
1.644998739120943064e+05
1.651431314094102418e+05
1.658909792643919645e+05
1.667618786440244876e+05
1.677545959904447373e+05
1.688484621582300751e+05
1.700067559317086125e+05
1.711824378066339414e+05
1.723251882762708410e+05
1.733886439747443364e+05
1.743368107765305322e+05
1.751488110339857521e+05
1.758213689391827211e+05
1.763687483739782474e+05
1.768202168030119792e+05
1.772154740057741001e+05
1.775987909576407401e+05
1.780127899439261819e+05
1.784928271993078233e+05
1.790628141888516839e+05
1.797330587682238256e+05
1.805003605663620692e+05
1.813502020005426020e+05
1.822604982475527213e+05
1.832060850852465082e+05
1.841630135917656007e+05
1.851118326220415183e+05
1.860393526644261437e+05
1.869388015035385906e+05
1.878086658344898024e+05
1.886507482212505129e+05
1.894680157920185884e+05
1.902627218294786871e+05
1.910351348435173568e+05
1.917830828975344484e+05
1.925024215240149642e+05
1.931884140042206564e+05
1.938378246776333835e+05
1.944512798178326339e+05
1.950352351767313958e+05
1.956028312642398814e+05
1.961731049957570212e+05
1.967684458374743408e+05
1.974107117458920111e+05
1.981168718724574137e+05
1.988952576895082020e+05
1.997434064570316405e+05
2.006481011706184945e+05
2.015876625205128512e+05
2.025359839221415750e+05
2.034673716855607927e+05
2.043610757880144520e+05
2.052045269035402453e+05
2.059947008745263738e+05
2.067375895114872255e+05
2.074462805263280752e+05
2.081384572369394591e+05
2.088341212663321057e+05
2.095540523712085269e+05
2.103191004599161388e+05
2.111500479296708072e+05
2.120676192122231296e+05
2.130922620766825275e+05
2.142434877809225582e+05
2.155387111915268470e+05
2.169916139610540413e+05
2.186100984951849678e+05
2.203939998958870128e+05
2.223329336925894895e+05
2.244049214737090515e+05
2.265765835867120186e+05
2.288055268381977803e+05
2.310450104837623949e+05
2.332501781920227222e+05
2.353844145586681261e+05
2.374240833648699918e+05
2.393602457077509607e+05
2.411968739438022894e+05
2.429462310012724192e+05
2.446230058332952322e+05
2.462391081689097628e+05
2.478006207106227230e+05
2.493074873625079927e+05
2.507554890666807187e+05
2.521393386235757498e+05
2.534555499320880626e+05
2.547040842251421709e+05
2.558884153036116040e+05
2.570142858402856509e+05
2.580878209997558151e+05
2.591137508912482881e+05
2.600943346101873904e+05
2.610292996367364249e+05
2.619168136132593791e+05
2.627552404878698871e+05
2.635452194375437102e+05
2.642914747024829267e+05
2.650037744010793976e+05
2.656966536063422682e+05
2.663878812941428623e+05
2.670960665924535715e+05
2.678380929163001128e+05
2.686270973692068364e+05
2.694714571608941769e+05
2.703748305712166475e+05
2.713369339126743726e+05
2.723545865855379379e+05
2.734226556275592884e+05
2.745347616295547341e+05
2.756837863870398141e+05
2.768622278953427449e+05
2.780623074191472842e+05
2.792756065349784330e+05
2.804920793059509015e+05
2.816986062568880152e+05
2.828777011616594973e+05
2.840072791307544103e+05
2.850622933092146413e+05
2.860184806889836909e+05
2.868576140461633913e+05
2.875729049769189442e+05
2.881729036145812715e+05
2.886825590031422325e+05
2.891409253280052217e+05
2.895959920927789062e+05
2.900979005156817148e+05
2.906921263937468175e+05
2.914140164047274156e+05
2.922855068736309186e+05
2.933141738253811491e+05
2.944941913410743000e+05
2.958084591478790389e+05
2.972311403665086254e+05
2.987300709729203372e+05
3.002688424686632352e+05
3.018086730427319999e+05
3.033103500329483650e+05
3.047364971304233768e+05
3.060542298953479039e+05
3.072380132113210275e+05
3.082723352203782415e+05
3.091537329180407687e+05
3.098917518837236566e+05
3.105085612425004947e+05
3.110371336318866233e+05
3.115181122543242527e+05
3.119957032638606615e+05
3.125131177768311463e+05
3.131081910863664234e+05
3.138097809082361637e+05
3.146353883627697942e+05
3.155902089246358955e+05
3.166675904217635980e+05
3.178507148435511044e+05
3.191152356523397611e+05
3.204325485986148124e+05
3.217733071388949757e+05
3.231107169566226657e+05
3.244231167009961209e+05
3.256954449282992864e+05
3.269194276269741240e+05
3.280926357825567247e+05
3.292168390796193271e+05
3.302962076269703684e+05
3.313358446126340423e+05
3.323409128543782281e+05
3.333163484303370351e+05
3.342669393569341046e+05
3.351974521414979827e+05
3.361125287190903910e+05
3.370162261754592182e+05
3.379112831812348450e+05
3.387984054371414240e+05
3.396759917349446332e+05
3.405407007118895999e+05
3.413890487684195978e+05
3.422198623611619114e+05
3.430369936944622896e+05
3.438514124161596410e+05
3.446817622606176301e+05
3.455527899928803090e+05
3.464916484680605936e+05
3.475227532820404740e+05
3.486623858163509285e+05
3.499143887119701249e+05
3.512680372186149471e+05
3.526985982438200153e+05
3.541704212058798294e+05
3.556418569435165846e+05
3.570710010079621570e+05
3.584212156803364633e+05
3.596655311573232175e+05
3.607892807380672893e+05
3.617906464485959150e+05
3.626791732183968415e+05
3.634727303722525830e+05
3.641937768542711274e+05
3.648659789534492884e+05
3.655120971285796841e+05
3.661535626643886790e+05
3.668114362827971345e+05
3.675077668514656252e+05
3.682660792693019612e+05
3.691100199893723475e+05
3.700600161375702010e+05
3.711288195848186733e+05
3.723175284351036535e+05
3.736137190569692175e+05
3.749926076206146972e+05
3.764209955723403255e+05
3.778626869849400828e+05
3.792836122954124585e+05
3.806552612155443057e+05
3.819560035999616375e+05
3.831709341993132839e+05
3.842914564529944910e+05
3.853156290059071616e+05
3.862494653319558711e+05
3.871083813093025237e+05
3.879174011054873117e+05
3.887089208367155516e+05
3.895177528062083293e+05
3.903744086314707529e+05
3.912985366917015053e+05
3.922946427999465959e+05
3.933515747007041937e+05
3.944460128946641926e+05
3.955488990686899051e+05
3.966328626731231343e+05
3.976785653256421792e+05
3.986784428288383642e+05
3.996372955065481365e+05
4.005701632953819353e+05
4.014985869667573716e+05
4.024465327919431729e+05
4.034369689620237914e+05
4.044895051531193312e+05
4.056188992042181198e+05
4.068338505641453085e+05
4.081355044741264428e+05
4.095154929153297562e+05
4.109539674341785139e+05
4.124186337940679514e+05
4.138659690779332886e+05
4.152454189230852644e+05
4.165065077897257288e+05
4.176077517086550361e+05
4.185254489706934546e+05
4.192601708475833293e+05
4.198391923307484249e+05
4.203140481209087302e+05
4.207535549793791142e+05
4.212336602511570673e+05
4.218261031962857815e+05
4.225880058085977798e+05
4.235541769620928681e+05
4.247332465268553351e+05
4.261079238625058206e+05
4.276388931085833465e+05
4.292712898801806732e+05
4.309424566093444591e+05
4.325897465346515528e+05
4.341574317217908683e+05
4.356021075541493483e+05
4.368962468442965182e+05
4.380297125556502142e+05
4.390091602822495624e+05
4.398554517491524457e+05
4.405994989990208414e+05
4.412772956374287023e+05
4.419251158769729082e+05
4.425758319242254947e+05
4.432569709881494055e+05
4.439905917581113172e+05
4.447944876557628158e+05
4.456838167268337565e+05
4.466721528046522872e+05
4.477711882257548277e+05
4.489888321803716244e+05
4.503260950717715314e+05
4.517737296175160445e+05
4.533099078295456711e+05
4.549001002637541969e+05
4.564997683265863452e+05
4.580596297993057524e+05
4.595324046082013519e+05
4.608794261341129313e+05
4.620755410852289642e+05
4.631113205100601772e+05
4.639925208914133254e+05
4.647375776541475207e+05
4.653743338853861787e+05
4.659370666041158256e+05
4.664643093556012609e+05
4.669973133123709122e+05
4.675785763281357940e+05
4.682498645317414775e+05
4.690494764095305000e+05
4.700089139630789869e+05
4.711493938983655535e+05
4.724786694918079884e+05
4.739885360748719540e+05
4.756533342369025922e+05
4.774298449344687979e+05
4.792591214069364360e+05
4.810708207059521810e+05
4.827902843904119800e+05
4.843479338962956099e+05
4.856896757662465679e+05
4.867862973827084061e+05
4.876396147080743103e+05
4.882835840544773382e+05
4.887796372310542502e+05
4.892068541822288535e+05
4.896488573021054035e+05
4.901801376382697490e+05
4.908546817331420607e+05
4.916992186068352312e+05
4.927122890625483124e+05
4.938689359398072120e+05
4.951294854104236583e+05
4.964499915181550314e+05
4.977916992913800059e+05
4.991274022000250989e+05
5.004436512469119625e+05
5.017390516336906003e+05
5.030199341299422085e+05
5.042951897135919426e+05
5.055719122539133532e+05
5.068528598479611101e+05
5.081359363694648491e+05
5.094152320048263646e+05
5.106828341604602174e+05
5.119306333241342218e+05
5.131515731037966325e+05
5.143400738953854307e+05
5.154916060090697720e+05
5.166016007975185057e+05
5.176641055758093135e+05
5.186708056843864033e+05
5.196111641895080684e+05
5.204743219655731809e+05
5.212529575383149786e+05
5.219485724939427455e+05
5.225768716704774997e+05
5.231713875686241081e+05
5.237835563045962481e+05
5.244781903446044307e+05
5.253245345740151824e+05
5.263844304342481773e+05
5.277000746064186096e+05
5.292841050636185100e+05
