6.810815907472502440e+05
6.793945178097883472e+05
6.777827922177357832e+05
6.762449538924667286e+05
6.747706130348360166e+05
6.733440708436719142e+05
6.719487415464088554e+05
6.705708674655565992e+05
6.692013915903391317e+05
6.678356455397023819e+05
6.664713477506837808e+05
6.651059479142361088e+05
6.637344446250081528e+05
6.623485014917415101e+05
6.609371800704419147e+05
6.594890922416403191e+05
6.579953738895705901e+05
6.564526418909332715e+05
6.548650321035782108e+05
6.532445514784790576e+05
6.516093382199080661e+05
6.499799846077443799e+05
6.483747128059659153e+05
6.468046898907799041e+05
6.452709018981854897e+05
6.437636635680102045e+05
6.422650942238459829e+05
6.407539914031203371e+05
6.392118059804125223e+05
6.376281182399938116e+05
6.360042079234077828e+05
6.343538823412964121e+05
6.327014375456867274e+05
6.310772459505494917e+05
6.295118612872889498e+05
6.280297087979295757e+05
6.266434612618952524e+05
6.253501529218428768e+05
6.241299411614041310e+05
6.229481101257463451e+05
6.217603517245750409e+05
6.205205951317568542e+05
6.191898775360066211e+05
6.177442525353344390e+05
6.161797835871519055e+05
6.145133507179622538e+05
6.127791287034999114e+05
6.110217803210758138e+05
6.092882084056646563e+05
6.076198408135140780e+05
6.060468893283486832e+05
6.045851191432450432e+05
6.032348239389240043e+05
6.019812881716908887e+05
6.007961559373169439e+05
5.996396417489045998e+05
5.984640348553827498e+05
5.972190745653876802e+05
5.958593106093798997e+05
5.943526256048544310e+05
5.926880945605839370e+05
5.908808209247882478e+05
5.889717225699747214e+05
5.870214931831025751e+05
5.850997499145007459e+05
5.832720060902985279e+05
5.815878824626110727e+05
5.800735294547103113e+05
5.787297462242125766e+05
5.775353897880775621e+05
5.764541679184482200e+05
5.754423633968280628e+05
5.744555017847447889e+05
5.734530231038319180e+05
5.724010218705460429e+05
5.712736202411820414e+05
5.700534729284265777e+05
5.687315651030309964e+05
5.673062520369811682e+05
5.657816124368950259e+05
5.641655450045748148e+05
5.624683192346753785e+05
5.607022174475509673e+05
5.588824301006828900e+05
5.570287108173338929e+05
5.551668028684036108e+05
5.533285690955003956e+05
5.515501259587679524e+05
5.498679255234305747e+05
5.483133890259379987e+05
5.469071659570988268e+05
5.456542819253702182e+05
5.445413483631476993e+05
5.435366752383076819e+05
5.425935987254480133e+05
5.416566770680025220e+05
5.406697425469029695e+05
5.395843012201749953e+05
5.383666166791940341e+05
5.370020843353742966e+05
5.354961413029090036e+05
5.338717751510539092e+05
5.321644461696667131e+05
5.304157129716171185e+05
5.286669475970678031e+05
5.269542668757593492e+05
5.253053133352475706e+05
5.237379599257252994e+05
5.222605491495905444e+05
5.208730193869873183e+05
5.195682564074642723e+05
5.183332000662204809e+05
5.171495469503364293e+05
5.159942124043530785e+05
5.148399546849487815e+05
5.136566538635065081e+05
5.124136466036710772e+05
5.110832490571570233e+05
5.096451992765500327e+05
5.080913103724021930e+05
5.064292783519986551e+05
5.046844738744874485e+05
5.028987603843122488e+05
5.011259242607524502e+05
4.994240664264144143e+05
4.978460958429496968e+05
4.964300677441013977e+05
4.951913524605639395e+05
4.941184223089245497e+05
4.931734220107444562e+05
4.922977485585552058e+05
4.914217870377239306e+05
4.904769613700549817e+05
4.894076176174022839e+05
4.881801787782542524e+05
4.867875883568069548e+05
4.852481968185929582e+05
4.835996408549599000e+05
4.818895026814723387e+05
4.801652316641810467e+05
4.784657655702793854e+05
4.768165676161170122e+05
4.752286854167630663e+05
4.737013201951992814e+05
4.722265938898937893e+05
4.707948848305245047e+05
4.693992588877924718e+05
4.680380129107585526e+05
4.667149773857161053e+05
4.654378139281805488e+05
4.642149621528744465e+05
4.630520836324892007e+05
4.619488342083764728e+05
4.608966383050789009e+05
4.598779229295464465e+05
4.588670496898839483e+05
4.578329651420421433e+05
4.567433423572599422e+05
4.555696897617395734e+05
4.542925935932531138e+05
4.529060400655139820e+05
4.514197585928321350e+05
4.498588159860637388e+05
4.482602451875450206e+05
4.466671710709226900e+05
4.451215010064363596e+05
4.436566021084296517e+05
4.422914013632474234e+05
4.410270389493280672e+05
4.398466808017091826e+05
4.387184875232781633e+05
4.376011655042217462e+05
4.364510847635816317e+05
4.352296999779491453e+05
4.339099952113385662e+05
4.324808954340259079e+05
4.309490055512548424e+05
4.293375490805709269e+05
4.276828475130164297e+05
4.260289915411517140e+05
4.244214703885058989e+05
4.229005100672953413e+05
4.214948463232245995e+05
4.202167064437711379e+05
4.190588589685513289e+05
4.179945504108206369e+05
4.169807958383932128e+05
4.159647630788182723e+05
4.148920566855127108e+05
4.137149398805219098e+05
4.123983368669855408e+05
4.109220464488121797e+05
4.092788366127763293e+05
4.074695219381817151e+05
4.054971721367721912e+05
4.033628299680575146e+05
4.010644449205120909e+05
3.985994399253567099e+05
3.959699309916084167e+05
3.931886228584062774e+05
3.902831261076097726e+05
3.872969265985557577e+05
3.842862813312112121e+05
3.813135563516732072e+05
3.784385676925584557e+05
3.757100224591866136e+05
3.731590460765514872e+05
3.707961071384444949e+05
3.686116890711094020e+05
3.665801635947775794e+05
3.646657748209736892e+05
3.628295283524059341e+05
3.610359689046360436e+05
3.592590869004268898e+05
3.574867361575847026e+05
3.557229563612483325e+05
3.539876246331229340e+05
3.523131037641522125e+05
3.507380943744230317e+05
3.492996222979999729e+05
3.480247313435719116e+05
3.469237171363108791e+05
3.459864769554731320e+05
3.451828247593414271e+05
3.444666722930667456e+05
3.437831120668583317e+05
3.430768941717708367e+05
3.423006582321653259e+05
3.414215102443970391e+05
3.404249821612411179e+05
3.393159319729582639e+05
3.381164309646533220e+05
3.368610977289142320e+05
3.355906667417068384e+05
3.343448175693421508e+05
3.331554150819372735e+05
3.320412806306168204e+05
3.310053951554945670e+05
3.300350312226538081e+05
3.291047808201732696e+05
3.281818956316853291e+05
3.272329092192171374e+05
3.262302669289325713e+05
3.251577010347399628e+05
3.240133509780509048e+05
3.228100885346751311e+05
3.215730757530858973e+05
3.203351436797883362e+05
3.191310049405168393e+05
3.179914933821769664e+05
3.169389078263607807e+05
3.159841649983194075e+05
3.151259702923049335e+05
3.143517691285776673e+05
3.136399877178961760e+05
3.129630522850662819e+05
3.122908174897927674e+05
3.115941956329604145e+05
3.108488274732076097e+05
3.100385252958104247e+05
3.091580092752164928e+05
3.082142865326910978e+05
3.072260371425789781e+05
3.062206618953284924e+05
3.052291946071138373e+05
3.042799503017306561e+05
3.033923453578077606e+05
3.025725457986073452e+05
3.018123134544069762e+05
3.010916317355674109e+05
3.003846103684431873e+05
2.996671498144497164e+05
2.989242667347113602e+05
2.981550715639785049e+05
2.973741205223518191e+05
2.966089562071373221e+05
2.958946926760177012e+05
2.952671347619162407e+05
2.947559886849448667e+05
2.943793032028830494e+05
2.941396264567262260e+05
2.940217586714416975e+05
2.939916320089650108e+05
2.939958338545013103e+05
2.939615676745279343e+05
2.937972938452915405e+05
2.933947401477397070e+05
2.926332239412411582e+05
2.913871095734853297e+05
2.895366461571166292e+05
2.869814642586663831e+05
2.836549175208429224e+05
2.795366290517549496e+05
2.746604173997985199e+05
2.691154177720237640e+05
2.630395681166579016e+05
2.566063090709476965e+05
2.500068368261366850e+05
2.434311083676121489e+05
2.370508216012747725e+05
2.310068521533655294e+05
2.254024143736310070e+05
2.203019046886873257e+05
2.157343199811112718e+05
2.116995385968084738e+05
2.081756710388598149e+05
2.051260537421582849e+05
2.025050893522010592e+05
2.002627968722648802e+05
1.983484089903485437e+05
1.967135116334610211e+05
1.953150604970522400e+05
1.941182528858625737e+05
1.930988712528130272e+05
1.922445238568489731e+05
1.915542785464435001e+05
1.910364937206779723e+05
1.907050801656539261e+05
1.905748274851937895e+05
1.906566716208017897e+05
1.909537984842596634e+05
1.914592750711768458e+05
1.921555333168479556e+05
1.930156015622885025e+05
1.940055983654015581e+05
1.950877774780635373e+05
1.962234022949406062e+05
1.973749238040377968e+05
1.985072535627174657e+05
1.995882330579599948e+05
2.005885870521634060e+05
2.014816658177586505e+05
2.022431746944953629e+05
2.028509608459421725e+05
2.032848650856150198e+05
2.035266673413382960e+05
2.035601951033324876e+05
2.033716385530509870e+05
2.029499924902552739e+05
2.022873901581934770e+05
2.013790393649549806e+05
2.002226185435839288e+05
1.988173164697379980e+05
1.971630357140542474e+05
1.952603958186610253e+05
1.931119209729917056e+05
1.907242333903590043e+05
1.881104582738072495e+05
1.852917192163228756e+05
1.822967924080200901e+05
1.791596675609890663e+05
1.759156451776331523e+05
1.725972736297864467e+05
1.692315709063013492e+05
1.658395075131159974e+05
1.624378509231208882e+05
1.590425640108662192e+05
1.556723808336000657e+05
1.523511595788050618e+05
1.491081073630909959e+05
1.459757601522922923e+05
1.429863705470013374e+05
1.401678328464875522e+05
1.375403196126682742e+05
1.351144483250863850e+05
1.328912147892162611e+05
1.308633624138951127e+05
1.290175141855803085e+05
1.273363766290050262e+05
1.258005855167170375e+05
1.243901367005138745e+05
1.230856302034164255e+05
1.218696104678161064e+05
1.207280976571262727e+05
1.196520925680872169e+05
1.186385864351429773e+05
1.176905712984162237e+05
1.168157703972932650e+05
1.160242032095312752e+05
1.153250937181553600e+05
1.147238540858967754e+05
1.142198444266855222e+05
1.138053556536647957e+05
1.134659092103933945e+05
1.131816590138122119e+05
1.129295130094055639e+05
1.126855769099010795e+05
1.124276029792683112e+05
1.121372199017063685e+05
1.118017689363867830e+05
1.114155709832004068e+05
1.109804370760350575e+05
1.105052630589961773e+05
1.100046502125493862e+05
1.094966614619780739e+05
1.090000149237456935e+05
1.085311715447950992e+05
1.081018356778842863e+05
1.077173275068026560e+05
1.073761127555631683e+05
1.070705317880594521e+05
1.067885216596193204e+05
1.065159355607359175e+05
1.062389792290652258e+05
1.059463163647531328e+05
1.056305249717170518e+05
1.052887692003435950e+05
1.049227312594778341e+05
1.045379754508141050e+05
1.041429626164963265e+05
1.037479011528177507e+05
1.033635447565085196e+05
1.029999794203425699e+05
1.026654276695528097e+05
1.023651490622342390e+05
1.021006022996752872e+05
1.018690958018980164e+05
1.016641319151488278e+05
1.014765220982758183e+05
1.012961458582017949e+05
1.011140166326177568e+05
1.009241858127754967e+05
1.007250183549666399e+05
1.005195171047801850e+05
1.003146148816109780e+05
1.001196197893794451e+05
9.994421450873321737e+04
9.979652097425822285e+04
9.968172704680777679e+04
9.960164056363211421e+04
9.955531770536633849e+04
9.954064823415367573e+04
9.955651993965366273e+04
9.960498584159415623e+04
9.969277781420976680e+04
9.983159134399850154e+04
1.000368149038951378e+05
1.003247526684053737e+05
1.007088059459918295e+05
1.011954305991609726e+05
1.017808793597634067e+05
1.024497109325737692e+05
1.031757917297968088e+05
1.039260639936347143e+05
1.046667706889032415e+05
1.053712000593217817e+05
1.060274465045841935e+05
1.066442986389421567e+05
1.072532808923726989e+05
1.079051915280302055e+05
1.086602471335317678e+05
1.095721338910331251e+05
1.106677537273119524e+05
1.119260025270548213e+05
1.132601809962047409e+05
1.145091891577304486e+05
1.154420718225484743e+05
1.157785052282521647e+05
1.152245382649722451e+05
1.135189125661931030e+05
1.104816383956959035e+05
1.060544545108208986e+05
1.003233504353712924e+05
9.351674443512676226e+04
8.597846362495092035e+04
7.812078686367724731e+04
7.036759344311722089e+04
6.309962024322258367e+04
5.661245620832536952e+04
5.109383567689041229e+04
4.662151676059410966e+04
4.317825789566739695e+04
4.067742937552958028e+04
3.899210738734698680e+04
3.798176547477085842e+04
3.751304291183540045e+04
3.747355868963435933e+04
3.777961698157549108e+04
3.837958201743447717e+04
3.925473722870960046e+04
4.041887798589098384e+04
4.191708531305722136e+04
4.382339875990999280e+04
4.623663834591410705e+04
4.927348242276460223e+04
5.305806723116005014e+04
5.770777609393607418e+04
6.331548192665911483e+04
6.992927228738402482e+04
7.753159880788951705e+04
8.602076901683591132e+04
9.519852784549744683e+04
1.047678058381416486e+05
1.143441304513432260e+05
1.234824225645579863e+05
1.317179961727264745e+05
1.386170888701499789e+05
1.438291334644676826e+05
1.471313225235826685e+05
1.484566088107010874e+05
1.478992522473705176e+05
1.456966969318059273e+05
1.421916563480175100e+05
1.377823473135931126e+05
1.328707322355056240e+05
1.278180079169022938e+05
1.229138233948754496e+05
1.183618216139420110e+05
1.142802863093303895e+05
1.107139336012385465e+05
1.076517242934343230e+05
1.050459315275820991e+05
1.028290867839345010e+05
1.009271638816752966e+05
9.926883663373047602e+04
9.779150699678491219e+04
9.644500309604959330e+04
9.519359142841027642e+04
9.401654315284566837e+04
9.290721231162257027e+04
9.187056338722891815e+04
9.091931061198037060e+04
9.006917116477411764e+04
8.933401835092612600e+04
8.872181321754567034e+04
8.823204112178369542e+04
8.785502604524623894e+04
8.757305522582640697e+04
8.736286197249800898e+04
8.719880040288830060e+04
8.705604767273212201e+04
8.691334756778787414e+04
8.675506019885097339e+04
8.657248710386242601e+04
8.636452238666183257e+04
8.613763991499591793e+04
8.590513914070375904e+04
8.568554186477967596e+04
8.550013028361901524e+04
8.536983585062412021e+04
8.531194160496148106e+04
8.533722332643816480e+04
8.544813085125207726e+04
8.563838351583425538e+04
8.589399730096169515e+04
8.619540739428105007e+04
8.652012764720537234e+04
8.684536844643439690e+04
8.715020204152596125e+04
8.741713008745931438e+04
8.763314973983654636e+04
8.779052970778045710e+04
8.788745686646742979e+04
8.792853719162321067e+04
8.792493344261123275e+04
8.789381449149908440e+04
8.785685824430885259e+04
8.783779493915452622e+04
8.785931892862590030e+04
8.793999972076332779e+04
8.809195378859345510e+04
8.831992273878429842e+04
8.862205831878229219e+04
8.899224715699558146e+04
8.942337610629749543e+04
8.991069343969059992e+04
9.045444778173946543e+04
9.106127076092113566e+04
9.174419733909975912e+04
9.252161986292115762e+04
9.341569266039693321e+04
9.445067238991124032e+04
9.565144427384092705e+04
9.704219342146333656e+04
9.864500571558724914e+04
1.004782279898065462e+05
1.025546567451371957e+05
1.048799115056498413e+05
1.074514940869517741e+05
1.102589169265875389e+05
1.132849254201565927e+05
1.165074064853758464e+05
1.199012904139909951e+05
1.234397709808230138e+05
1.270944887836427370e+05
1.308347841226318997e+05
1.346264952849482070e+05
1.384308797073203896e+05
1.422040470562086266e+05
1.458969558660479088e+05
1.494557591477205278e+05
1.528222597254639550e+05
1.559344738195213431e+05
1.587276580789009458e+05
1.611364004706720298e+05
1.630983171876037377e+05
1.645594875126796251e+05
1.654811220905161463e+05
1.658463421752603899e+05
1.656656031876065244e+05
1.649793818466937519e+05
1.638572591986361949e+05
1.623933161056172394e+05
1.606985684755342954e+05
1.588917642746816855e+05
1.570900855707213632e+05
1.554011200508977927e+05
1.539169900150435569e+05
1.527109376930292347e+05
1.518361603586177807e+05
1.513264055902989639e+05
1.511978128715613857e+05
1.514516534795753832e+05
1.520778370131404372e+05
1.530591714774778229e+05
1.543762902215932263e+05
1.560128940623493399e+05
1.579605987920935440e+05
1.602223846733055252e+05
1.628135716052150237e+05
1.657594875399777375e+05
1.690895607059749600e+05
1.728283539606972772e+05
1.769849017560449429e+05
1.815423928907872760e+05
1.864505497253985959e+05
1.916228237698824378e+05
1.969397128666995559e+05
2.022582315736748569e+05
2.074261346350224921e+05
2.122983101646929863e+05
2.167522005796170852e+05
2.206993721633317764e+05
2.240913656815698487e+05
2.269193972426503897e+05
2.292088894676791970e+05
2.310107893347120553e+05
2.323919445394113718e+05
2.334264758686374989e+05
2.341893083457374014e+05
2.347521170068865758e+05
2.351811990488459996e+05
2.355363981763365446e+05
2.358702324283546186e+05
2.362267267308425799e+05
2.366399405435342051e+05
2.371325954579775862e+05
2.377153849454946176e+05
2.383874383342178189e+05
2.391380895237913355e+05
2.399497270022793091e+05
2.408012357896012545e+05
2.416714679694875085e+05
2.425422731642330182e+05
2.434007849214870075e+05
2.442407918928411382e+05
2.450630855283532583e+05
2.458747115659551928e+05
2.466871441534660989e+05
2.475136013462218107e+05
2.483659957051534730e+05
2.492522448024621408e+05
2.501747079747815151e+05
2.511302816940348130e+05
2.521122139331784274e+05
2.531131503040280368e+05
2.541285217787852162e+05
2.551592992259455204e+05
2.562134127152781584e+05
2.573056423143920547e+05
2.584563039717523498e+05
2.596893525583579321e+05
2.610304890670676832e+05
2.625055429178604390e+05
2.641389965385679388e+05
2.659522628448997275e+05
2.679613716164798243e+05
2.701740602651878726e+05
2.725867297166764620e+05
2.751820748040268663e+05
2.779282407417866052e+05
2.807800526641416945e+05
2.836823392249327153e+05
2.865748427998137195e+05
2.893978744605098618e+05
2.920978134657993796e+05
2.946317167587480508e+05
2.969705653086288949e+05
2.991009145323319826e+05
3.010248924644509098e+05
3.027586313464321429e+05
3.043293745464488165e+05
3.057716786738968804e+05
3.071232763365833089e+05
3.084211973887572531e+05
3.096986217482006759e+05
3.109826919915275066e+05
3.122932570379040553e+05
3.136423672465290874e+05
3.150343511529302923e+05
3.164664307209345279e+05
3.179299575444975635e+05
3.194123572900510044e+05
3.208997067869930761e+05
3.223795951695613330e+05
3.238436718210403924e+05
3.252892012404150446e+05
3.267191057132391725e+05
3.281403572219891939e+05
3.295610671537819435e+05
3.309870592735973769e+05
3.324189521834347979e+05
3.338507287375755841e+05
3.352704142829672783e+05
3.366628913761447766e+05
3.380141970717927325e+05
3.393160908526991261e+05
3.405694612525895354e+05
3.417853907943819650e+05
3.429833937431966770e+05
3.441872619683419471e+05
3.454197574510640698e+05
3.466977489979583188e+05
3.480291538964838837e+05
3.494123219686184311e+05
3.508376166461745161e+05
3.522902906116766972e+05
3.537535741244300152e+05
3.552111917172209942e+05
3.566490628483439214e+05
3.580563982170743984e+05
3.594265413543563336e+05
3.607577028636748437e+05
3.620533783583440818e+05
3.633220044273097301e+05
3.645754877786854631e+05
3.658266484065533150e+05
3.670861590336405789e+05
3.683599559464039048e+05
3.696481119530181750e+05
3.709457465359508642e+05
3.722458498217496090e+05
3.735431938239766750e+05
3.748380729883067543e+05
3.761386105594534893e+05
3.774607671091958764e+05
3.788258302410094184e+05
3.802558350896838238e+05
3.817678877578849788e+05
3.833686478505501291e+05
3.850502567404395086e+05
3.867887940744992811e+05
3.885459283253212925e+05
3.902738285509871203e+05
3.919226966589109506e+05
3.934496025097155944e+05
3.948268481672001071e+05
3.960480265532933408e+05
3.971303486937222187e+05
3.981126164623256191e+05
3.990491996406071121e+05
4.000012597464772989e+05
4.010270106084552826e+05
4.021728999856191804e+05
4.034672668871541973e+05
4.049174164121433860e+05
4.065103392534610466e+05
4.082166397096583387e+05
4.099967156520500430e+05
4.118078973733567400e+05
4.136111264810976572e+05
4.153758787275863579e+05
4.170824390472184750e+05
4.187212992701872718e+05
4.202902381503898068e+05
4.217903246015227633e+05
4.232223981632485520e+05
4.245853647672588704e+05
4.258769394829204539e+05
4.270965191332925460e+05
4.282490366797024617e+05
4.293482511594625539e+05
4.304180964090788621e+05
4.314913565836569178e+05
4.326057942856787704e+05
4.337986167275145999e+05
4.351005892013127450e+05
4.365311029585559154e+05
4.380951408070116304e+05
4.397825308106127195e+05
4.415693428636209574e+05
4.434209293889312539e+05
4.452960073201878113e+05
4.471512746930860449e+05
4.489462140556913218e+05
4.506478020280321944e+05
4.522347369111627922e+05
4.537005647065247176e+05
4.550549041866986663e+05
4.563220570189301507e+05
4.575367586442109314e+05
4.587376040358540486e+05
4.599594974286665674e+05
4.612269722991392482e+05
4.625501470017179381e+05
4.639243961401248234e+05
4.653337573873468209e+05
4.667570351070062025e+05
4.681748574206754565e+05
4.695757789590647444e+05
4.709598797869040282e+05
4.723390280640661367e+05
4.737338359437757754e+05
4.751681499485479435e+05
4.766625207049550954e+05
4.782283649594562012e+05
4.798643783644141513e+05
4.815561764445248991e+05
4.832792568053156137e+05
4.850044370948819560e+05
4.867042309264889918e+05
4.883584088474729215e+05
4.899573127684728825e+05
4.915022146838213084e+05
4.930028729511747370e+05
4.944731723364594509e+05
4.959261572399116121e+05
4.973698234472375480e+05
4.988047609997608233e+05
5.002242284490119782e+05
5.016166001908068429e+05
5.029694999102190486e+05
5.042744705867770244e+05
5.055308791527411668e+05
5.067479836704056361e+05
5.079446488464815775e+05
5.091468980299540563e+05
5.103840856653357623e+05
5.116847505944499862e+05
5.130730875672214897e+05
5.145665404863567092e+05
5.161744922733775456e+05
5.178976473677186877e+05
5.197276360400770209e+05
5.216466215759043698e+05
5.236271105985318427e+05
5.256325160724049201e+05
5.276190948436507024e+05
5.295396053650797112e+05
5.313485090318451403e+05
5.330079942525200313e+05
5.344937630131591577e+05
5.357994984668835532e+05
5.369391828732587164e+05
5.379468052284067962e+05
5.388733413797818357e+05
5.397811632427858422e+05
5.407363076954669086e+05
5.417994081730364123e+05
5.430165696399944136e+05
5.444118972393792355e+05
5.459834999651126564e+05
5.477043393443233799e+05
5.495282316528600641e+05
5.513998838027832098e+05
5.532665335964078549e+05
5.550881150561430259e+05
5.568432249094500439e+05
5.585294879821131472e+05
5.601587561234930763e+05
5.617492324958702084e+05
5.633174500729871215e+05
5.648727520086807199e+05
5.664156998862979235e+05
5.679402344299134566e+05
5.694381038914480014e+05
5.709035321904085577e+05
5.723364098627370549e+05
5.737431730404690607e+05
5.751355230154698947e+05
5.765278236112437444e+05
5.779342119335691677e+05
5.793662349487653701e+05
5.808313968491744017e+05
5.823326009207582101e+05
5.838682367330791894e+05
5.854326245167375309e+05
5.870166262684334069e+05
5.886083826448904583e+05
5.901942645145452116e+05
5.917601919554583728e+05
5.932934440961072687e+05
5.947849465861715144e+05
5.962317890030732378e+05
5.976394451840596739e+05
5.990229522855577525e+05
6.004062869847646216e+05
6.018194658809722168e+05
6.032934900174554205e+05
6.048539965980972629e+05
6.065150986155336723e+05
6.082750970179840224e+05
6.101153828003996750e+05
6.120029818552782526e+05
6.138961325515310746e+05
6.157514269316417631e+05
6.175307146976401564e+05
6.192062614420125028e+05
6.207634004059005529e+05
6.222007764531859430e+05
6.235289001863567391e+05
6.247679086787074339e+05
6.259451922212331556e+05
6.270931059281788766e+05
6.282466168371487875e+05
6.294406374894430628e+05
6.307069890090752160e+05
6.320712707453169860e+05
6.335501604525503935e+05
6.351496588307326892e+05
6.368645221093161963e+05
6.386787691906733671e+05
6.405669475640049204e+05
6.424959384266227717e+05
6.444274007074834080e+05
6.463212198507750873e+05
6.481402326951085124e+05
6.498559310264476808e+05
6.514540157932334114e+05
6.529380508946428308e+05
6.543295223786722636e+05
6.556635248846492032e+05
6.569808018394907704e+05
6.583183311839537928e+05
6.597013887784421677e+05
6.611396403573490679e+05
6.626284070487407735e+05
6.641543710104749771e+05
6.657033911204105243e+05
6.672674091646576999e+05
6.688478862934701610e+05
6.704546003975729691e+05
6.721003961971426615e+05
6.737939447161589051e+05
6.755332244316241704e+05
6.773021033864093479e+05
6.790712748530438403e+05
6.808033428486608900e+05
6.824606000762056792e+05
6.840133798955326201e+05
6.854469141687845113e+05
6.867652370151340729e+05
6.879915308021015953e+05
6.891651089684348553e+05
6.903357888049962930e+05
6.915566982491565868e+05
6.928766547684429679e+05
6.943332329129561549e+05
6.959475308546702145e+05
6.977214305865315255e+05
6.996377835793072591e+05
7.016634475938663818e+05
7.037545310383392498e+05
7.058627192678687861e+05
7.079413366173721151e+05
7.099499607615523273e+05
7.118569458660322707e+05
7.136399568441149313e+05
7.152852742704503471e+05
7.167869041757800151e+05
7.181462839822170790e+05
7.193727405312471092e+05
7.204841784756353591e+05
7.215071516734856414e+05
7.224757009147548815e+05
7.234289978689140407e+05
7.244085047584916465e+05
7.254555863167366479e+05
7.266100888097491115e+05
7.279095355664425297e+05
7.293878129763171310e+05
7.310720979045537533e+05
7.329775499513034010e+05
7.351006913087571738e+05
7.374137335156954359e+05
7.398626156208898174e+05
7.423707624425145332e+05
7.448487311291840160e+05
7.472077341214410262e+05
7.493734817935852334e+05
7.512966068097224925e+05
7.529572242728204001e+05
7.543633669652288081e+05
7.555451184965600260e+05
7.565473275265039410e+05
7.574234293524916284e+05
7.582314459573443746e+05
7.590315338000865886e+05
7.598834320860557491e+05
7.608423570628180169e+05
7.619531390431758482e+05
