4.082118484689760953e+05
4.074132294902179274e+05
4.066951015636375523e+05
4.060326751680960297e+05
4.054023100733229658e+05
4.047836670801925356e+05
4.041601263793002581e+05
4.035177930158714298e+05
4.028437826540987007e+05
4.021247020362776238e+05
4.013462067076945677e+05
4.004941745799739147e+05
3.995574334264698555e+05
3.985313150697457022e+05
3.974208426390264067e+05
3.962423030419784482e+05
3.950223663288985263e+05
3.937946452579997131e+05
3.925943728831587359e+05
3.914524390952188405e+05
3.903901998316664249e+05
3.894162386676656897e+05
3.885257323057386675e+05
3.877024267344244290e+05
3.869226463793925359e+05
3.861603659319823491e+05
3.853922393835684052e+05
3.846016000424266676e+05
3.837807575497694197e+05
3.829313262308153789e+05
3.820627221803770517e+05
3.811892867730830330e+05
3.803266911935806856e+05
3.794883409489787882e+05
3.786824390117584262e+05
3.779101974300991278e+05
3.771654381579614128e+05
3.764355427408068790e+05
3.757034622870778549e+05
3.749503437536571873e+05
3.741582917932404671e+05
3.733128454826453817e+05
3.724048537100636167e+05
3.714315371251798933e+05
3.703966220883431961e+05
3.693095512344184681e+05
3.681839399056806578e+05
3.670356340000114287e+05
3.658808532744022086e+05
3.647348822145083104e+05
3.636115604667470325e+05
3.625234877960507292e+05
3.614825383079062449e+05
3.605001290901845787e+05
3.595867896712374641e+05
3.587508938857349567e+05
3.579968109888511244e+05
3.573230429467805661e+05
3.567210143952779472e+05
3.561750293295916053e+05
3.556635549730235944e+05
3.551615629322185996e+05
3.546433120315231499e+05
3.540848417433513678e+05
3.534656274659588817e+05
3.527692695493680658e+05
3.519835602827238035e+05
3.511005544778580079e+05
3.501171850281112129e+05
3.490365207686601789e+05
3.478691744382968172e+05
3.466339640185506432e+05
3.453569819326399593e+05
3.440687799680185854e+05
3.428002021346578258e+05
3.415780848077554838e+05
3.404222183977373061e+05
3.393444937093202025e+05
3.383502355512393406e+05
3.374407958503580885e+05
3.366159982502289931e+05
3.358752327906074934e+05
3.352167775642078486e+05
3.346358659693410737e+05
3.341226404332407401e+05
3.336611371272162069e+05
3.332298702836433658e+05
3.328037719502215623e+05
3.323566399260610924e+05
3.318631563319268753e+05
3.312999670397981536e+05
3.306459839165595477e+05
3.298826021567411954e+05
3.289946299048550427e+05
3.279723622679802938e+05
3.268145903130312217e+05
3.255317286190238083e+05
3.241479398044663831e+05
3.227012421192466281e+05
3.212410425001445110e+05
3.198231667335833190e+05
3.185030670247194939e+05
3.173283329109480255e+05
3.163318412671224796e+05
3.155268325253411895e+05
3.149048973749740981e+05
3.144373315498513984e+05
3.140796440434705582e+05
3.137783289276396390e+05
3.134785208582444466e+05
3.131310184759506956e+05
3.126974453760426841e+05
3.121529363091299892e+05
3.114864584567142883e+05
3.106994280728512676e+05
3.098034655997048249e+05
3.088179290046910755e+05
3.077674454137397115e+05
3.066792959967028000e+05
3.055804264440978877e+05
3.044941154471158516e+05
3.034367912313674460e+05
3.024158631266084267e+05
3.014294654271831387e+05
3.004685843057025340e+05
2.995212694160201936e+05
2.985778181864609942e+05
2.976353161472122883e+05
2.966999727060451987e+05
2.957863422294896445e+05
2.949135540532718878e+05
2.940997115819443716e+05
2.933562594498079852e+05
2.926841046931120800e+05
2.920726190734234988e+05
2.915016177332889638e+05
2.909454297114851070e+05
2.903776365846975823e+05
2.897751290591051220e+05
2.891206996567384922e+05
2.884041162813465926e+05
2.876221353109508054e+05
2.867780040744898724e+05
2.858807220428874716e+05
2.849439394731049542e+05
2.839841779168265639e+05
2.830182266553986701e+05
2.820600353118436178e+05
2.811179222677937360e+05
2.801931380102445837e+05
2.792805695377072552e+05
2.783716811457122676e+05
2.774589157135665882e+05
2.765401003888372798e+05
2.756212339400119381e+05
2.747165058554374846e+05
2.738453667395135853e+05
2.730275640272840392e+05
2.722778217036243295e+05
2.716019395146955503e+05
2.709954619134205277e+05
2.704449962985559250e+05
2.699312373143830337e+05
2.694322539436058141e+05
2.689258326320481719e+05
2.683904778808140545e+05
2.678055903466487071e+05
2.671518608767944970e+05
2.664127559714612435e+05
2.655772274849188980e+05
2.646428803846833180e+05
2.636182831918856828e+05
2.625232159869728494e+05
2.613863727698220755e+05
2.602410044575675565e+05
2.591197343714084418e+05
2.580499712238995417e+05
2.570509538336489059e+05
2.561327373370516871e+05
2.552967464963988168e+05
2.545371732435688900e+05
2.538425634553966520e+05
2.531972797420238785e+05
2.525828855582929973e+05
2.519796533801454352e+05
2.513682912794687436e+05
2.507317135365020367e+05
2.500564489331447985e+05
2.493332508754068695e+05
2.485566868659431639e+05
2.477238406789140136e+05
2.468325830196361640e+05
2.458800055596721068e+05
2.448615213783724466e+05
2.437708780184725765e+05
2.426010363476025814e+05
2.413456557399182348e+05
2.400008443553040852e+05
2.385668594773595687e+05
2.370495125009988551e+05
2.354610862322280300e+05
2.338205864254771732e+05
2.321531479784993280e+05
2.304884505638590490e+05
2.288581178364986554e+05
2.272922925017123634e+05
2.258158537746485090e+05
2.244449782919539721e+05
2.231848251958035398e+05
2.220289720239490562e+05
2.209608493371607328e+05
2.199569312530209427e+05
2.189910124762644700e+05
2.180386973458169086e+05
2.170812989076865488e+05
2.161086197903313441e+05
2.151203986248220317e+05
2.141264060156508058e+05
2.131452192439025675e+05
2.122016820824852039e+05
2.113231165373986296e+05
2.105345950729140313e+05
2.098539598705854733e+05
2.092876045559275663e+05
2.088280902736785356e+05
2.084543318020607403e+05
2.081344331478643289e+05
2.078305192550377396e+05
2.075043927731799777e+05
2.071227328620874905e+05
2.066608488098621019e+05
2.061045378910353465e+05
2.054501417044753325e+05
2.047032667345306836e+05
2.038767673131146585e+05
2.029885230417704151e+05
2.020593691657844756e+05
2.011113441269578761e+05
2.001662611692773644e+05
1.992445209792651294e+05
1.983640704471357749e+05
1.975394670350718661e+05
1.967810901000507001e+05
1.960945935543446394e+05
1.954806748870096635e+05
1.949351467034882517e+05
1.944491966430152534e+05
1.940096914815707132e+05
1.935994697703642305e+05
1.931977455448141554e+05
1.927809107810238784e+05
1.923240552299262199e+05
1.918033546163378342e+05
1.911991520207163994e+05
1.904992060067100974e+05
1.897013645980889851e+05
1.888149552298460621e+05
1.878604593426687643e+05
1.868674625512689527e+05
1.858712780078322394e+05
1.849088887516395480e+05
1.840148773275083222e+05
1.832178396553027851e+05
1.825375259955993679e+05
1.819827510200194665e+05
1.815500628980660113e+05
1.812232633857368201e+05
1.809740350745545293e+05
1.807640119558076258e+05
1.805485025062506029e+05
1.802817154806778417e+05
1.799228493351360667e+05
1.794419795327610045e+05
1.788245108812908875e+05
1.780731610126671440e+05
1.772069680650787486e+05
1.762575013943693484e+05
1.752630715214398515e+05
1.742620950765557645e+05
1.732867939591340837e+05
1.723581482753759774e+05
1.714826268747939030e+05
1.706508555244726012e+05
1.698381656134811055e+05
1.690069129010410397e+05
1.681104882552060008e+05
1.670989332320605754e+05
1.659259146319873980e+05
1.645564775339037878e+05
1.629745702417641296e+05
1.611889921038759639e+05
1.592363552130250609e+05
1.571800065202203696e+05
1.551046188083951420e+05
1.531071508752244990e+05
1.512858005501122097e+05
1.497291129524611752e+05
1.485073523171012057e+05
1.476675887198513374e+05
1.472328940588414844e+05
1.472049295405257726e+05
1.475683984566548315e+05
1.482955745045859949e+05
1.493494395677692955e+05
1.506847168152455124e+05
1.522469772287766682e+05
1.539707256619725085e+05
1.557777219154055929e+05
1.575767014638716355e+05
1.592652212477041176e+05
1.607337595959042374e+05
1.618716538606323302e+05
1.625741120190914080e+05
1.627494289927924983e+05
1.623256200667364174e+05
1.612558466405633662e+05
1.595221603964766546e+05
1.571371983205069555e+05
1.541435584490938636e+05
1.506107427121585933e+05
1.466298130159622815e+05
1.423062486397473258e+05
1.377518296203784994e+05
1.330765877893289144e+05
1.283818786808149453e+05
1.237554147591359797e+05
1.192687147458982508e+05
1.149769606143429555e+05
1.109208170020439720e+05
1.071294445693785819e+05
1.036237891393133177e+05
1.004192815801621473e+05
9.752733266089620884e+04
9.495540236727653246e+04
9.270587005081042298e+04
9.077430783355074527e+04
8.914794904537395632e+04
8.780507966134928574e+04
8.671577903264819179e+04
8.584399791814984928e+04
8.515054260565168806e+04
8.459628492653078865e+04
8.414492275979439728e+04
8.376485230102945934e+04
8.343006342231456074e+04
8.312027307245200791e+04
8.282064460751443403e+04
8.252137364097610407e+04
8.221722805385201355e+04
8.190694414996897103e+04
8.159231840071344050e+04
8.127693088561241166e+04
8.096463344392765430e+04
8.065811687532823998e+04
8.035793147953435255e+04
8.006223432778054848e+04
7.976731738782467437e+04
7.946872856486840465e+04
7.916262970151938498e+04
7.884699560329751694e+04
7.852234198895064765e+04
7.819182963633013424e+04
7.786076369436705136e+04
7.753563942791883892e+04
7.722295232803821273e+04
7.692799248798660119e+04
7.665380215491369017e+04
7.640042279728455469e+04
7.616452055487966572e+04
7.593946462971107394e+04
7.571592523366665409e+04
7.548302267159016628e+04
7.522996897381589224e+04
7.494800042278425826e+04
7.463224688982928637e+04
7.428309346690977691e+04
7.390662620026062359e+04
7.351393736256292323e+04
7.311935384504820104e+04
7.273795059567593853e+04
7.238291230462989188e+04
7.206333722926481278e+04
7.178292949353693984e+04
7.153976094838816789e+04
7.132700173519451346e+04
7.113431721921905410e+04
7.094956118827886530e+04
7.076045243402066990e+04
7.055604465503370739e+04
7.032791196123670670e+04
7.007102098859315447e+04
6.978424119817359315e+04
6.947040020438676584e+04
6.913578402299185109e+04
6.878905720674560871e+04
6.843973054346146819e+04
6.809647730539974873e+04
6.776570857710935525e+04
6.745079448751686141e+04
6.715214453228858474e+04
6.686808664870641951e+04
6.659621079317085969e+04
6.633467661859781947e+04
6.608299752938585880e+04
6.584200824688941066e+04
6.561303261890170688e+04
6.539657963431431563e+04
6.519109224183357583e+04
6.499227980116136314e+04
6.479337384159975045e+04
6.458632366336189443e+04
6.436360849918566237e+04
6.412011071882866963e+04
6.385445735645664536e+04
6.356941134654801863e+04
6.327121533062840172e+04
6.296813802003643650e+04
6.266871414908143197e+04
6.238021694187078538e+04
6.210775127068866277e+04
6.185408311594257248e+04
6.162004824663449108e+04
6.140521936649693089e+04
6.120850458385660022e+04
6.102847345078916260e+04
6.086338064823782042e+04
6.071099720861631067e+04
6.056841720817194437e+04
6.043198777377360238e+04
6.029745047887098917e+04
6.016032303544702154e+04
6.001650765094601229e+04
5.986307522728376352e+04
5.969912334774836199e+04
5.952653866278308851e+04
5.935043802174555458e+04
5.917906248921387305e+04
5.902298871143561701e+04
5.889369986567409796e+04
5.880177484823967097e+04
5.875513189357577357e+04
5.875782836006829166e+04
5.880983513127634069e+04
5.890798602172900428e+04
5.904800645722082845e+04
5.922722621646172047e+04
5.944734369441865420e+04
5.971647439175021282e+04
6.004970124440299696e+04
6.046745814041536505e+04
6.099133750748331659e+04
6.163734317024573829e+04
6.240721897170726152e+04
6.327921943475901935e+04
6.420039820929191046e+04
6.508291834022146941e+04
6.580674073030737054e+04
6.623011295856791548e+04
6.620757749953385792e+04
6.561308336735839839e+04
6.436384104881696840e+04
6.243953120219022821e+04
5.989190231607860187e+04
5.684175871398024174e+04
5.346337174252459954e+04
4.995952888260784675e+04
4.653274549478124391e+04
4.335886984678745648e+04
4.056825517693835718e+04
3.823730648935995123e+04
3.639038719124205818e+04
3.500968897589160770e+04
3.404934231350003392e+04
3.344994025830792089e+04
3.315051672903631697e+04
3.309638047154702508e+04
3.324256350770177960e+04
3.355365586222446291e+04
3.400133826731125737e+04
3.456104364524533594e+04
3.520902351040821668e+04
3.592081739968778129e+04
3.667181299950686662e+04
3.744025369401465287e+04
3.821265280605767475e+04
3.899105475924174971e+04
3.980093641744096385e+04
4.069785538293160062e+04
4.177042364236409776e+04
4.313708920149493497e+04
4.493481354160052433e+04
4.729917940948798787e+04
5.033763973200486362e+04
5.410008703305539530e+04
5.855295880914522422e+04
6.356386807548256184e+04
6.890262731085435371e+04
7.426140636697493028e+04
7.929223254314225051e+04
8.365534840332405292e+04
8.706860367273529118e+04
8.934729131840133050e+04
9.042605162459341227e+04
9.035903272764926078e+04
8.929995088457074598e+04
8.746830624354159227e+04
8.511044224351948651e+04
8.246391712857177481e+04
7.973125864048879885e+04
7.706571031200200377e+04
7.456828851285348355e+04
7.229325185030860303e+04
7.025826218521555711e+04
6.845587918939665542e+04
6.686406402160730795e+04
6.545452790988025663e+04
6.419866925215486845e+04
6.307135305403556413e+04
6.205294720034133206e+04
6.112998862620719592e+04
6.029476230135515652e+04
5.954403589355486474e+04
5.887722762009903818e+04
5.829435802252157009e+04
5.779418426706254104e+04
5.737288356057344936e+04
5.702352332742315048e+04
5.673635922657585616e+04
5.649980042960136780e+04
5.630174187290558621e+04
5.613092661837871856e+04
5.597806611578315642e+04
5.583657104549015639e+04
5.570287232719676831e+04
5.557639316203096678e+04
5.545925109960302507e+04
5.535573974933339196e+04
5.527159928467495047e+04
5.521307058362044336e+04
5.518576039094085718e+04
5.519341985570368706e+04
5.523682844143947295e+04
5.531303827085677040e+04
5.541523030377145187e+04
5.553334053029918869e+04
5.565543983483128977e+04
5.576963994546892354e+04
5.586612149576805677e+04
5.593881168075291498e+04
5.598631885181782127e+04
5.601194221277321776e+04
5.602284072881073371e+04
5.602866276325037325e+04
5.604002413310945121e+04
5.606715680937454454e+04
5.611888465788532631e+04
5.620191025028313743e+04
5.632030282864481705e+04
5.647509414237169403e+04
5.666398376000743883e+04
5.688125679293654684e+04
5.711805768180261657e+04
5.736311752454653470e+04
5.760392236230376147e+04
5.782818825142069545e+04
5.802542537339238334e+04
5.818835064278151549e+04
5.831393848567971145e+04
5.840395827734893101e+04
5.846491253572284768e+04
5.850735474231656553e+04
5.854463463010694977e+04
5.859119847482878686e+04
5.866065832432723982e+04
5.876391765765855234e+04
5.890767210285270994e+04
5.909356639413340599e+04
5.931817481152102118e+04
5.957380104292763281e+04
5.984990867121324118e+04
6.013485081427961995e+04
6.041751452280557714e+04
6.068855414000215387e+04
6.094104367833401921e+04
6.117058266029681545e+04
6.137507334236671159e+04
6.155448255058580253e+04
6.171086967812916555e+04
6.184881329504507448e+04
6.197616317211966816e+04
6.210487362251894956e+04
6.225161896018125117e+04
6.243798015001390741e+04
6.269017609094612999e+04
6.303848909377135715e+04
6.351659474456069438e+04
6.416090523988534551e+04
6.500982316469699435e+04
6.610260875112636131e+04
6.747752639510932204e+04
6.916911959446393303e+04
7.120480815635871841e+04
7.360134454202627239e+04
7.636182426359871170e+04
7.947381772368181555e+04
8.290882388632462244e+04
8.662281765608754358e+04
9.055739284844022768e+04
9.464103534767996462e+04
9.879038331986143021e+04
1.029117735824383708e+05
1.069036940606409626e+05
1.106607725776818406e+05
1.140795925766201835e+05
1.170660662265057763e+05
1.195435453524921177e+05
1.214605257401513809e+05
1.227967976814682188e+05
1.235671604597026017e+05
1.238221936576322187e+05
1.236459048864002689e+05
1.231502837838047708e+05
1.224669392397723423e+05
1.217362063467040425e+05
1.210944797525356116e+05
1.206610408894449793e+05
1.205261340152866032e+05
1.207422631724568782e+05
1.213204198190393072e+05
1.222321567393762380e+05
1.234172566926140425e+05
1.247955314121671836e+05
1.262804014168022986e+05
1.277916230356664601e+05
1.292649160810992325e+05
1.306571530605809094e+05
1.319468975880491489e+05
1.331310940432967618e+05
1.342193648211920809e+05
1.352275666884868406e+05
1.361720429852175002e+05
1.370655304457308084e+05
1.379151140869278461e+05
1.387221192715522484e+05
1.394834783545407117e+05
1.401939419525729027e+05
1.408485058297601063e+05
1.414445472256208013e+05
1.419833490047263913e+05
1.424708773246993951e+05
1.429178238285276457e+05
1.433390055554763821e+05
1.437522404562237498e+05
1.441768103914052190e+05
1.446316212228768272e+05
1.451331961813982634e+05
1.456936967707932345e+05
1.463192326000391622e+05
1.470087600114517263e+05
1.477538440378740779e+05
1.485394533202197345e+05
1.493457847477252362e+05
1.501509096436049731e+05
1.509338463650394988e+05
1.516775475222898240e+05
1.523712862350889773e+05
1.530120540327590425e+05
1.536048236560625373e+05
1.541618165963583451e+05
1.547011455499283329e+05
1.552452762782558857e+05
1.558196274682568619e+05
1.564513515838123858e+05
1.571680533295826754e+05
1.579960717009618238e+05
1.589580806796042016e+05
1.600701248841361376e+05
1.613386377378998150e+05
1.627582673614096129e+05
1.643112888880496030e+05
1.659689880704738607e+05
1.676948053198193084e+05
1.694484802444551897e+05
1.711901673337150714e+05
1.728836108463513374e+05
1.744979062878072145e+05
1.760079381218587514e+05
1.773940340643876698e+05
1.786415515173341555e+05
1.797409795821359439e+05
1.806887938852599473e+05
1.814888979444153956e+05
1.821541683337062132e+05
1.827074732712093974e+05
1.831815683492497192e+05
1.836174587153982138e+05
1.840611104579042585e+05
1.845587493209604581e+05
1.851513451128025772e+05
1.858691669254692970e+05
1.867274178032204509e+05
1.877238512168225425e+05
1.888389330041651556e+05
1.900386198592206638e+05
1.912793141786186025e+05
1.925141600693288783e+05
1.936996452653367014e+05
1.948014705614115519e+05
1.957987934915145452e+05
1.966861973346720624e+05
1.974730645944921998e+05
1.981804527824233519e+05
1.988360600362182886e+05
1.994683366045429138e+05
2.001010837373633112e+05
2.007498208238254010e+05
2.014207315080379485e+05
2.021122277680648840e+05
2.028183618912458478e+05
2.035327837419561110e+05
2.042518989987918467e+05
2.049763381024721311e+05
2.057105838339662296e+05
2.064613014126049820e+05
2.072352847233884968e+05
2.080378626214345277e+05
2.088721944065170828e+05
2.097393589457276394e+05
2.106387599037845212e+05
2.115682850325521140e+05
2.125238755867678556e+05
2.134985590108667384e+05
2.144813901803350018e+05
2.154569660721182881e+05
2.164061300428778341e+05
2.173081660610401595e+05
2.181442952906191931e+05
2.189017888139471179e+05
2.195776794371496362e+05
2.201810249589349842e+05
2.207329762169179448e+05
2.212644452483501518e+05
2.218117715396694839e+05
2.224112511050169123e+05
2.230935930341962376e+05
2.238792831171301368e+05
2.247755496332974290e+05
2.257752746604010172e+05
2.268578851269182051e+05
2.279920347770337248e+05
2.291397294448115863e+05
2.302614054393434490e+05
2.313213199200181116e+05
2.322924823128348216e+05
2.331603225722334755e+05
2.339244333869878319e+05
2.345980633386307163e+05
2.352055108327589987e+05
2.357780295649102191e+05
2.363491411925670691e+05
2.369502572783141804e+05
2.376072567358649685e+05
2.383382782768771867e+05
2.391526482871340122e+05
2.400507035662588314e+05
2.410243008417153906e+05
2.420579337682875630e+05
2.431304637148135516e+05
2.442174244735963875e+05
2.452937024660929455e+05
2.463362340847634187e+05
2.473263241013876104e+05
2.482513196116369800e+05
2.491056010345256655e+05
2.498910263635168958e+05
2.506169612731198431e+05
2.512998391312786553e+05
2.519619591328344541e+05
2.526291571430409676e+05
2.533272194941461494e+05
2.540774253014296410e+05
2.548921752177588060e+05
2.557719822839986300e+05
2.567049346628211206e+05
2.576690839613341668e+05
2.586373046078208135e+05
2.595833796102948836e+05
2.604877141381358961e+05
2.613412747189459042e+05
2.621469700883927871e+05
2.629184467474162811e+05
2.636768835461602430e+05
2.644466781263860757e+05
2.652509334577225382e+05
2.661074949069229770e+05
2.670260853335405118e+05
2.680068952376805828e+05
2.690407847563612158e+05
2.701109984014616930e+05
2.711959870576023823e+05
2.722726655542658409e+05
2.733193459694150370e+05
2.743177694770699018e+05
2.752540750825757859e+05
2.761190102708961931e+05
2.769079648411137750e+05
2.776213340439238236e+05
2.782653206476154155e+05
2.788527909633558011e+05
2.794035031651003519e+05
2.799431201188112027e+05
2.805008705635200604e+05
2.811062865955770249e+05
2.817858093963019783e+05
2.825600273356413236e+05
2.834419335570888943e+05
2.844361085761578870e+05
2.855384386799323838e+05
2.867360316676078946e+05
2.880073216164017213e+05
2.893227216138588847e+05
2.906463234610902146e+05
2.919389319797796197e+05
2.931622470163772814e+05
2.942835129984216182e+05
2.952796987407710403e+05
2.961403688194507849e+05
2.968687876410528552e+05
2.974812478329209262e+05
2.980049254079443053e+05
2.984746524180402048e+05
2.989289457857518573e+05
2.994056095719222794e+05
2.999373555606448790e+05
3.005481210413296940e+05
3.012509048642443959e+05
3.020477687715641805e+05
3.029320845515307738e+05
3.038923210527880001e+05
3.049160231925121043e+05
3.059925006184689701e+05
3.071132590613861103e+05
3.082701894162937533e+05
3.094525475503006601e+05
3.106443508033209364e+05
3.118237220014430350e+05
3.129649761404587189e+05
3.140431783991591074e+05
3.150399169966822956e+05
3.159484743982799700e+05
3.167766168104509125e+05
3.175458337984445971e+05
3.182868679023258737e+05
3.190324931725512142e+05
3.198094018000762444e+05
3.206314447515480570e+05
3.214961828386852285e+05
3.223857895261938684e+05
3.232720837504203664e+05
3.241242804018224124e+05
3.249173299306058907e+05
3.256386957643365022e+05
3.262920391173094395e+05
3.268972631818327936e+05
3.274873347918430227e+05
3.281029429550147615e+05
3.287862447967049084e+05
3.295747652866648277e+05
3.304961594192719785e+05
3.315642263307159883e+05
3.327764054766953923e+05
3.341129742582907784e+05
3.355381896744738333e+05
3.370035343195193564e+05
3.384529620390372002e+05
3.398296268482226878e+05
3.410831598990862840e+05
3.421763103843048448e+05
3.430898126190153998e+05
3.438246908883626456e+05
3.444017487302002846e+05
3.448585239418350975e+05
3.452443597916543367e+05
3.456143785702896421e+05
3.460230943682906218e+05
3.465182875178145478e+05
3.471356912122202921e+05
3.478950375438958290e+05
3.487980071565982653e+05
3.498285133520156378e+05
3.509554598683352815e+05
3.521376775874849409e+05
3.533303038455171627e+05
3.544915803894530400e+05
3.555890072744770441e+05
3.566039761564413784e+05
3.575343007047143765e+05
3.583943418676108704e+05
3.592126492200387293e+05
3.600272635365074384e+05
3.608791400616915780e+05
3.618045746635855176e+05
3.628279293305277242e+05
3.639561451054538484e+05
3.651763137333457707e+05
3.664569316830714233e+05
3.677525727319907164e+05
3.690109133093444398e+05
3.701806213216983015e+05
3.712186814643616672e+05
3.720961541895513074e+05
3.728018859252706752e+05
3.733440624526049942e+05
3.737496423029723228e+05
3.740617225692483480e+05
3.743349623210855643e+05
3.746294431531907758e+05
3.750037410690379329e+05
3.755083222441003309e+05
3.761804231081828475e+05
3.770412149130605976e+05
3.780953783298558556e+05
3.793325055212141597e+05
3.807293366793430760e+05
3.822519288682714105e+05
3.838574013700019568e+05
3.854956125792143866e+05
3.871115992853519856e+05
3.886495476295866538e+05
3.900584315818318864e+05
3.912985243289793143e+05
3.923472246065888903e+05
3.932024658347046934e+05
3.938825446036052890e+05
3.944223042390176561e+05
3.948667547358312877e+05
3.952638920834594755e+05
3.956584284182570409e+05
3.960874680165878381e+05
3.965782753532079514e+05
3.971476523472534609e+05
3.978023334402973414e+05
3.985401335341893719e+05
3.993519909397746087e+05
4.002251520093918662e+05
4.011473827963914955e+05
4.021114299506727839e+05
4.031183845398389385e+05
4.041785243257336551e+05
4.053087873157709837e+05
4.065270984917615424e+05
4.078449179022666067e+05
4.092601354000355932e+05
4.107524979293630458e+05
4.122830942702578031e+05
4.137982879703498329e+05
4.152372842273851275e+05
4.165416291732654208e+05
4.176646016225553467e+05
4.185786781227599131e+05
4.192798551739893737e+05
4.197883411361003527e+05
4.201457720719053759e+05
4.204095688198548160e+05
4.206453596147099161e+05
4.209186053677236778e+05
4.212866970216375776e+05
4.217927772468768526e+05
4.224622668033349328e+05
4.233025062112916494e+05
4.243051575971443672e+05
4.254502966671150061e+05
4.267107552827489562e+05
4.280554426320605562e+05
4.294510464579298859e+05
4.308624263695710106e+05
4.322527601343755960e+05
4.335847435388335143e+05
4.348237417568294331e+05
4.359428889812940615e+05
4.369290893626874895e+05
4.377881019396393094e+05
4.385467093500088667e+05
4.392504840981868911e+05
4.399567615558399120e+05
4.407238094012805377e+05
4.415984492576298653e+05
4.426051303350070957e+05
4.437393741893918486e+05
4.449675252256353269e+05
4.462330791347564664e+05
4.474680315042153234e+05
4.486063278074165573e+05
4.495961072361118277e+05
4.504081435431118007e+05
4.510393585997387418e+05
4.515118564837684389e+05
4.518689292714602780e+05
4.521695818138230825e+05
4.524824703884446062e+05
4.528793032047991874e+05
