6.106804403971965658e+05
6.092962935991274426e+05
6.081151994511656230e+05
6.071053206058981596e+05
6.062168939122910379e+05
6.053881132669204380e+05
6.045534023352285149e+05
6.036524930307257455e+05
6.026384468393070856e+05
6.014831402384897228e+05
6.001795547746567754e+05
5.987410560272139264e+05
5.971983511348499451e+05
5.955948574520564871e+05
5.939809548423029482e+05
5.924073555506384000e+05
5.909178858656645752e+05
5.895423818444213830e+05
5.882909332578146132e+05
5.871509887938399334e+05
5.860885501473451732e+05
5.850537809711399022e+05
5.839901061596665531e+05
5.828447561795697547e+05
5.815781901964984136e+05
5.801701530857195612e+05
5.786211876467487309e+05
5.769498386681586271e+05
5.751870241965251043e+05
5.733696715896433452e+05
5.715355389123314526e+05
5.697203008447396569e+05
5.679568561470567947e+05
5.662758769209382590e+05
5.647062230826003943e+05
5.632740921920151450e+05
5.620004921045980882e+05
5.608974607434760546e+05
5.599640574546644930e+05
5.591833132974937325e+05
5.585210763811385259e+05
5.579272168448789744e+05
5.573391944082326954e+05
5.566876746690276777e+05
5.559036978636548156e+05
5.549267514735729201e+05
5.537128883702452295e+05
5.522417824911717325e+05
5.505214526041465579e+05
5.485894736209779512e+05
5.465099247599078808e+05
5.443660498013042379e+05
5.422494595358059742e+05
5.402474726119233528e+05
5.384306798401876586e+05
5.368429140853530262e+05
5.354954775088751921e+05
5.343667541499517392e+05
5.334073246122332057e+05
5.325495892511022976e+05
5.317199557991994079e+05
5.308511258721019840e+05
5.298920995115046389e+05
5.288141998171267333e+05
5.276124833515965147e+05
5.263029940491851885e+05
5.249170970491310582e+05
5.234944070992508205e+05
5.220756394994902657e+05
5.206962763319784426e+05
5.193815275312761078e+05
5.181428571316801244e+05
5.169763479448161088e+05
5.158632415769391810e+05
5.147729072912383126e+05
5.136681339148609550e+05
5.125120473779570893e+05
5.112753471854837844e+05
5.099422150754236500e+05
5.085133924306116533e+05
5.070055766454794211e+05
5.054472661737233284e+05
5.038721684156751726e+05
5.023119473583438667e+05
5.007902186378526967e+05
4.993192684099519392e+05
4.979001241509835818e+05
4.965256051734127104e+05
4.951851340705535840e+05
4.938696591084583197e+05
4.925751585289486684e+05
4.913038246419424540e+05
4.900629232128675794e+05
4.888621383108168957e+05
4.877106123421757948e+05
4.866147203928676900e+05
4.855769890903894557e+05
4.845958239002086921e+05
4.836652520228417707e+05
4.827739823514475720e+05
4.819036990798484767e+05
4.810273234864033875e+05
4.801085512103358051e+05
4.791039516157237813e+05
4.779682315057904925e+05
4.766621610721684410e+05
4.751615730810950045e+05
4.734652044977034093e+05
4.715991905383548583e+05
4.696167182443540078e+05
4.675924587324052700e+05
4.656125907297271769e+05
4.637622007223996916e+05
4.621123987416375894e+05
4.607095428051549825e+05
4.595685381950204610e+05
4.586713686689076130e+05
4.579709907420808449e+05
4.573996924030322116e+05
4.568802045589076006e+05
4.563374276923781144e+05
4.557086683614066569e+05
4.549507262741675368e+05
4.540429015289930976e+05
4.529858357082440052e+05
4.517968996752093663e+05
4.505034609721174929e+05
4.491356974658335675e+05
4.477205967807646957e+05
4.462783755591807421e+05
4.448218408046027180e+05
4.433583706650508684e+05
4.418934536771262065e+05
4.404343219332164153e+05
4.389922733525213553e+05
4.375827759374728776e+05
4.362232117666349513e+05
4.349289002970682923e+05
4.337086011190059944e+05
4.325608857928584330e+05
4.314725595713314833e+05
4.304197901094017434e+05
4.293719129945653840e+05
4.282972015920666163e+05
4.271693577241779421e+05
4.259732049194686697e+05
4.247081070884831715e+05
4.233880080946425442e+05
4.220376580282117939e+05
4.206854642380925943e+05
4.193543128667874844e+05
4.180524265475344728e+05
4.167666244151861756e+05
4.154600677443922614e+05
4.140756889197005657e+05
4.125451786655836622e+05
4.108019741960628890e+05
4.087955503034338471e+05
4.065038138733259402e+05
4.039407145417834399e+05
4.011572468074054923e+05
3.982355454177380307e+05
3.952773473717615707e+05
3.923892923217416974e+05
3.896680692117008148e+05
3.871882090564889368e+05
3.849945037120661582e+05
3.830998794336036080e+05
3.814883963050446473e+05
3.801221423885448603e+05
3.789502800236069597e+05
3.779183864639630774e+05
3.769764357532513095e+05
3.760841994823468849e+05
3.752134270641892217e+05
3.743468399090981111e+05
3.734746524353990098e+05
3.725898821546330582e+05
3.716839729627910419e+05
3.707441170334012131e+05
3.697531253537561861e+05
3.686919101392292650e+05
3.675438438020911999e+05
3.662996900234570494e+05
3.649616178100847756e+05
3.635450373670299887e+05
3.620775503623815603e+05
3.605950255846157088e+05
3.591355026149877813e+05
3.577321099794674665e+05
3.564063351617329172e+05
3.551627803820793051e+05
3.539860876127226511e+05
3.528402245689828997e+05
3.516700004868988181e+05
3.504046245871690917e+05
3.489632506732275360e+05
3.472625462296365877e+05
3.452261537069568876e+05
3.427953930722936639e+05
3.399398340376648703e+05
3.366657677425480797e+05
3.330204761289639282e+05
3.290907215503121261e+05
3.249949901314292802e+05
3.208704147109700134e+05
3.168565587796528707e+05
3.130789881073914003e+05
3.096355844090473838e+05
3.065878741984986700e+05
3.039584602444496122e+05
3.017342838098703651e+05
2.998742769011047203e+05
2.983192809792610351e+05
2.970020533234491013e+05
2.958556954214317375e+05
2.948196799122677185e+05
2.938434935994762927e+05
2.928884632148729870e+05
2.919284514475147007e+05
2.909498661310898606e+05
2.899510313206515275e+05
2.889406804888840416e+05
2.879353198859909317e+05
2.869554858941824059e+05
2.860213429144283873e+05
2.851484215791411698e+05
2.843443961511264788e+05
2.836075774252802948e+05
2.829273308758164640e+05
2.822861028654054389e+05
2.816623554472426185e+05
2.810336079497741302e+05
2.803789705060136621e+05
2.796809170606451225e+05
2.789264038430948276e+05
2.781076331413721200e+05
2.772227201091615134e+05
2.762762874818404671e+05
2.752797265885837260e+05
2.742506894321740256e+05
2.732114376427776297e+05
2.721859890303279972e+05
2.711964685508147813e+05
2.702594938743712846e+05
2.693835980578369927e+05
2.685684877165807411e+05
2.678063869741029339e+05
2.670850236809431808e+05
2.663912626349600032e+05
2.657142237439851742e+05
2.650470141449320945e+05
2.643868101823802572e+05
2.637336589142382727e+05
2.630887430168463616e+05
2.624528323555889656e+05
2.618253089939677739e+05
2.612037349294315791e+05
2.605836815973955963e+05
2.599585779087939300e+05
2.593195950969372643e+05
2.586558759781323315e+05
2.579555288920009625e+05
2.572076453546637786e+05
2.564052197321235144e+05
2.555484141915124492e+05
2.546473089578948275e+05
2.537232304276926152e+05
2.528079815728590766e+05
2.519407446281843586e+05
2.511629684952993994e+05
2.505120635252318461e+05
2.500150883886082156e+05
2.496837383986270288e+05
2.495117802828276763e+05
2.494756249463213317e+05
2.495380532248446252e+05
2.496543465615587775e+05
2.497794146962041268e+05
2.498741543737085303e+05
2.499093613971008162e+05
2.498660848932596855e+05
2.497322479767928016e+05
2.494964310227195965e+05
2.491406300219670520e+05
2.486342933902199147e+05
2.479318351079964486e+05
2.469750955924050068e+05
2.457010095466945786e+05
2.440533181255586678e+05
2.419958965488619870e+05
2.395245294726041029e+05
2.366740253502135747e+05
2.335184823807571956e+05
2.301641048482675687e+05
2.267357917781889846e+05
2.233602500275084749e+05
2.201491732094641775e+05
2.171858721254841075e+05
2.145177472542991745e+05
2.121555148320547014e+05
2.100785879646116227e+05
2.082448543913808535e+05
2.066024841316179663e+05
2.051013511274108896e+05
2.037020418002515507e+05
2.023810881927513110e+05
2.011318628658549278e+05
1.999613988244623179e+05
1.988841525989947841e+05
1.979143007371063577e+05
1.970584283054715197e+05
1.963103400415409124e+05
1.956491892578051775e+05
1.950412814403369557e+05
1.944449808513159223e+05
1.938173905130472267e+05
1.931211110415190924e+05
1.923295131555155676e+05
1.914295210774622101e+05
1.904216946347253106e+05
1.893181424675906892e+05
1.881392554387094278e+05
1.869102975378838892e+05
1.856585725735253363e+05
1.844113773121726408e+05
1.831944919628849311e+05
1.820307407491012709e+05
1.809382504507973499e+05
1.799283684631411452e+05
1.790035932907012757e+05
1.781561193552764016e+05
1.773675786755274457e+05
1.766102797112168628e+05
1.758498280321737984e+05
1.750486507251745206e+05
1.741697854907019646e+05
1.731803760909035627e+05
1.720545572333865275e+05
1.707756649166833668e+05
1.693378408140159736e+05
1.677470661555462866e+05
1.660215189459618996e+05
1.641910160029956023e+05
1.622952863418555644e+05
1.603809664984086703e+05
1.584974717541806458e+05
1.566921863783402077e+05
1.550056310626600171e+05
1.534673400632853445e+05
1.520930967237381556e+05
1.508839595001618727e+05
1.498272130897343159e+05
1.488990627808243153e+05
1.480686152126126690e+05
1.473025048108015908e+05
1.465694613063839497e+05
1.458441716039402818e+05
1.451099434109197173e+05
1.443598862163395970e+05
1.435965450658641348e+05
1.428301260073990561e+05
1.420756285524450359e+05
1.413493474971778633e+05
1.406653140851455391e+05
1.400322886452864041e+05
1.394518580659011204e+05
1.389180087278138089e+05
1.384182524931709049e+05
1.379360408097614418e+05
1.374539041026291670e+05
1.369565936528868915e+05
1.364335348390063446e+05
1.358801145358781796e+05
1.352976519221648632e+05
1.346922376969002653e+05
1.340728723847302317e+05
1.334494270117644337e+05
1.328308797377709416e+05
1.322240941513591388e+05
1.316331799283466244e+05
1.310593039573100687e+05
1.305007638035923883e+05
1.299532052663552167e+05
1.294100084241345612e+05
1.288629862810311170e+05
1.283035455857131747e+05
1.277243153550984571e+05
1.271210037108550459e+05
1.264940142790231039e+05
1.258492680381864338e+05
1.251978081286725210e+05
1.245540893129300966e+05
1.239332555289124139e+05
1.233480347980121151e+05
1.228060077525096422e+05
1.223078934817131376e+05
1.218471971942425589e+05
1.214111961180160579e+05
1.209829337746298988e+05
1.205437402811169595e+05
1.200758188277851004e+05
1.195645834492264694e+05
1.190006013562501321e+05
1.183810859975058120e+05
1.177108572371180053e+05
1.170025652719934587e+05
1.162758676280617510e+05
1.155552751190230192e+05
1.148666140619985381e+05
1.142324580297846114e+05
1.136673291633631452e+05
1.131737713240070880e+05
1.127404004074224504e+05
1.123426880138991983e+05
1.119466090819326055e+05
1.115145595914039004e+05
1.110123420563104737e+05
1.104157042472091416e+05
1.097149909006529924e+05
1.089169074694129959e+05
1.080430762099567655e+05
1.071258015870160889e+05
1.062020590699217282e+05
1.053070329687144258e+05
1.044685006210860738e+05
1.037030402127016714e+05
1.030145525104064727e+05
1.023950814826744609e+05
1.018275130329693638e+05
1.012894801564617519e+05
1.007577024906729494e+05
1.002120043354010122e+05
9.963835777996182151e+04
9.903047725418987102e+04
9.838975071700110857e+04
9.772361882190918550e+04
9.704285860370767477e+04
9.635850723805621965e+04
9.567927708849457849e+04
9.501019807315249636e+04
9.435287760598506429e+04
9.370727498622797430e+04
9.307439322384931438e+04
9.245895964061166160e+04
9.187111478152024210e+04
9.132638153246686852e+04
9.084366052076862252e+04
9.044153494055040937e+04
9.013359532633890922e+04
8.992369521210041421e+04
8.980200350111845182e+04
8.974250628680478258e+04
8.970235590683882765e+04
8.962327340451054624e+04
8.943510987812750682e+04
8.906159806188354560e+04
8.842816061691896175e+04
8.747129295172914863e+04
8.614851523644964618e+04
8.444733724148206238e+04
8.239134699827971053e+04
8.004166088237703661e+04
7.749266608888865449e+04
7.486213685372266627e+04
7.227709897250223730e+04
6.985784957348654279e+04
6.770298339498006681e+04
6.587801554422704794e+04
6.440935069847025443e+04
6.328422435883699654e+04
6.245615576788815815e+04
6.185463095136641641e+04
6.139725805306852999e+04
6.100247221107300720e+04
6.060094363827130292e+04
6.014411737092631665e+04
5.960878266272961628e+04
5.899723180373547075e+04
5.833336709868475737e+04
5.765591535092489357e+04
5.701051793844372878e+04
5.644269473464381008e+04
5.599342709766840562e+04
5.569839471564901032e+04
5.559088870845210477e+04
5.570734776068089559e+04
5.609357954932304710e+04
5.680924736657310132e+04
5.792825666418104811e+04
5.953331755326317943e+04
6.170414535261140554e+04
6.450034276790678996e+04
6.794170448308010236e+04
7.199008896005843417e+04
7.653763894817834080e+04
8.140560438128067472e+04
8.635619471814340795e+04
9.111703749646089273e+04
9.541464131181394623e+04
9.901069456257841375e+04
1.017339373190401238e+05
1.035011613227053749e+05
1.043234344675638131e+05
1.042971403091349202e+05
1.035828017375927011e+05
1.023769573440654931e+05
1.008830600063481397e+05
9.928652856234837964e+04
9.773723288072062132e+04
9.634055436462492798e+04
9.515636426157572714e+04
9.420414072492755076e+04
9.347202610945999913e+04
9.292771724602482573e+04
9.252942846218449995e+04
9.223557321170769865e+04
9.201218764740627375e+04
9.183747238045082486e+04
9.170319955809896055e+04
9.161314847093503340e+04
9.157917407170841761e+04
9.161590783606491459e+04
9.173533756060224550e+04
9.194251665134617360e+04
9.223336787757187267e+04
9.259500753362744581e+04
9.300834971938638773e+04
9.345214481591181539e+04
9.390724950819290825e+04
9.435993492324886029e+04
9.480340938959788764e+04
9.523733131701260572e+04
9.566570591366519511e+04
9.609399043784331298e+04
9.652635248031040828e+04
9.696383499859583389e+04
9.740379348302078142e+04
9.784055218008151860e+04
9.826692481341783423e+04
9.867613059978179808e+04
9.906368629144046281e+04
9.942898432952235453e+04
9.977638240901197423e+04
1.001156792693914904e+05
1.004618474108929804e+05
1.008338960623510793e+05
1.012528141844097263e+05
1.017387226739960024e+05
1.023076137426748319e+05
1.029682854881041130e+05
1.037201848066071834e+05
1.045527762454438198e+05
1.054467507502578665e+05
1.063769480387779331e+05
1.073164184256394510e+05
1.082407356674402690e+05
1.091315950100477348e+05
1.099789184429975867e+05
1.107810861080260074e+05
1.115433987063260138e+05
1.122753080526826670e+05
1.129872135676012840e+05
1.136876528688471008e+05
1.143815275082551234e+05
1.150696722005985357e+05
1.157497000770791201e+05
1.164177380861112906e+05
1.170704784973854985e+05
1.177069462493659084e+05
1.183295071171031013e+05
1.189438739058826613e+05
1.195581424359805387e+05
1.201811370051969425e+05
1.208205081402280193e+05
1.214810683073009714e+05
1.221637679568604508e+05
1.228655296188607463e+05
1.235799224646480579e+05
1.242984399665316159e+05
1.250120047491383739e+05
1.257123131880878063e+05
1.263927547762821923e+05
1.270488556003294507e+05
1.276784163979765581e+05
1.282816426488734141e+05
1.288615226647058880e+05
1.294244938611443358e+05
1.299811289094271633e+05
1.305463201626338559e+05
1.311383958221738867e+05
1.317768454973702901e+05
1.324788183592514251e+05
1.332551081520970038e+05
1.341067185228135204e+05
1.350231176540859160e+05
1.359828930696753087e+05
1.369568319930050347e+05
1.379127331000197446e+05
1.388207709744139283e+05
1.396581512172215153e+05
1.404121080360415508e+05
1.410808483908030903e+05
1.416726088104200899e+05
1.422033722945124318e+05
1.426939164065160730e+05
1.431667768467048882e+05
1.436435335427464743e+05
1.441426743361273548e+05
1.446782165308384574e+05
1.452592442492498376e+05
1.458904829208973097e+05
1.465739277504143538e+05
1.473113707945854694e+05
1.481074858367628767e+05
1.489730020041591197e+05
1.499274610073009972e+05
1.510010812772023783e+05
1.522352760043161688e+05
1.536813435072971333e+05
1.553968063551198575e+05
1.574389610521988652e+05
1.598555910453078977e+05
1.626735810120703827e+05
1.658872269232012623e+05
1.694489970115704346e+05
1.732658607272506051e+05
1.772036556757081416e+05
1.811002356046217901e+05
1.847857350089105021e+05
1.881059840042529395e+05
1.909437911641065730e+05
1.932330749498654914e+05
1.949626843965847511e+05
1.961696083946027211e+05
1.969241505857787561e+05
1.973115858690461318e+05
1.974152557147581247e+05
1.973050200651900959e+05
1.970329748264014488e+05
1.966361032344639243e+05
1.961437191028471279e+05
1.955865723039319564e+05
1.950044085018258193e+05
1.944494708359430660e+05
1.939846566737786634e+05
1.936765160278748663e+05
1.935846988795232028e+05
1.937505115007961867e+05
1.941876396248814708e+05
1.948776709098291758e+05
1.957718528668223007e+05
1.967988687605938758e+05
1.978768066127314814e+05
1.989264542183177546e+05
1.998829035266882274e+05
2.007031898815475870e+05
2.013690009561933985e+05
2.018848664327195438e+05
2.022732237476103764e+05
2.025681103077005246e+05
2.028090037006974453e+05
2.030357730882607575e+05
2.032851271679711062e+05
2.035885639824906248e+05
2.039716961722678388e+05
2.044548470557955443e+05
2.050548322592555778e+05
2.057877366217286908e+05
2.066722397746735369e+05
2.077327139069489785e+05
2.090010632562993560e+05
2.105162600920009718e+05
2.123208675145490561e+05
2.144545257803617278e+05
2.169452744763306400e+05
2.198004224510847125e+05
2.229991515551974007e+05
2.264889180476625043e+05
2.301869591290149547e+05
2.339870207625060575e+05
2.377701714655876858e+05
2.414176572902068147e+05
2.448234511146504083e+05
2.479044838895452558e+05
2.506073209171684284e+05
2.529109483045251400e+05
2.548260702176869090e+05
2.563917190739816288e+05
2.576700390414227440e+05
2.587399319439807441e+05
2.596900203907578834e+05
2.606112333071078174e+05
2.615893312103510543e+05
2.626978462506745709e+05
2.639921147200963460e+05
2.655051842226310400e+05
2.672462625683918595e+05
2.692020047051770380e+05
2.713403883214683738e+05
2.736163826521894080e+05
2.759782649629717343e+05
2.783734162915779743e+05
2.807527393514591968e+05
2.830733686905314680e+05
2.852998955053093960e+05
2.874047212993726134e+05
2.893682704698101152e+05
2.911796166667150683e+05
2.928376891735708923e+05
2.943527625741522643e+05
2.957475534399599419e+05
2.970570851415494108e+05
2.983266079514574958e+05
2.996072633747301879e+05
3.009497610488354694e+05
3.023969363496649312e+05
3.039765057792558218e+05
3.056954992165781441e+05
3.075376594677873072e+05
3.094645849150069989e+05
3.114206574396526557e+05
3.133410103467404260e+05
3.151611356475567445e+05
3.168263688184949569e+05
3.182995175375568215e+05
3.195653190158812213e+05
3.206311185957014095e+05
3.215239838435730198e+05
3.222851958799360436e+05
3.229635103510653717e+05
3.236086481345786597e+05
3.242661649175825296e+05
3.249742771559836692e+05
3.257625866867615841e+05
3.266521568311617593e+05
3.276561937668080209e+05
3.287807031982441549e+05
3.300248243626231560e+05
3.313809170611693407e+05
3.328347252293585916e+05
3.343659740615065675e+05
3.359495968236399349e+05
3.375575370897179819e+05
3.391608625211305334e+05
3.407318495095900726e+05
3.422457693814067752e+05
3.436822667445177212e+05
3.450263719321828103e+05
3.462692521454564412e+05
3.474087596961318632e+05
3.484497296765096253e+05
3.494038993919598870e+05
3.502893345239397022e+05
3.511293531338602188e+05
3.519510697548927274e+05
3.527837457480529556e+05
3.536570805600705207e+05
3.545994494216088788e+05
3.556359925843175151e+05
3.567864917100819293e+05
3.580631494158388232e+05
3.594686254530035658e+05
3.609948229909404181e+05
3.626228451811700943e+05
3.643242624414775055e+05
3.660634803833604674e+05
3.678007603175341501e+05
3.694954328958686092e+05
3.711090319176721969e+05
3.726083083876970923e+05
3.739681915322761051e+05
3.751746615253610653e+05
3.762272469740152592e+05
3.771406169233309338e+05
3.779446601742914645e+05
3.786826028803910012e+05
3.794070638357786229e+05
3.801743703275300213e+05
3.810378393876252812e+05
3.820409958427026286e+05
3.832118154101669206e+05
3.845590237942266394e+05
3.860712209784983424e+05
3.877191206085355952e+05
3.894605502105292398e+05
3.912471979966716608e+05
3.930316337116292561e+05
3.947730715539565426e+05
3.964407527309799334e+05
3.980145874202521518e+05
3.994835409731536638e+05
4.008428696190101909e+05
4.020915001973669860e+05
4.032305861497238511e+05
4.042637113635795540e+05
4.051985865219002590e+05
4.060495857602239703e+05
4.068401985682235099e+05
4.076044230194187840e+05
4.083862656426577596e+05
4.092368197344500222e+05
4.102088638685909100e+05
4.113495244334125891e+05
4.126921733227856457e+05
4.142491999449903960e+05
4.160074046569736092e+05
4.179273878412777558e+05
4.199474916644799523e+05
4.219917961653030943e+05
4.239806900012478582e+05
4.258419352765302174e+05
4.275201115196074243e+05
4.289828503501075902e+05
4.302231608710201108e+05
4.312580779963430250e+05
4.321245301449780818e+05
4.328735459552211687e+05
4.335637443674622336e+05
4.342547107646476943e+05
4.350006444283836754e+05
4.358447401100342977e+05
4.368150654670054791e+05
4.379229161524165538e+05
4.391644186893217848e+05
4.405253488771049888e+05
4.419879447608743794e+05
4.435374530789894052e+05
4.451658696140886750e+05
4.468711566418839502e+05
4.486519611263601691e+05
4.504998247526214691e+05
4.523921770311554428e+05
4.542893815938758198e+05
4.561376955816656700e+05
4.578777756976691308e+05
4.594562659603603533e+05
4.608368962968885899e+05
4.620078011207208037e+05
4.629832130632582703e+05
4.637996234009885811e+05
4.645081426398837357e+05
4.651655944069590187e+05
4.658267074803007999e+05
4.665388992007667548e+05
4.673400328206045087e+05
4.682586126320413314e+05
4.693153888651771704e+05
4.705252802802798105e+05
4.718987300983605091e+05
4.734419098905143328e+05
4.751554826645980938e+05
4.770319548844632227e+05
4.790520651907891734e+05
4.811811875151490094e+05
4.833672235139867989e+05
4.855416359096247470e+05
4.876248400361743988e+05
4.895360381734825787e+05
4.912060112806895049e+05
4.925899565588276018e+05
4.936768480275809416e+05
4.944924272477942286e+05
4.950947205246273079e+05
4.955633053946617292e+05
4.959854951440372970e+05
4.964433762167732348e+05
4.970049173992897850e+05
4.977205142960277735e+05
4.986241646768131759e+05
4.997369121509935940e+05
5.010698439675567206e+05
5.026248059570502955e+05
5.043925860313110170e+05
5.063498403733392479e+05
5.084568309842658346e+05
5.106578421013794141e+05
5.128851400457334239e+05
5.150660404638759210e+05
5.171315967485481524e+05
5.190249766054168576e+05
5.207078024213640019e+05
5.221633962168609723e+05
5.233966877309280680e+05
5.244312554804496467e+05
5.253044399279266363e+05
5.260616740237576887e+05
5.267511518605781021e+05
5.274197330644541653e+05
5.281105819039230701e+05
5.288625132429689402e+05
5.297104706004910404e+05
5.306861612211122410e+05
5.318177881034774473e+05
5.331281368409512797e+05
5.346309389238727745e+05
5.363262392721686047e+05
5.381961598098687828e+05
5.402027127280738205e+05
5.422890397510520415e+05
5.443846775064830435e+05
5.464143838619579328e+05
5.483090214311085874e+05
5.500163047937232768e+05
5.515091019427020801e+05
5.527894873320582556e+05
5.538877259099407820e+05
5.548565278344544349e+05
5.557619111167469528e+05
5.566725811538252747e+05
5.576497850339000579e+05
5.587392096577102784e+05
5.599658732081693597e+05
5.613323356303200126e+05
5.628200768667134689e+05
5.643935948016260518e+05
5.660065945027794223e+05
5.676094828847630415e+05
5.691571998141093645e+05
5.706162481430332409e+05
5.719697490251181880e+05
5.732195753929583589e+05
5.743851573597812094e+05
5.754993132231297204e+05
5.766021985115075950e+05
5.777348892508462304e+05
5.789340240122299874e+05
5.802283408167178277e+05
5.816371179545304039e+05
5.831698461649260717e+05
5.848262347444809275e+05
5.865959546874888474e+05
5.884581372398344101e+05
5.903812101489083143e+05
5.923238559628836811e+05
5.942376311359256506e+05
5.960712558998637833e+05
5.977760630545240128e+05
5.993118091117872391e+05
6.006520492990374332e+05
6.017884310559780570e+05
6.027333930854051141e+05
6.035207891350713326e+05
6.042039651604593964e+05
6.048509785125134513e+05
6.055370872054079082e+05
6.063353186965311179e+05
6.073066254026605748e+05
6.084915321654644795e+05
6.099050358762703836e+05
6.115357986343964003e+05
6.133496028996716486e+05
6.152959943034148309e+05
6.173164030258074636e+05
6.193520067127705552e+05
6.213501069346712902e+05
6.232685397348182742e+05
6.250782585673769936e+05
6.267644630425799405e+05
6.283264929314070614e+05
6.297763939765947871e+05
6.311359135797144845e+05
6.324319167858742876e+05
6.336907922078022966e+05
6.349330578200255986e+05
6.361696874231518013e+05
6.374013835574950790e+05
6.386211308885836042e+05
6.398191992593478644e+05
6.409888301725803176e+05
6.421305781215257011e+05
6.432538498757084599e+05
6.443753702967377612e+05
6.455155826910610776e+05
6.466947776881408645e+05
6.479306608857726678e+05
6.492381441285132896e+05
6.506308187007292872e+05
6.521224999411588069e+05
6.537269861499185208e+05
6.554549349438997451e+05
6.573082205799665535e+05
6.592736248032718431e+05
6.613185099075036123e+05
6.633908050079626264e+05
6.654242955987178721e+05
6.673484046548176557e+05
6.691001516257495387e+05
6.706353649271052564e+05
6.719366534218335291e+05
6.730167834654487669e+05
6.739173633561477764e+05
6.747035796158789890e+05
6.754559764880564762e+05
6.762601391815030947e+05
6.771950630229712697e+05
6.783212896026714006e+05
6.796705340811474016e+05
6.812390995577091817e+05
6.829873107927700039e+05
6.848461532243093243e+05
