6.097601669179445598e+05
6.088612706885789521e+05
6.082489340638670838e+05
6.078300987059961772e+05
6.074917360379985766e+05
6.071178395903137280e+05
6.066060787348889280e+05
6.058807732688487740e+05
6.049001317496367265e+05
6.036573483351420145e+05
6.021765275138998404e+05
6.005051194972307421e+05
5.987046092796872836e+05
5.968409051334657706e+05
5.949755542773833731e+05
5.931587317666272866e+05
5.914248197592861252e+05
5.897911127386760199e+05
5.882596247251437744e+05
5.868212331204430666e+05
5.854607692603019532e+05
5.841614882028660504e+05
5.829077668437438551e+05
5.816857359325775178e+05
5.804824531342642149e+05
5.792847455778412987e+05
5.780787703842329793e+05
5.768507610123305349e+05
5.755886976105439244e+05
5.742841528770315927e+05
5.729335345448842272e+05
5.715383105282541364e+05
5.701043016212799121e+05
5.686404779465675820e+05
5.671577600232143886e+05
5.656681530701227020e+05
5.641842927992900368e+05
5.627192905718452530e+05
5.612866721776467748e+05
5.599001614650939591e+05
5.585730239575513406e+05
5.573166861265933840e+05
5.561384765055408934e+05
5.550386645558592863e+05
5.540074497703064699e+05
5.530229784535935614e+05
5.520515771284330403e+05
5.510510124520864338e+05
5.499767484566668281e+05
5.487901307161466684e+05
5.474665700246822089e+05
5.460014767013220116e+05
5.444120829127531033e+05
5.427343139185964828e+05
5.410152446823643986e+05
5.393029966221165378e+05
5.376367735439211829e+05
5.360398000773891108e+05
5.345171204490921227e+05
5.330587321418399224e+05
5.316468257601043442e+05
5.302645745404893532e+05
5.289034746840633452e+05
5.275668753618546762e+05
5.262688136832036544e+05
5.250289848560752580e+05
5.238659309565255535e+05
5.227908457959472435e+05
5.218037350805798778e+05
5.208924520592202316e+05
5.200339837089024368e+05
5.191968211833086680e+05
5.183434754658362945e+05
5.174329338109720265e+05
5.164235715917583439e+05
5.152772477593599469e+05
5.139648318827112089e+05
5.124724524421769893e+05
5.108068276450761477e+05
5.089976773886157898e+05
5.070957038537547924e+05
5.051658538381742546e+05
5.032770729173303116e+05
5.014909323044795310e+05
4.998518967390926555e+05
4.983814811788791558e+05
4.970773508162511280e+05
4.959170167941193213e+05
4.948646519429502659e+05
4.938790161486333818e+05
4.929206090104720788e+05
4.919567989312514546e+05
4.909645169251275947e+05
4.899308337667547748e+05
4.888521281731118797e+05
4.877325266560770688e+05
4.865819600963988923e+05
4.854137860110159963e+05
4.842417467951944564e+05
4.830762365743809496e+05
4.819203752320355852e+05
4.807669599164268584e+05
4.795976127247217810e+05
4.783851086272762623e+05
4.770989630900199991e+05
4.757131971539065707e+05
4.742142577199510415e+05
4.726067702883096063e+05
4.709152986339784693e+05
4.691814114144997438e+05
4.674567007640001830e+05
4.657935010387455113e+05
4.642355869040959515e+05
4.628109897945692646e+05
4.615283835830566823e+05
4.603775143405058770e+05
4.593331766522557591e+05
4.583615079157961300e+05
4.574270190966192167e+05
4.564988270114702173e+05
4.555549190827713464e+05
4.545838233246815507e+05
4.535836238074853318e+05
4.525587506966276560e+05
4.515153474450114300e+05
4.504562820847813273e+05
4.493770194340972230e+05
4.482635481505726348e+05
4.470932637865865254e+05
4.458390850702660973e+05
4.444761922015476739e+05
4.429898577105531585e+05
4.413822353720656829e+05
4.396759841827942291e+05
4.379133328797676950e+05
4.361504484491820913e+05
4.344483360323022935e+05
4.328624809361100779e+05
4.314337067339644418e+05
4.301822168626199127e+05
4.291057556322041783e+05
4.281816805088454275e+05
4.273718722251240979e+05
4.266290393313555978e+05
4.259030892100612400e+05
4.251466579915393959e+05
4.243193823388116434e+05
4.233908743131958181e+05
4.223425479579837411e+05
4.211684592428304604e+05
4.198752301581535139e+05
4.184810189133863896e+05
4.170134500797078363e+05
4.155064882967640297e+05
4.139964426001897664e+05
4.125175764789722161e+05
4.110980527544442448e+05
4.097570116073748213e+05
4.085033604464105447e+05
4.073363688901937567e+05
4.062475867192256264e+05
4.052232010323356371e+05
4.042459379714635434e+05
4.032960322506774100e+05
4.023514474817830487e+05
4.013880994213207741e+05
4.003810031506781233e+05
3.993069128224022570e+05
3.981482864728518762e+05
3.968976209214495611e+05
3.955607304017678834e+05
3.941576196605638834e+05
3.927202270644630771e+05
3.912872622567551443e+05
3.898972894117242540e+05
3.885817775623406051e+05
3.873598524496252649e+05
3.862359371517103864e+05
3.852005566976911505e+05
3.842336315489864210e+05
3.833089374168912182e+05
3.823982886075016577e+05
3.814744213475004071e+05
3.805123030163316871e+05
3.794893322040470084e+05
3.783853054644764634e+05
3.771829583095848211e+05
3.758694141587293125e+05
3.744382417667309637e+05
3.728913196070626727e+05
3.712395398528430378e+05
3.695016068085751613e+05
3.677007049044514424e+05
3.658594586413643556e+05
3.639941933890599757e+05
3.621098684094783384e+05
3.601970759935699753e+05
3.582321376871293760e+05
3.561806334530767053e+05
3.540038379152518464e+05
3.516667581755617284e+05
3.491460208151011611e+05
3.464358913154520560e+05
3.435512054343688069e+05
3.405267627866398543e+05
3.374135147451924859e+05
3.342724525237408234e+05
3.311673775983492960e+05
3.281577598859763239e+05
3.252927649290605914e+05
3.226073326539147529e+05
3.201209095125898602e+05
3.178390167913485784e+05
3.157572629698860110e+05
3.138667740599772078e+05
3.121595347161344835e+05
3.106320412393409060e+05
3.092860921288305544e+05
3.081264021232018131e+05
3.071557397910008440e+05
3.063690888626914239e+05
3.057486327938922332e+05
3.052610828885077499e+05
3.048581659224462346e+05
3.044802502780971699e+05
3.040624045902160578e+05
3.035418056584393489e+05
3.028653365471007419e+05
3.019963289087567828e+05
3.009195837704855367e+05
2.996439939549719566e+05
2.982023052271910710e+05
2.966478398627368151e+05
2.950483871089712484e+05
2.934779031262497301e+05
2.920070714609116549e+05
2.906940516504037660e+05
2.895768076375504606e+05
2.886682232733707642e+05
2.879547954522271175e+05
2.873991130917288247e+05
2.869456912601737422e+05
2.865291664247506415e+05
2.860834938305488322e+05
2.855506966996876290e+05
2.848879009697681176e+05
2.840717791053634719e+05
2.831000131919884589e+05
2.819898667481059674e+05
2.807743570713566151e+05
2.794968121027329471e+05
2.782047590965767740e+05
2.769441036250244942e+05
2.757543943667841377e+05
2.746656414665014599e+05
2.736967369558604551e+05
2.728551484609501204e+05
2.721373659119240474e+05
2.715296521713641123e+05
2.710089376257645781e+05
2.705440480466507724e+05
2.700976696267426014e+05
2.696294055185174802e+05
2.690999685980044305e+05
2.684761181734203128e+05
2.677355725654339185e+05
2.668709654576995526e+05
2.658920120031616534e+05
2.648253584480868303e+05
2.637119976847177604e+05
2.626025370767348795e+05
2.615509396660714992e+05
2.606076039222952386e+05
2.598127969678716909e+05
2.591914970712263894e+05
2.587505953920686443e+05
2.584791077798471088e+05
2.583515340077459987e+05
2.583338175243151491e+05
2.583906318070525595e+05
2.584921492549405666e+05
2.586182551472076157e+05
2.587585167958627571e+05
2.589071396537187102e+05
2.590534933508340619e+05
2.591702553437410970e+05
2.592023766127090785e+05
2.590605119953152898e+05
2.586220143470694311e+05
2.577410656316058885e+05
2.562673154265848571e+05
2.540700776441526250e+05
2.510633605765083630e+05
2.472263292075271020e+05
2.426144815211251262e+05
2.373587259191924531e+05
2.316521765338890837e+05
2.257271344737966137e+05
2.198267105591455474e+05
2.141764050655689789e+05
2.089605679719938489e+05
2.043072362512434484e+05
2.002828419624716043e+05
1.968962505922535202e+05
1.941099921441526967e+05
1.918556642125112412e+05
1.900503570230903570e+05
1.886114168636104441e+05
1.874676670194329927e+05
1.865660970002740214e+05
1.858738541060942807e+05
1.853760687174799968e+05
1.850706078776289651e+05
1.849612548059899127e+05
1.850509811619413958e+05
1.853368252395834133e+05
1.858073833048830857e+05
1.864431547276073252e+05
1.872191664503916109e+05
1.881086971094210166e+05
1.890867213311884843e+05
1.901319484087172896e+05
1.912269208243996254e+05
1.923563417041804641e+05
1.935043736211409851e+05
1.946519194598761096e+05
1.957748017591332318e+05
1.968433662194196659e+05
1.978235082604021882e+05
1.986786575509778922e+05
1.993720214979763259e+05
1.998684549743633834e+05
2.001356313360918139e+05
2.001445758153498464e+05
1.998698977236128994e+05
1.992901040898551291e+05
1.983882059555949818e+05
1.971525665067112423e+05
1.955777488175104372e+05
1.936650992684315715e+05
1.914229364635378006e+05
1.888664007799547107e+05
1.860171389548246516e+05
1.829029934574495419e+05
1.795577625472267973e+05
1.760209670351073437e+05
1.723374684088024951e+05
1.685567517117090756e+05
1.647317025749176100e+05
1.609167579971562373e+05
1.571654039119989320e+05
1.535271479651524860e+05
1.500443046054209990e+05
1.467491295071805944e+05
1.436619307510701183e+05
1.407906798171900446e+05
1.381323360386360146e+05
1.356756714215756510e+05
1.334049911825328891e+05
1.313039343018974178e+05
1.293585768086844619e+05
1.275593133600728324e+05
1.259013468257115019e+05
1.243839401994034270e+05
1.230087911482133786e+05
1.217779580605669034e+05
1.206917375805868360e+05
1.197468278552031115e+05
1.189350500260098779e+05
1.182428444869083469e+05
1.176516794046405266e+05
1.171393775616571802e+05
1.166821846288808301e+05
1.162572115307300992e+05
1.158447580120667262e+05
1.154300285085002688e+05
1.150039036815213913e+05
1.145626863379056449e+05
1.141070049407046608e+05
1.136402318736319576e+05
1.131668010039517103e+05
1.126907057122436818e+05
1.122143020195298159e+05
1.117374267471257917e+05
1.112568257422277238e+05
1.107659597176020179e+05
1.102553403295555909e+05
1.097135546183250408e+05
1.091290092299544340e+05
1.084921894888873067e+05
1.077979744942967664e+05
1.070473963346174423e+05
1.062482671990863455e+05
1.054143392794148822e+05
1.045630467644285673e+05
1.037122903561458370e+05
1.028770327112616069e+05
1.020665758431422873e+05
1.012832444574886467e+05
1.005228311879142566e+05
9.977667031609237893e+04
9.903474300704304187e+04
9.828893010426095861e+04
9.753551761486344913e+04
9.677632958487182623e+04
9.601831338711356511e+04
9.527186631689105707e+04
9.454850502002080611e+04
9.385854869511582365e+04
9.320932933594426140e+04
9.260416395059599017e+04
9.204206167213724984e+04
9.151799217809054244e+04
9.102353184643067652e+04
9.054777860143897124e+04
9.007850241734595329e+04
8.960351248232129728e+04
8.911216098334701383e+04
8.859680318481520226e+04
8.805395260694996978e+04
8.748485839970984671e+04
8.689530951071453455e+04
8.629462335721138516e+04
8.569396649598394288e+04
8.510432995694680721e+04
8.453459183790953830e+04
8.399010682024387643e+04
8.347215333539361018e+04
8.297836339111634879e+04
8.250400828516630281e+04
8.204378544586630596e+04
8.159361494130807114e+04
8.115195138506137300e+04
8.072025144827931945e+04
8.030247268381052709e+04
7.990375212717741670e+04
7.952865082316545886e+04
7.917949062902068545e+04
7.885531376193634060e+04
7.855185714146387181e+04
7.826268160574542708e+04
7.798129232641994895e+04
7.770381484457377519e+04
7.743163594536183518e+04
7.717343866067619820e+04
7.694626229949072876e+04
7.677554188222254743e+04
7.669440871743614844e+04
7.674272008334952989e+04
7.696620849641901441e+04
7.741575540849307436e+04
7.814617904772487236e+04
7.921329814089450520e+04
8.066771277667254617e+04
8.254406090009503532e+04
8.484566027521432261e+04
8.752634131575154606e+04
9.047344923972176912e+04
9.349765012885883334e+04
9.633542230376042426e+04
9.866833155229290423e+04
1.001594011222695990e+05
1.005019507884171180e+05
9.947172492896394397e+04
9.697065542127388471e+04
9.305138847501663258e+04
8.791583924360865785e+04
8.188738631295361847e+04
7.536288699910588912e+04
6.875539465740603919e+04
6.243990876638275950e+04
5.671249877471255604e+04
5.176868965465021029e+04
4.770173286611610092e+04
4.451695199490135565e+04
4.215580891118870204e+04
4.052292790423726547e+04
3.951058924559784646e+04
3.901735492175300897e+04
3.895973010942707333e+04
3.927756301052175695e+04
3.993502101029552432e+04
4.091945019813896215e+04
4.224030680247387500e+04
4.392970805384567211e+04
4.604503309837481356e+04
4.867251665577431413e+04
5.192918431440988206e+04
5.595925577248244372e+04
6.092091484531491733e+04
6.696067784393249894e+04
7.417568969107621524e+04
8.256870289446800598e+04
9.200506942038855050e+04
1.021840956351527857e+05
1.126369031666041992e+05
1.227586062437037763e+05
1.318746563091479475e+05
1.393316570329864044e+05
1.445948731842629786e+05
1.473310240878110344e+05
1.474574321819617471e+05
1.451467336648685741e+05
1.407876228758809739e+05
1.349128363305206003e+05
1.281124295232740114e+05
1.209515752208428603e+05
1.139079507334860537e+05
1.073363726178813668e+05
1.014605008688410453e+05
9.638556967574055307e+04
9.212341140876985446e+04
8.862138686730679183e+04
8.578914313092603697e+04
8.352003079066280043e+04
8.170644871785807482e+04
8.024983547048541368e+04
7.906651790856482694e+04
7.809050216454958718e+04
7.727395212364553299e+04
7.658583117184517323e+04
7.600909408039835398e+04
7.553687674526619958e+04
7.516824383772611327e+04
7.490411851208923326e+04
7.474397134217331768e+04
7.468367440449107380e+04
7.471466439635092684e+04
7.482427415447810199e+04
7.499686752737336792e+04
7.521531674464370008e+04
7.546241944679451990e+04
7.572203037734366080e+04
7.597989676544096437e+04
7.622433911126213206e+04
7.644694525964459172e+04
7.664334464343225409e+04
7.681396422737138346e+04
7.696452966714397189e+04
7.710603641190368216e+04
7.725399346579125267e+04
7.742689874231301656e+04
7.764407369296891557e+04
7.792311216663321829e+04
7.827726600733709347e+04
7.871311194037500536e+04
7.922884346986812307e+04
7.981351340509102738e+04
8.044749703730733017e+04
8.110432045440831280e+04
8.175378526210373093e+04
8.236604085447249236e+04
8.291597406420124753e+04
8.338709778679806914e+04
8.377411339238952496e+04
8.408353922118322225e+04
8.433220820334444579e+04
8.454393517150472326e+04
8.474508812686898455e+04
8.496002883241923701e+04
8.520734728977896157e+04
8.549753251654523774e+04
8.583231483500597824e+04
8.620553056630454375e+04
8.660511228585430945e+04
8.701573262539770803e+04
8.742168503324064659e+04
8.780968877348225215e+04
8.817138546390381816e+04
8.850532192040413793e+04
8.881820731398988573e+04
8.912523596748424461e+04
8.944932268136100902e+04
8.981922524718308705e+04
9.026671956313806004e+04
9.082321045009889349e+04
9.151634983204644232e+04
9.236732827900827397e+04
9.338944955335003033e+04
9.458836708239505242e+04
9.596398741865993361e+04
9.751362027361607761e+04
9.923560672852951393e+04
1.011325049991905689e+05
1.032130103400766384e+05
1.054920922152524290e+05
1.079892306026527804e+05
1.107249890797040425e+05
1.137163917683139443e+05
1.169716802868141240e+05
1.204850895259306708e+05
1.242323689012019749e+05
1.281678839710331231e+05
1.322241575305997103e+05
1.363144993981990847e+05
1.403388423369472439e+05
1.441921197366731649e+05
1.477737376392336446e+05
1.509962439900188765e+05
1.537914378086455108e+05
1.561129171151999326e+05
1.579351860182609234e+05
1.592504930329920608e+05
1.600651310678244627e+05
1.603967836080134439e+05
1.602737520015771734e+05
1.597359033203062718e+05
1.588363752272803395e+05
1.576427770334942034e+05
1.562368943514425773e+05
1.547125481315468205e+05
1.531719559051189863e+05
1.517214012141778367e+05
1.504670910286436265e+05
1.495118010327225784e+05
1.489524288252455590e+05
1.488780847116711084e+05
1.493680036257216125e+05
1.504884539976234955e+05
1.522879932146092178e+05
1.547908806533296884e+05
1.579891681415865314e+05
1.618348261598442914e+05
1.662340103605684126e+05
1.710459240558830788e+05
1.760883980936982261e+05
1.811511574465406302e+05
1.860159271054604324e+05
1.904805166906838131e+05
1.943824773450018256e+05
1.976174612616427767e+05
2.001483311925089220e+05
2.020031811989801354e+05
2.032631119421357871e+05
2.040430110177534516e+05
2.044699891516916978e+05
2.046641642198693298e+05
2.047252906919910165e+05
2.047268005805584835e+05
2.047167992314350558e+05
2.047240026880099322e+05
2.047658315260007512e+05
2.048559356372168113e+05
2.050091452907298808e+05
2.052429312723241746e+05
2.055755832867860736e+05
2.060221972814284381e+05
2.065900189351949084e+05
2.072746809018628555e+05
2.080584876737152226e+05
2.089113192176645680e+05
2.097941229112219589e+05
2.106644613470144104e+05
2.114832188258280803e+05
2.122213323254046554e+05
2.128653045365800790e+05
2.134203232088689401e+05
2.139101233214213862e+05
2.143733161813429615e+05
2.148566945561360917e+05
2.154068053748430393e+05
2.160616008783514844e+05
2.168440283698787389e+05
2.177589501660807000e+05
2.187939457198038290e+05
2.199236182417283999e+05
2.211162980913227948e+05
2.223416797434179171e+05
2.235779541063001670e+05
2.248172776099384064e+05
2.260687941119856259e+05
2.273587940844770055e+05
2.287279464173754095e+05
2.302259093954809650e+05
2.319040315192058624e+05
2.338072275739465258e+05
2.359663379686802800e+05
2.383922371885659231e+05
2.410726260562500684e+05
2.439719173380405700e+05
2.470340772836114920e+05
2.501878758640867891e+05
2.533537899349289364e+05
2.564517469126579526e+05
2.594088853689649259e+05
2.621664728042957722e+05
2.646850893981513800e+05
2.669472756710901740e+05
2.689571659628519556e+05
2.707371956620517303e+05
2.723226306275196257e+05
2.737551717894002213e+05
2.750770131774132024e+05
2.763264129623988993e+05
2.775352178686116822e+05
2.787281428296330851e+05
2.799232167517188354e+05
2.811327695513243671e+05
2.823645570468332153e+05
2.836228745906406548e+05
2.849096037681504386e+05
2.862250368891072576e+05
2.875681782857840299e+05
2.889362442564208177e+05
2.903233887599202571e+05
2.917191727226342773e+05
2.931076941233882681e+05
2.944683101133768796e+05
2.957783963050173479e+05
2.970177657621957478e+05
2.981735865043250378e+05
2.992442786840853514e+05
3.002411267704039929e+05
3.011870928712330642e+05
3.021132177605412435e+05
3.030536575400932343e+05
3.040405925745140994e+05
3.050999787069839658e+05
3.062486119282352738e+05
3.074925308950765175e+05
3.088265767719835858e+05
3.102349779793148045e+05
3.116929832475256990e+05
3.131696329673152068e+05
3.146316121429852210e+05
3.160477930139808450e+05
3.173937133438701276e+05
3.186550557954593096e+05
3.198293316831890261e+05
3.209254145457808627e+05
3.219611519942897139e+05
3.229597765810891869e+05
3.239460524973270949e+05
3.249429807550030528e+05
3.259695328390406212e+05
3.270394707168108434e+05
3.281610123668644810e+05
3.293370053509369027e+05
3.305653557727876469e+05
3.318396279596741078e+05
3.331498683893020498e+05
3.344837447224332718e+05
3.358280213027599966e+05
3.371702613579186145e+05
3.385005164560535923e+05
3.398126872032121755e+05
3.411052439785766765e+05
3.423810898292085622e+05
3.436465195647139917e+05
3.449094501716760569e+05
3.461773138464466319e+05
3.474551423913254985e+05
3.487443605681364425e+05
3.500426171875819564e+05
3.513446574441003613e+05
3.526438891425654874e+05
3.539340601935678278e+05
3.552104530598837300e+05
3.564702324157961411e+05
3.577119671933255740e+05
3.589347265044770320e+05
3.601373567847675877e+05
3.613184907720013289e+05
3.624775338126127608e+05
3.636164370515469927e+05
3.647416681763177621e+05
3.658655796208319953e+05
3.670064324168451712e+05
3.681866508801008458e+05
3.694293693691152730e+05
3.707538508522689226e+05
3.721707620150165749e+05
3.736784597266014316e+05
3.752613108877885388e+05
3.768906411801605718e+05
3.785282862554293242e+05
3.801320752884833491e+05
3.816621125030280673e+05
3.830865897762199747e+05
3.843860958691906417e+05
3.855558742925344268e+05
3.866060137066178140e+05
3.875599279120814754e+05
3.884516007285022642e+05
3.893219884618200595e+05
3.902148454317697906e+05
3.911722143894419423e+05
3.922299428075327305e+05
3.934137537085047807e+05
3.947364574813601794e+05
3.961967329703155556e+05
3.977795623864859226e+05
3.994580347840423346e+05
4.011960286363298073e+05
4.029513446152194520e+05
4.046791203569608624e+05
4.063356215867821011e+05
4.078825535884957644e+05
4.092917769491557847e+05
4.105498358774585067e+05
4.116612666569582652e+05
4.126495290844034171e+05
4.135547560368161649e+05
4.144282900653234683e+05
4.153249078936451697e+05
4.162943640301343985e+05
4.173741170673519373e+05
4.185847376217286219e+05
4.199286789304715348e+05
4.213921428101486526e+05
4.229490539283095859e+05
4.245659010509153595e+05
4.262064296911965357e+05
4.278356736388149438e+05
4.294232827653677086e+05
4.309462863332436536e+05
4.323912613426719327e+05
4.337555194583288394e+05
4.350466903720063274e+05
4.362802383470778004e+05
4.374750709796026349e+05
4.386482706934476737e+05
4.398106743387365132e+05
4.409651074677776778e+05
4.421083378472498734e+05
4.432364200274534523e+05
4.443515909810485318e+05
4.454679242027066066e+05
4.466130652452963404e+05
4.478246275174784823e+05
4.491417818785290583e+05
4.505944432250405080e+05
4.521934640133665525e+05
4.539249748888391769e+05
4.557506044954861864e+05
4.576133764117814135e+05
4.594474080177129945e+05
4.611887218598159379e+05
4.627846883100286941e+05
4.642005619953029091e+05
4.654227138846771559e+05
4.664589943921316881e+05
4.673369560175021179e+05
4.681005118576374371e+05
4.688053180740128737e+05
4.695130559016081970e+05
4.702849789953933214e+05
4.711754632998249144e+05
4.722265676539615379e+05
4.734645282637997880e+05
4.748986127006548923e+05
4.765220487131225527e+05
4.783141738895243034e+05
4.802428272187955445e+05
4.822663871216471889e+05
4.843355258841961622e+05
4.863953035371883889e+05
4.883883326760790660e+05
4.902593339917727862e+05
4.919606927477738936e+05
4.934580034057791345e+05
4.947343753028999781e+05
4.957925546257006936e+05
4.966545282546126982e+05
4.973589127500667819e+05
4.979568425900280708e+05
4.985071665758606396e+05
4.990716161254068138e+05
4.997103720959821949e+05
5.004782413886314025e+05
5.014214925331278355e+05
5.025752708171536797e+05
5.039614138214912382e+05
5.055864676582045504e+05
5.074398399937563227e+05
5.094923429791091476e+05
5.116957798889965052e+05
5.139844972577302251e+05
5.162797234180336818e+05
5.184969369221283705e+05
5.205555816020930069e+05
5.223895151609477471e+05
5.239560592950670398e+05
5.252416815269844374e+05
5.262631564315313008e+05
5.270642073250382673e+05
5.277086660185126821e+05
5.282717494651197921e+05
5.288310382722658105e+05
5.294583245062616188e+05
5.302129838223094121e+05
5.311371763098161900e+05
5.322530648008383578e+05
5.335622442782770377e+05
5.350475086608692072e+05
5.366768161747886334e+05
5.384088851839451818e+05
5.401994379650899209e+05
5.420069307470490457e+05
5.437967932520143222e+05
5.455437039077596273e+05
5.472320398069736548e+05
5.488550968657264020e+05
5.504137887390955584e+05
5.519152935348805040e+05
5.533716964572141878e+05
5.547983327227616683e+05
5.562114755110988626e+05
5.576252852950465167e+05
5.590484048460630002e+05
5.604810052525406936e+05
5.619132360154038761e+05
5.633258077953843167e+05
5.646929106565903639e+05
5.659870436649256153e+05
5.671848345910003409e+05
5.682727189495234052e+05
5.692514479144153884e+05
5.701386987522533163e+05
5.709694050276566995e+05
5.717936801201372873e+05
5.726723571640074952e+05
5.736703031149799936e+05
5.748479180901291547e+05
5.762516730808066204e+05
5.779050930724201025e+05
5.798020322985326638e+05
5.819041275305598974e+05
5.841437535654596286e+05
5.864326583798641805e+05
5.886750004596613580e+05
5.907822102327860193e+05
5.926864287077067420e+05
5.943495340431459481e+05
5.957659262818677817e+05
5.969589466062544379e+05
5.979724988044238416e+05
5.988605607948077377e+05
5.996774814007465029e+05
6.004712469136639265e+05
6.012805922957416624e+05
6.021354318505387055e+05
6.030590951435622992e+05
6.040705871361260070e+05
6.051855641085627722e+05
6.064156593466245104e+05
6.077667622576631838e+05
6.092374184676968725e+05
6.108184378522476181e+05
6.124941395875663729e+05
6.142447801534908358e+05
6.160490771114504896e+05
6.178857181279466022e+05
6.197333746944370214e+05
6.215697027481867699e+05
6.233705719826417044e+05
6.251108533736607060e+05
6.267673785606593592e+05
6.283234735337303719e+05
6.297733772101633949e+05
6.311244918510038406e+05
6.323960515885758214e+05
6.336142109408647520e+05
6.348051090999764856e+05
6.359884164314457448e+05
6.371737417727978900e+05
6.383611062721945345e+05
6.395450037510030670e+05
6.407201410650449106e+05
6.418864207450228278e+05
6.430512882896824740e+05
6.442288931571632857e+05
6.454369386255460558e+05
6.466929515891602496e+05
6.480116411788685946e+05
6.494041553681661608e+05
6.508788819708579686e+05
6.524425726105263457e+05
6.541004003043350531e+05
6.558541324973796727e+05
6.576986064260061830e+05
6.596176613065318670e+05
6.615812016563430661e+05
6.635449505422633374e+05
6.654537738515221281e+05
6.672484761391995708e+05
6.688750034482049523e+05
6.702943008578368463e+05
6.714908055760781281e+05
6.724777292428144719e+05
6.732978244492954109e+05
6.740191232665926218e+05
6.747260491758313728e+05
6.755072030975039816e+05
6.764418625226891600e+05
6.775876492669181898e+05
6.789717658841934754e+05
6.805875916916606948e+05
6.823973233173015760e+05
6.843399743008131627e+05
6.863427874477391597e+05
