6.810232228308542399e+05
6.787948183383875294e+05
6.766582728471165756e+05
6.746488852980555966e+05
6.727947854553229408e+05
6.711156475419214694e+05
6.696215396905328380e+05
6.683120947606695117e+05
6.671758919994580792e+05
6.661898285387038486e+05
6.653185052302959375e+05
6.645141714887171984e+05
6.637182523212537635e+05
6.628655273536501918e+05
6.618914120793025941e+05
6.607416049012156436e+05
6.593820597403834108e+05
6.578064468865612289e+05
6.560384705055047525e+05
6.541277111311298795e+05
6.521396437679794617e+05
6.501423838021140546e+05
6.481937604610384442e+05
6.463320892687492305e+05
6.445726361481620697e+05
6.429098382917798590e+05
6.413236535581502831e+05
6.397875528104151599e+05
6.382758228494361974e+05
6.367687376602456206e+05
6.352552504290150246e+05
6.337336515906346031e+05
6.322108781586656114e+05
6.307009257529199822e+05
6.292224197456304682e+05
6.277951937714171363e+05
6.264358932848093100e+05
6.251531096447490854e+05
6.239430910620043287e+05
6.227873477396917297e+05
6.216532597873571794e+05
6.204981162786019268e+05
6.192760806026345817e+05
6.179467137100091204e+05
6.164831798074831022e+05
6.148782564627473475e+05
6.131467535420389613e+05
6.113237625396085205e+05
6.094590915496082744e+05
6.076090629952140152e+05
6.058273665285747265e+05
6.041567470833942061e+05
6.026229595146132633e+05
6.012317615905506536e+05
5.999689780071000569e+05
5.988031031728496309e+05
5.976896811461867765e+05
5.965767941710613668e+05
5.954112256853694562e+05
5.941449962101957062e+05
5.927418479572599754e+05
5.911829211573925568e+05
5.894705551719992654e+05
5.876291484516202472e+05
5.857024820318024140e+05
5.837477577752647921e+05
5.818274995595565997e+05
5.800010186203235062e+05
5.783171042464264901e+05
5.768090046063255286e+05
5.754919136972555425e+05
5.743624839253854007e+05
5.733996278090205742e+05
5.725660859577755909e+05
5.718107003971931990e+05
5.710717140238364227e+05
5.702814705638693413e+05
5.693725717419295106e+05
5.682850220861638663e+05
5.669734182647005655e+05
5.654130355830502231e+05
5.636038007151632337e+05
5.615715307337078266e+05
5.593662877103354549e+05
5.570580802305418765e+05
5.547303633256304311e+05
5.524718830561685609e+05
5.503674860663422151e+05
5.484886609517110046e+05
5.468848064336543903e+05
5.455764334474456264e+05
5.445515425934364321e+05
5.437661380774191348e+05
5.431492194443277549e+05
5.426117556455564918e+05
5.420583228517220123e+05
5.413995218861611793e+05
5.405631412165776128e+05
5.395023161964834435e+05
5.381995493651970755e+05
5.366662331435227534e+05
5.349380942785454681e+05
5.330676390802667011e+05
5.311151360230614664e+05
5.291398580679701408e+05
5.271931613807673566e+05
5.253144797382086981e+05
5.235305320644914755e+05
5.218571562775271013e+05
5.203024639365499606e+05
5.188697206549609546e+05
5.175586385779079865e+05
5.163645530214415630e+05
5.152759676056561875e+05
5.142717956115429406e+05
5.133199469029693864e+05
5.123785553278272273e+05
5.114002348375770962e+05
5.103386539498168859e+05
5.091558724018596113e+05
5.078286227763570496e+05
5.063521128949112608e+05
5.047407529324894422e+05
5.030260823601396405e+05
5.012527205943903537e+05
4.994732339181810967e+05
4.977425148704595631e+05
4.961119108591318945e+05
4.946232173906332464e+05
4.933028854505605414e+05
4.921572425933767227e+05
4.911698754138685763e+05
4.903022578580469126e+05
4.894981218909214949e+05
4.886911181152342469e+05
4.878143726307152538e+05
4.868100013070240384e+05
4.856367087423535995e+05
4.842742215413821978e+05
4.827242057564300485e+05
4.810081464424993028e+05
4.791631664210251765e+05
4.772368574231532402e+05
4.752819818846398266e+05
4.733515481446026242e+05
4.714944218298812630e+05
4.697514067508566077e+05
4.681516469994041836e+05
4.667092716115114745e+05
4.654204050756142242e+05
4.642609500703902449e+05
4.631858183437419939e+05
4.621304141119064880e+05
4.610150436232712236e+05
4.597524831603498897e+05
4.582582438522356097e+05
4.564622954834461561e+05
4.543203897486795904e+05
4.518228788404069492e+05
4.489991810381487012e+05
4.459167697411089903e+05
4.426745730228067841e+05
4.393916972361648805e+05
4.361931751080356771e+05
4.331948371109830914e+05
4.304894088858030736e+05
4.281356505741504370e+05
4.261519082655039383e+05
4.245149280317125376e+05
4.231642005292556132e+05
4.220114332326041185e+05
4.209539953513285727e+05
4.198904418162698857e+05
4.187356784762887401e+05
4.174331877796134795e+05
4.159621326308898861e+05
4.143380883767519263e+05
4.126074354052813724e+05
4.108367577662028489e+05
4.090995786694313865e+05
4.074631489711343893e+05
4.059777033272127155e+05
4.046697462311243871e+05
4.035398345728365821e+05
4.025643448268517968e+05
4.017001230799505720e+05
4.008907983308394905e+05
4.000737757129167439e+05
3.991872735829281155e+05
3.981769881010801764e+05
3.970019465166535228e+05
3.956389107059665839e+05
3.940845240052155568e+05
3.923544964337603888e+05
3.904796263091714936e+05
3.884992808481991524e+05
3.864538131787476595e+05
3.843778877336367150e+05
3.822965198373082094e+05
3.802247724772473448e+05
3.781707815914524253e+05
3.761406057369128102e+05
3.741428061938576284e+05
3.721908939652358531e+05
3.703026987246249919e+05
3.684969036752806278e+05
3.667879689447704586e+05
3.651811215390685829e+05
3.636689818220399902e+05
3.622308961320379167e+05
3.608353777866804739e+05
3.594453757746777264e+05
3.580254542304623174e+05
3.565494298929809593e+05
3.550067027902201517e+05
3.534056057303732377e+05
3.517727053437496070e+05
3.501480267766357865e+05
3.485773264285082696e+05
3.471033671173220500e+05
3.457583235448186751e+05
3.445589128462143126e+05
3.435048706132456427e+05
3.425804141844813712e+05
3.417577299770629616e+05
3.410014271790422499e+05
3.402731798313916079e+05
3.395361432760114549e+05
3.387589236507744645e+05
3.379188226449661306e+05
3.370038978091189638e+05
3.360133015254065976e+05
3.349555744335234049e+05
3.338450894307383569e+05
3.326974912007370731e+05
3.315254554115074570e+05
3.303361311877244152e+05
3.291311325986011070e+05
3.279090529655735590e+05
3.266695272598083830e+05
3.254172496554824174e+05
3.241643269684364786e+05
3.229299313687165268e+05
3.217371752238219487e+05
3.206080940712759621e+05
3.195582401424169075e+05
3.185924692329044919e+05
3.177030737462130492e+05
3.168706748260257300e+05
3.160675120331521030e+05
3.152622036649214569e+05
3.144248328382604523e+05
3.135313507973432424e+05
3.125666715884216246e+05
3.115262851930418401e+05
3.104165603443172877e+05
3.092540295369276428e+05
3.080638463184126886e+05
3.068773942909950274e+05
3.057288873702279525e+05
3.046508830706646550e+05
3.036689726664721966e+05
3.027964046881941613e+05
3.020298251839884906e+05
3.013474514872087748e+05
3.007106987489594612e+05
3.000695674455871340e+05
2.993711490800101310e+05
2.985696933579663746e+05
2.976360979373843875e+05
2.965646496685353341e+05
2.953754256361511652e+05
2.941118165709700552e+05
2.928338513411928434e+05
2.916089860070529976e+05
2.905024477198564564e+05
2.895689713996543433e+05
2.888469799791342230e+05
2.883552879838306690e+05
2.880916537491847412e+05
2.880322396183945239e+05
2.881312981492589461e+05
2.883210000209112768e+05
2.885119637506089057e+05
2.885954801282252301e+05
2.884485065621577669e+05
2.879422185266387532e+05
2.869542932093451382e+05
2.853842359858240234e+05
2.831700541427748976e+05
2.803036319242300233e+05
2.768415671234787442e+05
2.729083222594491672e+05
2.686895261792663368e+05
2.644150536426049657e+05
2.603336952511993004e+05
2.566831738472089637e+05
2.536603590993912658e+05
2.513964534658502671e+05
2.499407562258883554e+05
2.492547988755607512e+05
2.492167729065271851e+05
2.496347284830509743e+05
2.502662336335345753e+05
2.508419859517130244e+05
2.510910206445148215e+05
2.507654000547340838e+05
2.496624530232109828e+05
2.476427673431818839e+05
2.446423447621449013e+05
2.406777344603734091e+05
2.358436116802568140e+05
2.303030848499775166e+05
2.242718317299246555e+05
2.179978122281554970e+05
2.117386837428911240e+05
2.057391541114639549e+05
2.002104129988856439e+05
1.953135519199700211e+05
1.911485365662854165e+05
1.877498061677357473e+05
1.850889133248583821e+05
1.830838054358576774e+05
1.816134858020699467e+05
1.805360404318010260e+05
1.797075457231837208e+05
1.789993012042089831e+05
1.783111876337177819e+05
1.775796643538637436e+05
1.767798487099553167e+05
1.759220895185785776e+05
1.750442859214204946e+05
1.742017744892608025e+05
1.734568208760371199e+05
1.728695752794382570e+05
1.724918177546688239e+05
1.723640360299697495e+05
1.725155146531483624e+05
1.729663744166628167e+05
1.737300741554550477e+05
1.748148899842880201e+05
1.762233218622073764e+05
1.779491227227626950e+05
1.799724888724951888e+05
1.822546518344021169e+05
1.847334758098504972e+05
1.873215963219293626e+05
1.899081607815137249e+05
1.923644815355793689e+05
1.945530772225296532e+05
1.963388563807371829e+05
1.976007467260413978e+05
1.982419844109162223e+05
1.981975581815608311e+05
1.974378806139660883e+05
1.959684929279018834e+05
1.938263261350618850e+05
1.910735735856296378e+05
1.877904682314964884e+05
1.840681783879114082e+05
1.800027022229694412e+05
1.756901768448517832e+05
1.712235622524900828e+05
1.666903301579658000e+05
1.621706525523157907e+05
1.577356595931703632e+05
1.534455816904841922e+05
1.493479199652822863e+05
1.454760837891999108e+05
1.418490718682634470e+05
1.384726704401973111e+05
1.353422937405370467e+05
1.324470917651643103e+05
1.297744724914802937e+05
1.273139260365210794e+05
1.250591352284316963e+05
1.230078242221844557e+05
1.211594997548301471e+05
1.195119353153488337e+05
1.180576763823077345e+05
1.167818349853483378e+05
1.156619913059100800e+05
1.146702998732267588e+05
1.137771821365399519e+05
1.129555344611958280e+05
1.121843247971698001e+05
1.114507548468087480e+05
1.107506558826242835e+05
1.100872568597384525e+05
1.094687683363552205e+05
1.089053339545451017e+05
1.084058749926129822e+05
1.079752811197823612e+05
1.076123325170550670e+05
1.073086666823148262e+05
1.070489876617963600e+05
1.068125322602751403e+05
1.065755792762074561e+05
1.063145759613092232e+05
1.060093285909566039e+05
1.056457004561819194e+05
1.052173773124251748e+05
1.047264601991475211e+05
1.041828763894446456e+05
1.036028084686256479e+05
1.030064840182215994e+05
1.024157136823350738e+05
1.018515092186713300e+05
1.013319870070266188e+05
1.008706292492465291e+05
1.004749034677831805e+05
1.001452680481092393e+05
9.987469570466349251e+04
9.964895059210715408e+04
9.944786330235157220e+04
9.924770239336010127e+04
9.902445899862221268e+04
9.875753876794352254e+04
9.843312841707516054e+04
9.804648453612870071e+04
9.760261341358235222e+04
9.711520711215346819e+04
9.660413424499989196e+04
9.609210181550931884e+04
9.560120813937697676e+04
9.514999166200308537e+04
9.475133188030435122e+04
9.441130401783504931e+04
9.412893079202427180e+04
9.389673910893172433e+04
9.370206203255483706e+04
9.352903297352191294e+04
9.336113182528944162e+04
9.318396856113619287e+04
9.298781211998073559e+04
9.276930481963310740e+04
9.253192121106301784e+04
9.228502617265425215e+04
9.204176531911856728e+04
9.181634619436801586e+04
9.162142887602001429e+04
9.146629619213657861e+04
9.135624989357314189e+04
9.129336139290613937e+04
9.127838176949744229e+04
9.131334736432386853e+04
9.140423141913133441e+04
9.156289358291613462e+04
9.180757169462450838e+04
9.216126372229262779e+04
9.264759884381841403e+04
9.328423152973045944e+04
9.407441247741208645e+04
9.499812211227981606e+04
9.600482304602494696e+04
9.701023875691441935e+04
9.789932380146117066e+04
9.853658932118292432e+04
9.878325443067491869e+04
9.851868040552560706e+04
9.766183033997559687e+04
9.618775645964515570e+04
9.413480116836681555e+04
9.160029046362778172e+04
8.872544116903115355e+04
8.567305501746162190e+04
8.260336146241509414e+04
7.965349338018706476e+04
7.692455531531138695e+04
7.447770310408153455e+04
7.233805933332326822e+04
7.050352598067898361e+04
6.895508272980421316e+04
6.766587740968495200e+04
6.660778708824790374e+04
6.575547161924147804e+04
6.508873595772246335e+04
6.459409588844540849e+04
6.426599564842796099e+04
6.410755658852792840e+04
6.413043674722138530e+04
6.435355157933320879e+04
6.480096913424887316e+04
6.549993610895638994e+04
6.648030553837494517e+04
6.777630052164031076e+04
6.943048938505894330e+04
7.149832934928451141e+04
7.405022462028254813e+04
7.716744975751133461e+04
8.092909876598107803e+04
8.538961132635168906e+04
9.054995702394597174e+04
9.632916057160211494e+04
1.025451102872286574e+05
1.089132556287019397e+05
1.150683578925771144e+05
1.206085335489888239e+05
1.251541381580960297e+05
1.284088538559839071e+05
1.302086299956648727e+05
1.305467097125586588e+05
1.295691361417936423e+05
1.275428479071430047e+05
1.248052123695291521e+05
1.217075560028705950e+05
1.185651015548644355e+05
1.156222754635355232e+05
1.130371667547914694e+05
1.108838277303591021e+05
1.091675068164354743e+05
1.078463901400608011e+05
1.068538141032237327e+05
1.061165334509935637e+05
1.055667251193632983e+05
1.051473819562140561e+05
1.048122628630436666e+05
1.045224850399127754e+05
1.042421532460509625e+05
1.039351617991072417e+05
1.035645758144592983e+05
1.030949779348430457e+05
1.024971148507686303e+05
1.017533820505574986e+05
1.008623709290212864e+05
9.984094695332653646e+04
9.872302641095303989e+04
9.755512559024440998e+04
9.638957820446282858e+04
9.527682652157619304e+04
9.425829665217299771e+04
9.336111857972753933e+04
9.259548683602291567e+04
9.195493267178867245e+04
9.141930349805048900e+04
9.095987022406516189e+04
9.054571976998944592e+04
9.015044709568978578e+04
8.975816125359392026e+04
8.936798609466248308e+04
8.899655691472014587e+04
8.867841665557287342e+04
8.846457133423573396e+04
8.841963831820184714e+04
8.861793875875549566e+04
8.913859090679239307e+04
9.005932439567305846e+04
9.144859744614301599e+04
9.335586389127461007e+04
9.580055772619221534e+04
9.876136934662891144e+04
1.021683046925441595e+05
1.059003867231939221e+05
1.097913240292062983e+05
1.136439700949453254e+05
1.172522457399604173e+05
1.204270300738044316e+05
1.230210773934127938e+05
1.249478416541644547e+05
1.261903255909001600e+05
1.267983741728398600e+05
1.268755013416181027e+05
1.265585835260956374e+05
1.259949756296225387e+05
1.253215853270403604e+05
1.246493593582762987e+05
1.240549461815972027e+05
1.235795382339767530e+05
1.232335015304541157e+05
1.230046083150335762e+05
1.228675277762075566e+05
1.227925741977515281e+05
1.227523620833606692e+05
1.227257713152300566e+05
1.226993169705160253e+05
1.226665326680888684e+05
1.226262469203424407e+05
1.225806406002893636e+05
1.225337530241899221e+05
1.224907383397998201e+05
1.224577848990988277e+05
1.224423261528659059e+05
1.224530835426426202e+05
1.224996079866163200e+05
1.225912610823158320e+05
1.227358741871759121e+05
1.229385086187197012e+05
1.232007287818685581e+05
1.235205967447877629e+05
1.238932961374040606e+05
1.243120384477068292e+05
1.247688216293805308e+05
1.252547469330982567e+05
1.257598988358509669e+05
1.262731191427047888e+05
1.267822078423463245e+05
1.272750630841112143e+05
1.277420313949913107e+05
1.281793688715130411e+05
1.285933478468321409e+05
1.290042922598843143e+05
1.294497343973536772e+05
1.299859358040453808e+05
1.306871557127791748e+05
1.316422457986720547e+05
1.329484030355274444e+05
1.347022503774353245e+05
1.369888499227025022e+05
1.398697430714552756e+05
1.433715527262975520e+05
1.474769399116183049e+05
1.521196741865243821e+05
1.571852202851587208e+05
1.625176108707303356e+05
1.679325644037932798e+05
1.732359156311318511e+05
1.782455264160493098e+05
1.828140024285218969e+05
1.868488669192206580e+05
1.903265299544902809e+05
1.932966953501133248e+05
1.958749850407540798e+05
1.982235627894824720e+05
2.005221284529588884e+05
2.029342274743046437e+05
2.055755845402398263e+05
2.084914082368860545e+05
2.116479893036413414e+05
2.149406842396238644e+05
2.182163831608258188e+05
2.213049894410278066e+05
2.240523919860863243e+05
2.263474948804389569e+05
2.281379637280945899e+05
2.294326735473033332e+05
2.302922869988008752e+05
2.308119405116984271e+05
2.311010965086883225e+05
2.312652187181279587e+05
2.313924762799795135e+05
2.315468098627844302e+05
2.317669775956776284e+05
2.320700171376145154e+05
2.324570540040001797e+05
2.329195041955502238e+05
2.334442840328564052e+05
2.340174087571784912e+05
2.346260788422692567e+05
2.352598098089447594e+05
2.359112515269528667e+05
2.365770977641390928e+05
2.372590614666530455e+05
2.379645014450562885e+05
2.387061183171102020e+05
2.395002756398331840e+05
2.403639008983979002e+05
2.413104320370453934e+05
2.423457073997921252e+05
2.434648842006767809e+05
2.446513260990130366e+05
2.458779459688895149e+05
2.471108549093035108e+05
2.483145542065871705e+05
2.494575195772384177e+05
2.505169978822249977e+05
2.514821622026603145e+05
2.523553078010845638e+05
2.531512951912386925e+05
2.538957571999782813e+05
2.546226037793011055e+05
2.553711549522741407e+05
2.561829887528944528e+05
2.570984879365616071e+05
2.581531825013465714e+05
2.593742423425021989e+05
2.607776991903272283e+05
2.623669950026521110e+05
2.641331986157808569e+05
2.660567875277634012e+05
2.681104473543313798e+05
2.702620924389443826e+05
2.724773586370619014e+05
2.747211313091090997e+05
2.769581132917443756e+05
2.791528430807797704e+05
2.812698109004415455e+05
2.832743233596607461e+05
2.851345355902829906e+05
2.868246604323204956e+05
2.883288876127937110e+05
2.896451536210167687e+05
2.907877506825908786e+05
2.917879452685317374e+05
2.926922635071440600e+05
2.935587248917451361e+05
2.944518202257762896e+05
2.954372233255157480e+05
2.965770306550093228e+05
2.979258544199640746e+05
2.995275977843303117e+05
3.014124698988628224e+05
3.035938930242358474e+05
3.060653742287993082e+05
3.087979606365781510e+05
3.117393018084949581e+05
3.148153849470273708e+05
3.179356080490503809e+05
3.210011071852850728e+05
3.239153900898912107e+05
3.265956322631557123e+05
3.289826894911665004e+05
3.310480592846866348e+05
3.327966106199975475e+05
3.342647089092266397e+05
3.355141739622099558e+05
3.366231559449256165e+05
3.376754177602079581e+05
3.387496613105081487e+05
3.399104445844328147e+05
3.412019167387934285e+05
3.426450656950079137e+05
3.442384906012957799e+05
3.459620206625378341e+05
3.477819997496563592e+05
3.496569179282293771e+05
3.515423512138942606e+05
3.533947498120725504e+05
3.551742342591778142e+05
3.568469380490696640e+05
3.583874117212610436e+05
3.597812146780941403e+05
3.610272850788189098e+05
3.621392818674489390e+05
3.631450522913574241e+05
3.640837429129364900e+05
3.650007158306696219e+05
3.659411190866533434e+05
3.669434455505484948e+05
3.680345271509854356e+05
3.692271003036184702e+05
3.705204189420745824e+05
3.719035632237124373e+05
3.733603360984819010e+05
3.748741973994257860e+05
3.764317204546039575e+05
3.780235889121154905e+05
3.796430269773459877e+05
3.812824823645697907e+05
3.829300281180464663e+05
3.845670775799032417e+05
3.861685667915837839e+05
3.877059143972391612e+05
3.891521305966335349e+05
3.904877421043706127e+05
3.917059470662607346e+05
3.928156478223743616e+05
3.938415960237816325e+05
3.948216005708498415e+05
3.958013820456579560e+05
3.968280764078362845e+05
3.979435591146523948e+05
3.991787061207818915e+05
4.005494803755081957e+05
4.020553805591442506e+05
4.036803638493435574e+05
4.053959224686780944e+05
4.071656371597247780e+05
4.089503287897463306e+05
4.107129264427033486e+05
4.124223536908482201e+05
4.140560361583281774e+05
4.156009571455575060e+05
4.170534488022607984e+05
4.184180595050746342e+05
4.197058868394228630e+05
4.209327432831113110e+05
4.221174611324711004e+05
4.232805524443120230e+05
4.244433031307663769e+05
4.256271886553952354e+05
4.268532896900747437e+05
4.281412593423202052e+05
4.295074729084408027e+05
4.309623393299883464e+05
4.325072901660436764e+05
4.341324513728316524e+05
4.358161500222667237e+05
4.375270258485159138e+05
4.392286741839118185e+05
4.408857820715219132e+05
4.424700953458592994e+05
4.439646078546376084e+05
4.453651004735866445e+05
4.466792212983003701e+05
4.479241501906170743e+05
4.491241029500959557e+05
4.503084291593290400e+05
4.515101701410224196e+05
4.527642153551154188e+05
4.541040841357487370e+05
4.555569754453961505e+05
4.571377730469779926e+05
4.588436250416932162e+05
4.606510417875885614e+05
4.625169829948439146e+05
4.643843201205650694e+05
4.661908050108786556e+05
4.678797094246666529e+05
4.694098965050850529e+05
4.707632650103701162e+05
4.719481122637984809e+05
4.729977916508380440e+05
4.739649440422150074e+05
4.749124555299574859e+05
4.759030127985285362e+05
4.769895052379353438e+05
4.782083554688169388e+05
4.795770578548099147e+05
4.810959242508079042e+05
4.827527002159415279e+05
4.845278657274925499e+05
4.863984733418482356e+05
4.883393286729291431e+05
4.903217719069244340e+05
4.923116030281780986e+05
4.942682056379021960e+05
4.961464388450718252e+05
4.979016416272000060e+05
4.994967213410067488e+05
5.009093886799524771e+05
5.021374880975832348e+05
5.032009907574788085e+05
5.041402046091047814e+05
5.050106864647908369e+05
5.058759363226755522e+05
5.067991687119363924e+05
5.078354101670368691e+05
5.090250135267586447e+05
5.103894714735774323e+05
5.119301152145604719e+05
5.136298343802133459e+05
5.154573629550480400e+05
5.173730868740447331e+05
5.193349758984797518e+05
5.213033263582056388e+05
5.232435527124481741e+05
5.251270831522936933e+05
5.269311341521085706e+05
5.286384168774953578e+05
5.302375369708964135e+05
5.317241675545279868e+05
5.331024018158739200e+05
5.343854148435911629e+05
5.355948258593095234e+05
5.367587546362956055e+05
5.379091000363968778e+05
5.390786851035665022e+05
5.402985682296904270e+05
5.415953207432003692e+05
5.429878752203787444e+05
5.444839350487237098e+05
5.460767663545333780e+05
5.477439389312999556e+05
5.494496243410855532e+05
5.511510955303868977e+05
5.528083765812747879e+05
5.543943397637045709e+05
5.559018305995535338e+05
5.573451297818123130e+05
5.587550431965083117e+05
5.601693090655222768e+05
5.616217438194876304e+05
5.631338391665946692e+05
5.647112875178513350e+05
5.663457829017824261e+05
5.680204238362866454e+05
5.697159972587632947e+05
5.714156691122886259e+05
5.731068324756438378e+05
5.747803536566243274e+05
5.764285004178205272e+05
5.780430689906094922e+05
5.796147362966107903e+05
5.811338546300326707e+05
5.825922286055977456e+05
5.839851343072155723e+05
5.853129574345067376e+05
5.865821484607494203e+05
5.878054875180989038e+05
5.890017801482917275e+05
5.901950633749419358e+05
5.914132837662481470e+05
5.926863313101760577e+05
5.940433496781889116e+05
5.955094028747136472e+05
5.971018118799278745e+05
5.988267048616216052e+05
6.006764712386812316e+05
6.026288122411356308e+05
6.046479088937836932e+05
6.066878912756999489e+05
6.086983398259950336e+05
6.106310670065286104e+05
6.124470293973606313e+05
6.141220273410272785e+05
6.156499594622174045e+05
6.170428482958647655e+05
6.183275777578102425e+05
6.195401091333312215e+05
6.207186170367936138e+05
6.218972622358798981e+05
6.231020595251352061e+05
6.243495681505266111e+05
6.256481923094409285e+05
6.270010940898633562e+05
6.284093896462508710e+05
6.298745051357921911e+05
6.313991380290690577e+05
6.329868720243989956e+05
6.346408399941320531e+05
6.363618416100970935e+05
6.381461699358662590e+05
6.399833645720810164e+05
6.418543537590778433e+05
6.437308640720120165e+05
6.455772050658650696e+05
6.473551926766169490e+05
6.490319388765753247e+05
6.505888168529922841e+05
6.520287671406202717e+05
6.533789242238110164e+05
6.546866424985250924e+05
6.560091253350893967e+05
6.573992252444920596e+05
6.588916088709773030e+05
6.604936421121864114e+05
6.621839119207619224e+05
6.639187867854356300e+05
6.656447903261581669e+05
6.673128130783862434e+05
6.688899232777321013e+05
6.703657448908620281e+05
6.717524559229095466e+05
6.730795372128757881e+05
6.743856990889234003e+05
6.757105950818440178e+05
6.770881934076179750e+05
6.785425712676299736e+05
6.800860041616354138e+05
6.817188487459865864e+05
6.834307905593116302e+05
6.852032259480399080e+05
6.870125641228795284e+05
6.888339952647067839e+05
6.906449640385798411e+05
6.924275125266689574e+05
6.941689874789016321e+05
6.958612531596880872e+05
6.974991946630725870e+05
6.990795814557003323e+05
7.006011097405225737e+05
7.020657647110342514e+05
7.034808777978272410e+05
7.048607821607652586e+05
7.062270190717352089e+05
7.076065800068810349e+05
7.090284104679148877e+05
7.105189910846607527e+05
7.120979911543944618e+05
7.137747389045014279e+05
7.155457974954264937e+05
7.173936167943523033e+05
7.192862904047949705e+05
7.211788512706054607e+05
7.230169520291871158e+05
7.247437336784268264e+05
7.263098907491092104e+05
7.276855157816440333e+05
7.288708319771372480e+05
7.299022016044262564e+05
7.308504329118037131e+05
7.318104325371565064e+05
7.328840149713731371e+05
7.341600976150948554e+05
7.356975449471516768e+05
7.375150961580491858e+05
7.395904357035608264e+05
7.418675293688289821e+05
7.442690416473562364e+05
7.467098201051856158e+05
7.491082044653706253e+05
7.513936848364463076e+05
7.535112058168634539e+05
7.554233487778560957e+05
7.571114519311169861e+05
7.585758412628381047e+05
7.598345259282933548e+05
7.609196359291811241e+05
7.618717030166354962e+05
7.627331406904091127e+05
7.635431516502664890e+05
