6.122607103526280262e+05
6.110482258797200629e+05
6.098522320059986087e+05
6.086260795954924542e+05
6.073303362917348277e+05
6.059408992396639660e+05
6.044537026589543093e+05
6.028851744762937305e+05
6.012687661098180106e+05
5.996487956546413479e+05
5.980732137181092985e+05
5.965866764899938134e+05
5.952247133231856860e+05
5.940091817064379575e+05
5.929449381181315985e+05
5.920178108137566596e+05
5.911943400519052520e+05
5.904239802103233524e+05
5.896442277793578105e+05
5.887884151740957750e+05
5.877949839424632955e+05
5.866163874681859743e+05
5.852257435855112271e+05
5.836200158853334142e+05
5.818195473326932406e+05
5.798647123980190372e+05
5.778108918594353599e+05
5.757228063998579746e+05
5.736687042579988483e+05
5.717143951675952412e+05
5.699169996725680539e+05
5.683186220975931501e+05
5.669407454365991289e+05
5.657806102026260924e+05
5.648108445870485157e+05
5.639830483059353428e+05
5.632350607299588155e+05
5.625006211315548280e+05
5.617194359620313626e+05
5.608455472841435112e+05
5.598523670750756282e+05
5.587336208788388176e+05
5.575004426726902602e+05
5.561757017413058784e+05
5.547871331342682242e+05
5.533609155026102671e+05
5.519170292802342447e+05
5.504671469969820464e+05
5.490151147280773148e+05
5.475594503867784515e+05
5.460968555503613316e+05
5.446255955424605636e+05
5.431477516891376581e+05
5.416697275737442542e+05
5.402009002083445666e+05
5.387508423162641702e+05
5.373259979941446800e+05
5.359269590610148152e+05
5.345474530494661303e+05
5.331757498210989870e+05
5.317984651259296807e+05
5.304058785876363982e+05
5.289971980730622308e+05
5.275839947652556002e+05
5.261904472018152010e+05
5.248499546631242847e+05
5.235987689291905845e+05
5.224681344018150703e+05
5.214767349442189443e+05
5.206249971468736185e+05
5.198922134695273126e+05
5.192368358719888492e+05
5.185998644823076902e+05
5.179110260793863563e+05
5.170972501251412323e+05
5.160926417140156846e+05
5.148487014163873973e+05
5.133431240309398272e+05
5.115853922283774009e+05
5.096177617027910310e+05
5.075110925223249942e+05
5.053560707542785676e+05
5.032513301527205622e+05
5.012905340002518496e+05
4.995505060356410104e+05
4.980820974670472788e+05
4.969048452503316803e+05
4.960058112139908480e+05
4.953424114512656233e+05
4.948485910671845195e+05
4.944433755547211622e+05
4.940406450412861304e+05
4.935589462256592815e+05
4.929302730324980221e+05
4.921069607374541229e+05
4.910660681388150551e+05
4.898108058803371387e+05
4.883687166402878356e+05
4.867865177991723176e+05
4.851218975438034395e+05
4.834331516092121019e+05
4.817682399696795619e+05
4.801553557926172507e+05
4.785971199353502016e+05
4.770698711576139322e+05
4.755283211252656765e+05
4.739144677130161435e+05
4.721686106934028794e+05
4.702399669856799301e+05
4.680948059919949737e+05
4.657209614377524704e+05
4.631285997792112175e+05
4.603478761439010268e+05
4.574244509187865769e+05
4.544138634718520334e+05
4.513756478298325674e+05
4.483679515683160862e+05
4.454432810015035793e+05
4.426457693081894540e+05
4.400100161905418499e+05
4.375611533724501496e+05
4.353155039340593503e+05
4.332811587238134234e+05
4.314580146231910330e+05
4.298372110588392243e+05
4.284003086332386592e+05
4.271188447777768015e+05
4.259550026935667847e+05
4.248640112039935775e+05
4.237985398926755879e+05
4.227147786954657058e+05
4.215791881275094347e+05
4.203742942054977757e+05
4.191016861568197492e+05
4.177808084182412131e+05
4.164432457707583089e+05
4.151236790554900654e+05
4.138499798921238398e+05
4.126354375890973606e+05
4.114755614472172456e+05
4.103504211864635581e+05
4.092316379695229116e+05
4.080916468664284912e+05
4.069122796700182953e+05
4.056902110619742889e+05
4.044380664819276426e+05
4.031814314908289234e+05
4.019530736083578668e+05
4.007860931610807893e+05
3.997075056657093228e+05
3.987332151923418860e+05
3.978648054296507034e+05
3.970882646318206680e+05
3.963746849807863473e+05
3.956829966862906585e+05
3.949647345912947203e+05
3.941705816950004664e+05
3.932580029306560755e+05
3.921987985931901494e+05
3.909850576250882004e+05
3.896319639708616887e+05
3.881763273599153617e+05
3.866705723719825619e+05
3.851730633743841900e+05
3.837367532665344188e+05
3.823988373467970523e+05
3.811740602867690031e+05
3.800534750452931039e+05
3.790089926287750714e+05
3.780024388842624030e+05
3.769965758327160147e+05
3.759650534657283570e+05
3.748986661823042668e+05
3.738064288769564591e+05
3.727114783016697620e+05
3.716431924633845338e+05
3.706278222293343279e+05
3.696801309140064404e+05
3.687980361815572833e+05
3.679612432479353156e+05
3.671336919772247784e+05
3.662686931463339715e+05
3.653151854191542952e+05
3.642236835373261129e+05
3.629510545852311770e+05
3.614639417130377260e+05
3.597411397448003408e+05
3.577753458734899759e+05
3.555744979775249376e+05
3.531625627096259268e+05
3.505793652550937841e+05
3.478790001157894148e+05
3.451265410713204765e+05
3.423931003314481932e+05
3.397496628841652418e+05
3.372604442711332813e+05
3.349767098374398192e+05
3.329319891084708506e+05
3.311393907148335711e+05
3.295913068122073309e+05
3.282613107716541272e+05
3.271076713607839192e+05
3.260777777643512818e+05
3.251129261369359447e+05
3.241532445299591636e+05
3.231428136863788823e+05
3.220350747341410024e+05
3.207983295619774726e+05
3.194206472411230789e+05
3.179130446721713524e+05
3.163096930621637730e+05
3.146642856115107425e+05
3.130425529888661113e+05
3.115119843634447898e+05
3.101307254511381034e+05
3.089380229962484445e+05
3.079482825741736451e+05
3.071498813673797413e+05
3.065086464049532660e+05
3.059747945637275698e+05
3.054914817816773430e+05
3.050030617108818842e+05
3.044616067310504150e+05
3.038309463760014041e+05
3.030881710023566266e+05
3.022230691221256275e+05
3.012362653027206543e+05
3.001369116350414115e+05
2.989406706564698834e+05
2.976684177013176377e+05
2.963456344271135167e+05
2.950019982885765494e+05
2.936703980023229960e+05
2.923846957552696113e+05
2.911760375551353791e+05
2.900682067960738204e+05
2.890731107895659516e+05
2.881876967874247348e+05
2.873933035025937716e+05
2.866577933671535575e+05
2.859400665555607993e+05
2.851960178735774243e+05
2.843848096279227757e+05
2.834744620304945856e+05
2.824460540288645425e+05
2.812961256202799850e+05
2.800371048910002573e+05
2.786957687171704601e+05
2.773099403042232734e+05
2.759238499405827024e+05
2.745827923458232544e+05
2.733278205630648881e+05
2.721911596331624896e+05
2.711928117878211197e+05
2.703385432651760639e+05
2.696192081864122301e+05
2.690112621845948743e+05
2.684783545111458516e+05
2.679739901617902797e+05
2.674453149707517587e+05
2.668380118649955257e+05
2.661020877676925738e+05
2.651980348687958322e+05
2.641025724745611078e+05
2.628130274043399841e+05
2.613494684153495764e+05
2.597539897146658623e+05
2.580869893913945707e+05
2.564208050117324456e+05
2.548315213358070469e+05
2.533900440249029198e+05
2.521535876993180136e+05
2.511585838180134306e+05
2.504157612739528704e+05
2.499078910257692041e+05
2.495904744778457389e+05
2.493954804780006525e+05
2.492380269088827190e+05
2.490255866478569224e+05
2.486688644402188656e+05
2.480930312916513358e+05
2.472476859890334890e+05
2.461139132804100518e+05
2.447072096047190716e+05
2.430757835879208287e+05
2.412946014986964001e+05
2.394562695683847123e+05
2.376602154698659142e+05
2.360015915834411571e+05
2.345609866360624146e+05
2.333956237919378327e+05
2.325324628064100398e+05
2.319636197881992557e+05
2.316447137863215175e+05
2.314969483641678526e+05
2.314136927251357120e+05
2.312718631506371021e+05
2.309475096710576909e+05
2.303338766262574354e+05
2.293591804498944839e+05
2.280008268790890870e+05
2.262930547304130450e+05
2.243260872818912321e+05
2.222365557099684956e+05
2.201907774056231719e+05
2.183639101428682916e+05
2.169186630653946777e+05
2.159869762201445701e+05
2.156570143786787521e+05
2.159663167012059130e+05
2.169004666864500323e+05
2.183956300560007803e+05
2.203430297518410662e+05
2.225939268783140287e+05
2.249647331769588927e+05
2.272430662813628151e+05
2.291963684878940694e+05
2.305847389971314406e+05
2.311787405809242628e+05
2.307813441987968108e+05
2.292513778985333629e+05
2.265244843041910208e+05
2.226271931446386443e+05
2.176805081067226129e+05
2.118912341155160684e+05
2.055316547464228643e+05
1.989104823143813992e+05
1.923396688838356349e+05
1.861023170457816159e+05
1.804264767356291995e+05
1.754682366956041369e+05
1.713055885026019532e+05
1.679425223427285964e+05
1.653211546474951610e+05
1.633387146707432694e+05
1.618660568597721867e+05
1.607649193441306998e+05
1.599021347776309995e+05
1.591600608466001577e+05
1.584433299239542685e+05
1.576824670613563794e+05
1.568350139687169285e+05
1.558846672385990387e+05
1.548387637223555939e+05
1.537243426126631966e+05
1.525830136568463058e+05
1.514649295485281909e+05
1.504222458121659292e+05
1.495025223449308251e+05
1.487425747482659353e+05
1.481633269462085154e+05
1.477662390398312709e+05
1.475318503056829504e+05
1.474208411348849186e+05
1.473777530186056974e+05
1.473371293019716977e+05
1.472314169754866743e+05
1.469995991669818468e+05
1.465953088558378222e+05
1.459931754988303292e+05
1.451923929250324436e+05
1.442169250107409898e+05
1.431122960048694222e+05
1.419394388031771232e+05
1.407665049465307384e+05
1.396598164618304290e+05
1.386752386633861461e+05
1.378511739921893750e+05
1.372041299731392646e+05
1.367274214586309099e+05
1.363930755443291564e+05
1.361564987786138372e+05
1.359630468469189946e+05
1.357554034117665433e+05
1.354806727436301881e+05
1.350962921722667234e+05
1.345741872342369461e+05
1.339029202561483544e+05
1.330878484952138097e+05
1.321494912529633730e+05
1.311204287041806965e+05
1.300411486205609399e+05
1.289553299584974593e+05
1.279050884334455623e+05
1.269266862816790526e+05
1.260471207626969117e+05
1.252818726705488662e+05
1.246339488445659226e+05
1.240942157634119067e+05
1.236429020186735142e+05
1.232520432458104042e+05
1.228885571345659991e+05
1.225175849513299909e+05
1.221057404466185253e+05
1.216239736866178428e+05
1.210498664995054423e+05
1.203692878650365019e+05
1.195774126485518937e+05
1.186791287650331651e+05
1.176888380933200824e+05
1.166296247114639118e+05
1.155317484825842694e+05
1.144304374466744339e+05
1.133630012621756032e+05
1.123653688546628546e+05
1.114682662668394332e+05
1.106933899489865580e+05
1.100500727214554208e+05
1.095330361562636244e+05
1.091218121975040267e+05
1.087822501369994861e+05
1.084701985146874067e+05
1.081370213738477760e+05
1.077361814312540228e+05
1.072298231751284038e+05
1.065942143945126154e+05
1.058230905088695436e+05
1.049283504098780832e+05
1.039380679674933490e+05
1.028922718574622122e+05
1.018372859496921010e+05
1.008195491854382271e+05
9.987976156798854936e+04
9.904801026671900763e+04
9.834031752598866296e+04
9.775688972705054039e+04
9.728223845014206017e+04
9.688723293736860796e+04
9.653295685022944235e+04
9.617595406877758796e+04
9.577411616275078268e+04
9.529221820849750657e+04
9.470609016335502383e+04
9.400468740419235837e+04
9.318984122613337240e+04
9.227405746121343691e+04
9.127717481303399836e+04
9.022283628633570333e+04
8.913554073203825101e+04
8.803864129731526191e+04
8.695323781182836683e+04
8.589764765991587774e+04
8.488711133458686527e+04
8.393354597707108769e+04
8.304536891695961822e+04
8.222753445548060699e+04
8.148189143916319881e+04
8.080780840478287428e+04
8.020283610355941346e+04
7.966310618257659371e+04
7.918326657098461874e+04
7.875600141097801679e+04
7.837146423423533270e+04
7.801712366152320465e+04
7.767847611532900191e+04
7.734080808564287145e+04
7.699178444618494541e+04
7.662425931271357695e+04
7.623850949217616289e+04
7.584316412471914373e+04
7.545442748370525078e+04
7.509365024859650293e+04
7.478373910171135503e+04
7.454516619581967825e+04
7.439237856394998380e+04
7.433122824628047238e+04
7.435773169354896527e+04
7.445813837088420405e+04
7.461004800101999717e+04
7.478422180267104704e+04
7.494678184689827322e+04
7.506162601283396361e+04
7.509301774317937088e+04
7.500836261746531818e+04
7.478112263584029279e+04
7.439366712702602672e+04
7.383968877463715035e+04
7.312571571603119082e+04
7.227129718080462771e+04
7.130765102297917474e+04
7.027489649320364697e+04
6.921836719027809158e+04
6.818480044725307380e+04
6.721933325334594701e+04
6.636413428713317262e+04
6.565914159154611116e+04
6.514478143137056759e+04
6.486580480380825611e+04
6.487465874627354788e+04
6.523234713889170962e+04
6.600479736260499340e+04
6.725353987460196367e+04
6.902104455850817612e+04
7.131306363548774971e+04
7.408222140747235972e+04
7.721810884437197819e+04
8.054863300861728203e+04
8.385511523782325094e+04
8.690005622320463590e+04
8.946263676698924974e+04
9.137423241577726731e+04
9.254558348772837780e+04
9.297915194077143678e+04
9.276405843660523533e+04
9.205554030428663827e+04
9.104460276063739730e+04
8.992533275527216028e+04
8.886686957082315348e+04
8.799475926909170812e+04
8.738335871003063221e+04
8.705815615528645867e+04
8.700506633229370345e+04
8.718316311963977932e+04
8.753771862992829119e+04
8.801137824418676610e+04
8.855236668080053641e+04
8.911948474442008592e+04
8.968420268113086058e+04
9.023041560714528896e+04
9.075250276258340455e+04
9.125232821129445801e+04
9.173579470154135197e+04
9.220952136588767462e+04
9.267813514980724722e+04
9.314252243151018047e+04
9.359918648046367161e+04
9.404063776836640318e+04
9.445656563945231028e+04
9.483545005791394215e+04
9.516628678158168623e+04
9.544019389255061105e+04
9.565178860906351474e+04
9.580031089477735804e+04
9.589048311589102377e+04
9.593302809765623533e+04
9.594465974624667433e+04
9.594728291059136973e+04
9.596617112254039967e+04
9.602707900776575843e+04
9.615256971670147323e+04
9.635819723062185221e+04
9.664942878697867854e+04
9.702018622544598475e+04
9.745357241982377309e+04
9.792480031930783298e+04
9.840573637513365247e+04
9.887002361845350242e+04
9.929762210264103487e+04
9.967782903421243827e+04
1.000103139637369895e+05
1.003042382615457027e+05
1.005759387974185229e+05
1.008458400811905303e+05
1.011352248646601656e+05
1.014633327211608848e+05
1.018450833026581531e+05
1.022896079938239855e+05
1.027997207338852750e+05
1.033724098827738489e+05
1.040003251235070202e+05
1.046740480368922435e+05
1.053847207474995521e+05
1.061264584387574578e+05
1.068979757943457953e+05
1.077030408187027060e+05
1.085496762497086893e+05
1.094483462858305720e+05
1.104095820333210431e+05
1.114415550675389386e+05
1.125480226924278832e+05
1.137269129048277391e+05
1.149696710438870359e+05
1.162613986140252673e+05
1.175817746163791599e+05
1.189067251621295291e+05
1.202107589145832608e+05
1.214697944205615931e+05
1.226641788873282057e+05
1.237814689117600938e+05
1.248184606198149850e+05
1.257819735297318111e+05
1.266880512792423542e+05
1.275595483319054765e+05
1.284224699821771792e+05
1.293018061738651013e+05
1.302178018360548595e+05
1.311835267442383629e+05
1.322042349737998447e+05
1.332784515491993516e+05
1.344001941081591940e+05
1.355614338526636711e+05
1.367539336525467224e+05
1.379699400665066496e+05
1.392016963153608667e+05
1.404401866620377696e+05
1.416737671198156313e+05
1.428873327355637739e+05
1.440624687669931154e+05
1.451787387691124168e+05
1.462159837842526322e+05
1.471573134360224358e+05
1.479923864466947853e+05
1.487205938336630061e+05
1.493538369588763744e+05
1.499186804942578892e+05
1.504576938635880942e+05
1.510297244674309622e+05
1.517086730488183966e+05
1.525801477740309201e+05
1.537353171610162244e+05
1.552615403907927393e+05
1.572300264318793779e+05
1.596817895381348499e+05
1.626142536560252775e+05
1.659715997052532330e+05
1.696419495797992859e+05
1.734635354374533927e+05
1.772402269844647089e+05
1.807646175757139863e+05
1.838449239560361311e+05
1.863308268115618266e+05
1.881334216239032976e+05
1.892356531275462476e+05
1.896916197125378530e+05
1.896153967588171363e+05
1.891619666078367445e+05
1.885040430169280153e+05
1.878088773080469109e+05
1.872186182827738521e+05
1.868367234043084027e+05
1.867215989881523710e+05
1.868873620798098564e+05
1.873105619571809075e+05
1.879409815180495789e+05
1.887142980410118180e+05
1.895644155888900277e+05
1.904336500838809588e+05
1.912795752892511082e+05
1.920780998126081831e+05
1.928230824569339457e+05
1.935233461641966423e+05
1.941982098703712691e+05
1.948726051425099431e+05
1.955725633136602119e+05
1.963214976042702910e+05
1.971374127286649600e+05
1.980310369675371330e+05
1.990048781045853393e+05
2.000532661780115450e+05
2.011634525749581808e+05
2.023177208429145394e+05
2.034962474437530327e+05
2.046802234121154179e+05
2.058546273200335272e+05
2.070101011147081153e+05
2.081436134801570443e+05
2.092579107889548759e+05
2.103600346802735585e+05
2.114593448870605498e+05
2.125655167375662422e+05
2.136869345239977119e+05
2.148298286405239778e+05
2.159984115972940635e+05
2.171961069759610109e+05
2.184276853027535544e+05
2.197017437426467077e+05
2.210326243455363438e+05
2.224407571053685970e+05
2.239506943608850415e+05
2.255867692522823636e+05
2.273671614735013572e+05
2.292978574082342966e+05
2.313682385325662617e+05
2.335496834983469453e+05
2.357977315160004073e+05
2.380573341229119396e+05
2.402698928287279850e+05
2.423804254685821652e+05
2.443434088825557264e+05
2.461264735603231238e+05
2.477118889192189963e+05
2.490963619988593855e+05
2.502898705841900955e+05
2.513140497271035565e+05
2.522002274056340975e+05
2.529868440931432997e+05
2.537159368926483730e+05
2.544286968917940103e+05
2.551606747392872057e+05
2.559377140143951983e+05
2.567738270857089083e+05
2.576718392791119695e+05
2.586268022353884880e+05
2.596312182561228983e+05
2.606804085104075202e+05
2.617761972912696656e+05
2.629275585681792581e+05
2.641478255762766930e+05
2.654491742621355224e+05
2.668359907365620020e+05
2.682991429256296251e+05
2.698129886671166169e+05
2.713362433684009011e+05
2.728168203111885814e+05
2.741997342123585986e+05
2.754363974175663898e+05
2.764933258536037756e+05
2.773584641334962798e+05
2.780439481579781277e+05
2.785849484115327941e+05
2.790350327958111302e+05
2.794590514451964991e+05
2.799247867819122039e+05
2.804945701933306409e+05
2.812178690766878426e+05
2.821256249965218594e+05
2.832269356765041011e+05
2.845084919337587780e+05
2.859369333741861628e+05
2.874639333356930292e+05
2.890334054960246431e+05
2.905898531934571220e+05
2.920866757946695434e+05
2.934932605242013233e+05
2.947998932155605289e+05
2.960198350752244587e+05
2.971882603425956331e+05
2.983581044342060923e+05
2.995932439339509583e+05
3.009598204814500059e+05
3.025168829338827636e+05
3.043077587744023185e+05
3.063535710868647438e+05
3.086500341496050241e+05
3.111681144873546436e+05
3.138584397442684858e+05
3.166586249110400677e+05
3.195021186212379253e+05
3.223268792098166305e+05
3.250822517465159181e+05
3.277328486989489757e+05
3.302589689745081123e+05
3.326539597455845214e+05
3.349196963900313713e+05
3.370617807747889892e+05
3.390859708015479846e+05
3.409967546250956366e+05
3.427980684934308520e+05
3.444952690375295351e+05
3.460969656587023055e+05
3.476154149882388301e+05
3.490648517467800411e+05
3.504581067316882545e+05
3.518027342161700944e+05
3.530982663991357549e+05
3.543359568965111393e+05
3.555015612849243917e+05
3.565806444526750129e+05
3.575650008300757618e+05
3.584583460563693661e+05
3.592796140272461344e+05
3.600628735915117431e+05
3.608538015615855111e+05
3.617035003725576680e+05
3.626609854437445756e+05
3.637657895136657753e+05
3.650418946995843435e+05
3.664937695911952760e+05
3.681048447673305054e+05
3.698384390705155674e+05
3.716409863003738574e+05
3.734473471315591014e+05
3.751879112787907361e+05
3.767970022094842861e+05
3.782217698352335137e+05
3.794303801779325004e+05
3.804180535717281746e+05
3.812095475999812479e+05
3.818571352094084141e+05
3.824339555129890796e+05
3.830236227324978681e+05
3.837078785966759897e+05
3.845545842744920519e+05
3.856083024209259893e+05
3.868851258273334242e+05
3.883724412824889296e+05
3.900332492848174297e+05
3.918137695566099719e+05
3.936525472152202856e+05
3.954892115140222013e+05
3.972713854779535322e+05
3.989588719662117655e+05
4.005249792131332797e+05
4.019555230295215151e+05
4.032465061505502672e+05
4.044016301573766395e+05
4.054306145412494661e+05
4.063488357309360290e+05
4.071781883516389644e+05
4.079484918728691409e+05
4.086983976790788001e+05
4.094747194889849052e+05
4.103294445270214928e+05
4.113143075156718842e+05
4.124735592194732744e+05
4.138362248951413203e+05
4.154095255980357178e+05
4.171750957359786262e+05
4.190891550795941148e+05
4.210869908167325775e+05
4.230911831882574479e+05
4.250222097036370542e+05
4.268095845692038420e+05
4.284016194903073483e+05
4.297721942522909958e+05
4.309234826940626954e+05
4.318842598275028286e+05
4.327041245151535259e+05
4.334446547922742320e+05
4.341691107892536093e+05
4.349327007930277614e+05
4.357754616524298908e+05
4.367193241897884873e+05
4.377699189636032097e+05
4.389223312247981085e+05
4.401687507584901759e+05
4.415052705702105304e+05
4.429353142536922242e+05
4.444683307111855829e+05
4.461141151651581749e+05
4.478747631626840448e+05
4.497372036590267671e+05
4.516691270797761972e+05
4.536199952899579657e+05
4.555271547860393766e+05
4.573255093249002239e+05
4.589582757124379859e+05
4.603862696071573300e+05
4.615938228835481568e+05
4.625904711318867630e+05
4.634085872212257818e+05
4.640979112367705093e+05
4.647183404396934202e+05
4.653324163288312848e+05
4.659987461469011614e+05
4.667671950955708744e+05
4.676761661816453561e+05
4.687517608295028913e+05
4.700082205044339062e+05
4.714488966420468059e+05
4.730671108316010796e+05
4.748465776870690170e+05
4.767614348701421986e+05
4.787762288356689387e+05
4.808463675802551443e+05
4.829195602802196518e+05
4.849386340984405251e+05
4.868458643290316686e+05
4.885885897546047927e+05
4.901254591618874692e+05
4.914322782483937335e+05
4.925062547629953478e+05
4.933676049460068461e+05
4.940580051139784046e+05
4.946361085009074886e+05
4.951710363650280051e+05
4.957351223574657924e+05
4.963970975445631775e+05
4.972164217167124152e+05
4.982388588295659283e+05
4.994929896064722561e+05
5.009873721674202243e+05
5.027084836319093592e+05
5.046201373912243871e+05
5.066653892241871217e+05
5.087717241863500094e+05
5.108595206287209876e+05
5.128526924368460895e+05
5.146894839730876847e+05
5.163310701121636666e+05
5.177660784453038941e+05
5.190102333846525289e+05
5.201015845346360002e+05
5.210927375357853598e+05
5.220418595310506062e+05
5.230040085615108837e+05
5.240238282011864358e+05
5.251302124261810677e+05
5.263333765313854674e+05
5.276247891653204570e+05
5.289803474271246232e+05
5.303667417680582730e+05
5.317501219757422805e+05
5.331052175464911852e+05
5.344224646588772302e+05
5.357108730915366905e+05
5.369954474234133959e+05
5.383096603269611951e+05
5.396851512818451738e+05
5.411418301108177984e+05
5.426814817846515216e+05
5.442868049700122792e+05
5.459260049117795425e+05
5.475612766439683037e+05
5.491583961457564728e+05
5.506945352189594414e+05
5.521622713400929933e+05
5.535691641980340937e+05
5.549336512657556450e+05
5.562789056056542322e+05
5.576265029582313728e+05
5.589913693772113184e+05
5.603788244979457231e+05
5.617839088913584128e+05
5.631927620634600753e+05
5.645856028938910458e+05
5.659407559993020259e+05
5.672390761666001054e+05
5.684680470310536912e+05
5.696248475001488114e+05
5.707178681792012649e+05
5.717665111385243945e+05
5.727994960578934988e+05
5.738521460465379059e+05
5.749631194022237323e+05
5.761708243069509044e+05
5.775094906393917045e+05
5.790048123716594419e+05
5.806693414354573470e+05
5.824983189342498081e+05
5.844670862631249474e+05
5.865312969350630883e+05
5.886306726638127584e+05
5.906961150220923591e+05
5.926589472801540978e+05
5.944603528149439953e+05
5.960589990335905459e+05
5.974354178852526238e+05
5.985927077010668581e+05
5.995541264564349549e+05
6.003587929231807357e+05
6.010568087187142810e+05
6.017047123489220394e+05
6.023615300588260870e+05
6.030851362745070364e+05
6.039284514690457145e+05
6.049352693514805287e+05
6.061360642264054623e+05
6.075446581563220825e+05
6.091567889540309552e+05
6.109512471290212125e+05
6.128934558895357186e+05
6.149405125560353044e+05
6.170462230906602927e+05
6.191648160901087103e+05
6.212527730064964853e+05
6.232692004852180835e+05
6.251759058265440399e+05
6.269384433541981271e+05
6.285288174372587819e+05
6.299295427878345363e+05
6.311378603589105187e+05
6.321685288371955976e+05
6.330539375613606535e+05
6.338411560782166198e+05
6.345865379142207094e+05
6.353491812794451835e+05
6.361846493934168248e+05
6.371399052251700778e+05
6.382497262223575963e+05
6.395343348611166002e+05
6.409978834867369151e+05
6.426277617909078253e+05
6.443951748669779627e+05
6.462576811257866211e+05
6.481641145278564654e+05
6.500615665037994040e+05
6.519031923108188203e+05
6.536549999974722741e+05
6.552998425423677545e+05
6.568376292216266738e+05
6.582820116562354378e+05
6.596549632070374209e+05
6.609812455046784598e+05
6.622844829415360000e+05
6.635855712903600652e+05
6.649029005337416893e+05
6.662529786043665372e+05
6.676499507422812749e+05
6.691032797829438932e+05
6.706141082026865333e+05
6.721719187273362186e+05
6.737534575228084577e+05
6.753252559175986098e+05
6.768497438059449196e+05
6.782935055834575323e+05
6.796353397300317883e+05
6.808718093789140694e+05
6.820188332477784716e+05
6.831091277621374466e+05
6.841864366899218876e+05
