6.791792444222060731e+05
6.776878679474319797e+05
6.762675699042199412e+05
6.748951019500611583e+05
6.735471703871904174e+05
6.722047243566001998e+05
6.708554001978968736e+05
6.694938403309351997e+05
6.681203970614578575e+05
6.667391165450263070e+05
6.653557423547984799e+05
6.639759792553207371e+05
6.626038153779414715e+05
6.612396586321109207e+05
6.598784583016249817e+05
6.585085701668101829e+05
6.571124179511333350e+05
6.556696532261893153e+05
6.541625302860692609e+05
6.525820130834858865e+05
6.509323540457001654e+05
6.492320380400819704e+05
6.475101504767378792e+05
6.457989751789689763e+05
6.441251962468493730e+05
6.425027483324669302e+05
6.409298077095281333e+05
6.393908774158906890e+05
6.378630698706657859e+05
6.363243117136097280e+05
6.347607999515364645e+05
6.331716471727152821e+05
6.315698414972701576e+05
6.299798116675129859e+05
6.284325812203751411e+05
6.269596281608124264e+05
6.255863770298608579e+05
6.243260851231419947e+05
6.231749393403136637e+05
6.221093722907470074e+05
6.210866522398672532e+05
6.200494327370354440e+05
6.189341157687864034e+05
6.176818187157659559e+05
6.162498375150186475e+05
6.146211222817541566e+05
6.128095737084795255e+05
6.108598249693523394e+05
6.088413249251081143e+05
6.068376830654143123e+05
6.049331418096665293e+05
6.031985702243223786e+05
6.016794624807791552e+05
6.003880663043393288e+05
5.993010146637088619e+05
5.983628236737224506e+05
5.974945643159935717e+05
5.966061518916396890e+05
5.956101996927330038e+05
5.944352978087436641e+05
5.930368201865691226e+05
5.914037900972038042e+05
5.895608406224551145e+05
5.875648784249236342e+05
5.854967420886243926e+05
5.834489514274313115e+05
5.815114576252950355e+05
5.797578820744305849e+05
5.782348019707646454e+05
5.769560589799570153e+05
5.759029315089102602e+05
5.750296531932445941e+05
5.742726111147872871e+05
5.735609593351210933e+05
5.728264537735277554e+05
5.720109268455639249e+05
5.710706958639030345e+05
5.699780406390444841e+05
5.687204792013475671e+05
5.672988226001735311e+05
5.657249130786650348e+05
5.640196329368281877e+05
5.622113500137856463e+05
5.603345927415555343e+05
5.584285490619749762e+05
5.565350100430233870e+05
5.546955833190082340e+05
5.529482640912557254e+05
5.513236498600905761e+05
5.498411632830989547e+05
5.485056387456596131e+05
5.473046149024579208e+05
5.462067168707351666e+05
5.451615921419372316e+05
5.441018982472139178e+05
5.429477286368916975e+05
5.416135575188995572e+05
5.400173166207520990e+05
5.380906841206337558e+05
5.357891919192908099e+05
5.331004623565350194e+05
5.300488764157555997e+05
5.266953370187270921e+05
5.231315524035264389e+05
5.194693438811778324e+05
5.158266476274641464e+05
5.123127809636213351e+05
5.090158313809696701e+05
5.059945218506423407e+05
5.032757181970497477e+05
5.008572620091130375e+05
4.987145494452622370e+05
4.968086470221328782e+05
4.950938799341852427e+05
4.935235752541716211e+05
4.920536194367194548e+05
4.906443080537467031e+05
4.892613755990086938e+05
4.878770443086043233e+05
4.864715388319274643e+05
4.850349776025597821e+05
4.835690765226585791e+05
4.820878448764708010e+05
4.806165023654820397e+05
4.791881961604624521e+05
4.778386538011609227e+05
4.765995089772780193e+05
4.754914999808800058e+05
4.745189224941337598e+05
4.736665630108306650e+05
4.728998878889639745e+05
4.721686319176916149e+05
4.714132692217210424e+05
4.705733011107329512e+05
4.695959651991144638e+05
4.684439068490349455e+05
4.671005463876861613e+05
4.655722645875910530e+05
4.638870356423284975e+05
4.620896909487044904e+05
4.602345448251799680e+05
4.583765974195743329e+05
4.565628591350662173e+05
4.548253895004779333e+05
4.531773080669675837e+05
4.516123261888939887e+05
4.501074522463638568e+05
4.486277615679575829e+05
4.471318073508403031e+05
4.455764986683282768e+05
4.439209184446585714e+05
4.421292212838558480e+05
4.401730714692042093e+05
4.380339251074813656e+05
4.357050142498346977e+05
4.331925303263659589e+05
4.305155347184500424e+05
4.277045659398845746e+05
4.247994783407084760e+05
4.218473317489695619e+05
4.189009102869367925e+05
4.160177756731915870e+05
4.132590477747572004e+05
4.106868085440700524e+05
4.083593854891074006e+05
4.063246663322058157e+05
4.046126136868491303e+05
4.032288128340105759e+05
4.021509077492270735e+05
4.013291745826055412e+05
4.006915081426509423e+05
4.001520948849548004e+05
3.996222769021695131e+05
3.990216994762117392e+05
3.982878041059805546e+05
3.973820674907795037e+05
3.962920617286668275e+05
3.950293231690120883e+05
3.936239561608051881e+05
3.921175692959668813e+05
3.905562921413918957e+05
3.889851898511946783e+05
3.874445858556549647e+05
3.859680057114120573e+05
3.845810332242461736e+05
3.833004631012991304e+05
3.821335858877710998e+05
3.810779055986204767e+05
3.801217531346796895e+05
3.792460227435011766e+05
3.784267892724230769e+05
3.776381664319631527e+05
3.768546892658236320e+05
3.760527906289620441e+05
3.752114170046912041e+05
3.743122203545956872e+05
3.733398664326273720e+05
3.722827938790395274e+05
3.711343949059298611e+05
3.698942850834862329e+05
3.685692334630689584e+05
3.671734355501349200e+05
3.657280110547147924e+05
3.642597573629536782e+05
3.627992308913192828e+05
3.613782153488385375e+05
3.600266747330286889e+05
3.587694395260228775e+05
3.576230862980234670e+05
3.565936042355099344e+05
3.556753653169532772e+05
3.548516083177337423e+05
3.540962378156183986e+05
3.533764356833677739e+05
3.526555424528946751e+05
3.518958891682089888e+05
3.510615764680011198e+05
3.501213671403498738e+05
3.490517279574623681e+05
3.478396706735136104e+05
3.464846356840601657e+05
3.449985316594326869e+05
3.434033712255837163e+05
3.417266705617022235e+05
3.399956260215073708e+05
3.382316674689896754e+05
3.364470326183293364e+05
3.346444532577944919e+05
3.328200822058588965e+05
3.309687588786554406e+05
3.290899545736198779e+05
3.271924803117092815e+05
3.252963345397769008e+05
3.234308174431061489e+05
3.216290467318004230e+05
3.199200347972409218e+05
3.183202818184995558e+05
3.168271872359720874e+05
3.154163438859362504e+05
3.140439479330332251e+05
3.126542967358548194e+05
3.111909778186053736e+05
3.096092762656789855e+05
3.078868935382278869e+05
3.060304390817897511e+05
3.040762255563095678e+05
3.020853306668205769e+05
3.001342324156612158e+05
2.983031877957148245e+05
2.966647159857228398e+05
2.952741258088657632e+05
2.941632463425528258e+05
2.933376936074791593e+05
2.927773759393806686e+05
2.924395971826994792e+05
2.922640124807467218e+05
2.921787143483654945e+05
2.921067865850299713e+05
2.919727356798831024e+05
2.917083175513503375e+05
2.912574393291659071e+05
2.905799980421142536e+05
2.896546408085690928e+05
2.884804235462200595e+05
2.870772115573835908e+05
2.854845092156660976e+05
2.837583842544960789e+05
2.819663787357952679e+05
2.801807572556826635e+05
2.784709683439701912e+05
2.768965450308613363e+05
2.755016513612623094e+05
2.743120576701422106e+05
2.733346515385415405e+05
2.725589365149675868e+05
2.719595995042697759e+05
2.714992685094800545e+05
2.711309742555750418e+05
2.708003591627797578e+05
2.704480851087760529e+05
2.700129887117178296e+05
2.694362797779138782e+05
2.686665919915735140e+05
2.676651901651234948e+05
2.664103351254875306e+05
2.648998399357913295e+05
2.631512173196598305e+05
2.611993839775086381e+05
2.590924456046419218e+05
2.568864430477154674e+05
2.546399941459642723e+05
2.524095457237952796e+05
2.502455912043835560e+05
2.481898837766088545e+05
2.462735101335151994e+05
2.445157132401436393e+05
2.429234912341714371e+05
2.414921270020306110e+05
2.402068080831237312e+05
2.390453377988523862e+05
2.379816608783331758e+05
2.369896397365565063e+05
2.360463485368092952e+05
2.351341966663258791e+05
2.342414753141490219e+05
2.333613747517082957e+05
2.324900002402913524e+05
2.316242392127125931e+05
2.307603534296052239e+05
2.298938469566841668e+05
2.290206008249703445e+05
2.281386943749533966e+05
2.272500022885731014e+05
2.263607188064509828e+05
2.254803899396871275e+05
2.246196300782630278e+05
2.237871859511098592e+05
2.229871786613612203e+05
2.222171635404560366e+05
2.214672381545424287e+05
2.207200351313211722e+05
2.199512555291287135e+05
2.191304895826339198e+05
2.182223395289320324e+05
2.171881209777054028e+05
2.159885083612288581e+05
2.145873352087085659e+05
2.129564036766384088e+05
2.110807198895629845e+05
2.089631958655262133e+05
2.066276729775987042e+05
2.041192183305300714e+05
2.015010635339076980e+05
1.988482534241395188e+05
1.962389012912852340e+05
1.937446614500462019e+05
1.914223603852218657e+05
1.893085010109553987e+05
1.874175990248624294e+05
1.857442763178640744e+05
1.842681019659829908e+05
1.829596702450812736e+05
1.817864681644328230e+05
1.807175846411109960e+05
1.797269447646350891e+05
1.787952048348728276e+05
1.779105633725847583e+05
1.770685967599196883e+05
1.762710353915426531e+05
1.755233800742481835e+05
1.748315048107669572e+05
1.741978011355674244e+05
1.736177690346213058e+05
1.730780373269141419e+05
1.725565161767223326e+05
1.720248282246212184e+05
1.714525348478184605e+05
1.708121926270943077e+05
1.700840906237749732e+05
1.692596602254151658e+05
1.683429359721025685e+05
1.673499367405732046e+05
1.663062853033186402e+05
1.652436812495884369e+05
1.641959381238223868e+05
1.631952046563767944e+05
1.622687781243522768e+05
1.614366782765140815e+05
1.607099709158704209e+05
1.600897637070573401e+05
1.595668425229378918e+05
1.591220237205468002e+05
1.587273872123794281e+05
1.583485535230684618e+05
1.579480382886964944e+05
1.574894770109750680e+05
1.569422296980891551e+05
1.562856467161639594e+05
1.555121961294990906e+05
1.546287723382733238e+05
1.536558183171731653e+05
1.526243291622433171e+05
1.515712502110428759e+05
1.505341177408470830e+05
1.495459228636149492e+05
1.486310771220262395e+05
1.478030581869818561e+05
1.470639100240690459e+05
1.464053834704921173e+05
1.458112340051993961e+05
1.452600960271744989e+05
1.447284139230682922e+05
1.441930641127140552e+05
1.436334668136824621e+05
1.430331024344696489e+05
1.423804037118436536e+05
1.416690226121938031e+05
1.408975160699392436e+05
1.400685793111243693e+05
1.391880580849490943e+05
1.382640342543803854e+05
1.373062446274815011e+05
1.363259420902752026e+05
1.353360835638581484e+05
1.343515222245382320e+05
1.333887902916959429e+05
1.324651407719721319e+05
1.315967575336720038e+05
1.307963599806589191e+05
1.300707036595408135e+05
1.294186072570825781e+05
1.288300704422656563e+05
1.282868089748988277e+05
1.277642061619883752e+05
1.272343692207627173e+05
1.266697716153328947e+05
1.260468937483691116e+05
1.253493259945189639e+05
1.245699197737304348e+05
1.237117163103432395e+05
1.227875273635246995e+05
1.218181925023827789e+05
1.208297041025555372e+05
1.198495660835313029e+05
1.189028997108039330e+05
1.180088800488755223e+05
1.171780444238374912e+05
1.164108611011923349e+05
1.156977238635613030e+05
1.150203089685371524e+05
1.143540498338504403e+05
1.136713763315231627e+05
1.129453205982096260e+05
1.121530819927608536e+05
1.112791472133006901e+05
1.103175764608402096e+05
1.092731145342283999e+05
1.081608958052653907e+05
1.070046977274283854e+05
1.058339402960893203e+05
1.046798768147622905e+05
1.035716050998221035e+05
1.025325867925550410e+05
1.015782669095352321e+05
1.007151519292144076e+05
9.994138954276156437e+04
9.924857792130683083e+04
9.862429853438297869e+04
9.805477248041577695e+04
9.752710389803315047e+04
9.703076696995107341e+04
9.655824856941473263e+04
9.610499286466449848e+04
9.566893534137423558e+04
9.524992830129196227e+04
9.484926458539675514e+04
9.446935791526528192e+04
9.411350653254603094e+04
9.378560304267240281e+04
9.348967138222888752e+04
9.322918943870981457e+04
9.300625259745705989e+04
9.282071194465442386e+04
9.266945930534091895e+04
9.254602409985531995e+04
9.244059788441975252e+04
9.234051899679983035e+04
9.223114349372632569e+04
9.209691868585362681e+04
9.192239066399431613e+04
9.169285127810851554e+04
9.139439202467503492e+04
9.101329206437797984e+04
9.053490296212566318e+04
8.994244378275312192e+04
8.921629725340149889e+04
8.833440750104845210e+04
8.727416567576071247e+04
8.601575103699612373e+04
8.454638384955824586e+04
8.286452259052185400e+04
8.098288386434482527e+04
7.892938244182043127e+04
7.674564710365138308e+04
7.448349210703402059e+04
7.220036146992979047e+04
6.995507917142918450e+04
6.780510618949549098e+04
6.580595162465424801e+04
6.401257670968272578e+04
6.248181713750492781e+04
6.127429032492839906e+04
6.045415144980610785e+04
6.008550622794241644e+04
6.022522386400477990e+04
6.091310612507253973e+04
6.216151255034592032e+04
6.394722279702146625e+04
6.620822120126457594e+04
6.884712035877320159e+04
7.174130452504294226e+04
7.475804541532027361e+04
7.777141850041619909e+04
8.067732198207236070e+04
8.340346743345985305e+04
8.591267802100398694e+04
8.819968853476975346e+04
9.028326496252471406e+04
9.219634688840141462e+04
9.397686316222122696e+04
9.566103048988700903e+04
9.727972399984211370e+04
9.885739106850371172e+04
1.004123321708336443e+05
1.019571285046903504e+05
1.034984441728508973e+05
1.050360999039645394e+05
1.065619056670964492e+05
1.080590371605579712e+05
1.095026765745719022e+05
1.108622794663012319e+05
1.121053311451537011e+05
1.132019920792696066e+05
1.141297428738354356e+05
1.148770991201884899e+05
1.154456714127980085e+05
1.158502236875334784e+05
1.161168175817004667e+05
1.162794997739101818e+05
1.163762057691546070e+05
1.164445911415043665e+05
1.165183947921999788e+05
1.166247572355648881e+05
1.167827243922034249e+05
1.170029958171359176e+05
1.172888248110142886e+05
1.176378350701384334e+05
1.180443885519881587e+05
1.185020502057460835e+05
1.190056836587942671e+05
1.195527956988511723e+05
1.201439090338744718e+05
1.207819372247859428e+05
1.214707160229180736e+05
1.222129868389391049e+05
1.230082306505672022e+05
1.238508188056029903e+05
1.247289652575219661e+05
1.256248921311259328e+05
1.265164170850679366e+05
1.273798397100443835e+05
1.281936198317128437e+05
1.289420371197655477e+05
1.296179363744465809e+05
1.302238646437268035e+05
1.307713467718810280e+05
1.312785698350141465e+05
1.317671581793771766e+05
1.322588728742135281e+05
1.327729312571423361e+05
1.333243056350801780e+05
1.339229868337496300e+05
1.345739384716606583e+05
1.352773950928252598e+05
1.360292501815849100e+05
1.368214526484742237e+05
1.376424861089469341e+05
1.384780814513945952e+05
1.393122953424346924e+05
1.401289961370851088e+05
1.409136677788800152e+05
1.416553054010985361e+05
1.423480683993420680e+05
1.429923181076283508e+05
1.435947359271850728e+05
1.441674059326845163e+05
1.447260146010800381e+05
1.452875765315309109e+05
1.458682262131586322e+05
1.464815491988158610e+05
1.471376787339625589e+05
1.478430676530649944e+05
1.486006131673906639e+05
1.494097746308579808e+05
1.502664863142402028e+05
1.511629258771870809e+05
1.520874064271948591e+05
1.530247087747534679e+05
1.539570507478249783e+05
1.548656816432636406e+05
1.557329007202824869e+05
1.565441989550544531e+05
1.572902137859940121e+05
1.579682207563686534e+05
1.585829208512353653e+05
1.591463169530688610e+05
1.596765460805172625e+05
1.601956859855130606e+05
1.607267818967488711e+05
1.612905780838927894e+05
1.619025899954582856e+05
1.625711320623758947e+05
1.632967031795725925e+05
1.640727858194416913e+05
1.648877527920493740e+05
1.657273232744307315e+05
1.665769488873000082e+05
1.674236490064380923e+05
1.682570874843017082e+05
1.690699847417167621e+05
1.698581873447587132e+05
1.706208092617423972e+05
1.713608055697682430e+05
1.720861712608301605e+05
1.728117200289519387e+05
1.735611302446122572e+05
1.743686827617674426e+05
1.752799059083673928e+05
1.763502642453524459e+05
1.776411767905109737e+05
1.792131012031953142e+05
1.811161600592468749e+05
1.833796676578919578e+05
1.860026694602867356e+05
1.889479141816359479e+05
1.921413079156665481e+05
1.954778276968365535e+05
1.988333421628577344e+05
2.020802538932297903e+05
2.051038478109755670e+05
2.078160604630127200e+05
2.101641343042130757e+05
2.121330204841381055e+05
2.137419591344302171e+05
2.150368975054446491e+05
2.160809779782893893e+05
2.169451875047356298e+05
2.177006019801143848e+05
2.184128071411824785e+05
2.191383437441885180e+05
2.199226076095181052e+05
2.207985836427550821e+05
2.217860256297382584e+05
2.228910477377804636e+05
2.241063860043802124e+05
2.254126772681551520e+05
2.267809426401651581e+05
2.281761254506536352e+05
2.295611853752781462e+05
2.309010722347651317e+05
2.321659936381202133e+05
2.333337040755968192e+05
2.343909049073632341e+05
2.353340491496506729e+05
2.361697793713950668e+05
2.369149472394979966e+05
2.375958676719432115e+05
2.382463726569066348e+05
2.389044593590084696e+05
2.396077970274665568e+05
2.403888428218765766e+05
2.412705735603023204e+05
2.422637404268094688e+05
2.433661471181015659e+05
2.445639242782915244e+05
2.458343332042546535e+05
2.471494060681900592e+05
2.484797232496844663e+05
2.497977613707044511e+05
2.510804271362336876e+05
2.523105727359297744e+05
2.534774650967022753e+05
2.545763619268187322e+05
2.556075144159777556e+05
2.565750175557344919e+05
2.574859061101530388e+05
2.583497271224530705e+05
2.591785546793776157e+05
2.599871523811531661e+05
2.607928472522671509e+05
2.616147230525007762e+05
2.624719580830121413e+05
2.633814392540528788e+05
2.643550737875963678e+05
2.653974142483838368e+05
2.665042822176712216e+05
2.676630187188740238e+05
2.688547927433176083e+05
2.700590292619551765e+05
2.712594623882377055e+05
2.724506580794160254e+05
2.736432960131203290e+05
2.748663453042593319e+05
2.761647457821649150e+05
2.775923237485522986e+05
2.792011341159357689e+05
2.810297104640431935e+05
2.830932931614919798e+05
2.853787061207460356e+05
2.878452664439993678e+05
2.904313931245300337e+05
2.930650392553228303e+05
2.956752083155260771e+05
2.982018337792598177e+05
3.006020719612408429e+05
3.028522235229628859e+05
3.049456556366942241e+05
3.068879484052759944e+05
3.086909121327377507e+05
3.103671360365087749e+05
3.119264197429143824e+05
3.133748939880433609e+05
3.147169316180216265e+05
3.159591781659005210e+05
3.171153419462979655e+05
3.182099772227846552e+05
3.192795600928255008e+05
3.203697759455239284e+05
3.215290031185267144e+05
3.227991919888115372e+05
3.242063032314584707e+05
3.257528352803034941e+05
3.274145867547881207e+05
3.291427753325765952e+05
3.308712999056725530e+05
3.325277032697364339e+05
3.340456104113890324e+05
3.353762398937959224e+05
3.364969631694495329e+05
3.374156259663373348e+05
3.381702147423538263e+05
3.388242628760867519e+05
3.394590346996716107e+05
3.401639430163143552e+05
3.410268057366634603e+05
3.421253937193559832e+05
3.435212661558269756e+05
3.452562192208931083e+05
3.473509788039777195e+05
3.498052939430419938e+05
3.525985277292866376e+05
3.556902303297034232e+05
3.590208426659983234e+05
3.625132985985230771e+05
3.660765379835197236e+05
3.696116301501595881e+05
3.730204007441849099e+05
3.762154543256543111e+05
3.791297086759716040e+05
3.817233628116016043e+05
3.839867452282675658e+05
3.859385713583305478e+05
3.876203768457525875e+05
3.890888095972842420e+05
3.904077206544470391e+05
3.916415472142986837e+05
3.928505961467823363e+05
3.940879525385814486e+05
3.953972475174357533e+05
3.968105799249988631e+05
3.983463637252647313e+05
4.000074445744726108e+05
4.017801744325258769e+05
4.036351018881608034e+05
4.055295978326736367e+05
4.074122999703746173e+05
4.092289241824180936e+05
4.109288284602149506e+05
4.124716587843674934e+05
4.138333374887263635e+05
4.150105257097253925e+05
4.160225920976091293e+05
4.169102355255201110e+05
4.177303922591140727e+05
4.185478914514452918e+05
4.194252728015997563e+05
4.204128768739924417e+05
4.215414332137219608e+05
4.228187911764149903e+05
4.242313377724466845e+05
4.257494132119941059e+05
4.273350903685853700e+05
4.289503029311137507e+05
4.305635210485011339e+05
4.321538055203497061e+05
4.337118534488658770e+05
4.352383467041205149e+05
4.367404020885162172e+05
4.382271728499311139e+05
4.397056925204318832e+05
4.411779171269725775e+05
4.426396324564597453e+05
4.440814729276425205e+05
4.454917977495843661e+05
4.468606795586755616e+05
4.481839054050365812e+05
4.494657961386039387e+05
4.507198956874499563e+05
4.519671448107521283e+05
4.532318896507575992e+05
4.545367447353070602e+05
4.558976872379208799e+05
4.573206649828623049e+05
4.588005000224068062e+05
4.603221805935938028e+05
4.618640396559861256e+05
4.634020167565516313e+05
4.649142065617500339e+05
4.663850583455390879e+05
4.678087078208096209e+05
4.691909053686467232e+05
4.705489447890358279e+05
4.719091073138028733e+05
4.733015868195114890e+05
4.747536212332000723e+05
4.762823464622266474e+05
4.778893169370325631e+05
4.795584069552278961e+05
4.812579145309798187e+05
4.829464509078381234e+05
4.845811023651962751e+05
4.861258100466915057e+05
4.875580700260410085e+05
4.888727414626661921e+05
4.900826159059227793e+05
4.912161162694231025e+05
4.923128981666311156e+05
4.934182438665554509e+05
4.945770901445769123e+05
4.958284182611911674e+05
4.972005906448948663e+05
4.987080383402514271e+05
5.003495006209516432e+05
5.021078520542996121e+05
5.039514838293321664e+05
5.058372302322268952e+05
5.077148496620841324e+05
5.095329453018821077e+05
5.112458735422603204e+05
5.128207170415453147e+05
5.142430093203794095e+05
5.155198329435782507e+05
5.166793058408047655e+05
5.177662561323211412e+05
5.188348248063175124e+05
5.199395178480978357e+05
5.211266032383645070e+05
5.224276069192991126e+05
5.238560643976259744e+05
5.254078226312568877e+05
5.270643211707120063e+05
5.287976654090634547e+05
5.305761029038619017e+05
5.323687388030113652e+05
5.341488279508438427e+05
5.358955116620475892e+05
5.375942085424877005e+05
5.392359539377398323e+05
5.408159284975790652e+05
5.423314323643556563e+05
5.437797798423683271e+05
5.451569301196705783e+05
5.464578474542172626e+05
5.476792797923657345e+05
5.488247481462801807e+05
5.499103082414504606e+05
5.509686548870470142e+05
5.520490098007983761e+05
5.532112807227630401e+05
5.545149730919753201e+05
5.560055263884589076e+05
5.577021773523099255e+05
5.595914043299169280e+05
5.616283693609616021e+05
5.637461310117216781e+05
5.658697906493735500e+05
5.679311952280935366e+05
5.698799301867004251e+05
5.716879783063959330e+05
5.733478583972352790e+05
5.748662866213968955e+05
5.762565915058110841e+05
5.775329329217255581e+05
5.787080816771873506e+05
5.797947730080420151e+05
5.808091967100932961e+05
5.817745364762626123e+05
5.827227274513703305e+05
5.836934990864116699e+05
5.847308522351471474e+05
5.858779555319284555e+05
5.871717948997950880e+05
5.886387628222678322e+05
5.902918958757625660e+05
5.921298918557893485e+05
5.941375657208212651e+05
5.962871632747908588e+05
5.985399838210511953e+05
6.008480307797546266e+05
6.031558044949659379e+05
6.054027074959774036e+05
6.075266620597500587e+05
6.094693095758482814e+05
6.111825783802977530e+05
6.126356651276990306e+05
6.138209061749031534e+05
6.147569428975858027e+05
6.154881407911649439e+05
6.160802377590826945e+05
6.166132477927170694e+05
6.171732554122109432e+05
6.178446340594812064e+05
6.187035105018008035e+05
6.198124116901640082e+05
6.212154992376755690e+05
6.229339380103342701e+05
6.249616746041391743e+05
6.272627694539156510e+05
6.297718694814479677e+05
6.323990661314276513e+05
6.350393012671585893e+05
6.375850890663880855e+05
6.399402054444100941e+05
6.420316183520946652e+05
6.438174207970248535e+05
6.452896526036324212e+05
6.464722041685829172e+05
6.474150247360260691e+05
6.481863223913295660e+05
6.488643138442131458e+05
6.495295568253790261e+05
6.502582883928009542e+05
6.511167824845861178e+05
6.521566682883960893e+05
6.534113611630413216e+05
6.548940367882688297e+05
6.565976698802420869e+05
6.584974007382317213e+05
6.605549224344565300e+05
6.627239349334185245e+05
6.649553198001163546e+05
6.672008043776290724e+05
6.694145382764310343e+05
6.715529625242270995e+05
6.735742028431302169e+05
6.754385638732655207e+05
6.771113399733452825e+05
6.785681864459989592e+05
6.798020687665941659e+05
6.808297954272079514e+05
6.816957390242465772e+05
6.824707427794806426e+05
6.832453120986385038e+05
6.841176920960415155e+05
6.851788946541685145e+05
6.864977250744330231e+05
6.881090565390023403e+05
6.900079230413442710e+05
6.921506300080812071e+05
6.944624273242185591e+05
6.968498584961731685e+05
6.992151057487756480e+05
7.014696502026324160e+05
7.035452051760976901e+05
7.054007918426576070e+05
7.070256294263148447e+05
7.084380055650321301e+05
7.096805266739752842e+05
7.108123364690076560e+05
7.118992222224578727e+05
7.130030066286753863e+05
7.141720405220780522e+05
7.154346735502628144e+05
7.167970978828652296e+05
7.182459870631264057e+05
7.197551765270974720e+05
7.212946418482087320e+05
7.228395355960304150e+05
7.243771597066065297e+05
7.259103896036567166e+05
7.274570100644187769e+05
7.290454125832739519e+05
7.307079050737501821e+05
7.324733179711860139e+05
7.343605587429590523e+05
7.363742904989137314e+05
7.385031563871753169e+05
7.407202265513930470e+05
7.429849134464672534e+05
7.452456578592421720e+05
7.474431588814964052e+05
7.495144895211030962e+05
7.513986942103236215e+05
7.530441309708136832e+05
7.544169484466017457e+05
7.555090689587559318e+05
7.563434405555141857e+05
7.569745524632286979e+05
7.574833308455047663e+05
7.579671589918413665e+05
7.585272423405052396e+05
