6.831769138953832444e+05
6.812051936437012628e+05
6.791276592921388801e+05
6.769844568994693691e+05
6.748187006643061759e+05
6.726757331570247188e+05
6.706028888478769222e+05
6.686485070234867744e+05
6.668588778652596520e+05
6.652724894321149914e+05
6.639122020747737261e+05
6.627773093371897703e+05
6.618382319450768409e+05
6.610363868425471010e+05
6.602905222327244701e+05
6.595088960142824799e+05
6.586047714375782525e+05
6.575115026986334706e+05
6.561934293143484974e+05
6.546499284034867305e+05
6.529119150738795288e+05
6.510321910681056324e+05
6.490726369028284680e+05
6.470918306912283879e+05
6.451361216394423973e+05
6.432357495897985063e+05
6.414058427599583520e+05
6.396506857882395852e+05
6.379690031821409939e+05
6.363582703010167461e+05
6.348169809942849679e+05
6.333448624975507846e+05
6.319417440924282419e+05
6.306059232819163008e+05
6.293325522185798036e+05
6.281121564596544486e+05
6.269292653572085546e+05
6.257613993093288736e+05
6.245791093308572890e+05
6.233479819023413584e+05
6.220331667873676633e+05
6.206060483751813881e+05
6.190515451540587237e+05
6.173737778459032997e+05
6.155979630318608833e+05
6.137674320479520829e+05
6.119362474176121177e+05
6.101593260548423277e+05
6.084826843176564435e+05
6.069361557052165736e+05
6.055299008290107595e+05
6.042547354531463934e+05
6.030852832750442903e+05
6.019845444960457971e+05
6.009086754080173559e+05
5.998113558720801957e+05
5.986477313329337630e+05
5.973782593293389073e+05
5.959727348309289664e+05
5.944143734374031192e+05
5.927033080126084387e+05
5.908584788005420705e+05
5.889169005055644084e+05
5.869297587213072693e+05
5.849556128948933911e+05
5.830518837119694799e+05
5.812664326513359556e+05
5.796311311899898574e+05
5.781587959089723881e+05
5.768439007151278201e+05
5.756664100723828888e+05
5.745972840155337472e+05
5.736039458354304079e+05
5.726543201512377709e+05
5.717187676132227061e+05
5.707700586369340308e+05
5.697821467889534542e+05
5.687287559870441910e+05
5.675826936216057511e+05
5.663164842434133170e+05
5.649045516832945868e+05
5.633268534348630346e+05
5.615735760017553112e+05
5.596501695825522766e+05
5.575816237364861881e+05
5.554145778535981663e+05
5.532158431619342882e+05
5.510663961744091939e+05
5.490509299961816287e+05
5.472444030316183344e+05
5.456982644297982333e+05
5.444296633684020489e+05
5.434166245245356113e+05
5.426008769696712261e+05
5.418980965104463976e+05
5.412133454361706972e+05
5.404580914276348194e+05
5.395648041561968857e+05
5.384958810482543195e+05
5.372452961147329770e+05
5.358333739179905970e+05
5.342968437294637552e+05
5.326773202783982269e+05
5.310113620608953061e+05
5.293243888732474297e+05
5.276293727523591369e+05
5.259298199865086935e+05
5.242255182464754907e+05
5.225190187238977524e+05
5.208208508109267568e+05
5.191519065195826697e+05
5.175421442176057026e+05
5.160256294883423252e+05
5.146328402525045094e+05
5.133819590031614061e+05
5.122713555738014984e+05
5.112754370618344983e+05
5.103454201958365738e+05
5.094154603367608506e+05
5.084132313391051139e+05
5.072728757126092096e+05
5.059475852327087196e+05
5.044191156369750970e+05
5.027022453243984492e+05
5.008433171485631610e+05
4.989132186602634611e+05
4.969961592631674721e+05
4.951762257797567290e+05
4.935239276395639754e+05
4.920848606965601211e+05
4.908723063843579148e+05
4.898650599816651666e+05
4.890110203158124932e+05
4.882360822160042007e+05
4.874567874325791490e+05
4.865942868412297103e+05
4.855867740718239220e+05
4.843978850720181945e+05
4.830195898242076510e+05
4.814695320691698580e+05
4.797841430117511190e+05
4.780097384607195854e+05
4.761939746301135165e+05
4.743795169659165549e+05
4.726008147996187909e+05
4.708838173622019822e+05
4.692476361446799710e+05
4.677067685650407802e+05
4.662726119687153841e+05
4.649535243022205541e+05
4.637534133964499342e+05
4.626694891720184823e+05
4.616901608005950111e+05
4.607940052922404720e+05
4.599503500622280990e+05
4.591215055244483519e+05
4.582662797593516298e+05
4.573442312589457142e+05
4.563201391893388354e+05
4.551682557398919016e+05
4.538759178341460065e+05
4.524460094353584573e+05
4.508976853397209779e+05
4.492648528684503981e+05
4.475922528981873766e+05
4.459295282982142526e+05
4.443242186964178109e+05
4.428149430482495227e+05
4.414259886831410695e+05
4.401641504690878792e+05
4.390181339797020773e+05
4.379603679510183283e+05
4.369508005833313800e+05
4.359421805471343687e+05
4.348863375086783199e+05
4.337409488373823697e+05
4.324761454812295269e+05
4.310801083826224203e+05
4.295626485285372473e+05
4.279557740637402167e+05
4.263105141646896955e+05
4.246898158162334003e+05
4.231581093254392035e+05
4.217690240504972753e+05
4.205535115573315998e+05
4.195110170576737146e+05
4.186060663414880983e+05
4.177715924527537427e+05
4.169186797574391821e+05
4.159506180206440622e+05
4.147778644471314037e+05
4.133302401587614440e+05
4.115636143799822894e+05
4.094601532775735832e+05
4.070232570736770285e+05
4.042698189996031579e+05
4.012228944603915443e+05
3.979071962016940815e+05
3.943483967915549292e+05
3.905756302775071235e+05
3.866254201682176790e+05
3.825448629193412489e+05
3.783922922009732574e+05
3.742346047314783791e+05
3.701415722678214661e+05
3.661784240222109365e+05
3.623984911560886540e+05
3.588376575572010479e+05
3.555118340983716771e+05
3.524178799121035845e+05
3.495375992943517631e+05
3.468438631239107926e+05
3.443076336947351228e+05
3.419046758562512114e+05
3.396209063583740499e+05
3.374555687237365637e+05
3.354216906342504080e+05
3.335436142744841636e+05
3.318518229723481345e+05
3.303757983914746437e+05
3.291361281951437704e+05
3.281373913103304221e+05
3.273633433268430526e+05
3.267755616507426021e+05
3.263160567503076163e+05
3.259135709232933004e+05
3.254925597513244720e+05
3.249833420802407782e+05
3.243316983822654001e+05
3.235063036208716221e+05
3.225027506709857262e+05
3.213434750614388031e+05
3.200735416061452706e+05
3.187529065659180051e+05
3.174463358215098269e+05
3.162125599918633234e+05
3.150944205373948207e+05
3.141116719416642445e+05
3.132577468126327149e+05
3.125011836301218136e+05
3.117916170852018404e+05
3.110693470782651566e+05
3.102767055480018025e+05
3.093689438153445371e+05
3.083223598083691322e+05
3.071379575363930198e+05
3.058399840632113046e+05
3.044699433772016200e+05
3.030777648617060040e+05
3.017123721977218520e+05
3.004137990960901370e+05
2.992083122984585934e+05
2.981070081901402446e+05
2.971074008792888490e+05
2.961969028362809331e+05
2.953569341201814823e+05
2.945666209485577419e+05
2.938054777240697294e+05
2.930549086430803873e+05
2.922986826752101770e+05
2.915226965486084227e+05
2.907143882215711055e+05
2.898621613638894632e+05
2.889551612100817729e+05
2.879836879215300432e+05
2.869404057748450432e+05
2.858222855004474986e+05
2.846329366408522474e+05
2.833847347507380764e+05
2.821000325881383033e+05
2.808108415794258472e+05
2.795566824297481799e+05
2.783807501396323787e+05
2.773249804819412529e+05
2.764248999991908204e+05
2.757051971753380494e+05
2.751767556671996717e+05
2.748355051217876608e+05
2.746629834739008220e+05
2.746280919986583758e+05
2.746892708238880150e+05
2.747963051625018707e+05
2.748912218270576559e+05
2.749082207969551673e+05
2.747732022904244368e+05
2.744040173239997239e+05
2.737128671128049609e+05
2.726121015569620649e+05
2.710239221486044116e+05
2.688932669477746822e+05
2.662017497812751099e+05
2.629794160293753957e+05
2.593107607945352502e+05
2.553322477964387508e+05
2.512204191923740145e+05
2.471721203749744745e+05
2.433805989767824649e+05
2.400124765126820712e+05
2.371903533502997889e+05
2.349841494506851013e+05
2.334117923058112792e+05
2.324474199390982685e+05
2.320336824643178261e+05
2.320944284332810785e+05
2.325449635737776407e+05
2.332986560853101546e+05
2.342702475792355835e+05
2.353772385206886684e+05
2.365408926594880759e+05
2.376878516795395117e+05
2.387524419925233815e+05
2.396789472065113368e+05
2.404227644018479041e+05
2.409495831973773893e+05
2.412323966921320243e+05
2.412469727883885207e+05
2.409670464295753336e+05
2.403607005191496282e+05
2.393891295352489105e+05
2.380083504023551941e+05
2.361736748135542439e+05
2.338461254993632319e+05
2.309996216573212296e+05
2.276277097232385422e+05
2.237488052706949820e+05
2.194092215357082896e+05
2.146835811137312558e+05
2.096724783045646618e+05
2.044974738895263290e+05
1.992936942603864591e+05
1.942005164825867105e+05
1.893510757072272536e+05
1.848616150411634590e+05
1.808219415555068699e+05
1.772883457869268314e+05
1.742801748617377016e+05
1.717807671266044490e+05
1.697427120275431953e+05
1.680965634673537279e+05
1.667614481478590460e+05
1.656556901111117040e+05
1.647057200573224109e+05
1.638520912546158943e+05
1.630521850626781234e+05
1.622799112277014065e+05
1.615231967823338928e+05
1.607802370313414722e+05
1.600553994096543174e+05
1.593554444057003420e+05
1.586864780473062710e+05
1.580518504287893302e+05
1.574510773045140668e+05
1.568797609589463100e+05
1.563303905016304343e+05
1.557937967586358427e+05
1.552609344750418386e+05
1.547245941258999810e+05
1.541806416642940021e+05
1.536284720643131877e+05
1.530705437923583668e+05
1.525111058449747798e+05
1.519544729995355883e+05
1.514033667029047210e+05
1.508578489403408603e+05
1.503152105706422881e+05
1.497708752055539226e+05
1.492200428738429619e+05
1.486595438565912191e+05
1.480892951050311385e+05
1.475128779729734233e+05
1.469370395545263891e+05
1.463702580808037310e+05
1.458207883497702423e+05
1.452947285102243768e+05
1.447945971931642271e+05
1.443187182042031782e+05
1.438614629252313171e+05
1.434141915858325083e+05
1.429666273855880427e+05
1.425084015203279851e+05
1.420305785970386933e+05
1.415270408926444943e+05
1.409956223430903920e+05
1.404388350862312654e+05
1.398639752686620341e+05
1.392824101311107224e+05
1.387079897002271609e+05
1.381547784940002311e+05
1.376345722131197981e+05
1.371548196235946962e+05
1.367175099992535543e+05
1.363193033256060444e+05
1.359527742941403121e+05
1.356082787596719863e+05
1.352757860558819084e+05
1.349461164806739835e+05
1.346113246482427057e+05
1.342643307039334322e+05
1.338981611316922936e+05
1.335052202861874248e+05
1.330768801673489506e+05
1.326034504760635900e+05
1.320744093587000680e+05
1.314787334200852201e+05
1.308052692007657752e+05
1.300432520594321832e+05
1.291831755527327914e+05
1.282181504531176179e+05
1.271456633740448451e+05
1.259693473377715272e+05
1.247001635815480113e+05
1.233563973998645379e+05
1.219621316964274592e+05
1.205443039074153639e+05
1.191289130906781356e+05
1.177372488289556350e+05
1.163830496846933238e+05
1.150712604054648982e+05
1.137986376005097845e+05
1.125559973205511342e+05
1.113315368916317238e+05
1.101144728637952503e+05
1.088982265032629948e+05
1.076825227636149793e+05
1.064739998976253846e+05
1.052852136727173784e+05
1.041322285874237568e+05
1.030312795464040828e+05
1.019952085641438462e+05
1.010304731103789236e+05
1.001354415328955511e+05
9.930043126307005878e+04
9.850955272491404321e+04
9.774398555699542339e+04
9.698594479854160454e+04
9.622239553462353069e+04
9.544761085669127351e+04
9.466394781186597538e+04
9.388068012521519267e+04
9.311125605497157085e+04
9.236979417365154950e+04
9.166785211126452486e+04
9.101242916519692517e+04
9.040581426026509143e+04
8.984737993567333615e+04
8.933691650118872349e+04
8.887875088886552840e+04
8.848578073458335712e+04
8.818265069466382556e+04
8.800749147709753015e+04
8.801178803502881783e+04
8.825794486308457272e+04
8.881399304349104932e+04
8.974479809550876962e+04
9.109934205570378981e+04
9.289441209636948770e+04
9.509639556608763814e+04
9.760460187441651942e+04
1.002410018736494676e+05
1.027516955852347746e+05
1.048241151903578429e+05
1.061207763205612573e+05
1.063259054787517525e+05
1.051968106012098870e+05
1.026090484398198605e+05
9.858456119606060383e+04
9.329534939280879917e+04
8.704106563679820101e+04
8.020535854414419737e+04
7.320080632641880948e+04
6.641433255763755005e+04
6.016367155178816029e+04
5.467150876555839204e+04
5.005890158059443638e+04
4.635513886607382301e+04
4.351847749786392524e+04
4.146154786181211239e+04
4.007625149352380686e+04
3.925486899075955444e+04
3.890602264871407533e+04
3.896553536913174321e+04
3.940290737377631012e+04
4.022420946382459806e+04
4.147192531409586809e+04
4.322191862823686824e+04
4.557741556558120647e+04
4.865974234874240210e+04
5.259555473742177128e+04
5.750045914256521792e+04
6.345931086771003902e+04
7.050415800325600139e+04
7.859180543041221972e+04
8.758418835544754984e+04
9.723585029266940546e+04
1.071933100678394549e+05
1.170104201783581520e+05
1.261816066856085381e+05
1.341912507383973280e+05
1.405731602655802271e+05
1.449703499827875057e+05
1.471835974657674087e+05
1.471984412708967284e+05
1.451844768004628131e+05
1.414669439200092165e+05
1.364768651789541764e+05
1.306904589826084411e+05
1.245699357790360227e+05
1.185159213835226547e+05
1.128375786442381795e+05
1.077415957315249689e+05
1.033371261199460423e+05
9.965146474042886985e+04
9.665087908570532454e+04
9.426206694382168644e+04
9.239136827491746226e+04
9.094039019761852978e+04
8.981771230337927409e+04
8.894678954340495693e+04
8.827026797011353483e+04
8.775094242897121876e+04
8.736970043435371190e+04
8.712105591434719099e+04
8.700720025082482607e+04
8.703174766113518854e+04
8.719440104434435489e+04
8.748754907001854735e+04
8.789534663028229261e+04
8.839523111018716008e+04
8.896124347798968665e+04
8.956812303143413737e+04
9.019504907320121129e+04
9.082813833842548775e+04
9.146128560380592535e+04
9.209547968100992148e+04
9.273713977755283122e+04
9.339616074197008857e+04
9.408421120018447982e+04
9.481349892706295941e+04
9.559587431347710663e+04
9.644194315909185389e+04
9.735987910499052668e+04
9.835383207443950232e+04
9.942211166129843332e+04
1.005555536619836494e+05
1.017365628180528875e+05
1.029392435312383168e+05
1.041308249152680364e+05
1.052743318615886528e+05
1.063322203633509635e+05
1.072705250571085198e+05
1.080629699235294247e+05
1.086944623263356916e+05
1.091634218131181260e+05
1.094824975571196119e+05
1.096774179235489864e+05
1.097839942592222942e+05
1.098436353576760303e+05
1.098980458782868809e+05
1.099839876607930346e+05
1.101290008747716784e+05
1.103487894162304292e+05
1.106466179992364778e+05
1.110146470154288108e+05
1.114367614448123059e+05
1.118922218356330413e+05
1.123594153828640265e+05
1.128190938318777480e+05
1.132566937285399181e+05
1.136635724152445182e+05
1.140372006349108560e+05
1.143804955827326921e+05
1.147005501761330379e+05
1.150070288130445406e+05
1.153104788351384341e+05
1.156207693620722275e+05
1.159458252759070747e+05
1.162907754627415707e+05
1.166575787770070456e+05
1.170451286538623972e+05
1.174497742053871625e+05
1.178661450836602016e+05
1.182881456793368416e+05
1.187100036141219316e+05
1.191273168743956048e+05
1.195381217422919290e+05
1.199440594683647942e+05
1.203517090611769963e+05
1.207740539069708029e+05
1.212318833996658068e+05
1.217547683971687802e+05
1.223811847413207142e+05
1.231574590611588792e+05
1.241354684030136268e+05
1.253693452439640823e+05
1.269116773799416260e+05
1.288097285954112449e+05
1.311020201569313940e+05
1.338153079740675457e+05
1.369617463643047085e+05
1.405360071043586358e+05
1.445123660348184349e+05
1.488421709833208297e+05
1.534524537495193654e+05
1.582465426770605845e+05
1.631072848936514929e+05
1.679029747780912148e+05
1.724955037846833584e+05
1.767498099185641622e+05
1.805435408364972391e+05
1.837759478874252818e+05
1.863752891867697472e+05
1.883042990272746829e+05
1.895634863764504262e+05
1.901921438367539959e+05
1.902670246160886600e+05
1.898987280181884998e+05
1.892259336726626498e+05
1.884077063034078747e+05
1.876141132875290350e+05
1.870153597177592455e+05
1.867696315188545559e+05
1.870099835867673391e+05
1.878310291128419922e+05
1.892768603949321841e+05
1.913323460229247867e+05
1.939203250741634984e+05
1.969068603507881926e+05
2.001154234960987233e+05
2.033488435393316904e+05
2.064156328779597825e+05
2.091557040597857849e+05
2.114601919847663958e+05
2.132813541232584976e+05
2.146310076487603365e+05
2.155688707660354848e+05
2.161845441611959541e+05
2.165779669219276111e+05
2.168427816731337516e+05
2.170554633828320948e+05
2.172709856924356427e+05
2.175239597324118658e+05
2.178331072662042861e+05
2.182067783782137267e+05
2.186477954123197123e+05
2.191567916175379069e+05
2.197339964471957646e+05
2.203798397032944195e+05
2.210947789166541770e+05
2.218785709016721812e+05
2.227290532172295498e+05
2.236405426153625012e+05
2.246021959081898676e+05
2.255969559416219126e+05
2.266018063872459461e+05
2.275898438990611176e+05
2.285341661363026651e+05
2.294129452993872110e+05
2.302145511324813997e+05
2.309413976545982587e+05
2.316113807635248522e+05
2.322562832753226103e+05
2.329172028497324500e+05
2.336377453664923087e+05
2.344562882992518716e+05
2.353989553296957165e+05
2.364749755443083122e+05
2.376757701985131425e+05
2.389784100734162494e+05
2.403531042646228743e+05
2.417733208009808441e+05
2.432262890165891149e+05
2.447212760561502946e+05
2.462933314608712972e+05
2.480011255816562625e+05
2.499188430008013675e+05
2.521234829933196597e+05
2.546800127083862608e+05
2.576273621054317337e+05
2.609681410761394363e+05
2.646642442167064874e+05
2.686393444187928108e+05
2.727878929264057660e+05
2.769889142370347399e+05
2.811218940317087690e+05
2.850816515989630134e+05
2.887893963933818741e+05
2.921981428202280658e+05
2.952920500030472176e+05
2.980806749207559042e+05
3.005901752037280239e+05
3.028539026303622522e+05
3.049045503066158853e+05
3.067692433595316252e+05
3.084680103888905142e+05
3.100152411458366551e+05
3.114231968552008038e+05
3.127064071724636597e+05
3.138857738817775971e+05
3.149913117623642902e+05
3.160626622566882288e+05
3.171468548439106671e+05
3.182933100836679805e+05
3.195467471063138801e+05
3.209393282388596563e+05
3.224838117848224938e+05
3.241694772017289069e+05
3.259620589191407780e+05
3.278080008977917023e+05
3.296423152347819996e+05
3.313985293776987237e+05
3.330188669088230818e+05
3.344629559541683993e+05
3.357138386903289938e+05
3.367806253063404001e+05
3.376976102268659743e+05
3.385199996734921006e+05
3.393166659128596657e+05
3.401606565881563583e+05
3.411185851413016208e+05
3.422404219963789801e+05
3.435514162380663911e+05
3.450477322966989595e+05
3.466968240506213042e+05
3.484426847022123984e+05
3.502151249393783510e+05
3.519414037984379102e+05
3.535580731524184230e+05
3.550208952938587172e+05
3.563111329238227336e+05
3.574372773117028410e+05
3.584321989146283595e+05
3.593465738404951408e+05
3.602400673226857907e+05
3.611720065318463021e+05
3.621931188619369641e+05
3.633394436590384576e+05
3.646289349392575095e+05
3.660607605517740012e+05
3.676169857945151743e+05
3.692661905960184522e+05
3.709684956109890481e+05
3.726813533791928203e+05
3.743652865111380816e+05
3.759886403750730678e+05
3.775305253416824271e+05
3.789815337040013983e+05
3.803424356491827057e+05
3.816216391972694546e+05
3.828324684073922108e+05
3.839911385041197645e+05
3.851157798996493802e+05
3.862262602701942669e+05
3.873441734753106139e+05
3.884923602665451472e+05
3.896936346953730099e+05
3.909687936467762338e+05
3.923342629064609064e+05
3.937997899185957504e+05
3.953665010444039945e+05
3.970255492405694677e+05
3.987575868207390304e+05
4.005333780972491950e+05
4.023158834038785426e+05
4.040639657522771158e+05
4.057374734384946642e+05
4.073029656435146462e+05
4.087389904961939319e+05
4.100397802634769469e+05
4.112165449505185825e+05
4.122961121274577454e+05
4.133172663731232169e+05
4.143255805739024654e+05
4.153676915109335678e+05
4.164858676257010084e+05
4.177134577960849274e+05
4.190715369286013301e+05
4.205668812171953032e+05
4.221913410977691528e+05
4.239226852491567261e+05
4.257269750290415250e+05
4.275624165005082614e+05
4.293844037336952752e+05
4.311511639906083001e+05
4.328291517471996485e+05
4.343972353587489924e+05
4.358488577303523198e+05
4.371917324910382740e+05
4.384451762809551437e+05
4.396357310074652196e+05
4.407921365231086384e+05
4.419408480328134610e+05
4.431031029291927116e+05
4.442940722698895261e+05
4.455240113978874870e+05
4.468007296756593278e+05
4.481323041208197246e+05
4.495288827467576484e+05
4.510026881346047739e+05
4.525658740776309860e+05
4.542265696776982513e+05
4.559840903917141841e+05
4.578247284001985099e+05
4.597196146296696970e+05
4.616258016099414090e+05
4.634909836511868634e+05
4.652613039164565271e+05
4.668907561429672642e+05
4.683500694266310893e+05
4.696329014100907370e+05
4.707577301323977881e+05
4.717648908247215440e+05
4.727094407390289125e+05
4.736515764680060674e+05
4.746468660851197783e+05
4.757384555908030597e+05
4.769527321538269753e+05
4.782989064881398226e+05
4.797719244508839329e+05
4.813573306123112561e+05
4.830363886315913405e+05
4.847899756279069697e+05
4.866004108851606143e+05
4.884512195813465514e+05
4.903255747846089071e+05
4.922045532939265249e+05
4.940662698701054323e+05
4.958864890596193145e+05
4.976406696459227824e+05
4.993068375134059461e+05
5.008684099992685369e+05
5.023161780515145510e+05
5.036490225049157161e+05
5.048734338718937943e+05
5.060023273086082772e+05
5.070538329920013784e+05
5.080506160136800027e+05
5.090198755169481155e+05
5.099936493108690483e+05
5.110086442870368483e+05
5.121047427885888610e+05
5.133216895179049461e+05
5.146941383311186219e+05
5.162459657083156053e+05
5.179852253136059153e+05
5.199011156456870376e+05
5.219638494246587506e+05
5.241275364298705244e+05
5.263354159553332720e+05
5.285262752700287383e+05
5.306408142549768090e+05
5.326270381312465761e+05
5.344443007412010338e+05
5.360661217194453347e+05
5.374821302055811975e+05
5.386993454060005024e+05
5.397425841318453895e+05
5.406533545363885351e+05
5.414864789566590916e+05
5.423040987078996841e+05
5.431676014932619873e+05
5.441290370219561737e+05
5.452242397847735556e+05
5.464697253089892911e+05
5.478643548797871917e+05
5.493951010236348957e+05
5.510446647076139925e+05
5.527979245848307619e+05
5.546446680442072684e+05
5.565776468002623878e+05
5.585870607517604949e+05
5.606541901288169902e+05
5.627473306438575964e+05
5.648222448494357523e+05
5.668274745213149581e+05
5.687129299591714516e+05
5.704390270292274654e+05
5.719836912906640209e+05
5.733456024652275955e+05
5.745434882717916043e+05
5.756124096658024937e+05
5.765984213007763028e+05
5.775527898913151585e+05
5.785264679819920566e+05
5.795651423083107220e+05
5.807050873330476461e+05
5.819701675871489570e+05
5.833704097769899527e+05
5.849024179251195164e+05
5.865515255928268889e+05
5.882951404803467449e+05
5.901064675996984588e+05
5.919578362698766869e+05
5.938231698762449669e+05
5.956795469238655642e+05
5.975080934175702278e+05
5.992944952679881826e+05
6.010292570735306945e+05
6.027076215536608361e+05
6.043289870049491292e+05
6.058958039886163315e+05
6.074122191316508688e+05
6.088829625557732070e+05
6.103129506155054551e+05
6.117077470272830687e+05
6.130745454897709424e+05
6.144229870705875801e+05
6.157651460298177553e+05
6.171144423941903515e+05
6.184838480802063132e+05
6.198841831377692288e+05
6.213232621243667090e+05
6.228061281946888193e+05
6.243358963032957399e+05
6.259142707428997383e+05
6.275409504677494988e+05
6.292118865890911547e+05
6.309173124787913403e+05
6.326410278615480056e+05
6.343621310393995373e+05
6.360592625031778589e+05
6.377159825683014933e+05
6.393249723018448567e+05
6.408889640029788716e+05
6.424177301594952587e+05
6.439224442289448343e+05
6.454102243289705366e+05
6.468817945646133740e+05
6.483337455691948999e+05
6.497644973827947397e+05
6.511809645113503793e+05
6.526022175756776705e+05
6.540575687490800628e+05
6.555789902416151017e+05
6.571904321632387582e+05
6.588981750978922937e+05
6.606861076728764456e+05
6.625179047533716075e+05
6.643454021933069453e+05
6.661202144798826193e+05
6.678047348509572912e+05
6.693793313338231528e+05
6.708443283546530874e+05
6.722173445059034275e+05
6.735278868499645032e+05
6.748113556468356401e+05
6.761039337327397661e+05
6.774387787649532547e+05
6.788431354732866166e+05
6.803358107753613731e+05
6.819248612618152983e+05
6.836059486114183674e+05
6.853621624551221030e+05
6.871659263006704859e+05
6.889829629181344062e+05
6.907775512090318371e+05
6.925178668464046204e+05
6.941802902480630437e+05
6.957521035280079814e+05
6.972326478286231868e+05
6.986333956140035298e+05
6.999773187177630607e+05
7.012975151558145881e+05
7.026346413639819948e+05
7.040326425885310164e+05
7.055327263847774593e+05
7.071663038977662800e+05
7.089483216970412759e+05
7.108726225347133586e+05
7.129105555356168188e+05
7.150131981524537550e+05
7.171166752859101398e+05
7.191495587026932044e+05
7.210413309210216394e+05
7.227312008763075573e+05
7.241767833477009553e+05
7.253620110698898789e+05
7.263031556629990228e+05
7.270513349624187686e+05
7.276898538623076165e+05
7.283254733735184418e+05
7.290741588994303020e+05
7.300435628594601294e+05
7.313157909410065040e+05
7.329343245678171515e+05
7.348981075316333445e+05
7.371639742965288460e+05
7.396563830839322181e+05
7.422815504284640774e+05
7.449421866426642518e+05
7.475493864771183580e+05
7.500296641099277185e+05
7.523270580204812577e+05
7.544019032348335022e+05
7.562286397000602446e+05
7.577946690576273249e+05
7.591010679131709039e+05
7.601645545838995604e+05
7.610191660631964915e+05
7.617160182535384083e+05
7.623202312107558828e+05
7.629051768685572315e+05
