6.109648382353882771e+05
6.096259322630772367e+05
6.084012327770258998e+05
6.072590585612062132e+05
6.061632303886174923e+05
6.050784563574414933e+05
6.039756385012443643e+05
6.028358803535712650e+05
6.016522094093122287e+05
6.004287016153929289e+05
5.991775145124439150e+05
5.979149059126037173e+05
5.966573630577442236e+05
5.954185118350391276e+05
5.942068305639598984e+05
5.930237868793334346e+05
5.918621271061331499e+05
5.907046115422528237e+05
5.895241140551187564e+05
5.882861939615127631e+05
5.869547099119301420e+05
5.854998955600832123e+05
5.839070509430526290e+05
5.821832469897732371e+05
5.803596217336354312e+05
5.784879788390070898e+05
5.766320808019621763e+05
5.748556438456537435e+05
5.732100300775668584e+05
5.717247019927478395e+05
5.704026939560198225e+05
5.692219688527848339e+05
5.681419986936922651e+05
5.671136591104771942e+05
5.660898676657954929e+05
5.650344524837877834e+05
5.639274346100989496e+05
5.627659907803538954e+05
5.615614837762811221e+05
5.603337833994901739e+05
5.591044736058240524e+05
5.578904668493097415e+05
5.566991930758387316e+05
5.555261017755571520e+05
5.543548324683217797e+05
5.531600649409593316e+05
5.519126735133383190e+05
5.505863352765988093e+05
5.491642622586298967e+05
5.476444438580434071e+05
5.460419151271182345e+05
5.443871961698987288e+05
5.427210480180898448e+05
5.410867401879907120e+05
5.395217476710098563e+05
5.380509268522971543e+05
5.366827264399945270e+05
5.354090715104568517e+05
5.342085536420361605e+05
5.330517968932794174e+05
5.319075471633789130e+05
5.307481688891465310e+05
5.295536891334046377e+05
5.283140845437621465e+05
5.270299485405200394e+05
5.257118723609644221e+05
5.243788137887632474e+05
5.230555224171971786e+05
5.217689275790890679e+05
5.205434554811727721e+05
5.193956024575877818e+05
5.183286558115402004e+05
5.173289604454161017e+05
5.163652521037465194e+05
5.153920928415814415e+05
5.143573815115620382e+05
5.132125986974235857e+05
5.119233915684696985e+05
5.104777702378934482e+05
5.088897517499666428e+05
5.071975465967084165e+05
5.054568469106319244e+05
5.037309174568508752e+05
5.020796946989890421e+05
5.005499738427790580e+05
4.991682592717450461e+05
4.979372589907388901e+05
4.968364658071511076e+05
4.958267540603170055e+05
4.948583299574161647e+05
4.938807002267070347e+05
4.928527374451389187e+05
4.917506959565936122e+05
4.905723752949123736e+05
4.893365188502139645e+05
4.880777040591458790e+05
4.868380317833973095e+05
4.856575327064008452e+05
4.845652668287929846e+05
4.835727112023234367e+05
4.826704374464344000e+05
4.818284722094525350e+05
4.810001984288408421e+05
4.801291878323082929e+05
4.791579358977323864e+05
4.780371315915624145e+05
4.767339219601939549e+05
4.752377104988649371e+05
4.735623777965447516e+05
4.717443701923345216e+05
4.698367588582193712e+05
4.679000307420153404e+05
4.659909730134013807e+05
4.641515024732715683e+05
4.623995801759039750e+05
4.607242941317355144e+05
4.590866436703954823e+05
4.574264782911870861e+05
4.556745932770427899e+05
4.537675378280277946e+05
4.516617300080591813e+05
4.493433971898880554e+05
4.468318062909638393e+05
4.441749941564351902e+05
4.414392334472924122e+05
4.386951357155023725e+05
4.360040831108340644e+05
4.334083805004042224e+05
4.309272817890022416e+05
4.285593011837116792e+05
4.262895143007388106e+05
4.240993535600859905e+05
4.219759774368972285e+05
4.199186769578766543e+05
4.179408011386239086e+05
4.160670205575401778e+05
4.143270292906411341e+05
4.127476631792458356e+05
4.113456613288148656e+05
4.101228873402352910e+05
4.090649404850880383e+05
4.081430601426843205e+05
4.073184152484601946e+05
4.065475057836484048e+05
4.057875059304749593e+05
4.050007753312943969e+05
4.041581998058075551e+05
4.032412970047049457e+05
4.022430862165835570e+05
4.011676722543607466e+05
4.000284893600986106e+05
3.988452998431104934e+05
3.976403300927434466e+05
3.964342277203156846e+05
3.952426753378822468e+05
3.940743931308573810e+05
3.929309116613577353e+05
3.918080125739955110e+05
3.906982814510010066e+05
3.895939370805572253e+05
3.884890726343666320e+05
3.873806695639643003e+05
3.862681642742507975e+05
3.851518516607084894e+05
3.840308526652141009e+05
3.829015980524620390e+05
3.817576702963098069e+05
3.805913871696520364e+05
3.793968360457282979e+05
3.781734264725829707e+05
3.769286887302206014e+05
3.756791685550305410e+05
3.744488224582488183e+05
3.732650930113078211e+05
3.721535478783580475e+05
3.711323608849828597e+05
3.702079030069597065e+05
3.693723583767085802e+05
3.686037495448143454e+05
3.678682314405859797e+05
3.671241322709897067e+05
3.663270404868985061e+05
3.654352385707686190e+05
3.644148878073891974e+05
3.632444766059665708e+05
3.619180928956798743e+05
3.604470739009166136e+05
3.588596038575996063e+05
3.571979804527128581e+05
3.555136146404335741e+05
3.538603174121183110e+05
3.522869028272160795e+05
3.508304023087636451e+05
3.495111097480499302e+05
3.483302686605729396e+05
3.472706163816464832e+05
3.462994217866100953e+05
3.453732594017737429e+05
3.444436186387218186e+05
3.434625147346967715e+05
3.423874576438636286e+05
3.411853608554523671e+05
3.398351830678093829e+05
3.383292732665793737e+05
3.366735292326789931e+05
3.348865756926942850e+05
3.329982135046481853e+05
3.310473793032684480e+05
3.290797850604551495e+05
3.271452872112948098e+05
3.252948903795714141e+05
3.235771727419002564e+05
3.220339050490364316e+05
3.206947988584569539e+05
3.195716888867692323e+05
3.186529633295430685e+05
3.178995357583752484e+05
3.172438780941562145e+05
3.165934158315137029e+05
3.158388623887150316e+05
3.148669585189071367e+05
3.135758694939826382e+05
3.118905451429545647e+05
3.097749983684274484e+05
3.072388866842651623e+05
3.043369392163556768e+05
3.011613711484209634e+05
2.978290166275729425e+05
2.944660143369528814e+05
2.911931657877007383e+05
2.881144956098121474e+05
2.853103194437446655e+05
2.828347254542436567e+05
2.807162914271866903e+05
2.789604239585858886e+05
2.775519717068669270e+05
2.764575021863150178e+05
2.756274477975698537e+05
2.749988411629966577e+05
2.744993634954141453e+05
2.740529609164138674e+05
2.735865933915181085e+05
2.730371085674916394e+05
2.723570464142878773e+05
2.715184530302048079e+05
2.705143601561828982e+05
2.693581737625094829e+05
2.680815285095424624e+05
2.667310933597234543e+05
2.653644795966600068e+05
2.640450911363610649e+05
2.628357442382486188e+05
2.617912631068329792e+05
2.609508722680337960e+05
2.603317296637880791e+05
2.599250645868882712e+05
2.596959806859664386e+05
2.595871891942702059e+05
2.595260587915700744e+05
2.594337217689447280e+05
2.592347340609010134e+05
2.588659248339481419e+05
2.582834263482360693e+05
2.574672627323716006e+05
2.564231925047555997e+05
2.551817462691946712e+05
2.537946392822526395e+05
2.523290098513070843e+05
2.508602070396436320e+05
2.494640287537238328e+05
2.482092977149038925e+05
2.471514391463334032e+05
2.463273853827679122e+05
2.457518524144335533e+05
2.454149667301900627e+05
2.452814009979896655e+05
2.452914712724943820e+05
2.453648111604967562e+05
2.454070448423334456e+05
2.453192685578682576e+05
2.450092853114437021e+05
2.444027593769233208e+05
2.434521231410885230e+05
2.421413812543186941e+05
2.404858629545424192e+05
2.385271862789336592e+05
2.363248228407947754e+05
2.339463447425428021e+05
2.314585196384932788e+05
2.289209223848938418e+05
2.263828419570616097e+05
2.238832569729682291e+05
2.214528173863833945e+05
2.191163327386915043e+05
2.168943492789756274e+05
2.148029715943285264e+05
2.128519615703391319e+05
2.110420198802436062e+05
2.093626899160825415e+05
2.077922927981435205e+05
2.063006858826357347e+05
2.048546507945710327e+05
2.034247310077379225e+05
2.019917300649490498e+05
2.005510793768952135e+05
1.991138844227104273e+05
1.977044333501195651e+05
1.963549521824509429e+05
1.950990789089006430e+05
1.939657000806244905e+05
1.929744389416307386e+05
1.921333805725130951e+05
1.914388566187018878e+05
1.908765795953250490e+05
1.904232913438800606e+05
1.900483660220408055e+05
1.897153022069956351e+05
1.893834770926498459e+05
1.890106833811619726e+05
1.885567440110504976e+05
1.879880091023268469e+05
1.872820214352303301e+05
1.864313350631950598e+05
1.854455159775924112e+05
1.843507106909835711e+05
1.831866840215486882e+05
1.820017243825300247e+05
1.808461809115876094e+05
1.797656073888072860e+05
1.787945651449202269e+05
1.779520877218482783e+05
1.772396002214585023e+05
1.766416783144480141e+05
1.761294536128065665e+05
1.756658597030715027e+05
1.752114800593288091e+05
1.747296955688177550e+05
1.741901899918105919e+05
1.735705240488909476e+05
1.728561642013498349e+05
1.720397739649255527e+05
1.711205940398903622e+05
1.701043944866077218e+05
1.690039735187211190e+05
1.678397425262696925e+05
1.666397427255593939e+05
1.654385217501013249e+05
1.642745828040255583e+05
1.631864838017460133e+05
1.622080076893661171e+05
1.613630908417194150e+05
1.606613558552103059e+05
1.600951209056297666e+05
1.596386158762105333e+05
1.592498077307868225e+05
1.588747587764259952e+05
1.584539160704814421e+05
1.579293089592669567e+05
1.572514520623498829e+05
1.563848729647592700e+05
1.553115579699174268e+05
1.540320967700601032e+05
1.525647428822090442e+05
1.509428722115489654e+05
1.492113875677527394e+05
1.474225370509775530e+05
1.456314830283419869e+05
1.438918553604000481e+05
1.422514808667597536e+05
1.407484918085467070e+05
1.394080550501176913e+05
1.382400134079590789e+05
1.372377806863126461e+05
1.363788569773710042e+05
1.356272763806322764e+05
1.349380969241367420e+05
1.342636590854833194e+05
1.335608312930144893e+05
1.327979890501496266e+05
1.319602534360080899e+05
1.310517106674705428e+05
1.300939647111186787e+05
1.291212729217168526e+05
1.281733865252854594e+05
1.272877672235978825e+05
1.264929064819367777e+05
1.258040513494638144e+05
1.252219182176690083e+05
1.247342037678548950e+05
1.243191017360416736e+05
1.239497334855544323e+05
1.235984221786063717e+05
1.232400225756970322e+05
1.228539465242284787e+05
1.224249605792699876e+05
1.219431473232648423e+05
1.214035297350121109e+05
1.208057482082403294e+05
1.201539272862356302e+05
1.194566042108761467e+05
1.187264394310313510e+05
1.179794500747825514e+05
1.172336701097479672e+05
1.165073497661105648e+05
1.158169609803657950e+05
1.151753238962205360e+05
1.145901263685345330e+05
1.140630268581193959e+05
1.135894560018395860e+05
1.131591702399686037e+05
1.127575366446610278e+05
1.123674175748730195e+05
1.119713881981772574e+05
1.115539118305830198e+05
1.111030833425136516e+05
1.106116640654469666e+05
1.100773441490004625e+05
1.095023926330037939e+05
1.088929865107546502e+05
1.082584827302100894e+05
1.076107280366538762e+05
1.069632888563077868e+05
1.063303600042345206e+05
1.057251730902526760e+05
1.051579733439083211e+05
1.046339590663558483e+05
1.041518107233318733e+05
1.037034292195684247e+05
1.032752110014687642e+05
1.028507034739665978e+05
1.024140009050884692e+05
1.019529644971523812e+05
1.014614022033620422e+05
1.009397038814715343e+05
1.003939440844658675e+05
9.983392800757652731e+04
9.927089372658720822e+04
9.871553529819985852e+04
9.817674367796567094e+04
9.766112565388079383e+04
9.717310827172509744e+04
9.671535156369338802e+04
9.628926033030266990e+04
9.589551439077784016e+04
9.553461779939517146e+04
9.520743933343126264e+04
9.491559720416399068e+04
9.466141624223973486e+04
9.444716056426687283e+04
9.427338408698189596e+04
9.413653221312230744e+04
9.402627917393736425e+04
9.392336332085577305e+04
9.379876529258419760e+04
9.361489847836273839e+04
9.332906630411323567e+04
9.289888162955993903e+04
9.228878463014034787e+04
9.147639378717661020e+04
9.045730870714539196e+04
8.924721630635311885e+04
8.788070302797225304e+04
8.640691587582518696e+04
8.488294279146188637e+04
8.336628431918172282e+04
8.190791178989969194e+04
8.054712238413114392e+04
7.930881599390271003e+04
7.820313940965934307e+04
7.722689739065941831e+04
7.636588085894112010e+04
7.559735205015430984e+04
7.489226827651185158e+04
7.421724502408580156e+04
7.353656359527741733e+04
7.281458530044950021e+04
7.201872176708235929e+04
7.112272989099411643e+04
7.010973479069060704e+04
6.897422702301513345e+04
6.772244524927578459e+04
6.637101946213246265e+04
6.494435051994008245e+04
6.347169805319696752e+04
6.198512058338108909e+04
6.051915426035324344e+04
5.911248792475477239e+04
5.781109209983386245e+04
5.667155366626058094e+04
5.576299281555433117e+04
5.516602800964469498e+04
5.496780996676774521e+04
5.525305118151040369e+04
5.609203622516383621e+04
5.752757163424526516e+04
5.956347836949293560e+04
6.215733498904020234e+04
6.521962569716711005e+04
6.862026661641088140e+04
7.220190193794334482e+04
7.579777823288951186e+04
7.925088902806352417e+04
8.243080613745153823e+04
8.524529646101543040e+04
8.764524968009020085e+04
8.962313219790589937e+04
9.120657183356254245e+04
9.244934764008279308e+04
9.342190086857789720e+04
9.420272025304993440e+04
9.487101877978516859e+04
9.550044188355740334e+04
9.615337398131212103e+04
9.687571694855656824e+04
9.769255304176697973e+04
9.860554463075211970e+04
9.959300608105628635e+04
1.006132285464221932e+05
1.016109576705502404e+05
1.025261555478776427e+05
1.033035821019485156e+05
1.039014930602548557e+05
1.042979292543720221e+05
1.044935938050171681e+05
1.045110222120416875e+05
1.043904616676431906e+05
1.041834338421069842e+05
1.039452633732063987e+05
1.037278836099830078e+05
1.035740127464750694e+05
1.035134022308575222e+05
1.035613956871762493e+05
1.037196053744105593e+05
1.039782000767098652e+05
1.043191486956524022e+05
1.047197733026229398e+05
1.051560879962986801e+05
1.056055715265748004e+05
1.060491874717909814e+05
1.064725975380585587e+05
1.068666099137545389e+05
1.072269779461891158e+05
1.075537247170804185e+05
1.078502144309581199e+05
1.081222085203196184e+05
1.083771164613247238e+05
1.086235699291014171e+05
1.088713230525247200e+05
1.091313413666028937e+05
1.094158335191305086e+05
1.097379486967445700e+05
1.101109337462049298e+05
1.105467048638838460e+05
1.110539908822374127e+05
1.116363825117068627e+05
1.122907185216999642e+05
1.130062302791478724e+05
1.137647573012836074e+05
1.145421652175342897e+05
1.153108763331745722e+05
1.160431968690636713e+05
1.167149366121365165e+05
1.173087167532488529e+05
1.178163926353122224e+05
1.182401872357439424e+05
1.185923930786244018e+05
1.188937695744293160e+05
1.191709563144813001e+05
1.194533048920872534e+05
1.197695289225761517e+05
1.201445432122110069e+05
1.205968468690600275e+05
1.211367844867574458e+05
1.217659364661220025e+05
1.224777017039701605e+05
1.232588708976222988e+05
1.240917495256877155e+05
1.249562980667549127e+05
1.258318715952976054e+05
1.266984076276350388e+05
1.275371881417277036e+05
1.283314448933736421e+05
1.290670297163462819e+05
1.297331960207977390e+05
1.303233683222350228e+05
1.308357250823740906e+05
1.312735014027997677e+05
1.316450466355997778e+05
1.319637294040605193e+05
1.322477077839196427e+05
1.325194202025906998e+05
1.328045264634880587e+05
1.331300569274446170e+05
1.335217428789180994e+05
1.340008211677829386e+05
1.345808833279841347e+05
1.352654437304960156e+05
1.360467890784336487e+05
1.369063962992724846e+05
1.378168761107380269e+05
1.387451179049589846e+05
1.396561357782420528e+05
1.405170557592016121e+05
1.413007237470849359e+05
1.419885269727705745e+05
1.425721788632084208e+05
1.430543800253916997e+05
1.434483958093829860e+05
1.437766582732808311e+05
1.440685169354974933e+05
1.443572736271509202e+05
1.446766969050578191e+05
1.450573457793499692e+05
1.455232086125464120e+05
1.460892966246255965e+05
1.467608238936296839e+05
1.475343941722052987e+05
1.484012078447360545e+05
1.493517854146878817e+05
1.503812153284583765e+05
1.514936242944805417e+05
1.527045579389698105e+05
1.540403032507826865e+05
1.555338462086183135e+05
1.572180046708623995e+05
1.591170941834198893e+05
1.612390287559790595e+05
1.635698324534470739e+05
1.660720696292789362e+05
1.686877927567813313e+05
1.713455128517542325e+05
1.739697451826655888e+05
1.764911510930891382e+05
1.788553141833425907e+05
1.810286958381934382e+05
1.830011007348817657e+05
1.847847791877600248e+05
1.864108751167386072e+05
1.879241835946501815e+05
1.893771278235754289e+05
1.908236208247926843e+05
1.923132055071445648e+05
1.938857108576534374e+05
1.955666875947979861e+05
1.973640526638418087e+05
1.992665426119481272e+05
2.012445795172107173e+05
2.032538703629720258e+05
2.052415014532987843e+05
2.071536141003088851e+05
2.089432111311535700e+05
2.105764815376668121e+05
2.120363454457868938e+05
2.133226290115076117e+05
2.144491429275942792e+05
2.154386767003286513e+05
2.163173224029229314e+05
2.171095360082014813e+05
2.178349986500798841e+05
2.185077977221383771e+05
2.191378561182703706e+05
2.197340067453748488e+05
2.203077119198215369e+05
2.208762254517579859e+05
2.214640535678554152e+05
2.221019347556511930e+05
2.228232052796790376e+05
2.236582135506852064e+05
2.246281563829855295e+05
2.257400667666742811e+05
2.269845050111541932e+05
2.283367989217604045e+05
2.297616631656284153e+05
2.312200594117531728e+05
2.326765805998512660e+05
2.341056342967067903e+05
2.354952034496205160e+05
2.368477249872429820e+05
2.381783345185374201e+05
2.395111576592544443e+05
2.408744439016452816e+05
2.422952575415497995e+05
2.437943392158239149e+05
2.453817425933232880e+05
2.470539114586138458e+05
2.487928601921897789e+05
2.505679085343829356e+05
2.523399471985379350e+05
2.540675736303715094e+05
2.557138591288741445e+05
2.572522343107703782e+05
2.586701565882092982e+05
2.599698218938775826e+05
2.611660010482140351e+05
2.622818273126476561e+05
2.633437803575127618e+05
2.643770915370131261e+05
2.654024076149658067e+05
2.664340031984641682e+05
2.674793641961478861e+05
2.685397320408027153e+05
2.696112165252143168e+05
2.706862471588416374e+05
2.717552893336234847e+05
2.728087982184974826e+05
2.738393082252100576e+05
2.748434240078231669e+05
2.758233761286583031e+05
2.767877848471218022e+05
2.777513456348597538e+05
2.787332910834972863e+05
2.797546813528888742e+05
2.808348246667548665e+05
2.819874101858794456e+05
2.832171805190231535e+05
2.845180675263449666e+05
2.858735553349507973e+05
2.872595900748345884e+05
2.886497228086168761e+05
2.900215476358704618e+05
2.913630917920037755e+05
2.926777534433136461e+05
2.939866555287163937e+05
2.953277750068295863e+05
2.967517763829857577e+05
2.983150316691813641e+05
3.000708067617915804e+05
3.020600068906831439e+05
3.043031282467031269e+05
3.067950391777594923e+05
3.095038080669358606e+05
3.123740081223743036e+05
3.153339232874992886e+05
3.183051441019617487e+05
3.212124859917003778e+05
3.239921793920034543e+05
3.265968655812556972e+05
3.289968820072181989e+05
3.311783241704878164e+05
3.331391281090123230e+05
3.348847412779301521e+05
3.364248066973271780e+05
3.377717739833215019e+05
3.389416434111390263e+05
3.399563319761599414e+05
3.408465862449164852e+05
3.416540788250259939e+05
3.424313894418919226e+05
3.432390027680766070e+05
3.441391877141458099e+05
3.451875015816746163e+05
3.464234628011350869e+05
3.478624205753462738e+05
3.494906450654231012e+05
3.512651237094866810e+05
3.531185881346940878e+05
3.549691485279537155e+05
3.567328711490003043e+05
3.583369633280205308e+05
3.597310900909760967e+05
3.608947574282530113e+05
3.618395400145316962e+05
3.626059879902700195e+05
3.632560665785874007e+05
3.638627475038017728e+05
3.644987519916337915e+05
3.652264139193973970e+05
3.660902466309953597e+05
3.671131670890477253e+05
3.682965847378605977e+05
3.696238314070126507e+05
3.710658227012631833e+05
3.725875179091303726e+05
3.741537616091849050e+05
3.757334457742420491e+05
3.773015272997901193e+05
3.788390921193127288e+05
3.803321709201362100e+05
3.817702345517930225e+05
3.831451899341619574e+05
3.844513351230202243e+05
3.856862650063540787e+05
3.868523090233117691e+05
3.879578509323177859e+05
3.890178817276898189e+05
3.900533524986947305e+05
3.910892460396932438e+05
3.921516571123299655e+05
3.932644388131354935e+05
3.944460515226280550e+05
3.957071314567065565e+05
3.970490521770191845e+05
3.984635103833382018e+05
3.999330400812060107e+05
4.014323843416353338e+05
4.029307685189947370e+05
4.043951908989847871e+05
4.057947486334565328e+05
4.071057038503733929e+05
4.083165477031908231e+05
4.094319264052995713e+05
4.104741721623740159e+05
4.114814827681635506e+05
4.125025131548452191e+05
4.135880999465237837e+05
4.147817300302643562e+05
4.161108669775714516e+05
4.175811607586303144e+05
4.191748871756372391e+05
4.208539071193734999e+05
4.225663472912000725e+05
4.242554230565923499e+05
4.258685509095176239e+05
4.273651245919025969e+05
4.287218672536069644e+05
4.299352654679400148e+05
4.310210495442298707e+05
4.320109704501981032e+05
4.329473361838581623e+05
4.338760405306828907e+05
4.348391773445648723e+05
4.358686530805511284e+05
4.369822494921287289e+05
4.381831502685258165e+05
4.394630348995611421e+05
4.408077268320887815e+05
4.422034969290769659e+05
4.436418672390002175e+05
4.451212910573366680e+05
4.466452253853628063e+05
4.482174233414134942e+05
4.498362576385478606e+05
4.514901964962150087e+05
4.531561247397615225e+05
4.548012405103656929e+05
4.563881225320749218e+05
4.578816219708117424e+05
4.592557472757105133e+05
4.604987813624204719e+05
4.616154391255406663e+05
4.626257487303686794e+05
4.635612479271934717e+05
4.644597401714022271e+05
4.653600481637188932e+05
4.662978936870361213e+05
4.673033795281149214e+05
4.683998518785982160e+05
4.696034893996389001e+05
4.709229664434644510e+05
4.723589144063348067e+05
4.739034049186406191e+05
4.755399956983249285e+05
4.772448252711451496e+05
4.789888489776213537e+05
4.807408082012127852e+05
4.824702126100988826e+05
4.841496749769021990e+05
4.857563324426385807e+05
4.872725790357341757e+05
4.886866241070374381e+05
4.899933021639992949e+05
4.911951450207065209e+05
4.923032467084906530e+05
4.933372184033806552e+05
4.943237213549018488e+05
4.952936067299948190e+05
4.962782927082275273e+05
4.973063314293500734e+05
4.984009729155818932e+05
4.995789985918561579e+05
5.008504801268003648e+05
5.022187798177125514e+05
5.036802492580961552e+05
5.052236240975300898e+05
5.068297272071109037e+05
5.084723846211926430e+05
5.101211910273425165e+05
5.117460053180994000e+05
5.133221737860045396e+05
5.148349374875322683e+05
5.162815990308819455e+05
5.176707832300204318e+05
5.190191663059818675e+05
5.203468633014869993e+05
5.216728835614105919e+05
5.230116631639256375e+05
5.243709789712515194e+05
5.257509957872098312e+05
5.271440991609387565e+05
5.285354889986781636e+05
5.299049192287517944e+05
5.312300587467117002e+05
5.324915105503111845e+05
5.336786965513142059e+05
5.347950126071805134e+05
5.358603522825017571e+05
5.369095596585312160e+05
5.379865299681697506e+05
5.391351432192922803e+05
5.403894436170019908e+05
5.417659746503212955e+05
5.432606941540247062e+05
5.448515165975075215e+05
5.465056888860865729e+05
5.481895411335142562e+05
5.498772977864593267e+05
5.515559610831566388e+05
5.532247221135441214e+05
5.548893948545590974e+05
5.565542195134584326e+05
5.582143156759857666e+05
5.598517295725179138e+05
5.614365873429259518e+05
5.629329529700969579e+05
5.643073690890772268e+05
5.655373227193090133e+05
5.666172010025683558e+05
5.675604134648685576e+05
5.683977110298273619e+05
5.691727767360961298e+05
5.699365777048814343e+05
5.707417593824910000e+05
5.716378016780161997e+05
5.726671010401787935e+05
5.738618532948561478e+05
5.752416439485667506e+05
5.768118673018543050e+05
5.785632711446505273e+05
5.804728915450723143e+05
5.825063775677473750e+05
5.846213304729497759e+05
5.867709893230313901e+05
5.889075442147381837e+05
5.909845940767483553e+05
5.929586968806297518e+05
5.947904011746511096e+05
5.964454020936833695e+05
5.978964095982225845e+05
5.991259583534387639e+05
6.001298649185616523e+05
6.009205613110448467e+05
6.015293007881288650e+05
6.020063361890011001e+05
6.024185680290512973e+05
6.028446933171725832e+05
6.033683717718028929e+05
6.040702352075604722e+05
6.050196712141626049e+05
6.062672722028503194e+05
6.078387405715567293e+05
6.097309319165543420e+05
6.119105943055319367e+05
6.143161770987441996e+05
6.168627975632450543e+05
6.194500707701141946e+05
6.219720841045405250e+05
6.243284215207163943e+05
6.264349036033228040e+05
6.282326678199315211e+05
6.296943870046975790e+05
6.308267901858213590e+05
6.316691541685274569e+05
6.322880020700872410e+05
6.327687894515694352e+05
6.332057882311446592e+05
6.336916075728677679e+05
6.343077586237785872e+05
6.351173671456602169e+05
6.361606314924953040e+05
6.374530577321525197e+05
6.389860637049649376e+05
6.407293775393478572e+05
6.426347910429827170e+05
6.446411312203983543e+05
6.466805352828346658e+05
6.486860194924751995e+05
6.505998467863011174e+05
6.523814967933156295e+05
6.540134972933724057e+05
6.555033798478544923e+05
6.568807603012300096e+05
6.581898546465258114e+05
6.594791439300437924e+05
6.607908142274856800e+05
6.621526163160308497e+05
6.635739034080177080e+05
6.650462088461486856e+05
6.665474212531947996e+05
6.680479060866029467e+05
6.695169692573748762e+05
6.709286260532928864e+05
6.722662701678224839e+05
6.735261407992348541e+05
6.747193628333058441e+05
6.758720197870396078e+05
6.770226032868804177e+05
6.782165458263079636e+05
6.794983562814830802e+05
6.809028020341412630e+05
6.824471617891171481e+05
6.841264962341833161e+05
