6.811629025271764258e+05
6.790977595339115942e+05
6.770691519124523038e+05
6.751106111968706828e+05
6.732474527384276735e+05
6.714963761978753610e+05
6.698661852500160458e+05
6.683591112498466391e+05
6.669720709838747280e+05
6.656972578528748127e+05
6.645218125422319863e+05
6.634268645174901467e+05
6.623867524344245903e+05
6.613694327035179595e+05
6.603387847768613137e+05
6.592587718472161796e+05
6.580985248947538203e+05
6.568368161761441734e+05
6.554644068666454405e+05
6.539834440255897352e+05
6.524041751386865508e+05
6.507402771200463176e+05
6.490046140541533241e+05
6.472070196627975674e+05
6.453548380577290663e+05
6.434558105468901340e+05
6.415219399557575816e+05
6.395725836749783484e+05
6.376353616454734001e+05
6.357443480533889960e+05
6.339360431527612964e+05
6.322443397096510744e+05
6.306958175452128053e+05
6.293062406651304336e+05
6.280784148781864205e+05
6.270010325096722227e+05
6.260480957756352145e+05
6.251789628090212354e+05
6.243396674218856497e+05
6.234664608722585253e+05
6.224921956447499106e+05
6.213552530824161367e+05
6.200095949123202590e+05
6.184337265165437711e+05
6.166362919772601454e+05
6.146567337567576906e+05
6.125606541269832524e+05
6.104307487529220525e+05
6.083550456165268552e+05
6.064145007304922910e+05
6.046718435543534579e+05
6.031631327879178571e+05
6.018929753495025216e+05
6.008338827548456611e+05
5.999297983759361086e+05
5.991033936495820526e+05
5.982662885993926320e+05
5.973309379103897372e+05
5.962226133326230338e+05
5.948897912151307100e+05
5.933113851104016649e+05
5.914996701443614438e+05
5.894983943780915579e+05
5.873763665081390645e+05
5.852175985389393754e+05
5.831096903385714395e+05
5.811324151060243603e+05
5.793483179768630071e+05
5.777966000438061310e+05
5.764907658970891498e+05
5.754196839280745480e+05
5.745510818733959459e+05
5.738362519374697004e+05
5.732149193705953658e+05
5.726197280894272262e+05
5.719803832354007754e+05
5.712278942181301536e+05
5.702993968396330019e+05
5.691436882665086305e+05
5.677270574729649816e+05
5.660385084990917239e+05
5.640932840848702472e+05
5.619337739358900581e+05
5.596273263727013255e+05
5.572609719265995082e+05
5.549334507982141804e+05
5.527451839016448939e+05
5.507870308012794703e+05
5.491289440893661231e+05
5.478099611827830086e+05
5.468312236517132260e+05
5.461536506773659494e+05
5.457013454495848855e+05
5.453707959412126802e+05
5.450446794122069841e+05
5.446079668486784212e+05
5.439634097347678617e+05
5.430435802110052900e+05
5.418174019530542428e+05
5.402903241873984225e+05
5.384986169991496718e+05
5.364993722182217753e+05
5.343584518602483440e+05
5.321387511474577477e+05
5.298907868606911507e+05
5.276469272701219888e+05
5.254197294163608458e+05
5.232040232305796235e+05
5.209817334477141267e+05
5.187280703566465527e+05
5.164176994614903233e+05
5.140297893854048452e+05
5.115513255188511685e+05
5.089785984288578038e+05
5.063171709031619830e+05
5.035808067010167288e+05
5.007898227248219773e+05
4.979692014727333444e+05
4.951466855510846362e+05
4.923510319440424209e+05
4.896106117348162225e+05
4.869525286196090747e+05
4.844023302512384835e+05
4.819841907659724238e+05
4.797212116780809010e+05
4.776353253838234814e+05
4.757462892949429224e+05
4.740694778849019785e+05
4.726125868765264750e+05
4.713718497971835313e+05
4.703287647398938425e+05
4.694484640027088462e+05
4.686806241492712288e+05
4.679632361877252115e+05
4.672288135149728623e+05
4.664119768206443405e+05
4.654570539332237677e+05
4.643244487095329678e+05
4.629949538918297621e+05
4.614716758026349708e+05
4.597795934723091777e+05
4.579629222491541877e+05
4.560804822233662126e+05
4.541993440727931447e+05
4.523872383066603215e+05
4.507045312727897544e+05
4.491968441748410696e+05
4.478894581911563873e+05
4.467844329391611973e+05
4.458609100830605021e+05
4.450785053402968915e+05
4.443831538453720859e+05
4.437143781996588805e+05
4.430127660478450125e+05
4.422265099021744099e+05
4.413161718291370780e+05
4.402573241932854289e+05
4.390412452645715093e+05
4.376742294114101678e+05
4.361761516884011216e+05
4.345786755883285659e+05
4.329230500857869047e+05
4.312570713395025232e+05
4.296307424962206860e+05
4.280905528205977753e+05
4.266729802041279036e+05
4.253984765251831268e+05
4.242674723602769664e+05
4.232596426979311509e+05
4.223368800629670732e+05
4.214494294998638215e+05
4.205438340733457007e+05
4.195709974640401197e+05
4.184928496408083010e+05
4.172866493297066772e+05
4.159466180861398461e+05
4.144831508919785265e+05
4.129201734975647996e+05
4.112913134420486749e+05
4.096354756347978837e+05
4.079922341282666312e+05
4.063972434722783510e+05
4.048777279402257991e+05
4.034481278469571844e+05
4.021062289299891563e+05
4.008305132835327531e+05
3.995798342806085129e+05
3.982965302591706859e+05
3.969135226797387586e+05
3.953648151663655299e+05
3.935974696604372584e+05
3.915821612826578203e+05
3.893193493064538343e+05
3.868391664840591839e+05
3.841950453963291948e+05
3.814531604947723099e+05
3.786811216011961224e+05
3.759394116222032462e+05
3.732777632734268554e+05
3.707365514426365262e+05
3.683512331485816394e+05
3.661567466908188653e+05
3.641890137730058632e+05
3.624821034478832735e+05
3.610615547554639634e+05
3.599359925096590305e+05
3.590898963170936331e+05
3.584800354674102273e+05
3.580369503600971075e+05
3.576714732171858195e+05
3.572851241317517706e+05
3.567825434207172366e+05
3.560839185865350883e+05
3.551354867045296123e+05
3.539165108729798230e+05
3.524416080491768662e+05
3.507579690268743434e+05
3.489378413189109415e+05
3.470675116008041659e+05
3.452347038576485356e+05
3.435165884626575862e+05
3.419703793826793553e+05
3.406278494889765279e+05
3.394942140630640788e+05
3.385509591379970079e+05
3.377615245523613412e+05
3.370784095681504696e+05
3.364502802265632781e+05
3.358279703634626931e+05
3.351687641026512138e+05
3.344388682471506763e+05
3.336143762495167321e+05
3.326812019332917407e+05
3.316344290273616789e+05
3.304773736050937441e+05
3.292205056676386157e+05
3.278802926349826157e+05
3.264780042640289175e+05
3.250384991778322728e+05
3.235889534717999632e+05
3.221574055417149793e+05
3.207709453393094591e+05
3.194534401113209897e+05
3.182228775335425162e+05
3.170886619383156067e+05
3.160494154770665336e+05
3.150919174165529548e+05
3.141917153072759975e+05
3.133156739390583243e+05
3.124263454527781578e+05
3.114876216102347244e+05
3.104707549327110173e+05
3.093596067367072683e+05
3.081539879627719638e+05
3.068702513673624489e+05
3.055388371080070501e+05
3.041991389970217715e+05
3.028926561000481015e+05
3.016557459642700269e+05
3.005133095185349812e+05
2.994744431642873678e+05
2.985306205971749732e+05
2.976564809561718721e+05
2.968129301753251930e+05
2.959520575509797782e+05
2.950232969777921098e+05
2.939802436908580130e+05
2.927874979725287412e+05
2.914268164775740588e+05
2.899017394049506402e+05
2.882398067510979017e+05
2.864915748348666821e+05
2.847259653230781551e+05
2.830220315840697149e+05
2.814579396360844257e+05
2.800986868741827784e+05
2.789846296004171600e+05
2.781230715752514661e+05
2.774848526184298680e+05
2.770070558126613614e+05
2.766017576202633209e+05
2.761694467732641497e+05
2.756146779738653568e+05
2.748610162052852684e+05
2.738625324048066395e+05
2.726099772075444343e+05
2.711310159813800128e+05
2.694851588448879775e+05
2.677548875999577576e+05
2.660347562243158463e+05
2.644199570022441330e+05
2.629952596406467492e+05
2.618247122714643774e+05
2.609423468609467673e+05
2.603444545933392947e+05
2.599846170952447865e+05
2.597732141302668606e+05
2.595831468011981342e+05
2.592627415713596856e+05
2.586552709845693316e+05
2.576226277051396319e+05
2.560690438639056811e+05
2.539599954217220657e+05
2.513319686902838876e+05
2.482905726456082193e+05
2.449970944358535053e+05
2.416462607786182198e+05
2.384398968134122842e+05
2.355618183569704415e+05
2.331585218248784658e+05
2.313283535854381043e+05
2.301194605224101688e+05
2.295346532532691490e+05
2.295399378410050995e+05
2.300732021645567147e+05
2.310503578342427791e+05
2.323678136559847044e+05
2.339019660904576886e+05
2.355078552747031790e+05
2.370197832521831442e+05
2.382563128882267629e+05
2.390307836593468965e+05
2.391667170488504926e+05
2.385158206762219779e+05
2.369752702837974648e+05
2.345008529078490392e+05
2.311133712674342678e+05
2.268971342099494068e+05
2.219909433583942591e+05
2.165733095856841828e+05
2.108444227375503397e+05
2.050075770992476901e+05
1.992524120794604532e+05
1.937416493143511761e+05
1.886022087550895812e+05
1.839208556181305030e+05
1.797439925091794576e+05
1.760809088041980576e+05
1.729096928511362057e+05
1.701850076953982061e+05
1.678469290733709640e+05
1.658299942762774881e+05
1.640715364339949156e+05
1.625183656602739065e+05
1.611310001732662786e+05
1.598849893103111535e+05
1.587693619395757269e+05
1.577827569938457164e+05
1.569281993820776988e+05
1.562076616567941965e+05
1.556174668342028745e+05
1.551452942031078856e+05
1.547691563832393731e+05
1.544583360668061068e+05
1.541759806341257354e+05
1.538828726362702437e+05
1.535418013834617450e+05
1.531219208097316441e+05
1.526024746664370177e+05
1.519753156256217626e+05
1.512457725573067437e+05
1.504316529532795248e+05
1.495604898049285694e+05
1.486654892958786804e+05
1.477809085930915026e+05
1.469376971728240896e+05
1.461601238683517440e+05
1.454638139837512863e+05
1.448552358101028367e+05
1.443323360885453585e+05
1.438858405460257782e+05
1.435007532760610629e+05
1.431577705287210119e+05
1.428345724812165136e+05
1.425071561748980894e+05
1.421514390973736008e+05
1.417452700068580743e+05
1.412707694571186148e+05
1.407166722525070363e+05
1.400801609337770788e+05
1.393676505375188717e+05
1.385941494559918938e+05
1.377811494137888949e+05
1.369533916293893126e+05
1.361351805879356398e+05
1.353470507484114496e+05
1.346034817422429915e+05
1.339120435658322240e+05
1.332739486002260237e+05
1.326856277627098898e+05
1.321407351416206511e+05
1.316319559792838409e+05
1.311521255900642427e+05
1.306944105651661521e+05
1.302516015902850486e+05
1.298148618206331739e+05
1.293724999652449478e+05
1.289094186698135891e+05
1.284077665246550750e+05
1.278489892137455608e+05
1.272170071637590736e+05
1.265017936216083472e+05
1.257023628429759119e+05
1.248282276430655911e+05
1.238987620358758577e+05
1.229404929528954817e+05
1.219829413148175227e+05
1.210540246766412602e+05
1.201760863359872310e+05
1.193633262218577875e+05
1.186209055430870940e+05
1.179454845119979000e+05
1.173266244643889368e+05
1.167484461696923099e+05
1.161911600021625636e+05
1.156324349634420068e+05
1.150488697798679787e+05
1.144179217985829309e+05
1.137204850137259782e+05
1.129439488048220519e+05
1.120851632826344285e+05
1.111524640906854329e+05
1.101659091609221650e+05
1.091551997741554660e+05
1.081553297180006921e+05
1.072006601911175821e+05
1.063186376300501288e+05
1.055245686533803382e+05
1.048186542974897748e+05
1.041859194613915315e+05
1.035989345784417528e+05
1.030225561839829170e+05
1.024195189936045499e+05
1.017556904773136630e+05
1.010041053878995153e+05
1.001473784809161589e+05
9.917855829519910912e+04
9.810078516452629992e+04
9.692619719132436148e+04
9.567443079080017924e+04
9.437089108523793402e+04
9.304483138754626270e+04
9.172724681929925282e+04
9.044865499256430485e+04
8.923694914334679197e+04
8.811558484625272104e+04
8.710233868450408045e+04
8.620874702029752370e+04
8.544014680461537500e+04
8.479608701060496969e+04
8.427083999139934895e+04
8.385384491452046495e+04
8.353011358745244797e+04
8.328081771762884455e+04
8.308434422062843805e+04
8.291799326490482781e+04
8.276023443643662904e+04
8.259314341203887307e+04
8.240445687144347175e+04
8.218870645187134505e+04
8.194712896307907067e+04
8.168640764506081177e+04
8.141663281551570981e+04
8.114905094672186533e+04
8.089414381105385837e+04
8.066038001803934458e+04
8.045371064034689334e+04
8.027765029550233157e+04
8.013366729740497249e+04
8.002161126483305998e+04
7.993999267740828509e+04
7.988603760198177770e+04
7.985553020337749331e+04
7.984251624159795756e+04
7.983898677581088850e+04
7.983470643001215649e+04
7.981738666105674929e+04
7.977339947902022686e+04
7.968914644605379726e+04
7.955303720813605469e+04
7.935783920934732305e+04
7.910302712628028530e+04
7.879677862668148009e+04
7.845746325068559963e+04
7.811477866811159765e+04
7.781092651263790322e+04
7.760217682693031384e+04
7.756071236678137211e+04
7.777582764189167938e+04
7.835267731048123096e+04
7.940629739816904475e+04
8.104903633382159751e+04
8.337106871464673895e+04
8.641611794044183625e+04
9.015718128012160014e+04
9.447890035633713705e+04
9.917326551092498994e+04
1.039530968923663022e+05
1.084835460587102280e+05
1.124268838174226257e+05
1.154917266050267208e+05
1.174760894351230527e+05
1.182949435018442018e+05
1.179869099173656141e+05
1.167000006032627134e+05
1.146611926293803990e+05
1.121376614947145281e+05
1.093980761563788546e+05
1.066807661366481916e+05
1.041727374917582492e+05
1.020005215175506019e+05
1.002314919312382117e+05
9.888291099641681649e+04
9.793547546792958747e+04
9.734824226590475882e+04
9.707225309383480635e+04
9.706080939301947365e+04
9.727515004482194490e+04
9.768524714128325286e+04
9.826647537084827491e+04
9.899383517278377258e+04
9.983596845772933739e+04
1.007511955906849034e+05
1.016871726906768745e+05
1.025846699692248076e+05
1.033847234478394967e+05
1.040373932738002623e+05
1.045098765310831513e+05
1.047918951262636983e+05
1.048970212241760892e+05
1.048596598193489626e+05
1.047284610078480328e+05
1.045577045925266139e+05
1.043985218943375075e+05
1.042916679169804847e+05
1.042630270792905503e+05
1.043223032785380783e+05
1.044646137191864982e+05
1.046741551705659804e+05
1.049288522862872342e+05
1.052049475587980705e+05
1.054807770916019799e+05
1.057393625769404025e+05
1.059697983847663563e+05
1.061676293121338240e+05
1.063344783950201090e+05
1.064771413296388637e+05
1.066062923046706419e+05
1.067349102743840631e+05
1.068765561075594451e+05
1.070436850941281155e+05
1.072462200890136301e+05
1.074906040529648890e+05
1.077794944901641284e+05
1.081121798144504137e+05
1.084857137171710783e+05
1.088966810799379164e+05
1.093434080102878215e+05
1.098282912934556371e+05
1.103597663112799200e+05
1.109533243708706286e+05
1.116310250481438416e+05
1.124191957157333090e+05
1.133444570283739013e+05
1.144287440219933778e+05
1.156844182454285037e+05
1.171107000503186136e+05
1.186923957604981115e+05
1.204013035640707094e+05
1.221999470127604000e+05
1.240466657402090350e+05
1.259008074519207148e+05
1.277268958747863071e+05
1.294971107251163194e+05
1.311919999365858384e+05
1.327998209769676323e+05
1.343151272795520199e+05
1.357371632416333596e+05
1.370684112100984203e+05
1.383133974241339311e+05
1.394777255416826520e+05
1.405672944287281716e+05
1.415877181952395185e+05
1.425440146160968288e+05
1.434406023102557228e+05
1.442815482736932463e+05
1.450708943971956905e+05
1.458128433349003317e+05
1.465116500516347296e+05
1.471712317562542739e+05
1.477946987446349231e+05
1.483841179334619956e+05
1.489407740065984253e+05
1.494659892437010712e+05
1.499622864441533166e+05
1.504344639990087308e+05
1.508901165803139156e+05
1.513393200027541316e+05
1.517935435838320409e+05
1.522642219586308347e+05
1.527616626454962825e+05
1.532949877912357624e+05
1.538735910741616099e+05
1.545101861903617682e+05
1.552250204167030752e+05
1.560503228776381002e+05
1.570336537139759457e+05
1.582386318377494463e+05
1.597416693503878487e+05
1.616239253892030392e+05
1.639587102712706546e+05
1.667958636651407578e+05
1.701458740551403898e+05
1.739672866718866862e+05
1.781609034943160659e+05
1.825732640970381035e+05
1.870100702832654933e+05
1.912580288590785931e+05
1.951116323932927917e+05
1.984002175457738049e+05
2.010105335738372523e+05
2.029009915530415019e+05
2.041054341110773094e+05
2.047262077876326803e+05
2.049180986455506645e+05
2.048660082528905186e+05
2.047599723438707006e+05
2.047712555244567338e+05
2.050328510525832535e+05
2.056268581103370234e+05
2.065800151394222339e+05
2.078673116499262105e+05
2.094223214986100211e+05
2.111519539105712902e+05
2.129528913359535509e+05
2.147271166767216346e+05
2.163945050388317031e+05
2.179012424562199158e+05
2.192236122500050697e+05
2.203673236908423714e+05
2.213630241825262492e+05
2.222589778536887898e+05
2.231121435960890667e+05
2.239790207180374418e+05
2.249075830437630066e+05
2.259313430467637663e+05
2.270661089025687834e+05
2.283094493565945304e+05
2.296424409723416611e+05
2.310330717120163026e+05
2.324407246700724063e+05
2.338213456802055589e+05
2.351330263786053401e+05
2.363416788679085148e+05
2.374262469961945317e+05
2.383826452550646791e+05
2.392255518782017461e+05
2.399874495821586461e+05
2.407148789907404862e+05
2.414625479174725479e+05
2.422864506953835953e+05
2.432372882341505028e+05
2.443552067383289977e+05
2.456663417610214674e+05
2.471811166410189471e+05
2.488939235688438057e+05
2.507838002957760764e+05
2.528159310359558149e+05
2.549440624576661794e+05
2.571140444620226917e+05
2.592685804660206486e+05
2.613529376799112360e+05
2.633209699741842342e+05
2.651405258348056814e+05
2.667972821280637872e+05
2.682962842507413006e+05
2.696608994280254701e+05
2.709293573507660767e+05
2.721494258577603614e+05
2.733719776040031575e+05
2.746442530620762846e+05
2.760035742873557028e+05
2.774721781683042645e+05
2.790537520568018663e+05
2.807321592258513556e+05
2.824726959072290338e+05
2.842259830978788086e+05
2.859342510151579045e+05
2.875393569289268344e+05
2.889914731735637761e+05
2.902571065015483182e+05
2.913250695560114109e+05
2.922092752483262448e+05
2.929477379649733193e+05
2.935978321962218033e+05
2.942285227415394620e+05
2.949107933566001011e+05
2.957077721552781295e+05
2.966660653462609043e+05
2.978096019285530783e+05
2.991369121326452587e+05
3.006222540673348121e+05
3.022204058858726057e+05
3.038743191392441513e+05
3.055242909807139658e+05
3.071169955032557482e+05
3.086127335070755216e+05
3.099896515376604511e+05
3.112443702160866233e+05
3.123892779764608713e+05
3.134474764050478116e+05
3.144468177891251980e+05
3.154145398123234045e+05
3.163736650159556884e+05
3.173416895989417098e+05
3.183313243247251958e+05
3.193524066889490932e+05
3.204137971336974297e+05
3.215242224912716774e+05
3.226915942904910189e+05
3.239210978520883364e+05
3.252130127808636753e+05
3.265615062712786021e+05
3.279554072235057829e+05
3.293813005416495726e+05
3.308284304587547085e+05
3.322941851019792375e+05
3.337885986167116789e+05
3.353364422210323391e+05
3.369760063383318484e+05
3.387544224706002860e+05
3.407201377437867341e+05
3.429137853274980444e+05
3.453591010796529590e+05
3.480556723460177891e+05
3.509751338821741519e+05
3.540619257592429640e+05
3.572389206590231042e+05
3.604172218909634976e+05
3.635084401939102681e+05
3.664370531089581782e+05
3.691502874670875026e+05
3.716234652512446628e+05
3.738598337767950725e+05
3.758852756092447671e+05
3.777395522069366998e+05
3.794664872809467488e+05
3.811055162696532207e+05
3.826863472247445025e+05
3.842273702074612374e+05
3.857373232520352467e+05
3.872189439187109820e+05
3.886730966967220302e+05
3.901021234628370730e+05
3.915116967611748260e+05
3.929110026711592800e+05
3.943114704111542669e+05
3.957244745675781742e+05
3.971585422538621351e+05
3.986166851345137111e+05
4.000945480365741532e+05
4.015800338730469230e+05
4.030548209422745276e+05
4.044977082046029391e+05
4.058891259461462032e+05
4.072156678718057228e+05
4.084733743617705186e+05
4.096688332021993119e+05
4.108178636143619078e+05
4.119423339172708220e+05
4.130662046331213787e+05
4.142119699523262680e+05
4.153982923462922918e+05
4.166390030754012987e+05
4.179430897052738583e+05
4.193150590969768818e+05
4.207552081163557013e+05
4.222597028066723724e+05
4.238206978958470281e+05
4.254268092078320915e+05
4.270640456198374741e+05
4.287169747625850723e+05
4.303696901788123650e+05
4.320062447470516781e+05
4.336105916974525317e+05
4.351665032476310735e+05
4.366581219397759414e+05
4.380715693294531084e+05
4.393974712139657931e+05
4.406336650176994735e+05
4.417870912048614118e+05
4.428741229776833206e+05
4.439192416728893877e+05
4.449526531780103105e+05
4.460077570718502975e+05
4.471191258251749678e+05
4.483209686518468079e+05
4.496453633282287628e+05
4.511193044926187140e+05
4.527600776518462226e+05
4.545694811931692529e+05
4.565285077278063982e+05
4.585946835556704318e+05
4.607039664396935841e+05
4.627779284953115857e+05
4.647353173037683591e+05
4.665056229240157991e+05
4.680415380468743388e+05
4.693274302158118808e+05
4.703820090303240577e+05
4.712548458376036724e+05
4.720177979062272934e+05
4.727533433921033284e+05
4.735422096029972890e+05
4.744525257342510740e+05
4.755321917514334782e+05
4.768053733619753039e+05
4.782731436713077710e+05
4.799174469229323440e+05
4.817069436189695843e+05
4.836030864282405237e+05
4.855650542637932813e+05
4.875528499644923140e+05
4.895286914013896603e+05
4.914574741639382555e+05
4.933073096108511090e+05
4.950508858523624949e+05
4.966678085557939485e+05
4.981474289101098548e+05
4.994912335892853444e+05
5.007138209806940285e+05
5.018418233931422001e+05
5.029107191438138252e+05
5.039600982572540524e+05
5.050283912374426727e+05
5.061482019495123532e+05
5.073431713318191469e+05
5.086268197738644085e+05
5.100032382720396854e+05
5.114690172324589803e+05
5.130155756994191324e+05
5.146311475378650939e+05
5.163020376618817681e+05
5.180132181332312175e+05
5.197486834661380271e+05
5.214920630976558314e+05
5.232277581310000387e+05
5.249424482718574582e+05
5.266264361810806440e+05
5.282741935773117002e+05
5.298837480458166683e+05
5.314550945270986995e+05
5.329883486951021478e+05
5.344825665882314788e+05
5.359358715562771540e+05
5.373468575132034020e+05
5.387165161449158331e+05
5.400495707666757517e+05
5.413543354718764313e+05
5.426409838430869859e+05
5.439190322266306030e+05
5.451954228827696061e+05
5.464744755537420278e+05
5.477601437632670859e+05
5.490598160060589435e+05
5.503879070047109853e+05
5.517672005837953184e+05
5.532265393302825978e+05
5.547947993349466706e+05
5.564926030457569286e+05
5.583242789403896313e+05
5.602727299160816474e+05
5.622990587340925122e+05
5.643473494511590106e+05
5.663534826266384916e+05
5.682558108325474896e+05
5.700052361568833003e+05
5.715726775431116112e+05
5.729528000186935533e+05
5.741638259660791373e+05
5.752439787088165758e+05
5.762455158607669873e+05
5.772274402972785756e+05
5.782479367408769904e+05
5.793574552987869829e+05
5.805931831848430447e+05
5.819754215721611399e+05
5.835061384591860697e+05
5.851697425844112877e+05
5.869359483496886678e+05
5.887644604855095968e+05
5.906110370587642537e+05
5.924342352003420237e+05
5.942018309168844717e+05
5.958956712954735849e+05
5.975137668738826178e+05
5.990689096612355206e+05
6.005839731580473017e+05
6.020850563806938007e+05
6.035943778630041052e+05
6.051249570058395620e+05
6.066785217416859232e+05
6.082469550110168057e+05
6.098163851640899666e+05
6.113722275220836746e+05
6.129034005973407766e+05
6.144045508086420596e+05
6.158760989382839762e+05
6.173228046036164742e+05
6.187519495957867475e+05
6.201720421827044338e+05
6.215923187901672209e+05
6.230226439082949655e+05
6.244730674549182877e+05
6.259524872639348032e+05
6.274664885344974464e+05
6.290151484668243211e+05
6.305919813719893573e+05
6.321849797261443455e+05
6.337799076761788456e+05
6.353649689210182987e+05
6.369352024947423488e+05
6.384948652764573926e+05
6.400567353857826674e+05
6.416384386676026043e+05
6.432570405425953213e+05
6.449237501871129498e+05
6.466404069904893404e+05
6.483985864934163401e+05
6.501810962914343690e+05
6.519648331857428420e+05
6.537237808264908381e+05
6.554313688452063361e+05
6.570622055427012965e+05
6.585938850046737352e+05
6.600097536577921128e+05
6.613030418004833627e+05
6.624817962774063926e+05
6.635730391352884471e+05
6.646240554315017071e+05
6.656990495257956209e+05
6.668706148440430406e+05
6.682071522718245396e+05
6.697589115601477679e+05
6.715461062018061057e+05
6.735522475925843464e+05
6.757245697099552490e+05
6.779816404674882069e+05
6.802265782260993728e+05
6.823631753111840226e+05
6.843118475129010621e+05
6.860225781727358699e+05
6.874826826831600629e+05
6.887181021743384190e+05
6.897879737016595900e+05
6.907733955001330469e+05
6.917625023231437663e+05
6.928349157413765788e+05
6.940489620262784883e+05
6.954344676925259409e+05
6.969924616677262820e+05
6.987011368065817514e+05
7.005256337240051944e+05
7.024282811870721634e+05
7.043762094138566172e+05
7.063445916034736438e+05
7.083155701878990512e+05
7.102744330556575442e+05
7.122052621645045001e+05
7.140879642040997278e+05
7.158976441529146396e+05
7.176062650761840632e+05
7.191859316384752747e+05
7.206130896207056940e+05
7.218732279779793462e+05
7.229658883653905941e+05
7.239096034499822417e+05
7.247457893507273402e+05
7.255399556191603187e+05
7.263783983970175032e+05
7.273592201317209983e+05
7.285780889789769426e+05
7.301111362884027185e+05
7.319989755771987839e+05
7.342362143808511319e+05
7.367696481162093114e+05
7.395058694688671967e+05
7.423262030086065643e+05
7.451048190799196018e+05
7.477254305575701874e+05
7.500932500914996490e+05
7.521412104850515025e+05
7.538316902083001332e+05
7.551561143376246328e+05
7.561344191035334952e+05
7.568148788491467712e+05
7.572731502530334983e+05
7.576085610001891619e+05
7.579361382619356737e+05
7.583744085035256576e+05
7.590308355700401589e+05
