6.800599945085580694e+05
6.780590566064665327e+05
6.762372570487742778e+05
6.745941355269855121e+05
6.731139058485402493e+05
6.717708212841702625e+05
6.705340166227100417e+05
6.693711778841827763e+05
6.682510890302188927e+05
6.671454574484688928e+05
6.660303127922384301e+05
6.648869049858668586e+05
6.637017652412680909e+05
6.624657193212807178e+05
6.611721428143921075e+05
6.598153076617053011e+05
6.583898646639348008e+05
6.568920906275154557e+05
6.553226148198366864e+05
6.536893710150403203e+05
6.520090384625276783e+05
6.503055744159683818e+05
6.486055411256360821e+05
6.469313446788120782e+05
6.452946063219725620e+05
6.436921649017466698e+05
6.421064920451277867e+05
6.405108381478982046e+05
6.388777757435181411e+05
6.371886002942053601e+05
6.354407341552989092e+05
6.336509440995840123e+05
6.318535337302121334e+05
6.300941780679104850e+05
6.284211910516405478e+05
6.268764306198197883e+05
6.254877396027612267e+05
6.242640571990101598e+05
6.231934992503150133e+05
6.222441185625807848e+05
6.213668542721938575e+05
6.205002833524680464e+05
6.195769750703682657e+05
6.185312767498772591e+05
6.173080861226291163e+05
6.158716330978214974e+05
6.142127256762534380e+05
6.123526323971212842e+05
6.103420505518297432e+05
6.082545222573868232e+05
6.061750119794136845e+05
6.041857235001281369e+05
6.023521218086723238e+05
6.007121934623391135e+05
5.992711862104550237e+05
5.980026906392109813e+05
5.968554267239980400e+05
5.957639248564143199e+05
5.946607076380603248e+05
5.934876067360120360e+05
5.922043306262813276e+05
5.907931208050355781e+05
5.892591265804071445e+05
5.876268900521558244e+05
5.859339881391669624e+05
5.842233314179161098e+05
5.825357560772640863e+05
5.809042963071381673e+05
5.793509400997466873e+05
5.778859390641889768e+05
5.765091155186627293e+05
5.752122818169536768e+05
5.739818969089414459e+05
5.728013200860440265e+05
5.716523132076493930e+05
5.705156858574221842e+05
5.693711810773246689e+05
5.681969268259442179e+05
5.669690391119125998e+05
5.656621446717721410e+05
5.642515084945696872e+05
5.627169854921626393e+05
5.610482454741157126e+05
5.592499406353194499e+05
5.573450750582901528e+05
5.553750571358894231e+05
5.533957547412274871e+05
5.514700314860004000e+05
5.496582791181532666e+05
5.480089997187914560e+05
5.465513827108450932e+05
5.452911824814934516e+05
5.442103278996747686e+05
5.432699062915301183e+05
5.424156720467332052e+05
5.415850727786468342e+05
5.407148586909378646e+05
5.397484821486707078e+05
5.386425840612367028e+05
5.373718818673085188e+05
5.359317995061371475e+05
5.343383323658662848e+05
5.326249983310934622e+05
5.308372634745899122e+05
5.290254053752094042e+05
5.272371812315660063e+05
5.255117224151362898e+05
5.238757210350757232e+05
5.223423075591250672e+05
5.209122711206545937e+05
5.195767112294270773e+05
5.183200206161903916e+05
5.171223209761948674e+05
5.159609840938095585e+05
5.148114477567303111e+05
5.136479483645289438e+05
5.124448842566675739e+05
5.111792609214454424e+05
5.098341433214853751e+05
5.084024412962329807e+05
5.068899141285421792e+05
5.053162013524928479e+05
5.037130592976445914e+05
5.021197307486222126e+05
5.005762594313938171e+05
4.991162589558535255e+05
4.977608824606849230e+05
4.965154119921272504e+05
4.953691166251907125e+05
4.942981073247008608e+05
4.932701760496655479e+05
4.922502760648798430e+05
4.912054243824988371e+05
4.901082540636911290e+05
4.889389889098224812e+05
4.876860452851625741e+05
4.863456700508573558e+05
4.849210055973115377e+05
4.834208308435180224e+05
4.818580887104630820e+05
4.802482668787114671e+05
4.786077609794966411e+05
4.769524497206584783e+05
4.752967457479753066e+05
4.736532796467082226e+05
4.720331342495286954e+05
4.704462679640052957e+05
4.689015887651742087e+05
4.674061752696587937e+05
4.659634094011576381e+05
4.645702060225267778e+05
4.632139540441439603e+05
4.618700759268551483e+05
4.605011747879117611e+05
4.590585467115416541e+05
4.574864239860483794e+05
4.557287535069423611e+05
4.537377015452656196e+05
4.514825368138502236e+05
4.489572215690909652e+05
4.461850612686756649e+05
4.432191800992705394e+05
4.401383382917566341e+05
4.370385087910187431e+05
4.340214529642511043e+05
4.311820820816862397e+05
4.285965740338839823e+05
4.263130581314977026e+05
4.243462727350537316e+05
4.226770243469473789e+05
4.212565809049049276e+05
4.200153561708632624e+05
4.188744741546215955e+05
4.177582070575097459e+05
4.166050575829749578e+05
4.153755414808450732e+05
4.140554886202834896e+05
4.126547011783889029e+05
4.112017602327348432e+05
4.097363779768423992e+05
4.083008498028240283e+05
4.069319701476655900e+05
4.056544493714820128e+05
4.044765767294814577e+05
4.033886449056112906e+05
4.023643854592375574e+05
4.013652522597578936e+05
4.003468391633045394e+05
3.992661925667398027e+05
3.980885142783437623e+05
3.967919013771995087e+05
3.953693055334777455e+05
3.938276069899759023e+05
3.921843282318323618e+05
3.904628925866843783e+05
3.886874548291906249e+05
3.868782903111900087e+05
3.850486099909743061e+05
3.832034632216308382e+05
3.813410244968013139e+05
3.794560035545774736e+05
3.775442795004790532e+05
3.756073817584726494e+05
3.736553752915537334e+05
3.717071519305048860e+05
3.697879425395447179e+05
3.679247269881496322e+05
3.661408033784060390e+05
3.644509166242192150e+05
3.628580876407768810e+05
3.613528152835809742e+05
3.599148271733240690e+05
3.585171129209970823e+05
3.571315700522011030e+05
3.557352138417324168e+05
3.543156180881439359e+05
3.528742205318030901e+05
3.514264855389682343e+05
3.499986666678499314e+05
3.486218519048310118e+05
3.473247714042647276e+05
3.461271952529706759e+05
3.450355230772340437e+05
3.440414828520088922e+05
3.431239946855965536e+05
3.422535162128660013e+05
3.413977530484491144e+05
3.405275108911338612e+05
3.396215917965144617e+05
3.386698840114024351e+05
3.376741050495873205e+05
3.366460352427443722e+05
3.356035377435620758e+05
3.345651606343605090e+05
3.335445369166286546e+05
3.325459742892744835e+05
3.315624325063820579e+05
3.305765151035891031e+05
3.295642988272954244e+05
3.285010413507524063e+05
3.273673075508370530e+05
3.261539971489366144e+05
3.248651357699858490e+05
3.235179457540984149e+05
3.221404037286376115e+05
3.207670071744628367e+05
3.194337039015197661e+05
3.181728999223501887e+05
3.170092491043741466e+05
3.159566583744178643e+05
3.150167007373449742e+05
3.141784528107331716e+05
3.134196648971124669e+05
3.127091124586572987e+05
3.120099431304957834e+05
3.112837926167385885e+05
3.104953654868758167e+05
3.096170487274252228e+05
3.086329688765087631e+05
3.075417825820189901e+05
3.063574938563525211e+05
3.051077903914059279e+05
3.038297994284806191e+05
3.025637177860240918e+05
3.013453430116879172e+05
3.001989646690213704e+05
2.991322184007769101e+05
2.981342629791944637e+05
2.971780010933464509e+05
2.962261310543824802e+05
2.952398080485046958e+05
2.941879032322566491e+05
2.930545534697331022e+05
2.918430416994081461e+05
2.905749754633452394e+05
2.892849656196245924e+05
2.880121573823079816e+05
2.867906732004246442e+05
2.856411048498305609e+05
2.845646874390381854e+05
2.835409426568052731e+05
2.825287156891101622e+05
2.814699238222913118e+05
2.802951177232472110e+05
2.789300944725455483e+05
2.773031280422477867e+05
2.753526718508388149e+05
2.730354398820895585e+05
2.703344958882949431e+05
2.672664451612432604e+05
2.638862658336241147e+05
2.602880650280239934e+05
2.566003799254449550e+05
2.529756391370125348e+05
2.495748302220542973e+05
2.465498034579903760e+05
2.440264308541779756e+05
2.420916709733821044e+05
2.407864814447382814e+05
2.401048861876447336e+05
2.399979764662295638e+05
2.403807673806055391e+05
2.411398852456661116e+05
2.421408550858502858e+05
2.432348176957928226e+05
2.442653002789328457e+05
2.450758507518561673e+05
2.455189039908676932e+05
2.454654534164434881e+05
2.448143638598853431e+05
2.434998289190594223e+05
2.414956866497790033e+05
2.388159554651824001e+05
2.355117606063011917e+05
2.316654803357351047e+05
2.273832421589191945e+05
2.227868129360955209e+05
2.180055898017143481e+05
2.131690304240310215e+05
2.083996482740576612e+05
2.038067095410892798e+05
1.994809342688145989e+05
1.954906723227168259e+05
1.918800485722243320e+05
1.886693874345495424e+05
1.858578770153314690e+05
1.834280332312217215e+05
1.813512036665354972e+05
1.795932023926345573e+05
1.781192278833151795e+05
1.768974726126207388e+05
1.759012280446857039e+05
1.751097245382381370e+05
1.745082893620498071e+05
1.740885203295248211e+05
1.738489750249010976e+05
1.737964005227727466e+05
1.739469473646820406e+05
1.743263805957078584e+05
1.749682477702967590e+05
1.759093709858960938e+05
1.771827799292212003e+05
1.788090260128397495e+05
1.807874162686119671e+05
1.830888864981055376e+05
1.856519762404908543e+05
1.883828022553183837e+05
1.911592409579990490e+05
1.938388804539036355e+05
1.962697737921190273e+05
1.983026473998452420e+05
1.998030142631638446e+05
2.006616486036303686e+05
2.008021349970769952e+05
2.001847025815752568e+05
1.988062094010309374e+05
1.966968006450801622e+05
1.939142593472567678e+05
1.905372799683387275e+05
1.866587970685423061e+05
1.823801589434502239e+05
1.778064751406082651e+05
1.730430262001669325e+05
1.681923190969447896e+05
1.633512735149197688e+05
1.586081495069295634e+05
1.540391358964660903e+05
1.497049142603285727e+05
1.456478573404303461e+05
1.418906695196548244e+05
1.384371339532949787e+05
1.352751967260455422e+05
1.323820109438734362e+05
1.297299887027333461e+05
1.272925843131132569e+05
1.250485959275993227e+05
1.229842173859818140e+05
1.210927407985043683e+05
1.193724598418148234e+05
1.178237263731110579e+05
1.164461504544572381e+05
1.152366392728685460e+05
1.141885025699601538e+05
1.132914187619603617e+05
1.125318234356694738e+05
1.118933119021088060e+05
1.113568824667846202e+05
1.109011459927511460e+05
1.105028316594070639e+05
1.101379209283445089e+05
1.097835292140706733e+05
1.094203144089858251e+05
1.090348718186037295e+05
1.086214230460360704e+05
1.081822036792163708e+05
1.077262821925636817e+05
1.072669877898178966e+05
1.068185290844200645e+05
1.063926082306610188e+05
1.059958088743750559e+05
1.056282873978390271e+05
1.052839271583599912e+05
1.049517554856143397e+05
1.046181801496432017e+05
1.042695227070737747e+05
1.038943900966377842e+05
1.034855668464534829e+05
1.030412537897671136e+05
1.025655773447323154e+05
1.020683412386965647e+05
1.015640202910402440e+05
1.010700435367037862e+05
1.006045032997432136e+05
1.001835460053134593e+05
9.981880957925059192e+04
9.951532484796275094e+04
9.927026617354998598e+04
9.907282223322268692e+04
9.890528931394526444e+04
9.874530233352528012e+04
9.856894026171017322e+04
9.835428858522549854e+04
9.808492636693007080e+04
9.775275353288164479e+04
9.735961833390705578e+04
9.691736998082225909e+04
9.644623952961873147e+04
9.597179062424827134e+04
9.552099355611905048e+04
9.511817016533944116e+04
9.478157381590353907e+04
9.452120271012251033e+04
9.433814579046837753e+04
9.422541424090614601e+04
9.416991202420220361e+04
9.415502052246552194e+04
9.416325037618007627e+04
9.417853488280251622e+04
9.418794695747253718e+04
9.418283430905500427e+04
9.415950911271550285e+04
9.411965834747551708e+04
9.407056989673239877e+04
9.402515237402438652e+04
9.400163298037114146e+04
9.402279424126821687e+04
9.411465570857074636e+04
9.430457304075027059e+04
9.461875201870691672e+04
9.507912860317353625e+04
9.569948621034566895e+04
9.648067636392012355e+04
9.740501175026550482e+04
9.843038604295138794e+04
9.948537388316198485e+04
1.004672283630817547e+05
1.012449476202180813e+05
1.016690761341345205e+05
1.015885098631333240e+05
1.008725260357220541e+05
9.943416849282852490e+04
9.724978497736659483e+04
9.436959646736994910e+04
9.091588996981053788e+04
8.706836532191016886e+04
8.303942958473812905e+04
7.904475042572144594e+04
7.527534274302938138e+04
7.187663519931425981e+04
6.893774733638722682e+04
6.649143859968763718e+04
6.452277511167649209e+04
6.298313410796473909e+04
6.180591216922955937e+04
6.092098168592486036e+04
6.026607710545924056e+04
5.979441725497940934e+04
5.947868580725174979e+04
5.931193039211877476e+04
5.930610559072009346e+04
5.948903853017315123e+04
5.990065097023928683e+04
6.058933189145357755e+04
6.160931615726146265e+04
6.301963615501134336e+04
6.488456822455851943e+04
6.727453285208856687e+04
7.026537691450332932e+04
7.393331687785204849e+04
7.834307798050703423e+04
8.352829454809747403e+04
8.946598689270598697e+04
9.605025245721507235e+04
1.030730215633262706e+05
1.102204767573032586e+05
1.170915690078200423e+05
1.232399987054629310e+05
1.282342909084117564e+05
1.317243464698382304e+05
1.334994279461847036e+05
1.335234802131961624e+05
1.319390103013012267e+05
1.290388480132534460e+05
1.252133257752477220e+05
1.208860978408858209e+05
1.164533259833072952e+05
1.122382159166897181e+05
1.084672604013967211e+05
1.052681605635677115e+05
1.026842787823405379e+05
1.006978586364962539e+05
9.925431946418694861e+04
9.828201630661542004e+04
9.770483915625687223e+04
9.744782980883854907e+04
9.743789368713201839e+04
9.760241407887934474e+04
9.786827232138054387e+04
9.816281561511479958e+04
9.841713929950770398e+04
9.857104073451657314e+04
9.857839071294094902e+04
9.841152448027988430e+04
9.806351048040695605e+04
9.754766392152008484e+04
9.689427019253662729e+04
9.614503532869789342e+04
9.534619980117850355e+04
9.454149085477879271e+04
9.376612336281941680e+04
9.304287868476149742e+04
9.238090415731800022e+04
9.177733011849076138e+04
9.122119747139648825e+04
9.069867342960972746e+04
9.019826196844493097e+04
8.971479563435155433e+04
8.925143051936314441e+04
8.881953460581126274e+04
8.843704232783695625e+04
8.812630385836296773e+04
8.791251610307936789e+04
8.782345500672831258e+04
8.789056332753633615e+04
8.815072084360652661e+04
8.864749206314796174e+04
8.943049966178348404e+04
9.055187890942757076e+04
9.205947007535383455e+04
9.398734220178805117e+04
9.634519138715985173e+04
9.910887513644029968e+04
1.022146026587397937e+05
1.055589380886567960e+05
1.090057608288487536e+05
1.123998237921448599e+05
1.155849094471285352e+05
1.184232772146389179e+05
1.208125633029252931e+05
1.226967675070364639e+05
1.240693483776692301e+05
1.249683389694919460e+05
1.254652066649035114e+05
1.256503765162772324e+05
1.256186299051289097e+05
1.254570257485503971e+05
1.252368924024468870e+05
1.250102367209793010e+05
1.248099691464903881e+05
1.246528166762648325e+05
1.245436612125181564e+05
1.244801620721950894e+05
1.244567612282691116e+05
1.244674582519272517e+05
1.245070722772620211e+05
1.245710824731656176e+05
1.246545117777172418e+05
1.247505896588506002e+05
1.248499856772358180e+05
1.249411936177714233e+05
1.250122206118139584e+05
1.250532490071585198e+05
1.250595729406252067e+05
1.250339929439320113e+05
1.249879961047613615e+05
1.249413681529374007e+05
1.249202457066912903e+05
1.249539196142490400e+05
1.250709106821116729e+05
1.252949781613980595e+05
1.256418126247337204e+05
1.261171875488495134e+05
1.267172294257308822e+05
1.274311444333252439e+05
1.282462063191992347e+05
1.291541693150272768e+05
1.301577186451432644e+05
1.312753261316917487e+05
1.325430784739675000e+05
1.340126796061649220e+05
1.357457235832325532e+05
1.378052157799109991e+05
1.402459144234461710e+05
1.431052045165975578e+05
1.463959024566610751e+05
1.501017824315016915e+05
1.541759631049227028e+05
1.585418265869281022e+05
1.630959843345617701e+05
1.677129311110124690e+05
1.722512898089655791e+05
1.765617495871156862e+05
1.804967798515860923e+05
1.839219096759868844e+05
1.867278651060270786e+05
1.888423181402359041e+05
1.902396187154652725e+05
1.909468199496711604e+05
1.910446434987949033e+05
1.906627233995847346e+05
1.899693580117514066e+05
1.891568695905620989e+05
1.884243084421589156e+05
1.879595195029442839e+05
1.879225187310694309e+05
1.884318202576546755e+05
1.895549632688322163e+05
1.913041052851137065e+05
1.936371663785883284e+05
1.964645398595615407e+05
1.996607556405395444e+05
2.030797298556795286e+05
2.065715390119499643e+05
2.099982792802476906e+05
2.132467186114213546e+05
2.162361492883092724e+05
2.189209090541339538e+05
2.212881208690070198e+05
2.233519702427473967e+05
2.251461142304719833e+05
2.267156375135714770e+05
2.281095524171601282e+05
2.293744389938773529e+05
2.305496003459911153e+05
2.316640594255038013e+05
2.327356984358546324e+05
2.337726639797556563e+05
2.347767540828151978e+05
2.357479617368454929e+05
2.366889067286428763e+05
2.376077940558541741e+05
2.385189180041464570e+05
2.394404996304711385e+05
2.403905284744160599e+05
2.413819392372076982e+05
2.424186459357527783e+05
2.434936346795849386e+05
2.445896423623495502e+05
2.456821975176439155e+05
2.467442294978175487e+05
2.477512012417351361e+05
2.486857787030313048e+05
2.495413016540292010e+05
2.503236270025050326e+05
2.510511822366515116e+05
2.517532689813814941e+05
2.524668229507272190e+05
2.532320046923324408e+05
2.540871745305001386e+05
2.550639606219384004e+05
2.561831972695894074e+05
2.574524318303137552e+05
2.588654519647987036e+05
2.604039082659671840e+05
2.620406905040471465e+05
2.637443716032790835e+05
2.654838564400570467e+05
2.672324037338773487e+05
2.689704026032915572e+05
2.706866005781308049e+05
2.723777968380423845e+05
2.740472532039498328e+05
2.757022044952160213e+05
2.773508903118488961e+05
2.789995335578880622e+05
2.806497018934342195e+05
2.822965123644532287e+05
2.839281339496378205e+05
2.855269390524649643e+05
2.870724035193620948e+05
2.885454688510494307e+05
2.899336517862874316e+05
2.912358597098102910e+05
2.924657823223578162e+05
2.936529451958620921e+05
2.948409847353741643e+05
2.960832959682673099e+05
2.974367351217188989e+05
2.989543848753953935e+05
3.006784597247099155e+05
3.026342913512753439e+05
3.048261003050983418e+05
3.072350369742921321e+05
3.098198052259889664e+05
3.125200285158159677e+05
3.152622942507798434e+05
3.179684499013234163e+05
3.205652399459827575e+05
3.229938908032375621e+05
3.252179676715412061e+05
3.272279239326749812e+05
3.290413107942719944e+05
3.306985153793632053e+05
3.322549019905188470e+05
3.337710322926738882e+05
3.353029808140621171e+05
3.368945453908229247e+05
3.385724761948165833e+05
3.403449640061772661e+05
3.422028438617909560e+05
3.441225257929689251e+05
3.460696522782688844e+05
3.480028226216032635e+05
3.498772115113778855e+05
3.516483003316324321e+05
3.532760548056039261e+05
3.547296695054141455e+05
3.559925500390329980e+05
3.570667119708933169e+05
3.579754633317934349e+05
3.587632694950180012e+05
3.594921211780029116e+05
3.602344479563813074e+05
3.610634457623994676e+05
3.620423847483732388e+05
3.632148390160779818e+05
3.645977300259451149e+05
3.661786089491148596e+05
3.679178210567457136e+05
3.697552583230450400e+05
3.716205015295741032e+05
3.734444649574757786e+05
3.751703399400350172e+05
3.767617790975210373e+05
3.782068632961252006e+05
3.795173231985332677e+05
3.807235215069252881e+05
3.818665747733372264e+05
3.829894836534628412e+05
3.841291472237742855e+05
3.853107123311847681e+05
3.865450271294171107e+05
3.878292476640005480e+05
3.891500634339340613e+05
3.904886417817196925e+05
3.918262287438045023e+05
3.931493309985579690e+05
3.944535032677371637e+05
3.957449861133043305e+05
3.970398085343234707e+05
3.983604791478877305e+05
3.997309494686985272e+05
4.011709822799608810e+05
4.026912330233042594e+05
4.042901718426338048e+05
4.059534920230498537e+05
4.076560335168287274e+05
4.093656956207351759e+05
4.110484597435452160e+05
4.126735295640637632e+05
4.142176809961826657e+05
4.156681360596393351e+05
4.170235898853366962e+05
4.182933981843676302e+05
4.194953179771913565e+05
4.206524846745165414e+05
4.217903855485094828e+05
4.229343952997340821e+05
4.241080428028227179e+05
4.253317720347585855e+05
4.266217698245578213e+05
4.279885811040339177e+05
4.294356460112681380e+05
4.309583226429070928e+05
4.325441109667365672e+05
4.341745070879377308e+05
4.358282792145637795e+05
4.374852754209185368e+05
4.391295195824855473e+05
4.407505533212099108e+05
4.423426874361124937e+05
4.439027208065806190e+05
4.454273466668725014e+05
4.469115823968345067e+05
4.483490794699107064e+05
4.497343230835822760e+05
4.510658985159306321e+05
4.523495302174657700e+05
4.535996482996247942e+05
4.548387306047815364e+05
4.560943703260612674e+05
4.573946637261332944e+05
4.587629221486324095e+05
4.602128413132460555e+05
4.617451601472592447e+05
4.633465863568904460e+05
4.649913999015107984e+05
4.666456775155155919e+05
4.682735316602576058e+05
4.698442097654619720e+05
4.713385135593868326e+05
4.727529563599243411e+05
4.741004898666603840e+05
4.754074571065068012e+05
4.767074453708762885e+05
4.780335950746174203e+05
4.794113612765341531e+05
4.808535676066336455e+05
4.823588954930778709e+05
4.839139573279757751e+05
4.854981317619344336e+05
4.870896680532964529e+05
4.886713413044175250e+05
4.902341681806629058e+05
4.917782806905981852e+05
4.933108598446520627e+05
4.948418764160981518e+05
4.963790649247673573e+05
4.979238470931430347e+05
4.994696576220372808e+05
5.010033104157861671e+05
5.025089198503215448e+05
5.039728970797787770e+05
5.053881264306843514e+05
5.067558165003770846e+05
5.080845616365838214e+05
5.093873574379916536e+05
5.106781124528544024e+05
5.119692221793713979e+05
5.132710557839694666e+05
5.145931518368872930e+05
5.159460645811925642e+05
5.173425369374541333e+05
5.187970646448304178e+05
5.203237053048471571e+05
5.219327734475613106e+05
5.236275059305842151e+05
5.254017460207766853e+05
5.272392760905538453e+05
5.291148725330869202e+05
5.309967197473580018e+05
5.328496528115374967e+05
5.346387857570524793e+05
5.363332701356614707e+05
5.379100203685187735e+05
5.393571221578272525e+05
5.406763578565447824e+05
5.418840470810849220e+05
5.430094697997963522e+05
5.440906547071108362e+05
5.451681778948515421e+05
5.462784810921296012e+05
5.474486414783557411e+05
5.486941955815671245e+05
5.500205568094369955e+05
5.514271622973011108e+05
5.529123546218160773e+05
5.544766968703655293e+05
5.561231369732985040e+05
5.578539038040761370e+05
5.596655849690077594e+05
5.615447800975296414e+05
5.634665918092089705e+05
5.653970541986516910e+05
5.672989313636564184e+05
5.691389017620491795e+05
5.708936032067365013e+05
5.725525539876582334e+05
5.741172967199641280e+05
5.755976063471619273e+05
5.770066091167267878e+05
5.783567941502156900e+05
5.796582020497425692e+05
5.809189456762003247e+05
5.821472003955774708e+05
5.833533218574339990e+05
5.845509403573491145e+05
5.857565537907612743e+05
5.869879136679108487e+05
5.882619962661532918e+05
5.895933838297564071e+05
5.909935114779085852e+05
5.924707154081835179e+05
5.940306341609155061e+05
5.956764355394904269e+05
5.974085445906044915e+05
5.992238632319181925e+05
6.011147087784853065e+05
6.030677675961983623e+05
6.050633134839659324e+05
6.070749038374776719e+05
6.090698171017833520e+05
6.110105788043345092e+05
6.128578849476414034e+05
6.145749410137550440e+05
6.161327231150156585e+05
6.175151571708258707e+05
6.187229994760074187e+05
6.197754613448595628e+05
6.207092604064618936e+05
6.215754738103904529e+05
6.224349482962322654e+05
6.233529289098050212e+05
6.243931680209782207e+05
6.256114613795137266e+05
6.270486796399654122e+05
6.287239704708511708e+05
6.306295665128343971e+05
6.327290119162395131e+05
6.349602046948813368e+05
6.372434414384780684e+05
6.394931022229903610e+05
6.416304195661718259e+05
6.435944896214647451e+05
6.453494153383005178e+05
6.468868284801946720e+05
6.482243548985583475e+05
6.494012996499855071e+05
6.504727690723023843e+05
6.515029032673449256e+05
6.525573935911124572e+05
6.536954337044364074e+05
6.549617612022722606e+05
6.563801508972167503e+05
6.579500896726837382e+05
6.596479967648042366e+05
6.614332326661184197e+05
6.632576610481819371e+05
6.650763128595387097e+05
6.668562879598335130e+05
6.685816103245520499e+05
6.702530937696172623e+05
6.718838409648818197e+05
6.734922092026695609e+05
6.750945574050885625e+05
6.766997960375981638e+05
6.783069389338453766e+05
6.799058741566323442e+05
6.814807476671675686e+05
6.830148488600167911e+05
6.844957078145153355e+05
6.859191928746807389e+05
6.872916729983004043e+05
6.886297528482123744e+05
6.899576638216653373e+05
6.913030020746814553e+05
6.926919693994193804e+05
6.941454017678512027e+05
6.956765606480275746e+05
6.972909879501526011e+05
6.989879397036079317e+05
7.007623482987415045e+05
7.026061732346888166e+05
7.045084342049770057e+05
7.064539878817854915e+05
7.084218653281985316e+05
7.103843855632401537e+05
7.123081114183486206e+05
7.141570619764109142e+05
7.158977041148666758e+05
7.175044848099005176e+05
7.189643620339502813e+05
7.202790882043835009e+05
7.214647864796010545e+05
7.225493078431867762e+05
7.235685512011608807e+05
7.245630548410061747e+05
7.255756672665078659e+05
7.266502238529307069e+05
7.278303425662991358e+05
7.291571508162850514e+05
7.306651794414469041e+05
7.323766654539532028e+05
7.342956361800753511e+05
7.364038372250666143e+05
7.386604099152934505e+05
7.410061877010832541e+05
7.433719486694756197e+05
7.456885751881495817e+05
7.478964397306502797e+05
7.499517387628920842e+05
7.518287434456966585e+05
7.535184513709576568e+05
7.550252298773548100e+05
7.563632940170856891e+05
7.575542600149341160e+05
7.586259744407519465e+05
7.596119299591735471e+05
7.605502824447253952e+05
7.614818566022997256e+05
7.624472709150917362e+05
