6.816740226264004596e+05
6.795983927255185554e+05
6.775082069773996482e+05
6.754386397382597206e+05
6.734261406525566708e+05
6.715072530150439125e+05
6.697163148338353494e+05
6.680821677104758564e+05
6.666243546589363832e+05
6.653494766129886266e+05
6.642484034929740010e+05
6.632949606148153543e+05
6.624465873311542673e+05
6.616472895637414185e+05
6.608329305805106414e+05
6.599384830004007090e+05
6.589063355132621946e+05
6.576942550375371939e+05
6.562813642632428091e+05
6.546706927273443434e+05
6.528875450267129345e+05
6.509739522976537701e+05
6.489805160090008285e+05
6.469576515211760998e+05
6.449483320021078689e+05
6.429838788100326201e+05
6.410833399237699341e+05
6.392559004722520476e+05
6.375049517901258077e+05
6.358321546407950809e+05
6.342401080808530096e+05
6.327329171116043581e+05
6.313147604616662720e+05
6.299872125505540753e+05
6.287463860044805333e+05
6.275808928842468886e+05
6.264712648674502270e+05
6.253909894935431657e+05
6.243088806002093479e+05
6.231922282958138967e+05
6.220101176103568869e+05
6.207364426013838965e+05
6.193523900571253616e+05
6.178484012319915928e+05
6.162257184271640144e+05
6.144975172057140153e+05
6.126893513679688331e+05
6.108383502485817298e+05
6.089905215438437881e+05
6.071957906779347686e+05
6.055010454650952015e+05
6.039422410515049705e+05
6.025372149165864103e+05
6.012809663015617989e+05
6.001446774274113122e+05
5.990788703678429592e+05
5.980201536424460355e+05
5.969003511794097722e+05
5.956565692821852863e+05
5.942408527366161579e+05
5.926282805295474827e+05
5.908224698954275809e+05
5.888574922128872713e+05
5.867953399426680990e+05
5.847185549387463834e+05
5.827185279356145766e+05
5.808811331795791630e+05
5.792723604031719733e+05
5.779269831289431313e+05
5.768427800906240009e+05
5.759814868046774063e+05
5.752759364295478445e+05
5.746413669404516695e+05
5.739881362703604391e+05
5.732332770910649560e+05
5.723092226164063904e+05
5.711691684607913485e+05
5.697894203457741532e+05
5.681694538222807460e+05
5.663303292186629260e+05
5.643118270834416617e+05
5.621684775051156757e+05
5.599646752397957025e+05
5.577692253382870695e+05
5.556497723193857819e+05
5.536675072214537067e+05
5.518723558356425492e+05
5.502986941928935703e+05
5.489616804053939413e+05
5.478545628141929628e+05
5.469476652572077001e+05
5.461898997284744401e+05
5.455134080750624416e+05
5.448412704613016685e+05
5.440973413390365895e+05
5.432165168423338328e+05
5.421534122682559537e+05
5.408876876746030757e+05
5.394250385790992295e+05
5.377939164542055223e+05
5.360390238152677193e+05
5.342132440686613554e+05
5.323697633883537492e+05
5.305557585532575613e+05
5.288083623093769420e+05
5.271529465128714219e+05
5.256033001926981378e+05
5.241630999572165892e+05
5.228280986850464833e+05
5.215885459877011599e+05
5.204313909310399322e+05
5.193418115700624185e+05
5.183036807463652221e+05
5.172988378679549205e+05
5.163055089255777420e+05
5.152967503486218047e+05
5.142401135219733114e+05
5.130995817334746243e+05
5.118401450876452727e+05
5.104343425417452236e+05
5.088691214920101338e+05
5.071508916011408437e+05
5.053069442564673373e+05
5.033824009030432208e+05
5.014331505886632949e+05
4.995163134627186810e+05
4.976802289842120954e+05
4.959557505395562039e+05
4.943500054291865672e+05
4.928431735444397782e+05
4.913885487999178586e+05
4.899161643073667656e+05
4.883402871471714461e+05
4.865707532887581619e+05
4.845272564424239099e+05
4.821545299350323621e+05
4.794353726403923938e+05
4.763982226921533584e+05
4.731167855808906024e+05
4.697009656457419042e+05
4.662805292749134242e+05
4.629848518159070518e+05
4.599231531895393855e+05
4.571694861590062501e+05
4.547554646199783892e+05
4.526717043599993922e+05
4.508767897642741445e+05
4.493108805590284755e+05
4.479102668267724221e+05
4.466194123604755150e+05
4.453981260109459981e+05
4.442230637144686771e+05
4.430843045903012971e+05
4.419788596576571581e+05
4.409034506569853984e+05
4.398487415479905321e+05
4.387965737179583521e+05
4.377208683625365375e+05
4.365919250722989091e+05
4.353830298303707386e+05
4.340777130704281153e+05
4.326757641862499295e+05
4.311962741175499395e+05
4.296765463913380518e+05
4.281666095012146397e+05
4.267201085557854967e+05
4.253833140060033184e+05
4.241846105277703027e+05
4.231269271311068442e+05
4.221850653569323476e+05
4.213088534461788367e+05
4.204317266964680166e+05
4.194830366019068169e+05
4.184014728788257344e+05
4.171467110661715269e+05
4.157068686627159477e+05
4.141004371239953907e+05
4.123727282620565384e+05
4.105881055936999619e+05
4.088199917992752162e+05
4.071406815267937491e+05
4.056124469066949096e+05
4.042806307021505199e+05
4.031687776370225474e+05
4.022756282826208626e+05
4.015739974753443967e+05
4.010119252000207198e+05
4.005166553003051667e+05
4.000017053762616124e+05
3.993765492915885989e+05
3.985575369491414167e+05
3.974780582539226743e+05
3.960959625828177668e+05
3.943969383640660089e+05
3.923936883063974092e+05
3.901218556709876866e+05
3.876343323011142202e+05
3.849955844608458574e+05
3.822770327081253636e+05
3.795536197817918146e+05
3.769008921032847138e+05
3.743915341103953542e+05
3.720904758869228535e+05
3.700483704846016481e+05
3.682941561699419981e+05
3.668282428153285873e+05
3.656182813787711784e+05
3.645993107068654499e+05
3.636793315072562546e+05
3.627502156154387631e+05
3.617026154129559873e+05
3.604425107399198459e+05
3.589064740078935283e+05
3.570727888360137586e+05
3.549662287970977486e+05
3.526554624624120188e+05
3.502434544627786381e+05
3.478525610154104070e+05
3.456069544403126347e+05
3.436153359223643783e+05
3.419565729429406347e+05
3.406700931496366975e+05
3.397518784453254775e+05
3.391560295984742115e+05
3.388012800669681164e+05
3.385815110503674368e+05
3.383791097283856943e+05
3.380797662782121333e+05
3.375869876909755985e+05
3.368343438026473159e+05
3.357934765369959641e+05
3.344763822282030596e+05
3.329314367562959669e+05
3.312338747852622764e+05
3.294726018469819683e+05
3.277359421849747305e+05
3.260989795576781034e+05
3.246145420254789642e+05
3.233088486944626784e+05
3.221817274707253091e+05
3.212104511040620273e+05
3.203558053255679552e+05
3.195690011085286387e+05
3.187983416135482257e+05
3.179949711120259017e+05
3.171174123829807504e+05
3.161348518299236894e+05
3.150292386902606231e+05
3.137962590449135168e+05
3.124451892573445803e+05
3.109975967832576134e+05
3.094848931374412496e+05
3.079448709438609658e+05
3.064175430256849504e+05
3.049407767624481348e+05
3.035463037255157833e+05
3.022566336655096384e+05
3.010832161051522708e+05
3.000259256338158739e+05
2.990736795649700216e+05
2.982058072059059050e+05
2.973937317432237905e+05
2.966026171409966191e+05
2.957928549982204568e+05
2.949215621411485481e+05
2.939445305840907386e+05
2.928191917110693757e+05
2.915090122212363058e+05
2.899892893853081623e+05
2.882536430909979390e+05
2.863198311117525445e+05
2.842331297253462835e+05
2.820656600688481121e+05
2.799107652015003259e+05
2.778726917599747539e+05
2.760530636089037289e+05
2.745365651504864800e+05
2.733785896667527850e+05
2.725972572012106539e+05
2.721712735352258314e+05
2.720438355044424534e+05
2.721314946821937920e+05
2.723358659275452374e+05
2.725555471882659476e+05
2.726957473619683878e+05
2.726739108434097143e+05
2.724209181804173859e+05
2.718788920553922653e+05
2.709977935729472665e+05
2.697334271303005517e+05
2.680489496484703850e+05
2.659205933459778316e+05
2.633464946076984052e+05
2.603559250860567845e+05
2.570154749601936783e+05
2.534291960855105426e+05
2.497312884839729522e+05
2.460720905957154173e+05
2.426001550470715156e+05
2.394443560980660841e+05
2.366999103901112685e+05
2.344209879139912082e+05
2.326207306744987145e+05
2.312776428925571963e+05
2.303460344275759417e+05
2.297677627923430991e+05
2.294828641138584062e+05
2.294374842549764726e+05
2.295884458428058133e+05
2.299045337471064995e+05
2.303650351067214506e+05
2.309562612940617837e+05
2.316668088743666012e+05
2.324822769124108599e+05
2.333800945496150816e+05
2.343250330275106826e+05
2.352658811660766660e+05
2.361336697587759991e+05
2.368417660862585763e+05
2.372881344054015935e+05
2.373600355098401778e+05
2.369413351770207519e+05
2.359223151526564325e+05
2.342113922733011714e+05
2.317475199147630483e+05
2.285114559739649703e+05
2.245337791399634152e+05
2.198977244829240663e+05
2.147356478106980794e+05
2.092190751266125008e+05
2.035435451722075522e+05
1.979104538469456602e+05
1.925085883459324541e+05
1.874979080865945434e+05
1.829975002696173615e+05
1.790787549184516247e+05
1.757639348053032008e+05
1.730296488452693447e+05
1.708143350170874910e+05
1.690286699844149989e+05
1.675677447502792056e+05
1.663237943060617545e+05
1.651982229691356188e+05
1.641116706460162532e+05
1.630109947047763562e+05
1.618723547128417995e+05
1.607000821445295296e+05
1.595216250840338762e+05
1.583794615520519146e+05
1.573213465451624361e+05
1.563904963639875350e+05
1.556172696907497884e+05
1.550135875177580165e+05
1.545708068666002655e+05
1.542611308038095885e+05
1.540420257609200489e+05
1.538626487478283234e+05
1.536710505112615938e+05
1.534209466621911852e+05
1.530770999873573892e+05
1.526187408427881892e+05
1.520408532244102098e+05
1.513534744812450081e+05
1.505793494588994072e+05
1.497503571439011430e+05
1.489031433625858626e+05
1.480744068925162428e+05
1.472963291342408920e+05
1.465926918779703556e+05
1.459762364047294541e+05
1.454477145565805549e+05
1.449968346153387683e+05
1.446049389051717590e+05
1.442488569943717448e+05
1.439050857797576173e+05
1.435533709120567655e+05
1.431789549742993840e+05
1.427731740400476556e+05
1.423325935424627096e+05
1.418572987826907483e+05
1.413491399396132038e+05
1.408106106080249883e+05
1.402446698433397978e+05
1.396553606969517714e+05
1.390487282075364783e+05
1.384334382927826373e+05
1.378206693071772752e+05
1.372231881120800099e+05
1.366538604261152504e+05
1.361240286078472564e+05
1.356421607853884343e+05
1.352129896808576887e+05
1.348371453698526602e+05
1.345111646917008620e+05
1.342277781685163791e+05
1.339764863804472261e+05
1.337445365035794675e+05
1.335183990271099028e+05
1.332856951243825024e+05
1.330372956104661280e+05
1.327691218300382316e+05
1.324831444580783427e+05
1.321872491720335966e+05
1.318939683998494584e+05
1.316184284505359246e+05
1.313760668321376725e+05
1.311806258447646687e+05
1.310426357633455482e+05
1.309682062344364967e+05
1.309576669594339910e+05
1.310036297859731130e+05
1.310884404369159893e+05
1.311816159641704580e+05
1.312384350725781987e+05
1.312010383201209188e+05
1.310029992384940269e+05
1.305773796005672484e+05
1.298670743660922162e+05
1.288352346515551035e+05
1.274731571834873175e+05
1.258034635061160952e+05
1.238775649722930102e+05
1.217679362333344179e+05
1.195570791254217474e+05
1.173257994454485743e+05
1.151433346931707347e+05
1.130610656610488513e+05
1.111103678264335613e+05
1.093040433622863202e+05
1.076400622335668304e+05
1.061061649560203659e+05
1.046841556454809615e+05
1.033532205079535925e+05
1.020921057080885512e+05
1.008803220453157264e+05
9.969867172706026759e+04
9.852936769441557408e+04
9.735592938123569184e+04
9.616296796393139812e+04
9.493595616720960243e+04
9.366110757117568573e+04
9.232553396934914053e+04
9.091786047468280594e+04
8.942941636123103672e+04
8.785596856469204067e+04
8.619974660173742450e+04
8.447128639907205070e+04
8.269048523457569536e+04
8.088629030162403069e+04
7.909467122777207987e+04
7.735491448744753143e+04
7.570472506702302780e+04
7.417499950356756744e+04
7.278533082858601119e+04
7.154125454081130738e+04
7.043394224517031398e+04
6.944255232897239330e+04
6.853885973648545041e+04
6.769324649435916217e+04
6.688078500385963707e+04
6.608609996803085960e+04
6.530598987821953051e+04
6.454935847328560340e+04
6.383468656600704708e+04
6.318585567703800916e+04
6.262744072360399878e+04
6.218054590433019621e+04
6.185992072680291312e+04
6.167261488152548554e+04
6.161799285133717785e+04
6.168866767637216981e+04
6.187187386978328868e+04
6.215093711771396920e+04
6.250671315963319648e+04
6.291905478636790212e+04
6.336845393501623766e+04
6.383797849210811546e+04
6.431551244412054803e+04
6.479617381149361609e+04
6.528469017076069576e+04
6.579749710977124050e+04
6.636439113833330339e+04
6.702966927352742641e+04
6.785274045569948794e+04
6.890811153157750960e+04
7.028438749384963012e+04
7.208152817565992882e+04
7.440523441061712219e+04
7.735725036723761878e+04
8.102082641399749264e+04
8.544172710699692834e+04
9.060688229914524709e+04
9.642464924710724154e+04
1.027120166811224772e+05
1.091942235229799990e+05
1.155207045289266680e+05
1.212980385421200917e+05
1.261363266957471351e+05
1.297013616160014499e+05
1.317624265999435156e+05
1.322256121608871908e+05
1.311454010480440047e+05
1.287122384930391563e+05
1.252194035339070251e+05
1.210170299173852545e+05
1.164632889592271094e+05
1.118820994281938474e+05
1.075337897201517626e+05
1.036011025355493912e+05
1.001891628335093701e+05
9.733554325666469231e+04
9.502573815082653891e+04
9.320994616368494462e+04
9.181842189417514601e+04
9.077409468223110889e+04
9.000218901086598635e+04
8.943706644463296107e+04
8.902657176390086534e+04
8.873406240138818976e+04
8.853825642003773828e+04
8.843114847745680891e+04
8.841447597294703883e+04
8.849544829145264521e+04
8.868255907025338092e+04
8.898222265131895256e+04
8.939672836159235158e+04
8.992366680847191310e+04
9.055664821549123735e+04
9.128688377486873651e+04
9.210507786837857566e+04
9.300308202016178984e+04
9.397486364737804979e+04
9.501650900906392781e+04
9.612518211799119308e+04
9.729718293189015822e+04
9.852547511952336936e+04
9.979725965807402099e+04
1.010923040587103751e+05
1.023827261118391034e+05
1.036347110727891850e+05
1.048121996622563747e+05
1.058819993922936555e+05
1.068192162494935328e+05
1.076115962798550463e+05
1.082614812062595884e+05
1.087846553567126684e+05
1.092062465587747138e+05
1.095547478506397892e+05
1.098558196123070229e+05
1.101275837710494816e+05
1.103786056990664219e+05
1.106088650613117934e+05
1.108130732694597245e+05
1.109850362709047331e+05
1.111215954061247030e+05
1.112250168747909483e+05
1.113033674133078603e+05
1.113691335137098649e+05
1.114368503435916500e+05
1.115206528654871654e+05
1.116324519733025372e+05
1.117810172539600317e+05
1.119718245001156902e+05
1.122072807975327014e+05
1.124869503808921145e+05
1.128076208050698770e+05
1.131633284408501204e+05
1.135456431333840010e+05
1.139444921434253047e+05
1.143495873769613827e+05
1.147522114517374721e+05
1.151468686676767247e+05
1.155322433516757301e+05
1.159110762241795746e+05
1.162889166779614170e+05
1.166721092412607686e+05
1.170656800188516936e+05
1.174718937554284930e+05
1.178901179462055588e+05
1.183183010209318745e+05
1.187559493533753412e+05
1.192080941129790008e+05
1.196894732502182887e+05
1.202280655111785309e+05
1.208671950801839412e+05
1.216656290339724801e+05
1.226953543500117230e+05
1.240369993137296260e+05
1.257731329543931497e+05
1.279799300008251594e+05
1.307179221362208482e+05
1.340227503245251719e+05
1.378969566688891209e+05
1.423038767659453442e+05
1.471645968420438585e+05
1.523587220362035441e+05
1.577293707043099857e+05
1.630923769884208741e+05
1.682491735837050946e+05
1.730022891137478582e+05
1.771719183280989819e+05
1.806117242748230346e+05
1.832220156175335578e+05
1.849587563994161028e+05
1.858374632022866572e+05
1.859317871283884451e+05
1.853672769157769217e+05
1.843113038858411892e+05
1.829603102457559435e+05
1.815254463542113663e+05
1.802174210237424704e+05
1.792311823045568890e+05
1.787310262316594308e+05
1.788369503179048188e+05
1.796134482207259571e+05
1.810622932386893954e+05
1.831209516614422901e+05
1.856679221673578431e+05
1.885354589608516544e+05
1.915289083788313728e+05
1.944505197384410130e+05
1.971244158736199606e+05
1.994187640002685657e+05
2.012613212945798005e+05
2.026455211019830604e+05
2.036259766737716855e+05
2.043043574595040991e+05
2.048085426317994134e+05
2.052692710976281087e+05
2.057988291318850825e+05
2.064755668223515677e+05
2.073364525156691379e+05
2.083779420240095642e+05
2.095637086423164583e+05
2.108366782755715249e+05
2.121325086967018433e+05
2.133920324832274637e+05
2.145709560808225360e+05
2.156459484620707517e+05
2.166169373154131172e+05
2.175058866188965621e+05
2.183526058987697179e+05
2.192083288260182308e+05
2.201279538936172321e+05
2.211619547291367780e+05
2.223489891653152881e+05
2.237101166574541421e+05
2.252452760682612134e+05
2.269323463771357492e+05
2.287288093148958869e+05
2.305758258504754340e+05
2.324044213484461361e+05
2.341433608335018216e+05
2.357280789090842882e+05
2.371096734391465434e+05
2.382625827228728740e+05
2.391893704909046646e+05
2.399212802027508733e+05
2.405139833777511085e+05
2.410390810067115526e+05
2.415730455002056842e+05
2.421859759297819401e+05
2.429324997401265136e+05
2.438464107828140550e+05
2.449395020319782780e+05
2.462039806120208523e+05
2.476172042813771986e+05
2.491473703909834439e+05
2.507590836964974005e+05
2.524181587237686326e+05
2.540953433929978055e+05
2.557688025171254703e+05
2.574252454453750106e+05
2.590596562072270317e+05
2.606737696660121146e+05
2.622737024384299875e+05
2.638673702719077119e+05
2.654623719787859591e+05
2.670648359386914526e+05
2.686793611705498188e+05
2.703097778896965901e+05
2.719601573327008518e+05
2.736354241824255441e+05
2.753410890422487282e+05
2.770819612968886504e+05
2.788601069968499942e+05
2.806726481554168276e+05
2.825101470009472105e+05
2.843562234458835446e+05
2.861887336385328090e+05
2.879823863789479365e+05
2.897122400345235365e+05
2.913572576880671550e+05
2.929031005760977278e+05
2.943436080864062533e+05
2.956808391479997663e+05
2.969239623437403934e+05
2.980875192228890373e+05
2.991895729579753242e+05
3.002500414751177304e+05
3.012892448417564156e+05
3.023265314570826013e+05
3.033788741080256877e+05
3.044595129816054250e+05
3.055769389619310386e+05
3.067346095928172581e+05
3.079316931960943039e+05
3.091648757723681047e+05
3.104309576474344940e+05
3.117297418254864169e+05
3.130666436928798794e+05
3.144545162088167854e+05
3.159143145674220868e+05
3.174743534283572808e+05
3.191680249655524385e+05
3.210299888802168425e+05
3.230910696507583489e+05
3.253724092946963501e+05
3.278797558211656287e+05
3.305989887897587614e+05
3.334939654633795726e+05
3.365074561542933807e+05
3.395653774030542118e+05
3.425838744254014455e+05
3.454782348276746343e+05
3.481722838296938571e+05
3.506068814081337769e+05
3.527463828070198651e+05
3.545823358431998058e+05
3.561341456033560680e+05
3.574468283533575595e+05
3.585862345813625725e+05
3.596322397883470403e+05
3.606704368990352959e+05
3.617829117574136471e+05
3.630388284981662873e+05
3.644858066772922757e+05
3.661433357018304523e+05
3.679995516349719837e+05
3.700124056890960201e+05
3.721155184621865628e+05
3.742279857010533451e+05
3.762664134563177940e+05
3.781568934299859684e+05
3.798447208564130706e+05
3.813003703455242794e+05
3.825212777521942626e+05
3.835299159115810762e+05
3.843691886858459329e+05
3.850962381782239536e+05
3.857755418082217220e+05
3.864719404606231838e+05
3.872441638059798861e+05
3.881394833993126522e+05
3.891901502290649223e+05
3.904120765995703987e+05
3.918057642020840431e+05
3.933589170013373368e+05
3.950497727279378450e+05
3.968501498860483407e+05
3.987275648976119119e+05
4.006463541791050811e+05
4.025682677132763783e+05
4.044532605423953501e+05
4.062611225254142191e+05
4.079542371882286388e+05
4.095013134718848742e+05
4.108815455173553200e+05
4.120884158652061014e+05
4.131322936750117224e+05
4.140410893898564391e+05
4.148585033015325316e+05
4.156398272026415216e+05
4.164457633931234013e+05
4.173351949296496459e+05
4.183581265885891626e+05
4.195500028748508776e+05
4.209282814727185178e+05
4.224916026820334373e+05
4.242213333162359777e+05
4.260848596830770257e+05
4.280398561262064613e+05
4.300388415450591710e+05
4.320335446067781886e+05
4.339787980979590793e+05
4.358357936262599542e+05
4.375745507889894652e+05
4.391754537577336305e+05
4.406297583183805691e+05
4.419391094575232128e+05
4.431143054659615736e+05
4.441737191883896594e+05
4.451418471716390923e+05
4.460483423306890181e+05
4.469276009140870301e+05
4.478186007789516007e+05
4.487643616933767917e+05
4.498102679345244542e+05
4.510006630943726632e+05
4.523736064521279768e+05
4.539543607410485274e+05
4.557488540853206650e+05
4.577387792156966170e+05
4.598799680884131230e+05
4.621051488917936804e+05
4.643312601213994785e+05
4.664704049568364862e+05
4.684425783017163048e+05
4.701877511822300730e+05
4.716749053436694667e+05
4.729061859988150536e+05
4.739153593056218233e+05
4.747609954007684137e+05
4.755159587215841166e+05
4.762555816555917845e+05
4.770470997619400732e+05
4.779424550296060042e+05
4.789755400852924213e+05
4.801636584193827584e+05
4.815118132514451863e+05
4.830177764439976308e+05
4.846759256038101739e+05
4.864785263700417127e+05
4.884142131712557166e+05
4.904645108048526454e+05
4.925999976951830904e+05
4.947779363838161808e+05
4.969428613311728113e+05
4.990308380764433532e+05
5.009770963790189126e+05
5.027257333800265915e+05
5.042394272844769293e+05
5.055068220848462079e+05
5.065455898997760378e+05
5.074001499776963610e+05
5.081344129078109981e+05
5.088213190483764629e+05
5.095318649231772870e+05
5.103263830597503693e+05
5.112499728507340187e+05
5.123324535212728661e+05
5.135915919057101128e+05
5.150372801296812249e+05
5.166742335396631388e+05
5.185016857451625401e+05
5.205100929133794270e+05
5.226763779252311797e+05
5.249601150723568862e+05
5.273029316585200140e+05
5.296323644736824790e+05
5.318699079578825040e+05
5.339416285860850476e+05
5.357889752784370212e+05
5.373774553576991893e+05
5.387015072377779288e+05
5.397848365773551632e+05
5.406763657448543236e+05
5.414426179924411699e+05
5.421578329273238778e+05
5.428934637942870613e+05
5.437089344831203343e+05
5.446454938834288623e+05
5.457245011481868569e+05
5.469504302846593782e+05
5.483174878428401425e+05
5.498174626489810180e+05
5.514458442766299704e+05
5.532037460783947026e+05
5.550947064543158049e+05
5.571174884575745091e+05
5.592577299095976632e+05
5.614819653913635993e+05
5.637368312582216458e+05
5.659544504932514392e+05
5.680628175601233961e+05
5.699983268107977929e+05
5.717170083435459528e+05
5.732016511935349554e+05
5.744634264397290535e+05
5.755382489622029243e+05
5.764793700664925855e+05
5.773482775760705117e+05
5.782059093259583460e+05
5.791056774148864206e+05
5.800891148270142730e+05
5.811842845892113401e+05
5.824065339790183352e+05
5.837607823711027158e+05
5.852443477082934696e+05
5.868493889782305341e+05
5.885643725884688320e+05
5.903744715634450549e+05
5.922613008322243113e+05
5.942026780037288554e+05
5.961730522582641570e+05
5.981448926538156811e+05
6.000908505485728383e+05
6.019861503413361497e+05
6.038105917196832597e+05
6.055497745292742038e+05
6.071955272133543622e+05
6.087458042293986073e+05
6.102043589040441439e+05
6.115803049600350205e+05
6.128874220414052252e+05
6.141429569457079051e+05
6.153658424255849095e+05
6.165746273789450061e+05
6.177857512154751457e+05
6.190128428920442238e+05
6.202673685393447522e+05
6.215603161026083399e+05
6.229040080861293245e+05
6.243129152820943855e+05
6.258026737539852038e+05
6.273872696044391487e+05
6.290751969551441725e+05
6.308659009939427488e+05
6.327477393612982705e+05
6.346980831179949455e+05
6.366853629664167529e+05
6.386722756393292220e+05
6.406192858887319453e+05
6.424879698836769676e+05
6.442443242700021947e+05
6.458624750113587361e+05
6.473289747827152023e+05
6.486471339616503101e+05
6.498399923000074923e+05
6.509501563835209236e+05
6.520351932947480818e+05
6.531585721214488149e+05
6.543778238417196553e+05
6.557329309889528668e+05
6.572383215144563001e+05
6.588809729635566473e+05
6.606252989914056379e+05
6.624233655878237914e+05
6.642273599611998070e+05
6.660006827898407355e+05
6.677246881442831364e+05
6.693996350348304259e+05
6.710402413746889215e+05
6.726677302818713943e+05
6.743010234947865829e+05
6.759496662230548682e+05
6.776103244470834034e+05
6.792675800803325837e+05
6.808985731293879217e+05
6.824800544541605050e+05
6.839957996348327724e+05
6.854422201593521750e+05
6.868304562385003082e+05
6.881842020918634953e+05
6.895337964598127874e+05
6.909083448442287045e+05
6.923283914458327927e+05
6.938015911028637784e+05
6.953228778006259818e+05
6.968790695497380802e+05
6.984562467559076613e+05
7.000472071930950042e+05
7.016562444523293525e+05
7.032994399273458403e+05
7.050002254707044922e+05
7.067815601936996682e+05
7.086570999499754980e+05
7.106239169370430754e+05
7.126587057151305489e+05
7.147183351783239050e+05
7.167445161981661804e+05
7.186715873321304098e+05
7.204360834885275690e+05
7.219867346968718339e+05
7.232936365662903991e+05
7.243553879594112514e+05
7.252030049509183737e+05
7.258995379600271117e+05
7.265347258375762030e+05
7.272148030445571057e+05
7.280486281388653442e+05
7.291323297822346212e+05
7.305352926613694290e+05
7.322902274789495859e+05
7.343892046325730626e+05
7.367860886710276827e+05
7.394042455055232858e+05
7.421472549370309571e+05
7.449100678944251267e+05
7.475886914009457687e+05
7.500877424862534972e+05
7.523264572160473326e+05
7.542443222834815970e+05
7.558070807448289124e+05
7.570126491219778545e+05
7.578951477611903101e+05
7.585246175654715626e+05
7.590006041273123119e+05
7.594395474087028997e+05
7.599581152560773771e+05
7.606562722882857779e+05
