4.772366628145474824e+05
4.762286889073650818e+05
4.751333653512597666e+05
4.739751373059182661e+05
4.727851281803917955e+05
4.715960781748914742e+05
4.704375827407967881e+05
4.693323812268480542e+05
4.682940013115386246e+05
4.673255712265546899e+05
4.664193506830414408e+05
4.655566737845135503e+05
4.647084727913110983e+05
4.638370539667560370e+05
4.628999402196615702e+05
4.618561446458170540e+05
4.606742785867187195e+05
4.593408302419651300e+05
4.578663102063717670e+05
4.562871381649893010e+05
4.546621687061970588e+05
4.530642598173064180e+05
4.515686919303484610e+05
4.502410270862918696e+05
4.491269324895130121e+05
4.482457216666268650e+05
4.475882797416382236e+05
4.471190583815692808e+05
4.467812136940218625e+05
4.465037525267410092e+05
4.462096191005576984e+05
4.458238243256190908e+05
4.452808865434146719e+05
4.445309968070666655e+05
4.435444756136735086e+05
4.423142716733482666e+05
4.408564446912309504e+05
4.392087233508630306e+05
4.374273016408490948e+05
4.355820460119266063e+05
4.337502978685206035e+05
4.320095508714845637e+05
4.304295030199158355e+05
4.290642933086536941e+05
4.279460118421628722e+05
4.270806567897206405e+05
4.264474688329905039e+05
4.260019819115306600e+05
4.256823203848018893e+05
4.254175074340516003e+05
4.251361165095599135e+05
4.247736798770914902e+05
4.242778408013076987e+05
4.236110581987700425e+05
4.227513931436966523e+05
4.216922322228589328e+05
4.204416443557885359e+05
4.190215812933548586e+05
4.174666301603111206e+05
4.158218085418936098e+05
4.141390864327726304e+05
4.124728175871745916e+05
4.108747857424743124e+05
4.093898192453011870e+05
4.080527436497351737e+05
4.068869003620657022e+05
4.059038356896502664e+05
4.051033953710466740e+05
4.044735611488744617e+05
4.039899043233317207e+05
4.036152205235024448e+05
4.033003521983678220e+05
4.029871069997221348e+05
4.026135265076727956e+05
4.021208411355960416e+05
4.014607118821648764e+05
4.006011703237589682e+05
3.995301021213705535e+05
3.982559320428898791e+05
3.968059418836255791e+05
3.952230357153645018e+05
3.935616650620346772e+05
3.918832305905935937e+05
3.902509241566998535e+05
3.887239370075429324e+05
3.873512849301550305e+05
3.861659987659688340e+05
3.851807919894153601e+05
3.843863001296066213e+05
3.837525348716239096e+05
3.832334625317878090e+05
3.827738753150791745e+05
3.823172312410106533e+05
3.818130290061241249e+05
3.812225366827609250e+05
3.805221735291992663e+05
3.797043802902689204e+05
3.787762631195035065e+05
3.777565809084908105e+05
3.766717506223429809e+05
3.755515035883176606e+05
3.744247001252517221e+05
3.733156724031793419e+05
3.722413734013467911e+05
3.712095808742507361e+05
3.702184041030249209e+05
3.692572942467730609e+05
3.683095969149579178e+05
3.673563933310958091e+05
3.663810200423541246e+05
3.653733642944426392e+05
3.643329355612298241e+05
3.632698874008298153e+05
3.622035885795052163e+05
3.611589143844673526e+05
3.601609995588382590e+05
3.592296149698885274e+05
3.583744852940230630e+05
3.575926918201118824e+05
3.568688110249476740e+05
3.561777227243537782e+05
3.554892685936127091e+05
3.547733929609314655e+05
3.540042644222209346e+05
3.531622429779038066e+05
3.522333175525112893e+05
3.512065192601355375e+05
3.500704847093776334e+05
3.488105606239524204e+05
3.474075671523949131e+05
3.458387414926838246e+05
3.440807407281690976e+05
3.421141229883249616e+05
3.399285250639189617e+05
3.375277300664536888e+05
3.349338263487088261e+05
3.321896198191384319e+05
3.293584331154110841e+05
3.265205660086161806e+05
3.237661469864443061e+05
3.211848847637682920e+05
3.188541518593622604e+05
3.168275880903410725e+05
3.151266831816094345e+05
3.137374022944321623e+05
3.126128930208834354e+05
3.116819135081825079e+05
3.108612460312435869e+05
3.100694200379311224e+05
3.092388540551156620e+05
3.083241029740720987e+05
3.073050723874734831e+05
3.061854369209055440e+05
3.049876129200268188e+05
3.037461399077044916e+05
3.025011288609085605e+05
3.012927389015958179e+05
3.001568411235105596e+05
2.991215154096051119e+05
2.982040111710710917e+05
2.974082106504524709e+05
2.967231564634268289e+05
2.961234748186576762e+05
2.955723128811545321e+05
2.950267470223922282e+05
2.944447889328526217e+05
2.937924990259893239e+05
2.930495943874907098e+05
2.922123583923581755e+05
2.912934224195255665e+05
2.903187728211025242e+05
2.893228624258681666e+05
2.883428721792398719e+05
2.874130549743182492e+05
2.865598687897184864e+05
2.857984019920398714e+05
2.851304359380734386e+05
2.845443216561182635e+05
2.840166126529214089e+05
2.835151136887174798e+05
2.830027739978823811e+05
2.824417852402876015e+05
2.817973808904861799e+05
2.810411034187698970e+05
2.801535553566809976e+05
2.791267301816007239e+05
2.779658698063889751e+05
2.766904908346000593e+05
2.753339420580526930e+05
2.739408068439381314e+05
2.725617755994631443e+05
2.712462604286544374e+05
2.700338111934179906e+05
2.689460180312637822e+05
2.679807685552993789e+05
2.671103415931349155e+05
2.662839641644836520e+05
2.654344275712194503e+05
2.644875036907463800e+05
2.633724710293252720e+05
2.620320928439632407e+05
2.604307368987114751e+05
2.585597634580078593e+05
2.564396739384142857e+05
2.541187848212397366e+05
2.516684585241509485e+05
2.491752851907622826e+05
2.467310811585485062e+05
2.444220473524925183e+05
2.423187392711330031e+05
2.404684849868172896e+05
2.388914934698287398e+05
2.375811952429051744e+05
2.365085239204695390e+05
2.356290918152353261e+05
2.348917174512274505e+05
2.342466303213559440e+05
2.336519117665144149e+05
2.330772444372740283e+05
2.325046952463908819e+05
2.319268947682733415e+05
2.313434702770327276e+05
2.307568536569763673e+05
2.301685809051996621e+05
2.295769378983995703e+05
2.289763523211540014e+05
2.283584035391847137e+05
2.277138758492675552e+05
2.270350591848815093e+05
2.263175736534136522e+05
2.255613112035839877e+05
2.247704933891007968e+05
2.239531467051171057e+05
2.231203660780897771e+05
2.222855731614058896e+05
2.214637078874086728e+05
2.206701023361831903e+05
2.199188096493420890e+05
2.192204094917518669e+05
2.185796704817558057e+05
2.179937383357102226e+05
2.174515794599288784e+05
2.169351820589819690e+05
2.164225577407806122e+05
2.158920443705304642e+05
2.153269659439592215e+05
2.147195057221300085e+05
2.140727629812316736e+05
2.134003612432551745e+05
2.127235429527831730e+05
2.120662670374510344e+05
2.114492785654750478e+05
2.108843555892117147e+05
2.103699372857576236e+05
2.098891287402510061e+05
2.094107038793106622e+05
2.088932217395876942e+05
2.082917631978644640e+05
2.075661509842065279e+05
2.066889700569991546e+05
2.056514553898598533e+05
2.044655506644934649e+05
2.031612388760022586e+05
2.017794710118509247e+05
2.003623227944118553e+05
1.989429348305182357e+05
1.975379615803970373e+05
1.961445535225141211e+05
1.947425447785564465e+05
1.933009915514117456e+05
1.917870369265945628e+05
1.901746305692631286e+05
1.884509733818130044e+05
1.866194645436440769e+05
1.846990229484851297e+05
1.827205737804109522e+05
1.807220098107745871e+05
1.787430055375500815e+05
1.768207651436120796e+05
1.749872773210199084e+05
1.732681035438135732e+05
1.716822974518365809e+05
1.702428538802865660e+05
1.689571545440918999e+05
1.678271553271095036e+05
1.668494050564621866e+05
1.660152263491837366e+05
1.653114055488556041e+05
1.647215234621640411e+05
1.642277221306908759e+05
1.638124178709285916e+05
1.634593857643634547e+05
1.631538104384737962e+05
1.628812636673769448e+05
1.626259914303261030e+05
1.623692122941025300e+05
1.620882257841054525e+05
1.617569611809652997e+05
1.613482074393612857e+05
1.608372676891389128e+05
1.602063268948094046e+05
1.594485480452855118e+05
1.585709036007451359e+05
1.575950025362138986e+05
1.565556043731419777e+05
1.554969882629135391e+05
1.544677414295265917e+05
1.535147711283264216e+05
1.526774167090264964e+05
1.519824789777952537e+05
1.514408389109984855e+05
1.510461338150401134e+05
1.507756990300506295e+05
1.505936665092186595e+05
1.504557637537359842e+05
1.503150452123715368e+05
1.501276077441872621e+05
1.498573707068354997e+05
1.494792551393281319e+05
1.489805055154963338e+05
1.483603277556786779e+05
1.476283279998067592e+05
1.468023436279957823e+05
1.459061659565061855e+05
1.449674430821250717e+05
1.440158281461778970e+05
1.430812840535040305e+05
1.421924004346896836e+05
1.413746093543346506e+05
1.406482731709405489e+05
1.400267349954163947e+05
1.395145485870993289e+05
1.391062134094576759e+05
1.387857922043509607e+05
1.385277405187466939e+05
1.382991094065977377e+05
1.380630162600704934e+05
1.377829811223946745e+05
1.374274855654346175e+05
1.369740039202291809e+05
1.364118167168911314e+05
1.357431286806798307e+05
1.349823260324667790e+05
1.341535502578132437e+05
1.332870671205249091e+05
1.324151079608109721e+05
1.315679086782357772e+05
1.307705526586945780e+05
1.300409646622329310e+05
1.293890817474835931e+05
1.288169556184404355e+05
1.283194176592038275e+05
1.278850002103500155e+05
1.274970030298896309e+05
1.271348006905085640e+05
1.267755756213823479e+05
1.263965671987480746e+05
1.259776874929899204e+05
1.255040923496411415e+05
1.249681555689698580e+05
1.243703602004596760e+05
1.237188787203714892e+05
1.230279562246755377e+05
1.223154971369336563e+05
1.216003829577443830e+05
1.208999964547870622e+05
1.202282595003178285e+05
1.195943102068616136e+05
1.190018328179791133e+05
1.184490311749422981e+05
1.179292580398093269e+05
1.174323031706838665e+05
1.169462516204046260e+05
1.164596610551023768e+05
1.159636454652721732e+05
1.154533870391494711e+05
1.149286889792194561e+05
1.143934183571368194e+05
1.138539888334114803e+05
1.133172889691757300e+05
1.127885890012145392e+05
1.122699324514688487e+05
1.117593701585639064e+05
1.112511809931193275e+05
1.107369988111769635e+05
1.102075666409137630e+05
1.096546973615411553e+05
1.090729689255547273e+05
1.084607506900839071e+05
1.078203457610511978e+05
1.071572929731301410e+05
1.064791101546462596e+05
1.057938857479361905e+05
1.051090965099508758e+05
1.044308774465271708e+05
1.037637826210632338e+05
1.031109376502119267e+05
1.024744315180820413e+05
1.018558007958391390e+05
1.012564714657032891e+05
1.006780156747653527e+05
1.001220774110941129e+05
9.958987622310053848e+04
9.908134126618775190e+04
9.859412146553149796e+04
9.812286221724376082e+04
9.765913156947262178e+04
9.719218467727562529e+04
9.671044510560652998e+04
9.620330150992002746e+04
9.566270921878839727e+04
9.508420125068555353e+04
9.446718569568562089e+04
9.381468883377741440e+04
9.313285232521071157e+04
9.243044703111999843e+04
9.171847395869327011e+04
9.100970788778088172e+04
9.031792820726821083e+04
8.965663876970831188e+04
8.903727970355153957e+04
8.846718616144356201e+04
8.794774032388371415e+04
8.747321418252371950e+04
8.703069308916600130e+04
8.660124421432167583e+04
8.616222411124338396e+04
8.569038039168785326e+04
8.516524453654645185e+04
8.457225401291334128e+04
8.390507554316539608e+04
8.316671164213503653e+04
8.236914538264436123e+04
8.153150208397007373e+04
8.067696294780478638e+04
7.982891960700661002e+04
7.900705663626031310e+04
7.822413036009385542e+04
7.748412926968613465e+04
7.678224241041186906e+04
7.610666608765050478e+04
7.544183508883429749e+04
7.477229294072359335e+04
7.408623453888870426e+04
7.337783755901837139e+04
7.264784134698766866e+04
7.190233902331834543e+04
7.115026042735307419e+04
7.040036993232055102e+04
6.965866933821282873e+04
6.892687096986600955e+04
6.820218901341015589e+04
6.747825686456750554e+04
6.674668194551733905e+04
6.599869187596077973e+04
6.522649168138148525e+04
6.442422768815241579e+04
6.358868620553429355e+04
6.271992569302371703e+04
6.182192491350288037e+04
6.090310620585932338e+04
5.997640431727151008e+04
5.905852610491652740e+04
5.816823151870733273e+04
5.732379911047598580e+04
5.654017759384868259e+04
5.582651612640480744e+04
5.518471987287863885e+04
5.460940587621120358e+04
5.408924085291416122e+04
5.360927224603838113e+04
5.315364061520830001e+04
5.270804210600288206e+04
5.226147151941843185e+04
5.180703704048670625e+04
5.134189471458473417e+04
5.086652318384821410e+04
5.038361417887263087e+04
4.989681209499054239e+04
4.940945338963392715e+04
4.892339694585399411e+04
4.843804024748950178e+04
4.794968246883084794e+04
4.745148314148635836e+04
4.693430969311294757e+04
4.638870851605223288e+04
4.580804186696938268e+04
4.519252276757391519e+04
4.455351683647342725e+04
4.391716465738517581e+04
4.332622395237783348e+04
4.283913118156219571e+04
4.252567943208669749e+04
4.245936932455408532e+04
4.270729249939547299e+04
4.331916300125941052e+04
4.431760207537390670e+04
4.569182236536979326e+04
4.739636475219853310e+04
4.935557764821202727e+04
5.147330521371104987e+04
5.364607686387978174e+04
5.577728325209039031e+04
5.778960963481962244e+04
5.963343626565859449e+04
6.128988094948711660e+04
6.276837924570515315e+04
6.409984304433941725e+04
6.532722337805758434e+04
6.649557170562667307e+04
6.764345286328086513e+04
6.879696193301879975e+04
6.996686007642906043e+04
7.114868361427853233e+04
7.232523048922195449e+04
7.347061957659912878e+04
7.455510020851751324e+04
7.554987877373927040e+04
7.643135947418987053e+04
7.718433936285354139e+04
7.780385672955538030e+04
7.829557504289504141e+04
7.867478315075932187e+04
7.896427596553244803e+04
7.919151050997074344e+04
7.938548468266663258e+04
7.957376001986207848e+04
7.977996701667367597e+04
8.002202255922324548e+04
8.031117710663437902e+04
8.065190354517505330e+04
8.104253894214691536e+04
8.147649496283165354e+04
8.194377490336853953e+04
8.243250122286158148e+04
8.293019510893835104e+04
8.342466808068990940e+04
8.390455726372242498e+04
8.435969553081180493e+04
8.478157600304756488e+04
8.516409546929175849e+04
8.550455593150318600e+04
8.580465439326150226e+04
8.607102616881116410e+04
8.631493220248456055e+04
8.655091763844196976e+04
8.679463087283280038e+04
8.706031992342046578e+04
8.735866203162651800e+04
8.769546579241083236e+04
8.807146978008800943e+04
8.848309832284350705e+04
8.892378612705082924e+04
8.938543645624778583e+04
8.985970514788616856e+04
9.033899092790059512e+04
9.081713792277060566e+04
9.128986299610647256e+04
9.175484851774017443e+04
9.221139093692364986e+04
9.265955413564106857e+04
9.309895400732838607e+04
9.352751767278173065e+04
9.394069384464292671e+04
9.433154560104095435e+04
9.469192231038292812e+04
9.501456188495710376e+04
9.529564377764683741e+04
9.553711177196749486e+04
9.574807512020964350e+04
9.594477642831901903e+04
9.614893785095424391e+04
9.638468970695447933e+04
9.667465797421961906e+04
9.703604200456719263e+04
9.747756474558621994e+04
9.799798294335562969e+04
9.858644122791592963e+04
9.922446466751905973e+04
9.988898038698447635e+04
1.005555858733347704e+05
1.012013882349740306e+05
1.018070494682570861e+05
1.023580260595412838e+05
1.028452235667252389e+05
1.032653166091382009e+05
1.036208477603812353e+05
1.039200372595108929e+05
1.041761407812460966e+05
1.044062497503460327e+05
1.046296043988743768e+05
1.048656793201550317e+05
1.051323954060165852e+05
1.054447613662216900e+05
1.058140878877820651e+05
1.062477409684082959e+05
1.067492987188199331e+05
1.073189811127546127e+05
1.079542942928638950e+05
1.086508882706941804e+05
1.094036051609878195e+05
1.102075952030884218e+05
1.110592679178429971e+05
1.119568163739729935e+05
1.129001527254251851e+05
1.138902910370263562e+05
1.149284099229000276e+05
1.160149169782513927e+05
1.171487748901650339e+05
1.183271815255786787e+05
1.195455297689513245e+05
1.207975045824813278e+05
1.220752299515787308e+05
1.233694973341009463e+05
1.246701891334086540e+05
1.259669829102073563e+05
1.272502872151290067e+05
1.285121915827451448e+05
1.297471072861366556e+05
1.309517940773487935e+05
1.321246122983034584e+05
1.332640611275942647e+05
1.343668975682970486e+05
1.354263210782170645e+05
1.364308118857587106e+05
1.373641878221539082e+05
1.382072619308329886e+05
1.389411362739750184e+05
1.395517084611584723e+05
1.400345146641753090e+05
1.403987403512099700e+05
1.406692265642934362e+05
1.408856288318318548e+05
1.410984814138689253e+05
1.413626293209914293e+05
1.417291324342579464e+05
1.422371641540897544e+05
1.429075233106865780e+05
1.437391198214590841e+05
1.447092138826187293e+05
1.457773874585521407e+05
1.468923814338823140e+05
1.480002704790642601e+05
1.490521875226068951e+05
1.500100631093044067e+05
1.508495440021411050e+05
1.515601494038382662e+05
1.521434716241296264e+05
1.526105548244949605e+05
1.529794136515159626e+05
1.532731405979631236e+05
1.535184984289977583e+05
1.537445808612031396e+05
1.539811612465156650e+05
1.542566377856556792e+05
1.545958043586931017e+05
1.550178335545255104e+05
1.555347975120785704e+05
1.561508667555229040e+05
1.568621708291861578e+05
1.576572714412461501e+05
1.585182614812670508e+05
1.594225462433545617e+05
1.603452828598133055e+05
1.612622485605254478e+05
1.621526921327647287e+05
1.630016529542040080e+05
1.638013968569669232e+05
1.645519635832232307e+05
1.652611637724569882e+05
1.659444922172118095e+05
1.666252262375280261e+05
1.673345237124753476e+05
1.681108621429872583e+05
1.689979603928334836e+05
1.700405899483181420e+05
1.712783860270394653e+05
1.727386528328440327e+05
1.744298387225428305e+05
1.763375057469781023e+05
1.784241180979106284e+05
1.806329860257505497e+05
1.828955914741272572e+05
1.851406910400414781e+05
1.873033003519217600e+05
1.893319297240536253e+05
1.911930665026225615e+05
1.928725969431919220e+05
1.943744005357798014e+05
1.957166540971035138e+05
1.969265186540762661e+05
1.980339756157716911e+05
1.990657094939722738e+05
2.000400719875047507e+05
2.009641798140344908e+05
2.018339526197962696e+05
2.026373270340579038e+05
2.033600772249075526e+05
2.039928647992348706e+05
2.045376303619894607e+05
2.050114645798114361e+05
2.054467210245285241e+05
2.058871906248768209e+05
2.063812986927463498e+05
2.069741101763915503e+05
2.077001544817893882e+05
2.085786671242639422e+05
2.096120078775449947e+05
2.107871190182317514e+05
2.120792660523572704e+05
2.134571007782787201e+05
2.148882093259016692e+05
2.163445149228819646e+05
2.178069805444212107e+05
2.192689577555347933e+05
2.207374146975026524e+05
2.222313972521854448e+05
2.237775856171788764e+05
2.254036227695581911e+05
2.271307019001301378e+05
2.289673221833374118e+05
2.309059093533833802e+05
2.329231842117664637e+05
2.349840541544970765e+05
2.370478225115384848e+05
2.390749940650993376e+05
2.410330157627330627e+05
2.428998119302684208e+05
2.446647054273184331e+05
2.463270124253845424e+05
2.478930957073963073e+05
2.493728930519793066e+05
2.507769000724944344e+05
2.521143102587599715e+05
2.533925607326815953e+05
2.546180124008329876e+05
2.557970699136400362e+05
2.569368881154800474e+05
2.580450123307864997e+05
2.591278120285857585e+05
2.601881918231202581e+05
2.612235237942317035e+05
2.622248165125375381e+05
2.631777651217522216e+05
2.640656671471743030e+05
2.648735298431682168e+05
2.655923156317999237e+05
2.662223005323201069e+05
2.667748798993898090e+05
2.672726270248352666e+05
2.677477682300456800e+05
2.682393790236662026e+05
2.687895871386256767e+05
2.694390434608382639e+05
2.702220185389195685e+05
2.711617043141914182e+05
2.722665175776955439e+05
2.735282301266568247e+05
2.749224744853671873e+05
2.764116294148775050e+05
2.779494645170700387e+05
2.794864737403274048e+05
2.809747527002558927e+05
2.823716167635221500e+05
2.836417726209702669e+05
2.847584734938106267e+05
2.857044242931177141e+05
2.864730940608276869e+05
2.870705779624133138e+05
2.875174684862372233e+05
2.878496851840725867e+05
2.881171602333137416e+05
2.883797730334434309e+05
2.887008064333853545e+05
2.891391030155146145e+05
2.897416409796220833e+05
2.905381813744039973e+05
2.915389805906728725e+05
2.927355903794362093e+05
2.941038904626268195e+05
2.956080704796643113e+05
2.972044386687193182e+05
2.988445485967863351e+05
3.004778572446137550e+05
3.020545694417969207e+05
3.035292449492899468e+05
3.048651791694878484e+05
3.060388172335856943e+05
3.070429463521053549e+05
3.078874585367411491e+05
3.085971344115099637e+05
3.092068999798123259e+05
3.097558918856820674e+05
3.102820152729313122e+05
3.108183320276879822e+05
3.113917540711093461e+05
3.120235548308594734e+05
3.127305925235919422e+05
3.135261060064777848e+05
3.144194426887147711e+05
3.154148088603357319e+05
3.165097229399144999e+05
3.176940437989232014e+05
3.189502063045364339e+05
3.202548011530158110e+05
3.215811554008754902e+05
3.229023175867667887e+05
3.241938842774154036e+05
3.254363194685642957e+05
3.266166354191224673e+05
3.277293899241875042e+05
3.287769056480361032e+05
3.297685479920762591e+05
3.307189547428045771e+05
3.316453529940105509e+05
3.325644394938686164e+05
3.334895469899756717e+05
3.344287950051574735e+05
3.353845932548202691e+05
3.363543765389774926e+05
3.373320548837462557e+05
3.383095707793047186e+05
3.392781983967850683e+05
3.402296252017805818e+05
3.411571474345154129e+05
3.420572754784884746e+05
3.429316728608830599e+05
3.437888537435845356e+05
3.446447544993301854e+05
3.455214141351021826e+05
3.464435622408909258e+05
3.474336950480886735e+05
3.485068672105459846e+05
3.496666461053560488e+05
3.509033803965278785e+05
3.521952713782422943e+05
3.535119828630998963e+05
3.548199399845188600e+05
3.560881731650594738e+05
3.572935422115022666e+05
3.584243424842116074e+05
3.594815890758632449e+05
3.604776884034904069e+05
3.614327396351163043e+05
3.623692930784422788e+05
3.633068623137478717e+05
3.642576317966319039e+05
3.652244884907605592e+05
3.662017841515674954e+05
3.671783532450173516e+05
3.681416214426244842e+05
3.690814276942880242e+05
3.699925236013251124e+05
3.708754242361600045e+05
3.717360088749878341e+05
3.725846550367657910e+05
3.734355631243691896e+05
3.743063937964640791e+05
3.752177258096744772e+05
3.761915390639867401e+05
3.772481772805330111e+05
3.784019926929580979e+05
3.796567709752719966e+05
3.810025919408519403e+05
3.824156276189193013e+05
3.838614693626929657e+05
3.853012528825225891e+05
3.866987054055714398e+05
3.880258285731053329e+05
3.892654903105279664e+05
3.904105077357960399e+05
3.914602733098847675e+05
3.924169324680074351e+05
3.932831288023831439e+05
3.940624099929661606e+05
3.947619885472073220e+05
3.953963391565956408e+05
3.959896394753949717e+05
3.965755087855100282e+05
3.971936255594534450e+05
3.978840786881592358e+05
3.986811712289616116e+05
3.996085177433416247e+05
4.006766723328137887e+05
4.018835134142133174e+05
4.032166443863881868e+05
4.046565248013969394e+05
4.061790835903979605e+05
4.077570904855581466e+05
4.093603014075240353e+05
4.109550307788321516e+05
4.125041059182615136e+05
4.139680530032661045e+05
4.153079369666908751e+05
4.164897123078079312e+05
4.174894301206409000e+05
4.182983184602906695e+05
4.189266512888558209e+05
4.194054251127111493e+05
4.197851348557709134e+05
4.201313598959237570e+05
4.205174236167565687e+05
4.210150267363511375e+05
4.216843521705318126e+05
4.225655026524220593e+05
4.236730651234150864e+05
4.249950065399432788e+05
4.264960930350449635e+05
4.281248808294439223e+05
4.298224411232373095e+05
4.315306753377568675e+05
4.331984628749110852e+05
4.347848038220046437e+05
4.362592103617389803e+05
4.376004460187543882e+05
4.387950129075250588e+05
4.398364810379918199e+05
4.407260284697841853e+05
4.414737667821713840e+05
4.420999208387077088e+05
4.426349239147697808e+05
4.431179454895778326e+05
4.435940304674388608e+05
4.441105391011354513e+05
4.447136694231887814e+05
4.454454919337194879e+05
4.463413701660466031e+05
4.474272600812137243e+05
4.487164707577005611e+05
4.502060454954711604e+05
4.518736858860344510e+05
4.536766268294227193e+05
4.555537153291156283e+05
4.574311143460954772e+05
4.592308798199968878e+05
4.608806796368627110e+05
4.623225864181019133e+05
4.635193051530928351e+05
4.644571380482939421e+05
4.651459678543680930e+05
4.656171288320402382e+05
4.659200686129768728e+05
4.661183387060387176e+05
4.662850250113772927e+05
4.664975420801499276e+05
4.668318518723241286e+05
4.673564770470693475e+05
4.681268990106837009e+05
4.691808827091235435e+05
4.705349822541347821e+05
4.721821712427202729e+05
4.740904646038592909e+05
4.762026657293358003e+05
4.784378512807769002e+05
4.806955714882665197e+05
4.828636512849641149e+05
4.848297629883311456e+05
4.864957404405897250e+05
4.877923304331405670e+05
4.886912610080043087e+05
4.892115722527626785e+05
4.894182259202281130e+05
4.894128254279086250e+05
4.893182694901201176e+05
4.892606636913195252e+05
4.893523205302372808e+05
4.896790526137682027e+05
4.902934884570044815e+05
4.912143923892403836e+05
4.924305708946379600e+05
4.939073072225054493e+05
4.955934367615404190e+05
4.974278786526588956e+05
4.993452370583920274e+05
5.012806065939856344e+05
5.031738159943123464e+05
5.049731307170847431e+05
5.066381637715535471e+05
5.081416477459892049e+05
5.094698797731996165e+05
5.106219659124051686e+05
5.116082664729699027e+05
5.124485183399192174e+05
5.131699557209616178e+05
5.138054783452129341e+05
5.143916994470600039e+05
5.149666714878457715e+05
5.155672445976830204e+05
5.162262591248580720e+05
5.169699675496871350e+05
5.178161257523776731e+05
5.187730833314487245e+05
5.198400057360753417e+05
5.210081623495061649e+05
5.222630619575603050e+05
5.235871070124533726e+05
5.249623468528636731e+05
5.263728375125123421e+05
5.278061060561186168e+05
5.292533360583389876e+05
5.307081728242014069e+05
