6.802719996294679586e+05
6.784512561339414679e+05
6.766438299320949009e+05
6.748605319341755239e+05
6.731134310412931954e+05
6.714176262546642683e+05
6.697924422730545048e+05
6.682610265369703993e+05
6.668476810726266121e+05
6.655729507794299861e+05
6.644473149427741300e+05
6.634650208139765309e+05
6.625999008386303904e+05
6.618047760933279060e+05
6.610152818062000442e+05
6.601578474324092967e+05
6.591604395054458873e+05
6.579638706494064536e+05
6.565312434313734993e+05
6.548535099100419320e+05
6.529500659354046220e+05
6.508644884404649492e+05
6.486566265829625772e+05
6.463929797910464695e+05
6.441374733485938050e+05
6.419443805584193906e+05
6.398543983063396299e+05
6.378940064441218274e+05
6.360774761983320350e+05
6.344104056569286622e+05
6.328935042019663379e+05
6.315254785727882991e+05
6.303042029651046032e+05
6.292258049734381493e+05
6.282818180902447784e+05
6.274550969016216695e+05
6.267156853714226745e+05
6.260181374308114173e+05
6.253017512720711529e+05
6.244946854640963720e+05
6.235220090598877287e+05
6.223166145696464228e+05
6.208309416083309334e+05
6.190469732614359818e+05
6.169821781021861825e+05
6.146899294196604751e+05
6.122541557193492772e+05
6.097791700738313375e+05
6.073764595718887867e+05
6.051505463882127078e+05
6.031859203941316810e+05
6.015366701835792046e+05
6.002199780709617771e+05
5.992141755602998892e+05
5.984615674716528738e+05
5.978756916628689505e+05
5.973521084919808200e+05
5.967813100598683814e+05
5.960620365120642819e+05
5.951132706033808645e+05
5.938834383192323148e+05
5.923557738472491037e+05
5.905492972550783306e+05
5.885153425994612044e+05
5.863300720135869924e+05
5.840839436807776801e+05
5.818696318177946378e+05
5.797702851897964720e+05
5.778500582288302248e+05
5.761484114958444843e+05
5.746787852985090576e+05
5.734311469224975444e+05
5.723769844008510699e+05
5.714749284671501955e+05
5.706754864282415947e+05
5.699242274031999987e+05
5.691637780063997488e+05
5.683357050485932268e+05
5.673834541818097932e+05
5.662569560212771175e+05
5.649185867634348106e+05
5.633493223247837741e+05
5.615535326352952980e+05
5.595610578310578130e+05
5.574258359024418751e+05
5.552210909483021824e+05
5.530316569045264041e+05
5.509443074444542872e+05
5.490370948695935076e+05
5.473688485360901104e+05
5.459702237936578458e+05
5.448379052126366878e+05
5.439334921480484772e+05
5.431880062717527617e+05
5.425118548702301923e+05
5.418087407548499759e+05
5.409908930924825836e+05
5.399925346066792263e+05
5.387788914405006217e+05
5.373491606297144899e+05
5.357332964696724666e+05
5.339838139764238149e+05
5.321647016859943978e+05
5.303398573266060557e+05
5.285632585024965229e+05
5.268724962155972607e+05
5.252864795425557531e+05
5.238071962080484373e+05
5.224245263895770186e+05
5.211224320352243958e+05
5.198845733295638347e+05
5.186976712682356592e+05
5.175517275818234193e+05
5.164373291460081819e+05
5.153413561506428523e+05
5.142431047070611967e+05
5.131128589819615590e+05
5.119142536148083746e+05
5.106105445582722896e+05
5.091735332406109665e+05
5.075928127929151524e+05
5.058825994586807792e+05
5.040838466564357514e+05
5.022605075097653316e+05
5.004903544474458322e+05
4.988521904351635021e+05
4.974121559796321089e+05
4.962119290881016641e+05
4.952610020470322925e+05
4.945341975273327553e+05
4.939745237882007496e+05
4.935006324012793484e+05
4.930176164620057098e+05
4.924296067930718418e+05
4.916524819630551501e+05
4.906249633152841125e+05
4.893164731511107530e+05
4.877304912276940886e+05
4.859028027216008049e+05
4.838949253607159480e+05
4.817839496725933277e+05
4.796507735189247760e+05
4.775690271521717659e+05
4.755967319496801356e+05
4.737719317021123716e+05
4.721123705754325492e+05
4.706181043738326989e+05
4.692751204720787937e+05
4.680579298319926020e+05
4.669297838676066021e+05
4.658404577709003934e+05
4.647229645557174226e+05
4.634915588423556765e+05
4.620435282180032809e+05
4.602664411652340204e+05
4.580509748734922614e+05
4.553076880242618499e+05
4.519846874465337023e+05
4.480824719392414554e+05
4.436624761674319743e+05
4.388468859914739733e+05
4.338088858227294404e+05
4.287542869755749707e+05
4.238971330738007673e+05
4.194330875476963120e+05
4.155149517465942190e+05
4.122344104955935618e+05
4.096130579540802864e+05
4.076040831495058374e+05
4.061040102892934810e+05
4.049720164771813434e+05
4.040530170280694147e+05
4.032002309513430810e+05
4.022934177942641545e+05
4.012502586581724463e+05
4.000300687867917586e+05
3.986306995586745907e+05
3.970806774794599623e+05
3.954290779406080255e+05
3.937353392739228439e+05
3.920604301329479204e+05
3.904598751575009665e+05
3.889784882132697967e+05
3.876464585411023581e+05
3.864766383886840194e+05
3.854632445222333772e+05
3.845824030959799420e+05
3.837948381775037269e+05
3.830505419930035132e+05
3.822946808638655930e+05
3.814735731556847459e+05
3.805395366359453765e+05
3.794537795329884393e+05
3.781871635328203556e+05
3.767193620973907528e+05
3.750374403158215573e+05
3.731350306473444216e+05
3.710130086171828443e+05
3.686819270111633232e+05
3.661656052195673692e+05
3.635044625268691452e+05
3.607567592451805831e+05
3.579961350348316482e+05
3.553047667939583771e+05
3.527628666637002025e+05
3.504366117414621986e+05
3.483673949173119618e+05
3.465651630461488385e+05
3.450075848430735059e+05
3.436452439647297724e+05
3.424115328389651258e+05
3.412349036927033449e+05
3.400508363412028993e+05
3.388112516644466086e+05
3.374899052274076384e+05
3.360832726397520164e+05
3.346073754626700538e+05
3.330917445474296692e+05
3.315721608742960962e+05
3.300838625587409479e+05
3.286565354949800530e+05
3.273117068811586360e+05
3.260623572197023313e+05
3.249139417242981144e+05
3.238657918942372198e+05
3.229121076782344608e+05
3.220423018613052554e+05
3.212410374757932150e+05
3.204886231607572990e+05
3.197623511645810795e+05
3.190389272093002801e+05
3.182975674250049633e+05
3.175229033669346827e+05
3.167067533128370414e+05
3.158481385324210860e+05
3.149515202785133733e+05
3.140238607640747214e+05
3.130715126742857974e+05
3.120979590044025099e+05
3.111030622311435291e+05
3.100838964843201684e+05
3.090366672056457028e+05
3.079588882585344836e+05
3.068509981955323601e+05
3.057169222887912765e+05
3.045635695789441816e+05
3.033996867335911375e+05
3.022346997389145545e+05
3.010780906596816494e+05
2.999395362105666427e+05
2.988296278872685507e+05
2.977606732799331658e+05
2.967469667793573462e+05
2.958040425891859340e+05
2.949467225883463398e+05
2.941861397008786444e+05
2.935262520791719435e+05
2.929605944347571349e+05
2.924700995384880807e+05
2.920227390911704861e+05
2.915754645640428644e+05
2.910784921805943013e+05
2.904814460297223995e+05
2.897403837683062884e+05
2.888244374885033467e+05
2.877208202938258764e+05
2.864372847874163417e+05
2.850016639771968476e+05
2.834586993587181787e+05
2.818647991239284165e+05
2.802815883388324291e+05
2.787691310885744751e+05
2.773796043998154928e+05
2.761520663404008956e+05
2.751088175930845900e+05
2.742536862029783661e+05
2.735723349099062034e+05
2.730344009220745065e+05
2.725969888654412352e+05
2.722088461763261002e+05
2.718145393526220578e+05
2.713581372612831765e+05
2.707862282092007226e+05
2.700504242844478576e+05
2.691097051651255460e+05
2.679329372254415066e+05
2.665016678666162188e+05
2.648129220315931016e+05
2.628813632428515702e+05
2.607399886149166268e+05
2.584386304886587895e+05
2.560399660459453298e+05
2.536133912609235849e+05
2.512277815664769441e+05
2.489445779715803219e+05
2.468126084637267049e+05
2.448655510380017804e+05
2.431221374406224932e+05
2.415883934112534625e+05
2.402607195777021698e+05
2.391286041653495922e+05
2.381761816279459745e+05
2.373824953344898822e+05
2.367209166757632047e+05
2.361585150473084941e+05
2.356561966809701116e+05
2.351701930062351166e+05
2.346551001128881180e+05
2.340682652710757684e+05
2.333749638725649274e+05
2.325535570774134831e+05
2.315996968297968560e+05
2.305286731849283096e+05
2.293751899912621011e+05
2.281901995103570225e+05
2.270348905908820743e+05
2.259724513923745253e+05
2.250587376618855924e+05
2.243333708902143990e+05
2.238129512785291590e+05
2.234878908317941532e+05
2.233237998109715409e+05
2.232674516859120340e+05
2.232562996159598697e+05
2.232296163883446425e+05
2.231388799633359886e+05
2.229552056861491583e+05
2.226723944438537001e+05
2.223052663685628504e+05
2.218840113062428427e+05
2.214459868728799047e+05
2.210265901928659878e+05
2.206505955299422785e+05
2.203249080387619324e+05
2.200332725172669743e+05
2.197332431701814639e+05
2.193556839897018508e+05
2.188071452807110909e+05
2.179755180411565525e+05
2.167392681679553934e+05
2.149801857103214716e+05
2.125989008843032934e+05
2.095314851274892862e+05
2.057645030709484708e+05
2.013452880953613494e+05
1.963843838621869800e+05
1.910482553509693535e+05
1.855423971272876952e+05
1.800873266629230347e+05
1.748918797046323307e+05
1.701290251006515173e+05
1.659187695323824300e+05
1.623208386904114741e+05
1.593373498679511831e+05
1.569234393903786549e+05
1.550024181196170102e+05
1.534817599422397616e+05
1.522669352094042697e+05
1.512713663554836821e+05
1.504221214148144936e+05
1.496619910128899210e+05
1.489491230887552374e+05
1.482554170238882944e+05
1.475645480408699950e+05
1.468700184950469411e+05
1.461732268210491166e+05
1.454813508501009201e+05
1.448048944354029372e+05
1.441549697078021709e+05
1.435406397989249672e+05
1.429667880209737632e+05
1.424329327226329187e+05
1.419331873820495384e+05
1.414572635531537235e+05
1.409921501747719594e+05
1.405239748971420340e+05
1.400396024172078760e+05
1.395277231345376058e+05
1.389794469527490437e+05
1.383886289779592771e+05
1.377522199441640987e+05
1.370708190465920488e+05
1.363493614258843591e+05
1.355976209959458211e+05
1.348300936919036903e+05
1.340649313383121043e+05
1.333218965808191570e+05
1.326196732232131762e+05
1.319731225932131056e+05
1.313911060802059947e+05
1.308752932567084063e+05
1.304200533997613093e+05
1.300132424521321373e+05
1.296375647885004146e+05
1.292722310435382533e+05
1.288947776108104299e+05
1.284830463247809821e+05
1.280173542891215184e+05
1.274827907830588229e+05
1.268714081598269986e+05
1.261839154768048465e+05
1.254304252402651618e+05
1.246298959069507546e+05
1.238081496131284803e+05
1.229946636008779460e+05
1.222186362535360822e+05
1.215050144635972101e+05
1.208711760403540684e+05
1.203247918138760870e+05
1.198631146565171948e+05
1.194736583727713878e+05
1.191360257014275267e+05
1.188245553468895960e+05
1.185114551078103832e+05
1.181701098507334100e+05
1.177782489609704353e+05
1.173206237114740070e+05
1.167908239634357888e+05
1.161919151710656151e+05
1.155357335774902458e+05
1.148409192949918215e+05
1.141300254271289159e+05
1.134262327550204936e+05
1.127502628328719438e+05
1.121180028181079542e+05
1.115391640105198603e+05
1.110170518223750114e+05
1.105492921610270714e+05
1.101291907920572849e+05
1.097473299936107360e+05
1.093930375267041672e+05
1.090554781663972099e+05
1.087242787680599140e+05
1.083897557273454877e+05
1.080429262902646733e+05
1.076755288625897811e+05
1.072802515780011890e+05
1.068512892117864540e+05
1.063852385242187593e+05
1.058822220313779981e+05
1.053470185622232093e+05
1.047898965963296650e+05
1.042268189497161948e+05
1.036787399379397975e+05
1.031698596291698486e+05
1.027249162732105906e+05
1.023658349416856072e+05
1.021082320027219685e+05
1.019583306068706443e+05
1.019107421038856992e+05
1.019473483335539786e+05
1.020372779163012601e+05
1.021378252992931084e+05
1.021961911782965180e+05
1.021521057411004876e+05
1.019416020518954901e+05
1.015022504249825579e+05
1.007799053874486999e+05
9.973645709858888586e+04
9.835739993132594100e+04
9.665753353331766266e+04
9.468308208433244727e+04
9.250907929155950842e+04
9.023190086687942676e+04
8.795800545839979895e+04
8.579087049012698117e+04
8.381848278979529277e+04
8.210348829556374403e+04
8.067737746850840631e+04
7.953917964155373920e+04
7.865835059683001600e+04
7.798102766551644891e+04
7.743859642714806250e+04
7.695745063877038774e+04
7.646880713883525459e+04
7.591740961386340496e+04
7.526797228559182258e+04
7.450839253482871572e+04
7.364919604012244963e+04
7.271936803822539514e+04
7.175954156632766535e+04
7.081423385365506692e+04
6.992520156320357637e+04
6.912784738637032569e+04
6.845190762514053495e+04
6.792648850579241116e+04
6.758814024997077649e+04
6.748939831573211995e+04
6.770444983210270584e+04
6.832862493362632813e+04
6.946945321406223229e+04
7.122901205799839227e+04
7.367986615170129517e+04
7.683940191604162101e+04
8.064898372579178249e+04
8.496437986468304007e+04
8.956199451826754375e+04
9.416187733674806077e+04
9.846417235835583415e+04
1.021919083068092150e+05
1.051310605854101304e+05
1.071593364383310836e+05
1.082580211003598961e+05
1.085055408846166538e+05
1.080557648853092978e+05
1.071071755978385481e+05
1.058701346285895270e+05
1.045385559651191288e+05
1.032700233877687569e+05
1.021756944569934567e+05
1.013190661239335604e+05
1.007213143675941392e+05
1.003705145214729564e+05
1.002323458133087552e+05
1.002605177775312040e+05
1.004058180542319897e+05
1.006231983006573864e+05
1.008766500107348693e+05
1.011418228629986988e+05
1.014064807769178587e+05
1.016690364305778785e+05
1.019355770361253235e+05
1.022159727358794917e+05
1.025197909797089524e+05
1.028527637571987143e+05
1.032144304122519388e+05
1.035973159671342146e+05
1.039876657121902535e+05
1.043674359951651568e+05
1.047170274680459115e+05
1.050181865498273401e+05
1.052565804010515567e+05
1.054237100278985599e+05
1.055179912567651481e+05
1.055449533624263277e+05
1.055165737121304555e+05
1.054498175570950261e+05
1.053645312232160795e+05
1.052809671122098953e+05
1.052173745848784165e+05
1.051882000576343125e+05
1.052034155017578159e+05
1.052692826682545856e+05
1.053904795696569927e+05
1.055730678409720713e+05
1.058274189813270204e+05
1.061700910819644341e+05
1.066238320988885098e+05
1.072153512060218782e+05
1.079711170686872647e+05
1.089120280583829153e+05
1.100481802084503724e+05
1.113750219718133740e+05
1.128719087346070592e+05
1.145035233906161593e+05
1.162239513555849553e+05
1.179825656623534596e+05
1.197304617784227448e+05
1.214261022013112524e+05
1.230391139247969550e+05
1.245517412559895311e+05
1.259581125593254110e+05
1.272620178096373857e+05
1.284741434482641635e+05
1.296096099145029875e+05
1.306862746206321754e+05
1.317237691864913213e+05
1.327428365948040446e+05
1.337643783005324076e+05
1.348077687080646574e+05
1.358883829881170823e+05
1.370147605445265945e+05
1.381862016689533775e+05
1.393917114226842532e+05
1.406109917015690880e+05
1.418176816738295311e+05
1.429844011032702110e+05
1.440885591635270393e+05
1.451175458024712279e+05
1.460719510883715411e+05
1.469658830400875013e+05
1.478241820037898433e+05
1.486771659622624866e+05
1.495542391156343801e+05
1.504780249964139075e+05
1.514605111297970579e+05
1.525020415404709056e+05
1.535930700630299107e+05
1.547177178496888082e+05
1.558576926421293756e+05
1.569952179039914627e+05
1.581142447332401352e+05
1.592001036582501838e+05
1.602385020641568117e+05
1.612150494066188694e+05
1.621161763858228805e+05
1.629315599215811235e+05
1.636573271660620812e+05
1.642987742981961055e+05
1.648713388352463662e+05
1.653991019085615699e+05
1.659109386726614030e+05
1.664352424531697179e+05
1.669946240612415131e+05
1.676019859403421578e+05
1.682589306872671586e+05
1.689567691875469172e+05
1.696796902002186398e+05
1.704091559081935557e+05
1.711284145722575486e+05
1.718261667547898833e+05
1.724987786354539858e+05
1.731508541435734660e+05
1.737943312271232135e+05
1.744465005362592055e+05
1.751274693988792133e+05
1.758576479662487691e+05
1.766558295290060341e+05
1.775383386865877546e+05
1.785194779924250324e+05
1.796131086950887693e+05
1.808347385913163016e+05
1.822031292784262332e+05
1.837403632776817831e+05
1.854696367693843495e+05
1.874107227055041876e+05
1.895738799210539437e+05
1.919536728444159089e+05
1.945244414870104811e+05
1.972388847002698749e+05
2.000304521741925855e+05
2.028192304967396485e+05
2.055201031305601355e+05
2.080514755316814990e+05
2.103429343394613243e+05
2.123407770557313343e+05
2.140111379533497384e+05
2.153411096947453625e+05
2.163385642858704960e+05
2.170312495371275872e+05
2.174653197916110803e+05
2.177030122774383635e+05
2.178189502049677540e+05
2.178946675430897740e+05
2.180113775479095348e+05
2.182415937120691815e+05
2.186407534023965127e+05
2.192403068115122151e+05
2.200437002282430476e+05
2.210262773566538235e+05
2.221394175016963854e+05
2.233183839806195174e+05
2.244925812717366207e+05
2.255964185232445016e+05
2.265788783936462714e+05
2.274102032081862853e+05
2.280847297204372881e+05
2.286196595336088503e+05
2.290502773935585574e+05
2.294227058972467785e+05
2.297856483280548709e+05
2.301826866226589773e+05
2.306465432117065357e+05
2.311962768069305166e+05
2.318377124859502073e+05
2.325666429376966844e+05
2.333736921627935662e+05
2.342494190820071090e+05
2.351883706402809476e+05
2.361913145308496023e+05
2.372655696019318711e+05
2.384239192658749816e+05
2.396828224963163084e+05
2.410604863150831952e+05
2.425749797560071747e+05
2.442422035116532352e+05
2.460734045647837047e+05
2.480721244825339236e+05
2.502309032101903867e+05
2.525285134186086070e+05
2.549287395042152493e+05
2.573815888046734617e+05
2.598273234683726914e+05
2.622029690461872378e+05
2.644502248895544326e+05
2.665232197028452647e+05
2.683944986748408410e+05
2.700580368640362285e+05
2.715288319493636372e+05
2.728395000599333434e+05
2.740349992271061055e+05
2.751669124016032438e+05
2.762885577096084598e+05
2.774516574640207109e+05
2.787046241057963343e+05
2.800919752630312578e+05
2.816541475461674854e+05
2.834270572904721485e+05
2.854410327986490447e+05
2.877190443624904146e+05
2.902743718698757584e+05
2.931079731695230003e+05
2.962059241205748403e+05
2.995374511551446631e+05
3.030542323452881537e+05
3.066916740816137171e+05
3.103726441485849791e+05
3.140136345544348587e+05
3.175326786960602039e+05
3.208578064474900020e+05
3.239346120391062577e+05
3.267317053367440822e+05
3.292433010831248248e+05
3.314887472759145894e+05
3.335092084561093943e+05
3.353619454771324527e+05
3.371127562925696839e+05
3.388272966169278370e+05
3.405622437047213316e+05
3.423575198152409866e+05
3.442308741309597972e+05
3.461758740852993797e+05
3.481637605856956798e+05
3.501488357945244643e+05
3.520763426117778872e+05
3.538913955820008414e+05
3.555475163083421648e+05
3.570136171968916897e+05
3.582786709908033372e+05
3.593536370064941584e+05
3.602704517325318302e+05
3.610781195446111960e+05
3.618362764209651505e+05
3.626070726190666319e+05
3.634467051046144334e+05
3.643981982080603484e+05
3.654868773555271910e+05
3.667193600400208379e+05
3.680859676421620534e+05
3.695655605801230995e+05
3.711312448646705016e+05
3.727553766268380568e+05
3.744127707861553645e+05
3.760817799327753601e+05
3.777436504802466952e+05
3.793810376853228081e+05
3.809766604274472920e+05
3.825128434313564794e+05
3.839722722128282767e+05
3.853398416605770472e+05
3.866051417004929390e+05
3.877649566011223360e+05
3.888251621952550486e+05
3.898015524854062242e+05
3.907193588331472129e+05
3.916114793150784681e+05
3.925156544581401395e+05
3.934709661171768676e+05
3.945140849181490485e+05
3.956756668991468032e+05
3.969772406968376599e+05
3.984288684546324657e+05
4.000278168097849120e+05
4.017584193103281432e+05
4.035932173966998816e+05
4.054953206681300071e+05
4.074217527138909209e+05
4.093274002040255582e+05
4.111691123414197937e+05
4.129095217172182165e+05
4.145202464417299489e+05
4.159842338666081778e+05
4.172970815532341949e+05
4.184672280226068106e+05
4.195149845743742189e+05
4.204705124870481086e+05
4.213710198532865616e+05
4.222575863900480908e+05
4.231720371324288426e+05
4.241541438466189429e+05
4.252391963061853312e+05
4.264557872386857052e+05
4.278236242332729744e+05
4.293513589040739462e+05
4.310347207763056504e+05
4.328554881963528460e+05
4.347818627600438194e+05
4.367705883049594122e+05
4.387707602840713225e+05
4.407288797156482469e+05
4.425944708587706555e+05
4.443255511503996095e+05
4.458933469152894686e+05
4.472857690375609673e+05
4.485092237102977815e+05
4.495883624862741563e+05
4.505634857383081107e+05
4.514856155523838243e+05
4.524097589938346064e+05
4.533874537959590671e+05
4.544600811579590081e+05
4.556544066162219970e+05
4.569812727629837464e+05
4.584374432136078249e+05
4.600096148229683167e+05
4.616789780495107407e+05
4.634247047423758777e+05
4.652254026475104038e+05
4.670586167521123425e+05
4.688994110002182424e+05
4.707194954710091115e+05
4.724880894543054746e+05
4.741748866369028692e+05
4.757545234913324239e+05
4.772112867957987473e+05
4.785426808054688154e+05
4.797608684648667113e+05
4.808916452293845941e+05
4.819712021268785466e+05
4.830413176920050755e+05
4.841437917382490123e+05
4.853149953104998567e+05
4.865814210820950684e+05
4.879570318169917446e+05
4.894429173170396825e+05
4.910292416913088528e+05
4.926988108052578755e+05
4.944310745039610774e+05
4.962052685154506471e+05
4.980018070814397070e+05
4.998018216820831876e+05
5.015855701471769717e+05
5.033309497592838015e+05
5.050133233605201240e+05
5.066073388331645983e+05
5.080906291291309753e+05
5.094485429909133818e+05
5.106786346013139701e+05
5.117936430716736359e+05
5.128220712629733607e+05
5.138060708352198708e+05
5.147969610441294499e+05
5.158491808347461629e+05
5.170136935219502193e+05
5.183318187104031094e+05
5.198302331609380199e+05
5.215175888396064402e+05
5.233829601544075413e+05
5.253962025921500754e+05
5.275102431031021988e+05
5.296652394150793552e+05
5.317943727042272221e+05
5.338307849245759426e+05
5.357149244774112012e+05
5.374014257834914606e+05
5.388646707044584909e+05
5.401023331438861787e+05
5.411364199857207714e+05
5.420115455066637369e+05
5.427904317641848465e+05
5.435469689819082851e+05
5.443576078943015309e+05
5.452922925757544581e+05
5.464063872128581861e+05
5.477349228156936588e+05
5.492899471637544921e+05
5.510609651246700669e+05
5.530177223547203466e+05
5.551142303849564632e+05
5.572931019068004098e+05
5.594898441867216025e+05
5.616374068845547736e+05
5.636716022782998625e+05
5.655377656644410454e+05
5.671982511311704293e+05
5.686394103385829367e+05
5.698760733809603844e+05
5.709516424127988284e+05
5.719328173122669104e+05
5.728994187666811049e+05
5.739312160467009526e+05
5.750945497723676963e+05
5.764315544202757301e+05
5.779539965241574682e+05
5.796425294464613544e+05
5.814509993959424319e+05
5.833146571688668337e+05
5.851608081321299542e+05
5.869204159148421604e+05
5.885392423497991404e+05
5.899871332116001286e+05
5.912640874873526627e+05
5.924019297625337495e+05
5.934608793318493990e+05
5.945210914442421636e+05
5.956701978987725452e+05
5.969887579057859257e+05
5.985361013268554816e+05
6.003391372266266262e+05
6.023862617297829129e+05
6.046276021614475176e+05
6.069816521245613694e+05
6.093471277955669211e+05
6.116178808015480172e+05
6.136981777548606042e+05
6.155157379848817363e+05
6.170305830654870952e+05
6.182387904714061879e+05
6.191713326996052638e+05
6.198889915593781043e+05
6.204746656848556595e+05
6.210242575603782898e+05
6.216369594837898621e+05
6.224054639355023392e+05
6.234066190960977692e+05
6.246933269343243446e+05
6.262888001896517817e+05
6.281843213703508954e+05
6.303411641983633162e+05
6.326964107087333687e+05
6.351713832766931737e+05
6.376807916626131628e+05
6.401408092042632634e+05
6.424751206472759368e+05
6.446191209022547118e+05
6.465232865230628522e+05
6.481568100609953981e+05
6.495118026942721335e+05
6.506071318189724116e+05
6.514899650386335561e+05
6.522329814577625366e+05
6.529262227712756721e+05
6.536643676746338606e+05
6.545320652358160587e+05
6.555910119762624381e+05
6.568721775363438064e+05
6.583750247416205239e+05
6.600733417240288109e+05
6.619252974764190149e+05
6.638843148347885581e+05
6.659076357506586937e+05
6.679607787189322989e+05
6.700178015846651979e+05
6.720586628185824957e+05
6.740655657783739734e+05
6.760199500471983338e+05
6.779010977857984835e+05
6.796866006713751704e+05
6.813544812150113285e+05
6.828865940548180370e+05
6.842728467416220810e+05
6.855155677509674570e+05
6.866329965948361205e+05
6.876606031985369045e+05
6.886490873688969295e+05
6.896586457762374775e+05
6.907502762336367741e+05
6.919760523094478995e+05
6.933708841800461523e+05
6.949479374327814439e+05
6.966986933933962137e+05
6.985970995512965601e+05
7.006060413619542960e+05
7.026839600715894485e+05
7.047899263352359412e+05
7.068865140556661645e+05
7.089408486865430605e+05
7.109247652722125640e+05
7.128149521200021263e+05
7.145934671063867863e+05
7.162484735336434096e+05
7.177747834595498862e+05
7.191739281353281112e+05
7.204538512718261918e+05
7.216286484615828376e+05
7.227187948668238241e+05
7.237519365741623333e+05
7.247637267558866879e+05
7.257976888584977714e+05
7.269030159013317898e+05
7.281297301572925644e+05
7.295216136747966520e+05
7.311083942442993866e+05
7.328993375700834440e+05
7.348802809977541910e+05
7.370152018856762443e+05
7.392519877452111105e+05
7.415307588029487524e+05
7.437924474334671395e+05
7.459856091026995564e+05
7.480704321262607118e+05
7.500201013476266526e+05
7.518204762573303888e+05
7.534691424372426700e+05
7.549743706964193843e+05
7.563537919870765181e+05
7.576321743762389524e+05
7.588378745407523820e+05
7.599982636960882228e+05
7.611352962087817723e+05
7.622628783873352222e+05
