6.807278967807383742e+05
6.784613489475965034e+05
6.761947663060687482e+05
6.739816351582609350e+05
6.718733384501826949e+05
6.699170022122152150e+05
6.681532505563137820e+05
6.666133714128549909e+05
6.653158777665471425e+05
6.642629484552602516e+05
6.634375224431460956e+05
6.628018214092269773e+05
6.622978663189901272e+05
6.618502871345455060e+05
6.613715066450769082e+05
6.607691931925081881e+05
6.599556097121288767e+05
6.588580412743417546e+05
6.574289046561735449e+05
6.556536597145152045e+05
6.535545772885163315e+05
6.511890062095631147e+05
6.486419900603153510e+05
6.460145587051126640e+05
6.434102076387312263e+05
6.409224811774832197e+05
6.386260039157739375e+05
6.365719949259286514e+05
6.347878168845926411e+05
6.332790837830294622e+05
6.320326553954344708e+05
6.310194348723776639e+05
6.301968226947993971e+05
6.295113921131653478e+05
6.289024432227611542e+05
6.283065620046154363e+05
6.276625359060972696e+05
6.269154917169238906e+05
6.260192938925402705e+05
6.249370508948880015e+05
6.236406060786492890e+05
6.221105459368646843e+05
6.203381028596159304e+05
6.183293293342498364e+05
6.161104913124050945e+05
6.137324414568357170e+05
6.112713898164051352e+05
6.088242307839342393e+05
6.064981743039434077e+05
6.043962602058701450e+05
6.026017042451238958e+05
6.011644380749443080e+05
6.000925755075949710e+05
5.993501931910264539e+05
5.988613239141082158e+05
5.985189587979468051e+05
5.981974007758074440e+05
5.977664071904951707e+05
5.971058541567525826e+05
5.961197875428519910e+05
5.947485536935824202e+05
5.929773958184765652e+05
5.908398274740076158e+05
5.884145760796513641e+05
5.858159761810478522e+05
5.831790890167689649e+05
5.806420269502114970e+05
5.783285135629820870e+05
5.763334376268362394e+05
5.747132360465164529e+05
5.734817722407905385e+05
5.726113764879071387e+05
5.720381172218789579e+05
5.716701711257040733e+05
5.713981883014058694e+05
5.711066229692428606e+05
5.706850314208054915e+05
5.700383566018055426e+05
5.690953106867552269e+05
5.678141935025907587e+05
5.661858238159694010e+05
5.642336150812690612e+05
5.620110805920953862e+05
5.595971375111814123e+05
5.570895190383841982e+05
5.545965090454380261e+05
5.522272268871958368e+05
5.500809100888021057e+05
5.482360564911740366e+05
5.467407526857388439e+05
5.456058065712865209e+05
5.448022084556157934e+05
5.442638785761663457e+05
5.438957110119153513e+05
5.435858453170255525e+05
5.432202028256105259e+05
5.426968728646885138e+05
5.419380366542778211e+05
5.408977145427168580e+05
5.395645269329032162e+05
5.379596275832902174e+05
5.361307749987412244e+05
5.341439971924026031e+05
5.320744149105248507e+05
5.299975546168481233e+05
5.279820251681610243e+05
5.260839193267959636e+05
5.243428955699197249e+05
5.227796980314003304e+05
5.213948884086659527e+05
5.201687102511363919e+05
5.190621582439892809e+05
5.180193799469744554e+05
5.169714623686990235e+05
5.158414960850494099e+05
5.145506515364859952e+05
5.130249120476834942e+05
5.112020846519226325e+05
5.090386818965733983e+05
5.065161479491959908e+05
5.036456685838612029e+05
5.004705570850481745e+05
4.970651486213327735e+05
4.935294618414977449e+05
4.899796517212484614e+05
4.865353071328352089e+05
4.833055792819303460e+05
4.803765802296368056e+05
4.778022575354749570e+05
4.756001135150228511e+05
4.737520219423537492e+05
4.722093991303126677e+05
4.709013868909368757e+05
4.697445576661978266e+05
4.686528275687335408e+05
4.675465683844495215e+05
4.663602032990324078e+05
4.650478037856128067e+05
4.635863882792952354e+05
4.619767793356407783e+05
4.602420176238795975e+05
4.584234746731641935e+05
4.565749841975248419e+05
4.547555527738136007e+05
4.530214953468041494e+05
4.514190765883416170e+05
4.499787900338705513e+05
4.487121758883400471e+05
4.476115837201176328e+05
4.466526752730901353e+05
4.457989431379311718e+05
4.450072522103013471e+05
4.442334257558979443e+05
4.434371073054258013e+05
4.425853988262960920e+05
4.416550148746797931e+05
4.406328961423592991e+05
4.395154378405172029e+05
4.383067271581511013e+05
4.370163916282938444e+05
4.356577206458586734e+05
4.342465422292872681e+05
4.328009324874280719e+05
4.313413589689844521e+05
4.298905393595030764e+05
4.284723170723911608e+05
4.271092445847294875e+05
4.258191693248876836e+05
4.246116664194083423e+05
4.234854057936459430e+05
4.224273654330918798e+05
4.214142834609926213e+05
4.204160975271207280e+05
4.194006037916606292e+05
4.183383532441675779e+05
4.172069187882936094e+05
4.159940008132251678e+05
4.146992044619880617e+05
4.133345461019013892e+05
4.119237516323109739e+05
4.105002496118481504e+05
4.091036043176502571e+05
4.077741796342669986e+05
4.065462020015043090e+05
4.054400582559893373e+05
4.044553846276783152e+05
4.035669170418200083e+05
4.027248592055214103e+05
4.018605784301110543e+05
4.008969712423199089e+05
3.997613374053814332e+05
3.983976385381893488e+05
3.967750163350481889e+05
3.948904752174327732e+05
3.927653671536579495e+05
3.904371505703720031e+05
3.879491938727608649e+05
3.853417327339124167e+05
3.826464093366322340e+05
3.798854262558425544e+05
3.770747668042457080e+05
3.742297073004230042e+05
3.713703310562900733e+05
3.685250203273260850e+05
3.657307571071037673e+05
3.630301605141132022e+05
3.604661739937985549e+05
3.580759390343619161e+05
3.558855476703458698e+05
3.539070722370335716e+05
3.521386249684409704e+05
3.505673449501341674e+05
3.491743258109474555e+05
3.479398008807110600e+05
3.468466214691790519e+05
3.458803732796471450e+05
3.450254088230323396e+05
3.442574537938704016e+05
3.435348886894207681e+05
3.427918150359631400e+05
3.419361418374552159e+05
3.408549606690197252e+05
3.394275673354712781e+05
3.375441537055589142e+05
3.351261862896624370e+05
3.321435362914686557e+05
3.286239477547774441e+05
3.246523363187825307e+05
3.203600952618925949e+05
3.159071401514945901e+05
3.114609988605987746e+05
3.071774050724041881e+05
3.031857058396592038e+05
2.995805442051182035e+05
2.964194884998901980e+05
2.937251291149517056e+05
2.914898344173018122e+05
2.896816541618782794e+05
2.882504042260756250e+05
2.871334404873276362e+05
2.862609057717716787e+05
2.855603621681446675e+05
2.849608089194104541e+05
2.843961825410532183e+05
2.838084995165594155e+05
2.831507574625639245e+05
2.823895326103527914e+05
2.815069665939980187e+05
2.805016542352276738e+05
2.793879461767451139e+05
2.781934080040405970e+05
2.769545736745782779e+05
2.757115667925216840e+05
2.745024916332716239e+05
2.733586031911824248e+05
2.723011050382284448e+05
2.713400286424311926e+05
2.704751251699130516e+05
2.696982049452078645e+05
2.689960451931767748e+05
2.683529529691828066e+05
2.677523211979059270e+05
2.671769563168928144e+05
2.666084313160585589e+05
2.660260767516574124e+05
2.654063707660833606e+05
2.647234090220983489e+05
2.639508654558860580e+05
2.630654579763899092e+05
2.620514788389134919e+05
2.609055183514902310e+05
2.596402089445248712e+05
2.582857675128963310e+05
2.568884121871504758e+05
2.555053763496811735e+05
2.541971013955800445e+05
2.530180054816346674e+05
2.520077136556650221e+05
2.511846033388760407e+05
2.505429619704662764e+05
2.500541617237536411e+05
2.496713370583473588e+05
2.493363947465882520e+05
2.489879464040751336e+05
2.485689003671561077e+05
2.480328138895644515e+05
2.473484861030191532e+05
2.465025389590312261e+05
2.454998828739308810e+05
2.443620844792537391e+05
2.431238415393947798e+05
2.418280443668438238e+05
2.405201806926331483e+05
2.392429836745059583e+05
2.380321286195676075e+05
2.369134619168347563e+05
2.359018224429563852e+05
2.350011690436154022e+05
2.342055862290026271e+05
2.335008132752866659e+05
2.328661224157434190e+05
2.322765088000470714e+05
2.317051489816572575e+05
2.311259468876272440e+05
2.305158260181600053e+05
2.298563793006365013e+05
2.291346274973103427e+05
2.283429264272022410e+05
2.274783703387569112e+05
2.265422055434455688e+05
2.255396946490975970e+05
2.244805690107382252e+05
2.233797981950121175e+05
2.222580720508190279e+05
2.211412950416997483e+05
2.200586040484842379e+05
2.190388843722503807e+05
2.181063104085111700e+05
2.172758693883671076e+05
2.165499712516983855e+05
2.159170470932046010e+05
2.153525648624950263e+05
2.148223098870198301e+05
2.142872748202053481e+05
2.137092114142444334e+05
2.130558577403580712e+05
2.123050302206234483e+05
2.114470765516348474e+05
2.104855326896433253e+05
2.094361372775212512e+05
2.083245716440158430e+05
2.071833770663132600e+05
2.060484521149462380e+05
2.049553966078834492e+05
2.039358306817887933e+05
2.030137708561577601e+05
2.022022399142583890e+05
2.015004928384232044e+05
2.008924466306513932e+05
2.003469672533126432e+05
1.998204941738533671e+05
1.992620720319115499e+05
1.986203144642906846e+05
1.978513119191911828e+05
1.969261686685495952e+05
1.958368030569854600e+05
1.945988725085729966e+05
1.932511270355023735e+05
1.918510576426822518e+05
1.904672959590170940e+05
1.891697602616988006e+05
1.880189642881561595e+05
1.870561457337224856e+05
1.862958695923807390e+05
1.857224704465409741e+05
1.852911121309916780e+05
1.849334303424140671e+05
1.845668387620657741e+05
1.841058425154450233e+05
1.834733342205974623e+05
1.826099766507991299e+05
1.814803689369953645e+05
1.800755468082663137e+05
1.784121818215830717e+05
1.765293520472163800e+05
1.744838410304331919e+05
1.723446648593772843e+05
1.701871551357197168e+05
1.680866846088349703e+05
1.661121505565833359e+05
1.643195971932827379e+05
1.627466923387116985e+05
1.614089658671041543e+05
1.602986273616517428e+05
1.593863965913405409e+05
1.586262125012755278e+05
1.579621057696435309e+05
1.573360894415453658e+05
1.566957471226629568e+05
1.560003096935173671e+05
1.552243715446830611e+05
1.543589140829347598e+05
1.534098518737218692e+05
1.523947631207121885e+05
1.513387082226873899e+05
1.502700366268336365e+05
1.492168666497528029e+05
1.482045874706277100e+05
1.472543894787709578e+05
1.463825712726787897e+05
1.456002493248850806e+05
1.449131170545523055e+05
1.443210387706741749e+05
1.438174727723486722e+05
1.433889319917722023e+05
1.430148382317963988e+05
1.426681493200336990e+05
1.423170184407755150e+05
1.419275148678671103e+05
1.414671689182909613e+05
1.409088816182221344e+05
1.402346144209973281e+05
1.394382589960576443e+05
1.385271670085241785e+05
1.375219770158063911e+05
1.364546009456215834e+05
1.353645154882935167e+05
1.342938107475275756e+05
1.332817138199158944e+05
1.323594475168736535e+05
1.315462456696505833e+05
1.308471250396779942e+05
1.302526730660539033e+05
1.297407518070921215e+05
1.292797353468861256e+05
1.288327391136021761e+05
1.283622576661474013e+05
1.278346589510847989e+05
1.272240425220095203e+05
1.265150378556787327e+05
1.257042103395999875e+05
1.247998854590655537e+05
1.238204106709205662e+05
1.227911268967305805e+05
1.217405566177538276e+05
1.206964572596263024e+05
1.196823826044817397e+05
1.187152384529160336e+05
1.178040651142373536e+05
1.169500144221431692e+05
1.161472916997667489e+05
1.153847425671330566e+05
1.146477714124623308e+05
1.139203413841386791e+05
1.131868789279666235e+05
1.124339595343312103e+05
1.116516776358600910e+05
1.108346101146522997e+05
1.099822839827413845e+05
1.090990706084788690e+05
1.081934666790388874e+05
1.072767955107122980e+05
1.063614670154216874e+05
1.054590460901731276e+05
1.045784558934956294e+05
1.037246413726188330e+05
1.028979174520838860e+05
1.020940426296689984e+05
1.013048514059141889e+05
1.005191310285084182e+05
9.972341202833122225e+04
9.890248239773009846e+04
9.803968568759769551e+04
9.711731454837409547e+04
9.611753293926124752e+04
9.502416221261239843e+04
9.382535087721522723e+04
9.251672357996097708e+04
9.110424829709086043e+04
8.960593991986679612e+04
8.805171336888941005e+04
8.648115958349587163e+04
8.493957922780519584e+04
8.347306372796367214e+04
8.212359833807921677e+04
8.092502673383918591e+04
7.990033930046836031e+04
7.906029576632380486e+04
7.840305091586821072e+04
7.791434370079623477e+04
7.756795251168058894e+04
7.732642203202025848e+04
7.714237246700060496e+04
7.696085129885954666e+04
7.672308576858890592e+04
7.637164888862034422e+04
7.585657423476457188e+04
7.514151982247906562e+04
7.420886124891781947e+04
7.306269108330752351e+04
7.172910501258936711e+04
7.025374431189095776e+04
6.869715241110633360e+04
6.712891089211023063e+04
6.562164119985120487e+04
6.424579381053246470e+04
6.306579086897104571e+04
6.213767740873958246e+04
6.150808707648951531e+04
6.121409967961278744e+04
6.128346129811154242e+04
6.173463027466483618e+04
6.257619575989864097e+04
6.380540979143074946e+04
6.540590296312251303e+04
6.734509526375192218e+04
6.957226013949698245e+04
7.201846730212782859e+04
7.459952668578164594e+04
7.722248661870410433e+04
7.979528776708300575e+04
8.223811363075528061e+04
8.449418357949123310e+04
8.653753124299300543e+04
8.837582860961077677e+04
9.004741984864612459e+04
9.161307018392266764e+04
9.314409623326282599e+04
9.470920576547783276e+04
9.636242639691953082e+04
9.813404845986928558e+04
1.000257772453183861e+05
1.020105159421015123e+05
1.040365260814780486e+05
1.060351753692776838e+05
1.079310656959490298e+05
1.096530311465629929e+05
1.111443495804702688e+05
1.123705947611861629e+05
1.133239172236290906e+05
1.140231530617914832e+05
1.145099047494562546e+05
1.148414489689315815e+05
1.150818441508731194e+05
1.152928369903064158e+05
1.155260849017645814e+05
1.158178685166073119e+05
1.161869491095169069e+05
1.166356255177496496e+05
1.171534600854520395e+05
1.177226702346114325e+05
1.183239132992758241e+05
1.189411951072599331e+05
1.195649226254081295e+05
1.201926382472312107e+05
1.208275862801539624e+05
1.214758014036177337e+05
1.221427230619007460e+05
1.228303497793532151e+05
1.235356734758622915e+05
1.242506843931524199e+05
1.249637655013241456e+05
1.256619441955358343e+05
1.263333260937670420e+05
1.269691113496661128e+05
1.275648275048304495e+05
1.281207003337935457e+05
1.286413176109899650e+05
1.291348491096441721e+05
1.296120607956936437e+05
1.300852548636080755e+05
1.305671633182535443e+05
1.310697881127326691e+05
1.316032283672580379e+05
1.321746195520695182e+05
1.327873597280232643e+05
1.334407665109181544e+05
1.341302039489414019e+05
1.348475993764976738e+05
1.355822043600814068e+05
1.363214724943076144e+05
1.370520054837053467e+05
1.377605959542444616e+05
1.384354138841544918e+05
1.390673265649337263e+05
1.396512390193474712e+05
1.401872458910715068e+05
1.406813416205844842e+05
1.411454599890235695e+05
1.415966976612897706e+05
1.420556990800815693e+05
1.425443233023452922e+05
1.430828603664270195e+05
1.436871927321809926e+05
1.443663729037507437e+05
1.451210754744710866e+05
1.459432600395994086e+05
1.468171628554479976e+05
1.477214678548395750e+05
1.486322610780854302e+05
1.495262125078256649e+05
1.503833958692009328e+05
1.511892558935223497e+05
1.519354396146775398e+05
1.526194792297465901e+05
1.532435919524304336e+05
1.538130813989675953e+05
1.543349185043240141e+05
1.548169982076301530e+05
1.552683060375338246e+05
1.556998471273904142e+05
1.561258132275458775e+05
1.565642417905670300e+05
1.570364716260683781e+05
1.575650449871786695e+05
1.581702498259781569e+05
1.588660476374297577e+05
1.596564779162391205e+05
1.605336212611660012e+05
1.614778230232567876e+05
1.624602559346088383e+05
1.634472550282336888e+05
1.644054144354533637e+05
1.653063263217402273e+05
1.661300632617552474e+05
1.668669339992482273e+05
1.675175065039729816e+05
1.680912488420385052e+05
1.686043214545260707e+05
1.690770718596037477e+05
1.695316805856343999e+05
1.699902340634950669e+05
1.704732971184316266e+05
1.709988690768238448e+05
1.715814909295630932e+05
1.722312827772606106e+05
1.729528494283139880e+05
1.737442462119455158e+05
1.745964290600790409e+05
1.754936868904903240e+05
1.764153875932294177e+05
1.773389851723051106e+05
1.782437673395802849e+05
1.791144587105483224e+05
1.799436974527520069e+05
1.807326383705822809e+05
1.814894428465323872e+05
1.822260339276489976e+05
1.829540223859223479e+05
1.836809809476221562e+05
1.844081835764783609e+05
1.851305670153651736e+05
1.858391291171735793e+05
1.865254020443300542e+05
1.871871562323150283e+05
1.878341775522720418e+05
1.884928372052635823e+05
1.892082376357095491e+05
1.900429684905719478e+05
1.910719572360110760e+05
1.923735509626746934e+05
1.940177655393127643e+05
1.960534438557654503e+05
1.984966559047497285e+05
2.013228146022973815e+05
2.044645220406306325e+05
2.078161251676951360e+05
2.112445753478065017e+05
2.146048268731366261e+05
2.177570665951745468e+05
2.205828024567016400e+05
2.229972879434129864e+05
2.249567266448000446e+05
2.264598489716580661e+05
2.275444411515879619e+05
2.282800155145038443e+05
2.287580022892679262e+05
2.290807375402243342e+05
2.293503155755055486e+05
2.296582332053379214e+05
2.300767335190122249e+05
2.306527836225666106e+05
2.314055375106136780e+05
2.323278006558534398e+05
2.333913984333135304e+05
2.345555841904047120e+05
2.357769485068279901e+05
2.370189578652264026e+05
2.382593893461032130e+05
2.394944848576388613e+05
2.407394167637696664e+05
2.420253835582679894e+05
2.433941610830612481e+05
2.448911810559631267e+05
2.465582659550584503e+05
2.484271140940185287e+05
2.505145374246721913e+05
2.528202593546593271e+05
2.553276999454872857e+05
2.580075880312331719e+05
2.608235444410466007e+05
2.637381942217591568e+05
2.667181356734919827e+05
2.697363761036132928e+05
2.727716104623165447e+05
2.758047444592535030e+05
2.788140033354141051e+05
2.817704886933456291e+05
2.846359581264393055e+05
2.873639294624210452e+05
2.899041802195793134e+05
2.922096685102941701e+05
2.942441827715169056e+05
2.959888480737642967e+05
2.974459946657910477e+05
2.986396560455451836e+05
2.996128205091314740e+05
3.004222294318858767e+05
3.011318338916311041e+05
3.018059944450578187e+05
3.025032764414688572e+05
3.032714291589087225e+05
3.041439466699886834e+05
3.051384835706960293e+05
3.062572544159407844e+05
3.074893070427053026e+05
3.088142368813931243e+05
3.102066065613186802e+05
3.116401922666874016e+05
3.130912830901098787e+05
3.145405915452995105e+05
3.159737710739457980e+05
3.173809183510552975e+05
3.187556372057308909e+05
3.200942127471786807e+05
3.213952344890655950e+05
3.226597239338688669e+05
3.238915900371942553e+05
3.250981477503783535e+05
3.262905106553881196e+05
3.274838413400805439e+05
3.286975835290671675e+05
3.299557841854079743e+05
3.312874040697261225e+05
3.327262054992913036e+05
3.343095912385199335e+05
3.360758401419410948e+05
3.380596084083494497e+05
3.402862147701588692e+05
3.427658321855232934e+05
3.454889847757027601e+05
3.484245511806366267e+05
3.515208711739067803e+05
3.547097821032615029e+05
3.579127653257484199e+05
3.610480632766346098e+05
3.640376762429110822e+05
3.668134566744247568e+05
3.693219088744813344e+05
3.715276128395998385e+05
3.734153403425652068e+05
3.749909258052270743e+05
3.762808640612823656e+05
3.773305234219027916e+05
3.782008607637999812e+05
3.789636398725801264e+05
3.796953700465256697e+05
3.804704427900234587e+05
3.813541738544162363e+05
3.823965864769541658e+05
3.836277597061681445e+05
3.850554112072397256e+05
3.866651134322452708e+05
3.884231926552459481e+05
3.902819686467133579e+05
3.921866003158608801e+05
3.940824733393522911e+05
3.959218934614566388e+05
3.976689343233958934e+05
3.993016825867036823e+05
4.008117677033276414e+05
4.022017739290313330e+05
4.034816521833686274e+05
4.046653687106269645e+05
4.057686969488076284e+05
4.068084317538124742e+05
4.078026679125552764e+05
4.087714119514900958e+05
4.097368108876259066e+05
4.107226070163510158e+05
4.117528513838585932e+05
4.128502112194032525e+05
4.140342754105201457e+05
4.153201254384722561e+05
4.167172212665768457e+05
4.182284908169212285e+05
4.198494937336907024e+05
4.215676621548401890e+05
4.233618396951552713e+05
4.252025370470866328e+05
4.270533821772739175e+05
4.288740837234072969e+05
4.306248455181099707e+05
4.322716674040824873e+05
4.337915217017832911e+05
4.351761963848628802e+05
4.364337615073731286e+05
4.375871293445496121e+05
4.386698965702082496e+05
4.397203633485728642e+05
4.407751125148499850e+05
4.418636639959512977e+05
4.430054512073535589e+05
4.442097467192226322e+05
4.454783291328270570e+05
4.468098421678854502e+05
4.482042067080533598e+05
4.496653429126456031e+05
4.512009603427973343e+05
4.528191911229861435e+05
4.545230606304320390e+05
4.563047598549333052e+05
4.581419900641093845e+05
4.599981118054379476e+05
4.618266049381030607e+05
4.635788900622128858e+05
4.652134385971438605e+05
4.667037311348496005e+05
4.680431037256027921e+05
4.692455829469163436e+05
4.703429749608481652e+05
4.713792961575055961e+05
4.724039098715786822e+05
4.734645631997379242e+05
4.746011855226877378e+05
4.758410779977326747e+05
4.771960593098818208e+05
4.786620898491870612e+05
4.802216473248086986e+05
4.818485641410456738e+05
4.835142950258416240e+05
4.851939961386159412e+05
4.868707106729079387e+05
4.885365155735435546e+05
4.901905241923318245e+05
4.918347494180842768e+05
4.934695515960019547e+05
4.950904361954943743e+05
4.966873349107397953e+05
4.982464856107535306e+05
4.997540452716917498e+05
5.012000046934738639e+05
5.025810092198748025e+05
5.039012561448207707e+05
5.051714572986521525e+05
5.064065630221305182e+05
5.076232581721802708e+05
5.088380796988423681e+05
5.100665132408352802e+05
5.113228870908087702e+05
5.126205626891573775e+05
5.139719327593867783e+05
5.153879957358197425e+05
5.168775725143005257e+05
5.184463834509783192e+05
5.200961574014307698e+05
5.218237963524918887e+05
5.236205311593784718e+05
5.254710864080591127e+05
5.273531069812594214e+05
5.292373456992238062e+05
5.310891887702980312e+05
5.328718814912223024e+05
5.345513185696136206e+05
5.361016309712709626e+05
5.375102767386265332e+05
5.387811727285877569e+05
5.399347355330124265e+05
5.410045039225860965e+05
5.420310649781168904e+05
5.430549349716766737e+05
5.441104773559938185e+05
5.452226442895296495e+05
5.464073405674279202e+05
5.476748505899225129e+05
5.490345464707503561e+05
5.504985099725950276e+05
5.520820402983173262e+05
5.538002179617903894e+05
5.556613286437378265e+05
5.576593869775162311e+05
5.597686460747465026e+05
5.619425345825720578e+05
5.641180635211486369e+05
5.662249167773379013e+05
5.681968853907320881e+05
5.699826103945939103e+05
5.715529835582602536e+05
5.729038014258610783e+05
5.740538338508788729e+05
5.750397377609207761e+05
5.759097903866114793e+05
5.767181468059644103e+05
5.775204960733351763e+05
5.783710433045518585e+05
5.793201111487005837e+05
5.804115677594961599e+05
5.816797100617557298e+05
5.831458896807072451e+05
5.848157013099008473e+05
5.866776785149974748e+05
5.887040930050753523e+05
5.908538058261917904e+05
5.930764984282505466e+05
5.953173220019253204e+05
5.975211635535231326e+05
5.996362068612194853e+05
6.016169642216614448e+05
6.034271749825982843e+05
6.050427924638136756e+05
6.064548381568104960e+05
6.076714766383458627e+05
6.087185254709500587e+05
6.096378581085115438e+05
6.104836673804883612e+05
6.113170900821535615e+05
6.122000309569024248e+05
6.131890823468358722e+05
6.143302741407311987e+05
6.156551372841000557e+05
6.171783297244458226e+05
6.188968937718278030e+05
6.207910749798867619e+05
6.228265180954127572e+05
6.249575731794300955e+05
6.271314126804731786e+05
6.292926711015100591e+05
6.313883267758935690e+05
6.333724945075629512e+05
6.352106785989461932e+05
6.368829174023692030e+05
6.383852552529277746e+05
6.397292012591942912e+05
6.409392647714074701e+05
6.420491515697085997e+05
6.430975502404395957e+05
6.441244645460434258e+05
6.451687221751933685e+05
6.462667390384814935e+05
6.474520645143975271e+05
6.487548955753151095e+05
6.502007562990017468e+05
6.518079003819669597e+05
6.535836021889698459e+05
6.555201703388260212e+05
6.575920180388138397e+05
6.597552364522620337e+05
6.619507056536881719e+05
6.641108748260396533e+05
6.661691947007958079e+05
6.680702004403519677e+05
6.697778425044174073e+05
6.712800764796534786e+05
6.725888479469168233e+05
6.737360208393932553e+05
6.747669299776600674e+05
6.757336447137516225e+05
6.766895978069788544e+05
6.776862250483802054e+05
6.787711722337505780e+05
6.799869378225472756e+05
6.813687846596795134e+05
6.829413191889543086e+05
6.847140156360830879e+05
6.866767923259026138e+05
6.887972294226929080e+05
6.910209907655341085e+05
6.932764587630038150e+05
6.954836162045499077e+05
6.975660289577187505e+05
6.994637098258404294e+05
7.011440274254492251e+05
7.026079467594372109e+05
7.038898302098262357e+05
7.050505827317121439e+05
7.061656322721519973e+05
7.073105395958363079e+05
7.085475031120430212e+05
7.099155459764230764e+05
7.114259813360094558e+05
7.130633226293845801e+05
7.147906358626505826e+05
7.165577266072498169e+05
7.183105307420041645e+05
7.200004032098434400e+05
7.215923543252443196e+05
7.230714448939625872e+05
7.244465061336888466e+05
7.257502890041824430e+05
7.270353468275943305e+05
7.283656053427148145e+05
7.298046359896709910e+05
7.314028101575551555e+05
7.331862871532596182e+05
7.351507234695650404e+05
7.372615083734518848e+05
7.394604853009897051e+05
7.416771606757891132e+05
7.438411269230764592e+05
7.458923988606788917e+05
7.477876012861590134e+05
7.495018605429020245e+05
7.510279067741904873e+05
7.523744800274393056e+05
7.535654195575158810e+05
7.546392901921540033e+05
7.556480190933728591e+05
7.566526758586354554e+05
7.577155505291909212e+05
7.588896141543760896e+05
7.602082810898304451e+05
