6.811426904828030383e+05
6.794537756780509371e+05
6.777746767296708422e+05
6.760862945146120619e+05
6.743792425166831817e+05
6.726587175505105406e+05
6.709451130224118242e+05
6.692705592756419210e+05
6.676724705440034159e+05
6.661856165494922316e+05
6.648342928090920905e+05
6.636260038736255374e+05
6.625478204660783522e+05
6.615662355868044542e+05
6.606308574211797677e+05
6.596815897705188254e+05
6.586581325573008507e+05
6.575099009474983905e+05
6.562041068552905926e+05
6.547300093270386569e+05
6.530982623070302652e+05
6.513356483661313541e+05
6.494768534988734173e+05
6.475558280618775170e+05
6.455993548740304541e+05
6.436246591013132129e+05
6.416415105567181017e+05
6.396577614100879291e+05
6.376861330078620231e+05
6.357496654710227158e+05
6.338836644925738219e+05
6.321330468040098203e+05
6.305453422373754438e+05
6.291608494239063002e+05
6.280022371168147074e+05
6.270660706906463020e+05
6.263183405768673401e+05
6.256952308244686574e+05
6.251093124259306351e+05
6.244603003398743458e+05
6.236486632419660455e+05
6.225898600478848675e+05
6.212268774683368392e+05
6.195390628962193150e+05
6.175459026938419556e+05
6.153052290322285844e+05
6.129061685332137858e+05
6.104578395614315523e+05
6.080753152200656477e+05
6.058647136369061191e+05
6.039094670441001654e+05
6.022597985207712045e+05
6.009270823764204979e+05
5.998839976926125819e+05
5.990702765056968201e+05
5.984026768792892108e+05
5.977869780468007084e+05
5.971296303986115381e+05
5.963472623826507479e+05
5.953732819060833426e+05
5.941618308459868422e+05
5.926899119341240730e+05
5.909584303226752672e+05
5.889923494894144824e+05
5.868395561401355080e+05
5.845677564593781717e+05
5.822589578015352599e+05
5.800017038708125474e+05
5.778819130979459733e+05
5.759736040402464569e+05
5.743308242408990627e+05
5.729817843109657988e+05
5.719257274669593899e+05
5.711326369587156223e+05
5.705456116089236457e+05
5.700856203289390542e+05
5.696583025596154621e+05
5.691624251689942321e+05
5.684994865129115060e+05
5.675837755673041102e+05
5.663519891046533594e+05
5.647713448474676115e+05
5.628450700340005569e+05
5.606142508058467647e+05
5.581553339108843356e+05
5.555730773348740768e+05
5.529894017128741834e+05
5.505293008496153634e+05
5.483055895727647003e+05
5.464046493060707580e+05
5.448753501714061713e+05
5.437229261110828957e+05
5.429088024758857209e+05
5.423563773560842965e+05
5.419617626303695142e+05
5.416077213139783125e+05
5.411786412366555305e+05
5.405743914577832911e+05
5.397212453165161423e+05
5.385786065797521733e+05
5.371409417809461011e+05
5.354350366586114978e+05
5.335133987481290242e+05
5.314452253359850729e+05
5.293067013582774671e+05
5.271723425164168002e+05
5.251086049869112903e+05
5.231701594425390940e+05
5.213983468175004236e+05
5.198207290174530935e+05
5.184505647882428020e+05
5.172855181041404139e+05
5.163057478961861343e+05
5.154723784420490265e+05
5.147278359528018045e+05
5.139994129327417468e+05
5.132066645004228922e+05
5.122720655606170185e+05
5.111331536458829651e+05
5.097535840244840365e+05
5.081304560931827873e+05
5.062960167640468571e+05
5.043131979456076515e+05
5.022659611318092793e+05
5.002465977929754299e+05
4.983426046846577665e+05
4.966254412122312351e+05
4.951426097048589727e+05
4.939134884261543048e+05
4.929285817125263857e+05
4.921515297043058672e+05
4.915232873531892546e+05
4.909681053328063572e+05
4.904010651317428565e+05
4.897367963461310719e+05
4.888986752055750112e+05
4.878274482681681984e+05
4.864880557365472778e+05
4.848735798128100578e+05
4.830057109487807611e+05
4.809317717787285219e+05
4.787189560421006754e+05
4.764468329186491901e+05
4.741992317532132729e+05
4.720563854254239122e+05
4.700878197196808178e+05
4.683461350091461791e+05
4.668617040062966989e+05
4.656384557953635231e+05
4.646512327716192231e+05
4.638454859864275786e+05
4.631400995886597666e+05
4.624337925654400606e+05
4.616148885573804146e+05
4.605734747946855496e+05
4.592143513628040091e+05
4.574689071772554889e+05
4.553042139772680821e+05
4.527281173231385183e+05
4.497897437396575115e+05
4.465754533160867868e+05
4.432007375514784362e+05
4.397988818930668058e+05
4.365074414201615728e+05
4.334537890972805908e+05
4.307412157687662402e+05
4.284372403262779699e+05
4.265658130292867427e+05
4.251048347061542445e+05
4.239897920563109801e+05
4.231233593287502881e+05
4.223897084964173264e+05
4.216712751523926272e+05
4.208651377081293031e+05
4.198961917774624308e+05
4.187249798325545853e+05
4.173492088006827398e+05
4.157993369772391743e+05
4.141297611206143629e+05
4.124077803227487020e+05
4.107025282981857308e+05
4.090755433412848506e+05
4.075738551526539959e+05
4.062257390447700745e+05
4.050388653132836916e+05
4.040005109395903419e+05
4.030796588852917193e+05
4.022309362762531382e+05
4.014002291465447051e+05
4.005314222428202047e+05
3.995732171679359744e+05
3.984846717151680496e+05
3.972382309675948927e+05
3.958196541079271119e+05
3.942252034685822437e+05
3.924573968336484977e+05
3.905211445532445214e+05
3.884219538200205425e+05
3.861670873185538803e+05
3.837693734433337231e+05
3.812522053677748772e+05
3.786535694089322351e+05
3.760269895304439706e+05
3.734380845127390930e+05
3.709567546443521278e+05
3.686464106949268025e+05
3.665526723720001755e+05
3.646942828386561596e+05
3.630585408168249414e+05
3.616025144129200489e+05
3.602599913137850817e+05
3.589528791325264610e+05
3.576048604431101703e+05
3.561546787917570909e+05
3.545665337387761101e+05
3.528356659866338014e+05
3.509882130686361925e+05
3.490756178798400215e+05
3.471650006797459209e+05
3.453276620343013783e+05
3.436280549785915064e+05
3.421151203668776434e+05
3.408170097030058969e+05
3.397392642457942711e+05
3.388658197413687594e+05
3.381619542639275896e+05
3.375784556404989562e+05
3.370566277378259692e+05
3.365339967171083554e+05
3.359505338216904202e+05
3.352548943835045211e+05
3.344097885409350274e+05
3.333954306478478247e+05
3.322102621561812120e+05
3.308688008708061534e+05
3.293973051235968014e+05
3.278285955638872110e+05
3.261975390548040159e+05
3.245382659900087165e+05
3.228833320967285545e+05
3.212641176333615440e+05
3.197111844194528530e+05
3.182533397315333714e+05
3.169147803193945438e+05
3.157106488134670653e+05
3.146422275128641049e+05
3.136934496400051867e+05
3.128302356052951072e+05
3.120034247362387250e+05
3.111550529543777229e+05
3.102268005175248254e+05
3.091689138585611363e+05
3.079479170690529863e+05
3.065518761254253332e+05
3.049926152791091590e+05
3.033048453830287908e+05
3.015424948866199702e+05
2.997726510331436293e+05
2.980675652381317341e+05
2.964953157537278021e+05
2.951100214631464332e+05
2.939428847796951304e+05
2.929956180496574962e+05
2.922377710979244439e+05
2.916090143639851594e+05
2.910265820317449397e+05
2.903970267614974291e+05
2.896304480747874477e+05
2.886546956168757170e+05
2.874269093800401315e+05
2.859402130677371169e+05
2.842243497834498994e+05
2.823403238027718617e+05
2.803703679341207608e+05
2.784054522455480765e+05
2.765328368558451766e+05
2.748257889643540257e+05
2.733366993562587886e+05
2.720937864239799092e+05
2.711007473569833091e+05
2.703383730738580343e+05
2.697673295738776214e+05
2.693318344928259030e+05
2.689644932481334545e+05
2.685927837867286289e+05
2.681474254832831211e+05
2.675721962731117383e+05
2.668339354312765645e+05
2.659308431975410786e+05
2.648970633047523443e+05
2.638020306832576171e+05
2.627440720714210183e+05
2.618389594532025803e+05
2.612051612544789095e+05
2.609481152399273124e+05
2.611458476141366118e+05
2.618377858974703413e+05
2.630179045534329489e+05
2.646326637068690034e+05
2.665837068689253647e+05
2.687349673254096415e+05
2.709235715475478210e+05
2.729735917393362615e+05
2.747112616186325322e+05
2.759798481536789332e+05
2.766521794546270394e+05
2.766390557925192988e+05
2.758924709429228678e+05
2.744036107030611020e+05
2.721966881752323825e+05
2.693204870899466332e+05
2.658397589460732997e+05
2.618282759396598558e+05
2.573645067557409348e+05
2.525298504384265107e+05
2.474084925084499700e+05
2.420875282310302428e+05
2.366561453711398935e+05
2.312032694614174543e+05
2.258138729252461053e+05
2.205648051754251355e+05
2.155212668973024702e+05
2.107348596140007139e+05
2.062436142377879005e+05
2.020737840945385105e+05
1.982427308641239069e+05
1.947620918867228029e+05
1.916406032404849248e+05
1.888863414741785091e+05
1.865085452970041952e+05
1.845194040420552192e+05
1.829361429535793141e+05
1.817833917039093503e+05
1.810952896261947753e+05
1.809162314079105854e+05
1.812987975589304697e+05
1.822974420556013938e+05
1.839570656769461348e+05
1.862967212248577271e+05
1.892902518036924885e+05
1.928473388335275231e+05
1.967997371169440157e+05
2.008978241445737658e+05
2.048215245432223310e+05
2.082070714790577185e+05
2.106873480619495385e+05
2.119396585900654318e+05
2.117319457126368361e+05
2.099577792992490577e+05
2.066523692269974854e+05
2.019859976781988807e+05
1.962364414808786241e+05
1.897466142812552571e+05
1.828764702874044597e+05
1.759585307833145780e+05
1.692644264518782147e+05
1.629864632720389927e+05
1.572345463607774873e+05
1.520458002106011845e+05
1.474024460166874051e+05
1.432530151658441755e+05
1.395325402450475667e+05
1.361785784320644161e+05
1.331414017384464096e+05
1.303881243328822020e+05
1.279017020425949595e+05
1.256764816931616660e+05
1.237122294585599302e+05
1.220083593400548416e+05
1.205595490427513723e+05
1.193532723198475287e+05
1.183691967666710407e+05
1.175800286944722175e+05
1.169532628946618206e+05
1.164533548689065356e+05
1.160439752263404516e+05
1.156901423879122449e+05
1.153601165923097869e+05
1.150269746600236540e+05
1.146697925284953235e+05
1.142743643698232481e+05
1.138333992897142598e+05
1.133461693090382323e+05
1.128176404064579838e+05
1.122571963752020238e+05
1.116771412447690964e+05
1.110912051128656021e+05
1.105132499130713986e+05
1.099562731331366376e+05
1.094316756683953572e+05
1.089486587579929619e+05
1.085136011712460459e+05
1.081293554929048114e+05
1.077945491413907148e+05
1.075031029803130950e+05
1.072442163129510154e+05
1.070029872847443912e+05
1.067616781890435814e+05
1.065014704008125991e+05
1.062044544336182007e+05
1.058555965977458109e+05
1.054444917790326435e+05
1.049667940834025940e+05
1.044252561740246456e+05
1.038302797090395034e+05
1.031998057604540081e+05
1.025583148878018110e+05
1.019347306824553380e+05
1.013591733619568258e+05
1.008587864856387459e+05
1.004531960075565876e+05
1.001504472280740592e+05
9.994438167323957896e+04
9.981427723373408662e+04
9.972717002281133318e+04
9.964268518522700469e+04
9.951958076074969722e+04
9.932273657461247058e+04
9.902914945213650935e+04
9.863169144476822112e+04
9.813990234723078902e+04
9.757777594057818351e+04
9.697916427464492153e+04
9.638188379388126486e+04
9.582175404016225366e+04
9.532763348874438088e+04
9.491813476633504615e+04
9.460025200798091828e+04
9.436975554264137463e+04
9.421298218013386941e+04
9.410957378281626734e+04
9.403573528303224884e+04
9.396762441401933029e+04
9.388450602806769894e+04
9.377130849085033697e+04
9.362024915742737358e+04
9.343129536174293025e+04
9.321141224341755151e+04
9.297278874373504368e+04
9.273046049148432212e+04
9.249988603034339030e+04
9.229502764648396987e+04
9.212733270096317574e+04
9.200574667844676878e+04
9.193758679870721244e+04
9.192984115551962168e+04
9.199029146293389203e+04
9.212781970991271373e+04
9.235136060918220028e+04
9.266720039857558731e+04
9.307468662245519226e+04
9.356087321169368806e+04
9.409511638744038646e+04
9.462504983472742606e+04
9.507555452278676967e+04
9.535214921810006490e+04
9.534956880317593459e+04
9.496519870913685008e+04
9.411569137491902802e+04
9.275385623526533891e+04
9.088221029274960165e+04
8.855974760343655362e+04
8.589964434850322141e+04
8.305754308681788098e+04
8.021223698974637955e+04
7.754235047461501381e+04
7.520344437601946993e+04
7.330964141333085718e+04
7.192255354213768442e+04
7.104849079861816426e+04
7.064323088305811689e+04
7.062247913997550495e+04
7.087571172848573769e+04
7.128124274797343242e+04
7.172079368461412378e+04
7.209228101514544687e+04
7.231982681182172382e+04
7.236017295341886347e+04
7.220490276217731298e+04
7.187831164614818408e+04
7.143147547205716546e+04
7.093392193475396198e+04
7.046504259864424239e+04
7.010766103873729298e+04
6.994574111748058931e+04
7.006701898818487825e+04
7.056956926376099000e+04
7.156940753600913740e+04
7.320477891588231432e+04
7.563238642377720680e+04
7.901190960635986994e+04
8.347784411081700819e+04
8.910156494041738915e+04
9.585066883923069690e+04
1.035557933511105366e+05
1.118959130035535491e+05
1.204107020229600894e+05
1.285429795212011813e+05
1.357067181744906702e+05
1.413687395484189328e+05
1.451274513025296619e+05
1.467715898519726179e+05
1.463063168023193139e+05
1.439419422705728211e+05
1.400495555854054983e+05
1.350951774336467206e+05
1.295676742129739578e+05
1.239149595157181320e+05
1.184987757127260847e+05
1.135723862386717810e+05
1.092797830886466400e+05
1.056709826376069104e+05
1.027262483743281191e+05
1.003824288685110514e+05
9.855631138642523729e+04
9.716211216463524033e+04
9.612226106727955630e+04
9.537210156856625690e+04
9.485992876276458264e+04
9.454404969244643871e+04
9.438847690174270247e+04
9.435863740201212931e+04
9.441818854651394940e+04
9.452768740992393577e+04
9.464543353034168831e+04
9.473029944675744628e+04
9.474585445252443606e+04
9.466471078610428958e+04
9.447191668570933689e+04
9.416645328412775416e+04
9.376040846738705295e+04
9.327603675749173271e+04
9.274145984225398570e+04
9.218604685619073280e+04
9.163647105910167738e+04
9.111412476565214456e+04
9.063412629223386466e+04
9.020573056796994933e+04
8.983367882180890592e+04
8.951994176845798211e+04
8.926540529082146531e+04
8.907125131163389597e+04
8.894001294437896286e+04
8.887644793253930402e+04
8.888841440980437619e+04
8.898782442661510140e+04
8.919152657077851472e+04
8.952172281571199710e+04
9.000538685284022358e+04
9.067223663334989396e+04
9.155115938965103123e+04
9.266551101570542960e+04
9.402822441345592961e+04
9.563793747241463279e+04
9.747723008689879498e+04
9.951353101899359899e+04
1.017024836446032423e+05
1.039928269479414739e+05
1.063314403895100550e+05
1.086672850751129590e+05
1.109535206102183001e+05
1.131478693493540195e+05
1.152120159142408811e+05
1.171111750429739768e+05
1.188147888166204648e+05
1.202986909822210582e+05
1.215482578478656942e+05
1.225613986883489124e+05
1.233500199375430238e+05
1.239389477392791014e+05
1.243621028132788779e+05
1.246566883685425855e+05
1.248569027134598873e+05
1.249889296816991846e+05
1.250685952126139891e+05
1.251022407917070232e+05
1.250903565156371187e+05
1.250326863210430456e+05
1.249331291445872630e+05
1.248029082971420139e+05
1.246610823244390631e+05
1.245323083123817196e+05
1.244425785175980418e+05
1.244142024936128582e+05
1.244614622614327236e+05
1.245881120253683184e+05
1.247873277486190782e+05
1.250440187168792909e+05
1.253388012307377940e+05
1.256525735952112591e+05
1.259706031637276319e+05
1.262853147724441224e+05
1.265974406830456574e+05
1.269156962794234423e+05
1.272555331936257426e+05
1.276376926886602741e+05
1.280872082726600056e+05
1.286332293044664839e+05
1.293096532185211690e+05
1.301561885754268587e+05
1.312192458972714376e+05
1.325520473671068612e+05
1.342135628586294479e+05
1.362662308811803232e+05
1.387727527246375394e+05
1.417923931884040649e+05
1.453770942493626790e+05
1.495673612944956403e+05
1.543875110292824102e+05
1.598397394112756301e+05
1.658967770245658467e+05
1.724936607065447606e+05
1.795201411975916999e+05
1.868160738337311777e+05
1.941723943841345608e+05
2.013397166997586028e+05
2.080452290363010252e+05
2.140167177900559036e+05
2.190106986726942414e+05
2.228403010253285756e+05
2.253981211380318855e+05
2.266698937010994123e+05
2.267364126218535530e+05
2.257633036916287383e+05
2.239804972962202155e+05
2.216550367512895900e+05
2.190617856132670713e+05
2.164565099623267015e+05
2.140548344433813181e+05
2.120190496142709744e+05
2.104531190855891327e+05
2.094048801822939422e+05
2.088735784569987445e+05
2.088205694089644530e+05
2.091811633359446132e+05
2.098760151992091851e+05
2.108210023578977562e+05
2.119350575996288680e+05
2.131458488285744970e+05
2.143934775524921133e+05
2.156324979937859753e+05
2.168325607755683886e+05
2.179779117054992821e+05
2.190658967620516778e+05
2.201046034421100921e+05
2.211098367167499382e+05
2.221017610704398539e+05
2.231016635341592773e+05
2.241293137894563843e+05
2.252012584024439857e+05
2.263301071313667053e+05
2.275245537058377522e+05
2.287896648471917142e+05
2.301269774706633470e+05
2.315341727942807775e+05
2.330044420549962088e+05
2.345259535692748614e+05
2.360819310054763628e+05
2.376517104503143637e+05
2.392128247125343769e+05
2.407438025533031905e+05
2.422271027189537126e+05
2.436515087214324740e+05
2.450134059595286380e+05
2.463166181924430130e+05
2.475708422519953456e+05
2.487891155725137505e+05
2.499850815746706503e+05
2.511709645321004791e+05
2.523570287028722814e+05
2.535528552578784584e+05
2.547701257077621121e+05
2.560259634309288813e+05
2.573455025212175678e+05
2.587624010147260560e+05
2.603165131800462550e+05
2.620487305713284295e+05
2.639938313435075688e+05
2.661727768497121870e+05
2.685860969156510546e+05
2.712097906007795827e+05
2.739946475162818679e+05
2.768692403316218406e+05
2.797462162991188234e+05
2.825310294399519917e+05
2.851319435429146979e+05
2.874699964840764296e+05
2.894876393904366996e+05
2.911549514177970123e+05
2.924726829647150589e+05
2.934718664565838408e+05
2.942102704335318413e+05
2.947664319442325504e+05
2.952322590505704866e+05
2.957051874401333043e+05
2.962806420347178937e+05
2.970452257047129679e+05
2.980707925685929367e+05
2.994094741639882559e+05
3.010898210958350683e+05
3.031144042714094394e+05
3.054593398916841252e+05
3.080761371728233062e+05
3.108959812420208473e+05
3.138361267623675521e+05
3.168076378503046581e+05
3.197234261364357080e+05
3.225055152505745064e+05
3.250907029311892111e+05
3.274342101421873667e+05
3.295113508740323014e+05
3.313175803429419175e+05
3.328673952189983102e+05
3.341924668501833803e+05
3.353391672899764380e+05
3.363654222123817308e+05
3.373367118543939432e+05
3.383211065115599777e+05
3.393834561842207331e+05
3.405791726676690741e+05
3.419483258918737411e+05
3.435109137017398025e+05
3.452640987701563281e+05
3.471819549401546828e+05
3.492179040018566302e+05
3.513096474962653010e+05
3.533860779061320354e+05
3.553754172467159806e+05
3.572136735388150555e+05
3.588524188181079226e+05
3.602648896863597329e+05
3.614495288582993089e+05
3.624303581249513081e+05
3.632539997661515372e+05
3.639836897388523212e+05
3.646911459257737733e+05
3.654475396493249573e+05
3.663149593176935450e+05
3.673396030824190821e+05
3.685475306975260610e+05
3.699432641273725894e+05
3.715110165000323323e+05
3.732179927675696672e+05
3.750190998064606683e+05
3.768624729200417059e+05
3.786953364476169809e+05
3.804697425403030938e+05
3.821476425108861295e+05
3.837046324659097590e+05
3.851317420212853467e+05
3.864349213346715551e+05
3.876324025120707811e+05
3.887506785697461455e+05
3.898201919713926618e+05
3.908717621161789866e+05
3.919343076212787419e+05
3.930337495340887690e+05
3.941924438941384433e+05
3.954283580194169772e+05
3.967535433744454640e+05
3.981720931606056402e+05
3.996783708408474340e+05
4.012565329182191635e+05
4.028820944807794876e+05
4.045255956957458402e+05
4.061576182757873903e+05
4.077538295887771528e+05
4.092986521724545164e+05
4.107866083867184352e+05
4.122211889918674715e+05
4.136119160349622834e+05
4.149707919319731882e+05
4.163093629836792825e+05
4.176372011304942425e+05
4.189619344041746226e+05
4.202903293655138114e+05
4.216295899409611011e+05
4.229880745085556991e+05
4.243749637639895664e+05
4.257988512959894724e+05
4.272656003018044285e+05
4.287760259097557864e+05
4.303240322889155359e+05
4.318958046000049799e+05
4.334705433589477907e+05
4.350229950198229635e+05
4.365276352610943140e+05
4.379638367100612377e+05
4.393208607240668498e+05
4.406012925723267253e+05
4.418217826233190135e+05
4.430106709421448177e+05
4.442030303955062991e+05
4.454344795628229622e+05
4.467354354500977206e+05
4.481271573249761132e+05
4.496201347440071986e+05
4.512144740140518406e+05
4.529013436388770933e+05
4.546644797090075444e+05
4.564811783394555678e+05
4.583228394173698616e+05
4.601556351669364958e+05
4.619420293113704538e+05
4.636436396175564150e+05
4.652254631102128187e+05
4.666609784408780979e+05
4.679372662055857363e+05
4.690591122552327579e+05
4.700510786635986296e+05
4.709567299738500151e+05
4.718346004101106664e+05
4.727510892972053844e+05
4.737712135038452689e+05
4.749488434121427708e+05
4.763184296911787242e+05
4.778900517588313087e+05
4.796488321904542972e+05
4.815585860300404602e+05
4.835684487105986918e+05
4.856206085033642594e+05
4.876573945835549966e+05
4.896267139460431645e+05
4.914857608937975601e+05
4.932035480243513593e+05
4.947628495103414170e+05
4.961616949926035013e+05
4.974139874378560926e+05
4.985485627559559071e+05
4.996062568299364648e+05
5.006351529446152272e+05
5.016847816787087359e+05
5.028002987494759145e+05
5.040174856116463779e+05
5.053590009965284262e+05
5.068319832278527902e+05
5.084270725753717124e+05
5.101191329878417891e+05
5.118701199312277604e+05
5.136343601992853801e+05
5.153658831010918366e+05
5.170265848261557985e+05
5.185933511419439455e+05
5.200622179806987988e+05
5.214483584327249555e+05
5.227819194139091414e+05
5.241009883979338920e+05
5.254437228851729305e+05
5.268416395053842571e+05
5.283153339762231335e+05
5.298728977738749236e+05
5.315104984269614797e+05
5.332142935113054700e+05
5.349630185045062099e+05
5.367309264122958994e+05
5.384909268807630287e+05
5.402176413709652843e+05
5.418898196222983534e+05
5.434914841267269803e+05
5.450115320713521214e+05
5.464422719688928919e+05
5.477781184804139193e+05
5.490159021060211817e+05
5.501576560953648295e+05
5.512154463037837995e+05
5.522163779280454619e+05
5.532050949553551618e+05
5.542414236229592934e+05
5.553923224602590781e+05
5.567194390239823842e+05
5.582654522245032713e+05
5.600431868972273078e+05
5.620308581482567824e+05
5.641749741765256040e+05
5.664001119681716664e+05
5.686228408649748890e+05
5.707661456844524946e+05
5.727709850833155215e+05
5.746028426870398689e+05
5.762527375732915243e+05
5.777335845903038280e+05
5.790736528711257270e+05
5.803090631090244278e+05
5.814769324093800969e+05
5.826101840341514908e+05
5.837344448523990577e+05
5.848670157596067293e+05
5.860176548773783725e+05
5.871907974321128568e+05
5.883887502548878547e+05
5.896152731901893858e+05
5.908788006052069832e+05
5.921944500745139085e+05
5.935840358215557644e+05
5.950736391534198774e+05
5.966888707063666079e+05
5.984486472384661902e+05
6.003588722184202634e+05
6.024076360733188922e+05
6.045633264796495205e+05
6.067764086550493957e+05
6.089847874127364485e+05
6.111218445812031860e+05
6.131256699806342367e+05
6.149477850814568810e+05
6.165598013081032550e+05
6.179568910371465608e+05
6.191575777293761494e+05
6.202000600021465216e+05
6.211359468604302965e+05
6.220227567173885182e+05
6.229166908651777776e+05
6.238669680600290885e+05
6.249124550733632641e+05
6.260806278778809356e+05
6.273882913622932974e+05
6.288431680935571203e+05
6.304454973167403368e+05
6.321890697042399552e+05
6.340614868402160937e+05
6.360437359827108448e+05
6.381093778379713185e+05
6.402238169149969472e+05
6.423443143453319790e+05
6.444215600791345350e+05
6.464035706597011304e+05
6.482422241613641381e+05
6.499018360109702917e+05
6.513680412310740212e+05
6.526543549865442328e+05
6.538036698485652450e+05
6.548829286220613867e+05
6.559711509665308986e+05
6.571432740280334838e+05
6.584540046201008372e+05
6.599262932803275762e+05
6.615478303986031096e+05
6.632764964685706655e+05
6.650528825186092872e+05
6.668159063830652740e+05
6.685169495190903544e+05
6.701289476123162312e+05
6.716489350495247636e+05
6.730947381517486647e+05
6.744979823838252341e+05
6.758959313737598713e+05
6.773240899234702811e+05
6.788105394533149665e+05
6.803722101563427132e+05
6.820130099143609405e+05
6.837238152204356156e+05
6.854844372768314788e+05
6.872675043326376472e+05
6.890437091410534922e+05
6.907873065599802649e+05
6.924804787530340254e+05
6.941154562472591642e+05
6.956940427573975176e+05
6.972251111316711176e+05
6.987212855478387792e+05
7.001961027503267396e+05
7.016624472221661126e+05
7.031322678845858900e+05
7.046169265912927222e+05
7.061273263912864495e+05
7.076732778561393498e+05
7.092621513146093348e+05
7.108973494980906835e+05
7.125772199828057783e+05
7.142946829161862843e+05
7.160373487355621764e+05
7.177876479182650801e+05
7.195227558989860117e+05
7.212147834308724850e+05
7.228323684695964912e+05
7.243448803032480646e+05
7.257296021434656577e+05
7.269806853381183464e+05
7.281170759641936747e+05
7.291859114612713456e+05
7.302586881549261743e+05
7.314197391767476220e+05
7.327494153076002840e+05
7.343065969676177483e+05
7.361157308321428718e+05
7.381621427048536716e+05
7.403965071662472328e+05
7.427462872653404484e+05
7.451299892508792691e+05
7.474699411257078173e+05
7.497008394340279046e+05
7.517735932974769967e+05
7.536558571510567563e+05
7.553312787805676926e+05
7.567988401636091294e+05
7.580723805223293602e+05
7.591793851864163298e+05
7.601580489913758356e+05
7.610524982948265970e+05
7.619072960319757694e+05
7.627631397597531322e+05
