5.412202070693697315e+05
5.408207509995981818e+05
5.405914737947206013e+05
5.404427159330998547e+05
5.402838002566740615e+05
5.400329352290165843e+05
5.396255019628579030e+05
5.390192004275073996e+05
5.381951946789723588e+05
5.371554256997329649e+05
5.359172799161021831e+05
5.345074105435056845e+05
5.329564632789366879e+05
5.312957881759258453e+05
5.295562269748788094e+05
5.277681905794927152e+05
5.259618622717028484e+05
5.241666116152546601e+05
5.224094040725407540e+05
5.207127448904933408e+05
5.190930948696683045e+05
5.175605388359715580e+05
5.161198845711577451e+05
5.147726717693315586e+05
5.135191660183658823e+05
5.123595083622672828e+05
5.112937022092807456e+05
5.103207322983711492e+05
5.094374718785711448e+05
5.086379564242113265e+05
5.079131655843316112e+05
5.072509553795668180e+05
5.066355570068754605e+05
5.060462897050119354e+05
5.054557408565841033e+05
5.048283336735175690e+05
5.041205470777939190e+05
5.032838202462159679e+05
5.022703817384119029e+05
5.010411793058656040e+05
4.995741818537403014e+05
4.978709536980946432e+05
4.959597172401751741e+05
4.938940032024232787e+05
4.917471125160359079e+05
4.896035970326049137e+05
4.875495137894060463e+05
4.856632074194215820e+05
4.840079088653177605e+05
4.826267273371129413e+05
4.815399298159684404e+05
4.807439809069694020e+05
4.802117732662924100e+05
4.798937801931677386e+05
4.797203296515148832e+05
4.796055737241993193e+05
4.794537675140470965e+05
4.791680587922923150e+05
4.786612016252135509e+05
4.778667150724891108e+05
4.767483871866983245e+05
4.753059987037726096e+05
4.735758226269863662e+05
4.716256636507810908e+05
4.695455102108785068e+05
4.674357948427019292e+05
4.653954763532547513e+05
4.635116761630903347e+05
4.618517428043584223e+05
4.604578409139541327e+05
4.593438078713661525e+05
4.584941452795983641e+05
4.578653729300792329e+05
4.573901998218573863e+05
4.569847867208397947e+05
4.565587630763080670e+05
4.560268446497090627e+05
4.553202259998740046e+05
4.543956922756790300e+05
4.532407304258107906e+05
4.518737367881394457e+05
4.503394748124341713e+05
4.487009262640395318e+05
4.470293251461762702e+05
4.453943012087910320e+05
4.438556886677570292e+05
4.424578441791598452e+05
4.412265481480559101e+05
4.401680215003877529e+05
4.392694449530291604e+05
4.385005946500819409e+05
4.378166018986854469e+05
4.371621240624871571e+05
4.364771633535129367e+05
4.357043520635862369e+05
4.347968974014560808e+05
4.337258308231107076e+05
4.324850102675677626e+05
4.310926186531244311e+05
4.295886319087709999e+05
4.280286680753449909e+05
4.264754725364262704e+05
4.249897794853862724e+05
4.236222819580702344e+05
4.224079734070840059e+05
4.213633698272032780e+05
4.204863446533347014e+05
4.197577725588168832e+05
4.191440597237974289e+05
4.185999539053073386e+05
4.180716056005011196e+05
4.175003769040968036e+05
4.168280377725649741e+05
4.160035753510725335e+05
4.149909764060158050e+05
4.137764081531043630e+05
4.123727163142782520e+05
4.108194393231960712e+05
4.091776125220292597e+05
4.075201255074928631e+05
4.059197006311398582e+05
4.044371572502320050e+05
4.031123208110008272e+05
4.019589407761992188e+05
4.009637800969159580e+05
4.000891255017361837e+05
3.992776123530907789e+05
3.984584154772535549e+05
3.975542485304301954e+05
3.964889076258372515e+05
3.951950853558970848e+05
3.936218797333568800e+05
3.917410281935470412e+05
3.895506851706588641e+05
3.870757464580893284e+05
3.843643504345373367e+05
3.814810992627342930e+05
3.784984343454497284e+05
3.754881270982451970e+05
3.725147734239577549e+05
3.696324894217388355e+05
3.668849192488200497e+05
3.643075698760234518e+05
3.619307802872912143e+05
3.597815649378040689e+05
3.578831474794770475e+05
3.562519862185325474e+05
3.548931177733310033e+05
3.537953551947275409e+05
3.529280600801885012e+05
3.522408536220875103e+05
3.516668999128646683e+05
3.511295329189471086e+05
3.505512408891798696e+05
3.498635237594863283e+05
3.490159591098530800e+05
3.479829363634566544e+05
3.467668965782318846e+05
3.453974813530381070e+05
3.439266692032456049e+05
3.424206567816413590e+05
3.409497995631705853e+05
3.395782424363910104e+05
3.383548741506387014e+05
3.373069397956489702e+05
3.364371293732291670e+05
3.357243567957297200e+05
3.351278744076201692e+05
3.345939160067613702e+05
3.340637660057944595e+05
3.334820273266390432e+05
3.328039087791213533e+05
3.320005660054691834e+05
3.310618773449073196e+05
3.299964558929785853e+05
3.288291119552308810e+05
3.275963143227070686e+05
3.263404133676264901e+05
3.251034772646051715e+05
3.239215678846894298e+05
3.228201617238760809e+05
3.218112209810652421e+05
3.208921687231020187e+05
3.200467649949932238e+05
3.192476668368637911e+05
3.184603101343180751e+05
3.176476590512187686e+05
3.167752854739702307e+05
3.158161379494933644e+05
3.147542658658644650e+05
3.135867679087367724e+05
3.123234298550179228e+05
3.109839344627157552e+05
3.095930822945676045e+05
3.081749829484928050e+05
3.067474777638516971e+05
3.053180337542468915e+05
3.038820218334214878e+05
3.024237719668758800e+05
3.009202211239979952e+05
2.993464441905468702e+05
2.976819523605941213e+05
2.959164178589041112e+05
2.940535111900795600e+05
2.921118808255955228e+05
2.901229557747239596e+05
2.881260719865569263e+05
2.861621611274189199e+05
2.842676201753413188e+05
2.824698396711759851e+05
2.807852514730568510e+05
2.792199080640346510e+05
2.777718591632898897e+05
2.764342159716700553e+05
2.751978750984359067e+05
2.740532982569613378e+05
2.729912729012762429e+05
2.720029782896247343e+05
2.710798219345636899e+05
2.702134050619697664e+05
2.693957387477885350e+05
2.686196078578199376e+05
2.678788652771597845e+05
2.671684528165760566e+05
2.664840414879271411e+05
2.658212961610686616e+05
2.651748559834132902e+05
2.645371831768521806e+05
2.638974960336773656e+05
2.632410830112511176e+05
2.625493679034447414e+05
2.618010943864442525e+05
2.609748506465038809e+05
2.600528372425618290e+05
2.590253505262846302e+05
2.578950400463548722e+05
2.566797592178698396e+05
2.554128892736143316e+05
2.541404228478469595e+05
2.529147923295427172e+05
2.517862726023794967e+05
2.507935614379121689e+05
2.499556017131362169e+05
2.492666603927412943e+05
2.486960519141263794e+05
2.481928125330933253e+05
2.476944059337651124e+05
2.471375607251566253e+05
2.464689212240400375e+05
2.456534308903197234e+05
2.446791063138897880e+05
2.435577802355063031e+05
2.423221798336636566e+05
2.410201911686543026e+05
2.397073549864889937e+05
2.384386671718938742e+05
2.372607356341114792e+05
2.362053016879125498e+05
2.352850089426665218e+05
2.344920218424313643e+05
2.337996490736451815e+05
2.331665994328082015e+05
2.325430367588953231e+05
2.318773443282470398e+05
2.311225235858408851e+05
2.302414078789321356e+05
2.292102642289767973e+05
2.280207491573005100e+05
2.266804573937878304e+05
2.252123853828356368e+05
2.236535280122387339e+05
2.220526162559224467e+05
2.204668197528216406e+05
2.189572220849932346e+05
2.175831084559662559e+05
2.163955528792644909e+05
2.154312993579341855e+05
2.147082719893994508e+05
2.142240195950375055e+05
2.139579169820450479e+05
2.138770869731259008e+05
2.139449934469615109e+05
2.141307651224204456e+05
2.144167953793335473e+05
2.148021935528679460e+05
2.153003034764365002e+05
2.159297169074844569e+05
2.166998386457621527e+05
2.175938131755881477e+05
2.185530634243257809e+05
2.194683067139680497e+05
2.201812643767496047e+05
2.204992199126024207e+05
2.202214144666912907e+05
2.191727886047692737e+05
2.172378718799276976e+05
2.143867011663318845e+05
2.106860445262791472e+05
2.062926852873385360e+05
2.014300888448548212e+05
1.963540038044592657e+05
1.913150977287451096e+05
1.865268486696858017e+05
1.821447240196694038e+05
1.782590752887129493e+05
1.749004462161320262e+05
1.720532898065717309e+05
1.696730403957864910e+05
1.677020401686788828e+05
1.660814068020614213e+05
1.647577915873468446e+05
1.636854964209990576e+05
1.628252980291559943e+05
1.621415908997932565e+05
1.615993069542633311e+05
1.611617144890756754e+05
1.607897730587289552e+05
1.604432721260311373e+05
1.600835309118115110e+05
1.596770359150128206e+05
1.591991294162305421e+05
1.586368213883049320e+05
1.579900037759619590e+05
1.572707387497240852e+05
1.565007446238565899e+05
1.557075788395859126e+05
1.549202283462759806e+05
1.541648481319762068e+05
1.534612805357932230e+05
1.528208023790217121e+05
1.522453298878014321e+05
1.517280841346045199e+05
1.512554936121926876e+05
1.508099087487112556e+05
1.503725689946914499e+05
1.499262454648446583e+05
1.494571061036286992e+05
1.489555925798090175e+05
1.484163849174862262e+05
1.478377634471683414e+05
1.472207786083211540e+05
1.465685828990351583e+05
1.458861062826418201e+05
1.451800498363830266e+05
1.444590162529379595e+05
1.437335365825822228e+05
1.430157866665668844e+05
1.423188765258501517e+05
1.416557012223452912e+05
1.410374420010154718e+05
1.404719008714604715e+05
1.399619391891283740e+05
1.395043512605688884e+05
1.390894992631705245e+05
1.387019329424311582e+05
1.383220195472804771e+05
1.379283683033275011e+05
1.375006329144801712e+05
1.370221892877909704e+05
1.364822395093360974e+05
1.358770519099833327e+05
1.352102379479085212e+05
1.344921222453491646e+05
1.337383558581859979e+05
1.329679734264168947e+05
1.322011387746736873e+05
1.314568767782313225e+05
1.307511270036697824e+05
1.300954253369002399e+05
1.294963863094010740e+05
1.289559374245523504e+05
1.284720258801468444e+05
1.280393856003080145e+05
1.276499979973509762e+05
1.272931045441610913e+05
1.269549438146538596e+05
1.266186461354072235e+05
1.262647933394761349e+05
1.258729837538782449e+05
1.254243843391027622e+05
1.249048406229193788e+05
1.243078161121849116e+05
1.236363684679411672e+05
1.229035695115237177e+05
1.221311694612255087e+05
1.213467555770729523e+05
1.205800142656016978e+05
1.198588689954141446e+05
1.192062024212571851e+05
1.186376229951463465e+05
1.181604006905860006e+05
1.177733895999337983e+05
1.174675763201432128e+05
1.172268929250480287e+05
1.170290961955931270e+05
1.168467616270256694e+05
1.166486561281356408e+05
1.164018290041787259e+05
1.160746394875506230e+05
1.156406397422789014e+05
1.150828459246711136e+05
1.143975884471343161e+05
1.135969649348731473e+05
1.127090109171513323e+05
1.117750699130832072e+05
1.108444239059395914e+05
1.099669054815962445e+05
1.091847797679233627e+05
1.085254853935631982e+05
1.079967438310030266e+05
1.075850756382773397e+05
1.072580126352681400e+05
1.069694734209669987e+05
1.066671080112965719e+05
1.063000922654524911e+05
1.058259263389831467e+05
1.052151995769573696e+05
1.044538719552908879e+05
1.035432047679246316e+05
1.024978966935253120e+05
1.013431616626526666e+05
1.001114214534079802e+05
9.883905195364171232e+04
9.756333747954526916e+04
9.631957846985651122e+04
9.513825070882042928e+04
9.404224006385897519e+04
9.304440342113803490e+04
9.214590791669799364e+04
9.133585383595172607e+04
9.059253119032811082e+04
8.988632844608432788e+04
8.918391542260312417e+04
8.845299973903021601e+04
8.766681269640155369e+04
8.680754854118850199e+04
8.586821899990185921e+04
8.485270878491585609e+04
8.377414316324633546e+04
8.265194919160986319e+04
8.150818195328371075e+04
8.036378507500440173e+04
7.923544897471820877e+04
7.813360716941907594e+04
7.706187172442054725e+04
7.601788917957425292e+04
7.499527314831626427e+04
7.398603421758934564e+04
7.298285873092297697e+04
7.198070792485313723e+04
7.097747146357105521e+04
6.997371752418183314e+04
6.897182864498712297e+04
6.797492663086351240e+04
6.698595845201914199e+04
6.600718059056122729e+04
6.504011076504037919e+04
6.408587539648175152e+04
6.314580124083425471e+04
6.222208058014960989e+04
6.131836079821155727e+04
6.044014562888733781e+04
5.959492766168274829e+04
5.879199168228964845e+04
5.804183999642843264e+04
5.735520878529135371e+04
5.674168943843170564e+04
5.620805616587710392e+04
5.575652633006818360e+04
5.538330819879243063e+04
5.507786312812299730e+04
5.482326602023791202e+04
5.459786214021795604e+04
5.437811887005207245e+04
5.414224129558431741e+04
5.387387032377700234e+04
5.356510380004301260e+04
5.321821270259145240e+04
5.284573416699517838e+04
5.246902172406084719e+04
5.211570645335343579e+04
5.181676920988058555e+04
5.160398389436693105e+04
5.150835768463341810e+04
5.155990265110619657e+04
5.178868343123140949e+04
5.222666095847785618e+04
5.290945689533487894e+04
5.387687662964962510e+04
5.517096022633031680e+04
5.683061097453819821e+04
5.888257624813877919e+04
6.132969716965100088e+04
6.413867157310399489e+04
6.723065528088560677e+04
7.047834184294400620e+04
7.371232826275211119e+04
7.673757625396657386e+04
7.935807479322988365e+04
8.140524032748563332e+04
8.276407725466920238e+04
8.339128238986957876e+04
8.332134401441336377e+04
8.265966080996279197e+04
8.156479754042453715e+04
8.022422382000662037e+04
7.882866566860792227e+04
7.754953469107476121e+04
7.652228905881337414e+04
7.583675235285409144e+04
7.553399506044140435e+04
7.560866165553267638e+04
7.601552251212166448e+04
7.667921926663120394e+04
7.750629935496965481e+04
7.839850255308271153e+04
7.926591075198889303e+04
8.003823571005373378e+04
8.067248635079177620e+04
8.115571201427683991e+04
8.150243802360548580e+04
8.174755885397657403e+04
8.193647437770478427e+04
8.211481186990617425e+04
8.231999310861836420e+04
8.257622588940426067e+04
8.289346166647043719e+04
8.326980101204087259e+04
8.369605301553876780e+04
8.416084402153399424e+04
8.465483999262368889e+04
8.517316744171548635e+04
8.571578411727254570e+04
8.628615292694779055e+04
8.688895834060211200e+04
8.752770984882263292e+04
8.820292809187725652e+04
8.891129844587881234e+04
8.964582453910593176e+04
9.039672864954630495e+04
9.115269429946565651e+04
9.190204429471795447e+04
9.263356724104301247e+04
9.333689404258450668e+04
9.400252202882344136e+04
9.462173116598583874e+04
9.518668940892368846e+04
9.569097918574235518e+04
9.613060363560293627e+04
9.650529858949672780e+04
9.681976572665813728e+04
9.708434166936647671e+04
9.731468485687651264e+04
9.753029496767524688e+04
9.775201043983078853e+04
9.799894709206969128e+04
9.828553363430598984e+04
9.861930046741424303e+04
9.899988879027056100e+04
9.941943696715029364e+04
9.986417782420723233e+04
1.003168466766872589e+05
1.007594138156130211e+05
1.011757113078753609e+05
1.015536611763655092e+05
1.018869468517871283e+05
1.021760391653556144e+05
1.024284812979629351e+05
1.026583001979300752e+05
1.028844222565960081e+05
1.031280920112355088e+05
1.034095322618156933e+05
1.037443771135919378e+05
1.041406361105878168e+05
1.045969822098137665e+05
1.051029282198762230e+05
1.056409942750927730e+05
1.061904059863815055e+05
1.067313936570903461e+05
1.072489669968013040e+05
1.077352038384030893e+05
1.081895664269518020e+05
1.086173751267558400e+05
1.090271052027874393e+05
1.094274458611506270e+05
1.098250018450481002e+05
1.102231871040672850e+05
1.106224092393050087e+05
1.110212422019454825e+05
1.114180519190398045e+05
1.118125111477537430e+05
1.122065805813382467e+05
1.126047730303507706e+05
1.130137854157867841e+05
1.134418204008046887e+05
1.138980739871424594e+05
1.143928874514259514e+05
1.149389131390367111e+05
1.155533204804624256e+05
1.162606247813229274e+05
1.170952696264283732e+05
1.181027818766857090e+05
1.193382873370856832e+05
1.208615160865478101e+05
1.227281451634937257e+05
1.249783220480284508e+05
1.276242723591653048e+05
1.306397170668234467e+05
1.339540820060698898e+05
1.374539353370329482e+05
1.409927075432341662e+05
1.444077955755093135e+05
1.475421553345279535e+05
1.502660844684244366e+05
1.524946058008250548e+05
1.541968522197387647e+05
1.553958584640845074e+05
1.561595584444298584e+05
1.565858166677509726e+05
1.567853905368193809e+05
1.568665905709019571e+05
1.569242606163658784e+05
1.570340358542567410e+05
1.572512520574907830e+05
1.576128550860133255e+05
1.581404060839953017e+05
1.588427065132545540e+05
1.597173725818913663e+05
1.607514979828874057e+05
1.619220651909069857e+05
1.631968773444417748e+05
1.645365397956004017e+05
1.658975909417751245e+05
1.672364573054178036e+05
1.685136291891822766e+05
1.696973797693784873e+05
1.707664665401449602e+05
1.717114959642094036e+05
1.725349159768411191e+05
1.732498432971952134e+05
1.738780688794848684e+05
1.744475882719406509e+05
1.749898982594810077e+05
1.755371590620413190e+05
1.761192350024568150e+05
1.767606636050645320e+05
1.774777657065160165e+05
1.782763225534046360e+05
1.791503872926243057e+05
1.800827554191546515e+05
1.810473486767746799e+05
1.820133250470636413e+05
1.829502513686196180e+05
1.838333303064573847e+05
1.846475865971088060e+05
1.853901273340549087e+05
1.860700358769267623e+05
1.867060041990671307e+05
1.873222987671688315e+05
1.879439677911411272e+05
1.885922771651560033e+05
1.892812244115246867e+05
1.900156909138660703e+05
1.907914378352240310e+05
1.915968070450915839e+05
1.924157107126529154e+05
1.932313171795727685e+05
1.940297858119992597e+05
1.948034723588440684e+05
1.955531960470801278e+05
1.962893754513608874e+05
1.970320252967657580e+05
1.978096941472761973e+05
1.986573989249508013e+05
1.996135378836668970e+05
2.007157558782269189e+05
2.019959000281298067e+05
2.034745541382096126e+05
2.051560576822921576e+05
2.070251843354500597e+05
2.090465709897725028e+05
2.111674790374166332e+05
2.133236607436806662e+05
2.154472771912270109e+05
2.174752812104306358e+05
2.193566297276146943e+05
2.210571109542269842e+05
2.225612659096174175e+05
2.238715812202040397e+05
2.250056185504172172e+05
2.259919482837222749e+05
2.268657220498342649e+05
2.276645576565925148e+05
2.284252050712820783e+05
2.291812392326270929e+05
2.299617771281020250e+05
2.307909574094166455e+05
2.316877229498591623e+05
2.326654176664571278e+05
2.337309180524836411e+05
2.348834226665539609e+05
2.361134442297049682e+05
2.374027561467137421e+05
2.387258800535056216e+05
2.400531930652666779e+05
2.413551133958788414e+05
2.426064102996799047e+05
2.437897046577393485e+05
2.448976687465997238e+05
2.459340398113857955e+05
2.469139686563431751e+05
2.478641777060742315e+05
2.488229191028905334e+05
2.498390952464029833e+05
2.509695446323619981e+05
2.522737059795164096e+05
2.538056676092690323e+05
2.556046932353543816e+05
2.576862292700895632e+05
2.600357359025100886e+05
2.626072731566798175e+05
2.653277331743096001e+05
2.681062719543495332e+05
2.708472492067451822e+05
2.734641495840871939e+05
2.758917059279675013e+05
2.780938084984589950e+05
2.800656847181498888e+05
2.818300979380996432e+05
2.834286756559306523e+05
2.849106032604971551e+05
2.863214804882595199e+05
2.876949319084054441e+05
2.890486231451057247e+05
2.903849578663941938e+05
2.916953843425909290e+05
2.929663793027750216e+05
2.941850545358251547e+05
2.953429028308147099e+05
2.964371598933550995e+05
2.974701955432177638e+05
2.984479225113726570e+05
2.993782843087015790e+05
3.002705318356564385e+05
3.011354408334318432e+05
3.019861052522510872e+05
3.028386428652728209e+05
3.037121364547460689e+05
3.046273746222859481e+05
3.056043565911737969e+05
3.066589652650283533e+05
3.077995695576947764e+05
3.090244814573917538e+05
3.103210917187220184e+05
3.116671324552642764e+05
3.130339473961587064e+05
3.143910591818129760e+05
3.157109143357510911e+05
3.169726254416716401e+05
3.181638620322657516e+05
3.192806589116511168e+05
3.203255865463434602e+05
3.213052098401021212e+05
3.222278770875970949e+05
3.231026093059500563e+05
3.239393315017518471e+05
3.247501162891109125e+05
3.255507008035969920e+05
3.263614087994274450e+05
3.272067702955064015e+05
3.281135056668428006e+05
3.291070158430536394e+05
3.302069792835576227e+05
3.314229951999709592e+05
3.327513415403677500e+05
3.341737749473155709e+05
3.356588878833812778e+05
3.371659443611188326e+05
3.386505129211117746e+05
3.400708024522797787e+05
3.413935180847731535e+05
3.425982908566132537e+05
3.436801592012385372e+05
3.446499948888247018e+05
3.455330249819088494e+05
3.463656880046516308e+05
3.471910810945520643e+05
3.480533418468208984e+05
3.489915242549024406e+05
3.500338032209459925e+05
3.511930148324112524e+05
3.524644584370102384e+05
3.538265088150493102e+05
3.552440100715673761e+05
3.566738339971405221e+05
3.580715654540743562e+05
3.593981236304980703e+05
3.606252364757318865e+05
3.617389845899385982e+05
3.627410314365138183e+05
3.636475811881072004e+05
3.644864849098625127e+05
3.652931797613063827e+05
3.661062320172281470e+05
3.669631423906869604e+05
3.678968149749206495e+05
3.689328110946537927e+05
3.700873397741054650e+05
3.713659416828550748e+05
3.727629501597065828e+05
3.742619168836720055e+05
3.758371307368917624e+05
3.774561066870656214e+05
3.790825999292696943e+05
3.806795217594224378e+05
3.822112615721615730e+05
3.836453404408880160e+05
3.849538173445085995e+05
3.861151228833969799e+05
3.871167833398199873e+05
3.879588490504000802e+05
3.886570611987209995e+05
3.892443201256255852e+05
3.897691889051427133e+05
3.902910008866259595e+05
3.908723092601886019e+05
3.915703919536969042e+05
3.924298514222764061e+05
3.934778852273561060e+05
3.947227952012515161e+05
3.961552452502266387e+05
3.977511464481290313e+05
3.994750536180494819e+05
4.012834570610123337e+05
4.031279615123812109e+05
4.049586723506340641e+05
4.067279841112706345e+05
4.083945147403660230e+05
4.099264812270876719e+05
4.113036972314940067e+05
4.125177235228720238e+05
4.135703761465941789e+05
4.144714562350829365e+05
4.152368540962019470e+05
4.158879153723521740e+05
4.164522263734015869e+05
4.169651021111021400e+05
4.174704529778225115e+05
4.180196692743330495e+05
4.186677555488296202e+05
4.194669507342529250e+05
4.204590835724757053e+05
4.216685248349601170e+05
4.230975649527940550e+05
4.247253915119605372e+05
4.265108353360024630e+05
4.283980837998507777e+05
4.303239583201524219e+05
4.322252647527479567e+05
4.340450732436575345e+05
4.357373378222684260e+05
4.372697715536385658e+05
4.386251889335119631e+05
4.398015940316757187e+05
4.408112226781005738e+05
4.416786637947171694e+05
4.424381690895478241e+05
4.431303171614010935e+05
4.437982799943887512e+05
4.444839959092669305e+05
4.452245675971166929e+05
4.460491976274074987e+05
4.469769712065205676e+05
4.480157881954344339e+05
4.491626844404006260e+05
4.504056113825797220e+05
4.517264559825150645e+05
4.531047542736006435e+05
4.545213159837881103e+05
4.559609612333678524e+05
4.574138148279635934e+05
4.588750301031729323e+05
4.603432553152297041e+05
4.618184391919546761e+05
4.632996086152140633e+05
4.647830735235671164e+05
4.662612514940148685e+05
4.677221073895292357e+05
4.691491615673080669e+05
4.705221181946885772e+05
4.718182967286722851e+05
4.730150781149907270e+05
4.740934125198076363e+05
4.750420868250208441e+05
4.758620323167780880e+05
4.765696414713364793e+05
4.771980196402593865e+05
4.777953995542093762e+05
4.784205457310221973e+05
4.791357081621809048e+05
4.799983255079940427e+05
4.810530226825920981e+05
4.823253861588975415e+05
4.838185577175210346e+05
4.855130137579349102e+05
4.873692112034398597e+05
4.893322896929835551e+05
4.913378468374700169e+05
4.933179493018485373e+05
4.952068887896941742e+05
4.969465464382296195e+05
4.984914005645780126e+05
4.998130955743198283e+05
5.009041289046499878e+05
5.017798122375743696e+05
5.024775137376775965e+05
5.030525232813461917e+05
5.035707239719461650e+05
5.040993362661630381e+05
5.046978524303974700e+05
5.054114350214727456e+05
5.062683168846303015e+05
5.072813311282618670e+05
5.084521909969906555e+05
5.097761988812673371e+05
5.112451257283179439e+05
5.128470509030210669e+05
5.145635263868010370e+05
5.163658397319937940e+05
5.182127948617154034e+05
5.200520425958968117e+05
5.218257292613785830e+05
5.234795781514427508e+05
5.249730906828560401e+05
5.262878761659456650e+05
5.274314541696591768e+05
5.284351416835443815e+05
5.293464358700562734e+05
5.302180265727582155e+05
5.310966117489845492e+05
5.320146559491582448e+05
5.329871280305361142e+05
5.340134958300989820e+05
5.350835236063532066e+05
5.361843772288921755e+05
5.373065489794821478e+05
5.384470573409823701e+05
5.396097382548807655e+05
5.408035560878845863e+05
5.420402445904627675e+05
5.433321833705955651e+05
5.446906013700093608e+05
5.461235630297469907e+05
5.476331907201546710e+05
5.492122602878739126e+05
5.508412767313877121e+05
5.524877578196679242e+05
5.541092117919262964e+05
5.556601132105556317e+05
5.571015033718243940e+05
5.584104416077008937e+05
5.595861313181088772e+05
5.606504339553815080e+05
5.616423653250959469e+05
5.626082723052853253e+05
5.635908348939126590e+05
5.646202504094915930e+05
5.657099165304960916e+05
5.668571625410130946e+05
5.680478729759122944e+05
5.692628730038618669e+05
5.704839532588436268e+05
5.716981789316857466e+05
5.729001313409346621e+05
5.740924531062635360e+05
5.752852560879042139e+05
5.764946962812579004e+05
5.777406513674596790e+05
5.790433044027741998e+05
5.804187114042607136e+05
5.818740165121054742e+05
5.834035704554902622e+05
5.849874425798852462e+05
5.865934480684839655e+05
5.881828410154506564e+05
5.897185315748217981e+05
5.911735543605152052e+05
5.925370562582515413e+05
5.938156049443897791e+05
5.950290953684357228e+05
5.962024830633136444e+05
5.973562516617538640e+05
5.984991924939205637e+05
5.996263542299295077e+05
6.007230990775780519e+05
6.017738094806314912e+05
6.027719048238632968e+05
6.037272469261116348e+05
6.046679832895428408e+05
6.056359832802698947e+05
6.066773830587691627e+05
