5.406689317643843824e+05
5.406320987981444923e+05
5.407297272984627634e+05
5.408341012575977948e+05
5.408279924451836850e+05
5.406163248845008202e+05
5.401343432835702552e+05
5.393516353983837180e+05
5.382718628438824089e+05
5.369285266009415500e+05
5.353775185471923323e+05
5.336875684925866080e+05
5.319299512599770678e+05
5.301689188282606192e+05
5.284542151444706833e+05
5.268166869402930606e+05
5.252674480295275571e+05
5.238003833915540017e+05
5.223971478487876593e+05
5.210333914113385836e+05
5.196848503321764292e+05
5.183321996134412475e+05
5.169640712604423752e+05
5.155782182568187709e+05
5.141812455055743339e+05
5.127874987515701796e+05
5.114175843467977247e+05
5.100966941283744527e+05
5.088526079990250291e+05
5.077131031849962892e+05
5.067025847210955108e+05
5.058380244690387044e+05
5.051246369028584450e+05
5.045520006879816647e+05
5.040914726528894971e+05
5.036957086754803895e+05
5.033009087803295115e+05
5.028320484167904942e+05
5.022108558444262017e+05
5.013656963785007829e+05
5.002419488258470665e+05
4.988110903706540703e+05
4.970767204909411375e+05
4.950762282678913325e+05
4.928776508827045327e+05
4.905722425825083046e+05
4.882640755371741252e+05
4.860584028289188282e+05
4.840504701530685415e+05
4.823160774065064033e+05
4.809046682308991440e+05
4.798352557045818539e+05
4.790951796263601282e+05
4.786415412690847297e+05
4.784051200060701231e+05
4.782965694109898759e+05
4.782146470409547328e+05
4.780560875019741943e+05
4.777264408740381477e+05
4.771507905430528335e+05
4.762828622965221293e+05
4.751108584872706560e+05
4.736586152297361405e+05
4.719814655601000413e+05
4.701573372190715163e+05
4.682747462619632715e+05
4.664200406987764291e+05
4.646662398084628512e+05
4.630651489804466837e+05
4.616434324161853292e+05
4.604024222638818901e+05
4.593209313132453244e+05
4.583602531761315186e+05
4.574706816793919425e+05
4.565989906691693468e+05
4.556962263281415217e+05
4.547249149048783584e+05
4.536645729701384553e+05
4.525144409771135543e+05
4.512927505993348313e+05
4.500325204802437802e+05
4.487746557073963340e+05
4.475597581519372179e+05
4.464203404527002131e+05
4.453749917324046837e+05
4.444255185472198064e+05
4.435573442717072903e+05
4.427427166000998695e+05
4.419457509921012679e+05
4.411281434224792756e+05
4.402545088142444729e+05
4.392966252609821386e+05
4.382362311368426308e+05
4.370663122918355512e+05
4.357909928999780677e+05
4.344242436107551912e+05
4.329877042776859016e+05
4.315080116259928909e+05
4.300140941194331972e+05
4.285348834103257395e+05
4.270977485889218515e+05
4.257277009718325571e+05
4.244471243447939632e+05
4.232755705159635399e+05
4.222291127729574218e+05
4.213188980321439449e+05
4.205488404878791189e+05
4.199127687021285528e+05
4.193916773374680779e+05
4.189519599272219930e+05
4.185455429254080518e+05
4.181126512621763395e+05
4.175874856771508348e+05
4.169064155417743023e+05
4.160175162721835077e+05
4.148896338548756321e+05
4.135189047461570590e+05
4.119309872344010510e+05
4.101781706291346927e+05
4.083317849889428471e+05
4.064715280830609845e+05
4.046740387223018333e+05
4.030030303213095176e+05
4.015025946068095509e+05
4.001941981409161817e+05
3.990768549761310569e+05
3.981293341731147957e+05
3.973132067334399908e+05
3.965759572555348859e+05
3.958540079324184335e+05
3.950760144677592325e+05
3.941669803134370013e+05
3.930535538563597947e+05
3.916704408072275692e+05
3.899673833713293425e+05
3.879158144869100070e+05
3.855141830656774691e+05
3.827910488923271187e+05
3.798052805411225418e+05
3.766429770833030925e+05
3.734110521104332292e+05
3.702278001658903668e+05
3.672112438055202947e+05
3.644665920828947565e+05
3.620745764498633798e+05
3.600825496707814746e+05
3.584998652680509840e+05
3.572981963286950486e+05
3.564163261696945992e+05
3.557679398133187788e+05
3.552504613920925767e+05
3.547532307474814588e+05
3.541641952690490871e+05
3.533754157263548113e+05
3.522885128694506711e+05
3.508212810097474139e+05
3.489159484637794667e+05
3.465482574036987498e+05
3.437352543464559130e+05
3.405390630351739819e+05
3.370643423280262505e+05
3.334485589856340666e+05
3.298461407149697770e+05
3.264093090431191376e+05
3.232693061892353580e+05
3.205215524846430053e+05
3.182171516777534271e+05
3.163615571156289661e+05
3.149196576576801017e+05
3.138254428523465176e+05
3.129939346102025593e+05
3.123331849922001129e+05
3.117546644963289727e+05
3.111810861418975983e+05
3.105514219719077810e+05
3.098234047960125608e+05
3.089740698160161846e+05
3.079988719925562618e+05
3.069097106927664136e+05
3.057319665438596858e+05
3.045005643341906252e+05
3.032551920968226041e+05
3.020350757978442125e+05
3.008739791538937134e+05
2.997962035900277551e+05
2.988142182436459698e+05
2.979281948287613923e+05
2.971272997330645449e+05
2.963922711349161109e+05
2.956986834705671063e+05
2.950203680938928737e+05
2.943326210948362132e+05
2.936149682627829607e+05
2.928533044436217751e+05
2.920411972111309879e+05
2.911801264515774092e+05
2.902785121054381598e+05
2.893495950226049754e+05
2.884085283765726490e+05
2.874692938819585252e+05
2.865421583478204557e+05
2.856322689086478786e+05
2.847396743449847563e+05
2.838606555751053384e+05
2.829898830684669083e+05
2.821227066251733340e+05
2.812568832862423151e+05
2.803932542504444136e+05
2.795352238727445947e+05
2.786872674344360130e+05
2.778529864592083031e+05
2.770333542970605195e+05
2.762257177776507451e+05
2.754238747816005489e+05
2.746192165913210483e+05
2.738026126652531093e+05
2.729665132462040056e+05
2.721066999833461596e+05
2.712232267157296883e+05
2.703203232861778233e+05
2.694053226494749542e+05
2.684869428423890495e+05
2.675734377894632053e+05
2.666711652119442006e+05
2.657839800450620241e+05
2.649135745681234403e+05
2.640605377993742586e+05
2.632256220787454513e+05
2.624106040916040074e+05
2.616182711412987555e+05
2.608514153594243398e+05
2.601111499699395208e+05
2.593951981042034458e+05
2.586968981618240941e+05
2.580054648948551330e+05
2.573076074643523607e+05
2.565900977669802087e+05
2.558425011392640590e+05
2.550591794078240346e+05
2.542399010087750503e+05
2.533888693096896459e+05
2.525125381701468432e+05
2.516170207038931549e+05
2.507060517835381324e+05
2.497802750883441768e+05
2.488381522400267713e+05
2.478781985038095445e+05
2.469017459868543374e+05
2.459152007790870848e+05
2.449308787250186142e+05
2.439659327621514676e+05
2.430394722033591243e+05
2.421685221754359663e+05
2.413638088984652422e+05
2.406263999703401350e+05
2.399459999247336818e+05
2.393013006122938823e+05
2.386623399751316465e+05
2.379944334614155814e+05
2.372629629694357573e+05
2.364381533088260330e+05
2.354989410589208128e+05
2.344351644732298155e+05
2.332476020892003435e+05
2.319458580698810692e+05
2.305446560682497220e+05
2.290595971117721056e+05
2.275036589810944861e+05
2.258855207359906344e+05
2.242101951228796388e+05
2.224816371277297731e+05
2.207062819073278515e+05
2.188961417669463262e+05
2.170702882007235021e+05
2.152541624227596913e+05
2.134769232575824426e+05
2.117676465983664966e+05
2.101514371836871724e+05
2.086463831971134059e+05
2.072619095283464121e+05
2.059986518514198542e+05
2.048496231309383293e+05
2.038022338343375886e+05
2.028406486721696565e+05
2.019479889472612122e+05
2.011080044784974598e+05
2.003060316993273736e+05
1.995292929663289106e+05
1.987668088614298322e+05
1.980093055106441316e+05
1.972494442272899032e+05
1.964824891553696652e+05
1.957072421056588646e+05
1.949268354667430394e+05
1.941488919550802093e+05
1.933846789625828969e+05
1.926471707314104133e+05
1.919482881697256234e+05
1.912958968436451396e+05
1.906913086178081285e+05
1.901279940032470622e+05
1.895919665198747243e+05
1.890638990870690905e+05
1.885225774406641140e+05
1.879489191517612198e+05
1.873296135133559874e+05
1.866595345683727646e+05
1.859424192333663814e+05
1.851897637232675334e+05
1.844183096873390314e+05
1.836467359621495998e+05
1.828922071560610784e+05
1.821673220779967087e+05
1.814778651351485751e+05
1.808216694423017616e+05
1.801888421062164125e+05
1.795634976095936145e+05
1.789269107335627486e+05
1.782616322831560101e+05
1.775557190466481552e+05
1.768059966771069157e+05
1.760193606413116213e+05
1.752115689783164416e+05
1.744036781886089593e+05
1.736169892661873018e+05
1.728678505432140373e+05
1.721637326764825266e+05
1.715016177146077680e+05
1.708690473584186111e+05
1.702473775174508337e+05
1.696161389308030484e+05
1.689571113625100406e+05
1.682568769442662306e+05
1.675071795540713938e+05
1.667031988654780434e+05
1.658405836590283725e+05
1.649125194582802069e+05
1.639080760692026815e+05
1.628126071903288248e+05
1.616102405948452360e+05
1.602877793140829890e+05
1.588388847015559440e+05
1.572673611938785762e+05
1.555886782158951100e+05
1.538293884743184026e+05
1.520246322643829044e+05
1.502142966897605220e+05
1.484385636841488304e+05
1.467335614367571834e+05
1.451277113280767808e+05
1.436392135022880393e+05
1.422749717420064844e+05
1.410311063816889655e+05
1.398950061446182954e+05
1.388486129126635497e+05
1.378723589456906484e+05
1.369489760368762363e+05
1.360663718229042133e+05
1.352189724919958971e+05
1.344073266146916430e+05
1.336362289727737661e+05
1.329119967980249494e+05
1.322396886333867151e+05
1.316209615758690634e+05
1.310529784019897052e+05
1.305284270929274498e+05
1.300364287017586030e+05
1.295639623725892889e+05
1.290974354629141453e+05
1.286241238097882015e+05
1.281333336259424686e+05
1.276172368108443479e+05
1.270713805819190748e+05
1.264948752561067959e+05
1.258902446573175694e+05
1.252629116414865712e+05
1.246203110486417281e+05
1.239706847725471307e+05
1.233217095754653856e+05
1.226792074832655198e+05
1.220462462583754677e+05
1.214229104018406797e+05
1.208068909900866565e+05
1.201948242968548439e+05
1.195840647456868173e+05
1.189743918011538190e+05
1.183691005759758264e+05
1.177750497520098725e+05
1.172015150078978913e+05
1.166580412450270087e+05
1.161517920114440203e+05
1.156850600502036832e+05
1.152535779998731305e+05
1.148460688023635012e+05
1.144451740955905407e+05
1.140295930798168847e+05
1.135770365542674554e+05
1.130674907873494085e+05
1.124862856020567851e+05
1.118265320428282430e+05
1.110905961476542434e+05
1.102903852940357174e+05
1.094463456052841211e+05
1.085852173397172301e+05
1.077367731839019252e+05
1.069299483374361007e+05
1.061889135724258231e+05
1.055296923445764551e+05
1.049578536574654281e+05
1.044676366650840209e+05
1.040426281757198885e+05
1.036578786066615721e+05
1.032831493111088639e+05
1.028868518336932320e+05
1.024401651954145782e+05
1.019207956064177124e+05
1.013158776511256001e+05
1.006236163453308545e+05
9.985343680494185537e+04
9.902462380066835613e+04
9.816365894460344862e+04
9.730065416351020394e+04
9.646540184563912044e+04
9.568359842193720397e+04
9.497374975576803263e+04
9.434514501288073370e+04
9.379711008100745676e+04
9.331955078519316157e+04
9.289460771248656965e+04
9.249910697558004176e+04
9.210742965650800033e+04
9.169443612529506208e+04
9.123814330635698570e+04
9.072192541487872950e+04
9.013606368015756016e+04
8.947850471131585073e+04
8.875472140776421293e+04
8.797663525372487493e+04
8.716067395891054184e+04
8.632519619524749578e+04
8.548767743527692801e+04
8.466215943135945417e+04
8.385746447411828558e+04
8.307653597098900354e+04
8.231700838939794630e+04
8.157280177004293364e+04
8.083627884228547919e+04
8.010038883836785681e+04
7.936029568016054691e+04
7.861422121533878089e+04
7.786353301108436426e+04
7.711234936329220363e+04
7.636702484683309740e+04
7.563578930220310576e+04
7.492859473201184301e+04
7.425698939219053136e+04
7.363370510400319472e+04
7.307168390508745506e+04
7.258247421283269068e+04
7.217420802630936669e+04
7.184960467857832555e+04
7.160452742650700384e+04
7.142750753430881014e+04
7.130039062701848161e+04
7.119995791878967430e+04
7.110014929679787019e+04
7.097444480488024419e+04
7.079805134212241683e+04
7.054972632769645134e+04
7.021324637064948911e+04
6.977860648523768759e+04
6.924298006054927828e+04
6.861131915270326135e+04
6.789631914069075719e+04
6.711741150717520213e+04
6.629854671329380653e+04
6.546478373114207352e+04
6.463804721704451367e+04
6.383274292959597369e+04
6.305213146050352952e+04
6.228637589048593509e+04
6.151297657466324745e+04
6.069991482977737905e+04
5.981132078721771541e+04
5.881496213948757941e+04
5.769042957967813709e+04
5.643666108805103431e+04
5.507744695287007926e+04
5.366378263647459971e+04
5.227233546519838274e+04
5.099979508785065264e+04
4.995343061515389127e+04
4.923874672858304984e+04
4.894568990477450279e+04
4.913534570264904323e+04
4.982937054827452812e+04
5.100435151457141183e+04
5.259273904621685506e+04
5.449091906895111606e+04
5.657354030696697009e+04
5.871173670982089970e+04
6.079182362353829376e+04
6.273077177914369531e+04
6.448542359013732494e+04
6.605386037434240279e+04
6.746914932839434186e+04
6.878737590476320474e+04
7.007295134626048093e+04
7.138444090446224436e+04
7.276361690958752297e+04
7.422935481377156975e+04
7.577672086469174246e+04
7.738048967530160735e+04
7.900160690593156323e+04
8.059485314736634609e+04
8.211611428022496693e+04
8.352808767406533298e+04
8.480380059113740572e+04
8.592785715340886964e+04
8.689577008599236433e+04
8.771201428783879965e+04
8.838753196364251198e+04
8.893732713838756899e+04
8.937855422261895728e+04
8.972921277413121425e+04
9.000730923487624386e+04
9.023021961716393707e+04
9.041401611715678882e+04
9.057267072938069759e+04
9.071723696510771697e+04
9.085524566153605701e+04
9.099057494909578236e+04
9.112396378721075598e+04
9.125417440199770499e+04
9.137963081649335800e+04
9.150021909801592119e+04
9.161885996531156707e+04
9.174246886106015882e+04
9.188200629120042140e+04
9.205148807630766532e+04
9.226605150364953442e+04
9.253941612355358666e+04
9.288127387328848999e+04
9.329522721139926580e+04
9.377782450623427576e+04
9.431902039778593462e+04
9.490406267703424965e+04
9.551645708901161561e+04
9.614137960082167410e+04
9.676877262680559943e+04
9.739542471080698306e+04
9.802558769347229099e+04
9.867006531175467535e+04
9.934409412100072950e+04
1.000645971496386483e+05
1.008474284852287965e+05
1.017050401446131727e+05
1.026446937027614767e+05
1.036670753947181074e+05
1.047651036104808736e+05
1.059228895833545539e+05
1.071151370340599969e+05
1.083075560622874036e+05
1.094589242576027900e+05
1.105251500456054928e+05
1.114651265640091588e+05
1.122474947745240788e+05
1.128569139173139993e+05
1.132982839007105649e+05
1.135976771314583602e+05
1.137994572340095765e+05
1.139599872224539577e+05
1.141391810809327581e+05
1.143916677280860167e+05
1.147593592802971689e+05
1.152667534596762707e+05
1.159195205600055197e+05
1.167060939400823409e+05
1.176013620581931464e+05
1.185713122026559140e+05
1.195776117273130512e+05
1.205815033766604902e+05
1.215468391187054222e+05
1.224424035599967174e+05
1.232437928550038196e+05
1.239350335988465231e+05
1.245099393605750520e+05
1.249730198509047914e+05
1.253396578434039111e+05
1.256352793577753910e+05
1.258933504757481569e+05
1.261522112609932810e+05
1.264509765743726894e+05
1.268249666073741682e+05
1.273013321279303927e+05
1.278956437292081973e+05
1.286101495595854649e+05
1.294341369220972701e+05
1.303463991319331544e+05
1.313193298940574750e+05
1.323238018976859457e+05
1.333338592038085044e+05
1.343303927011559717e+05
1.353032939267644542e+05
1.362519539341403288e+05
1.371842685485549737e+05
1.381144844391767983e+05
1.390603043434113206e+05
1.400397203738877724e+05
1.410680782687259489e+05
1.421558499972031568e+05
1.433074461159756756e+05
1.445211238850633381e+05
1.457897279024095624e+05
1.471017876706751704e+05
1.484425167198078998e+05
1.497945181471136748e+05
1.511383633483601734e+05
1.524534564761403599e+05
1.537195560478790430e+05
1.549189837004285364e+05
1.560390755841634527e+05
1.570740895465331560e+05
1.580257899347385683e+05
1.589023389142867818e+05
1.597157687539339531e+05
1.604789000552767830e+05
1.612028232528250956e+05
1.618958414995725907e+05
1.625641637198781827e+05
1.632138947075488686e+05
1.638533091720458760e+05
1.644942508219485753e+05
1.651518214043612534e+05
1.658421845914304431e+05
1.665790492111539061e+05
1.673699427289469750e+05
1.682135492937016534e+05
1.690991169080518885e+05
1.700083277621747402e+05
1.709192692125397152e+05
1.718114745123164903e+05
1.726706295831071911e+05
1.734915886789885408e+05
1.742788102553408535e+05
1.750440865615859511e+05
1.758022655038830126e+05
1.765662841526097036e+05
1.773430376386093558e+05
1.781313203711961105e+05
1.789223976359969238e+05
1.797029339511292928e+05
1.804593050178855774e+05
1.811819703580478090e+05
1.818686568134983536e+05
1.825255204811467556e+05
1.831660447967499786e+05
1.838080144649719587e+05
1.844693496124203957e+05
1.851638282720530115e+05
1.858977476752976072e+05
1.866683740176775318e+05
1.874646234640301846e+05
1.882698643827396736e+05
1.890661556300103257e+05
1.898388092234121577e+05
1.905800469323260186e+05
1.912907785274475464e+05
1.919800950011844689e+05
1.926627486327604565e+05
1.933554425336167915e+05
1.940729924464032229e+05
1.948253047175428364e+05
1.956157326130416477e+05
1.964409110204831231e+05
1.972918042954889243e+05
1.981555289504801040e+05
1.990175203316989064e+05
1.998637133351956436e+05
2.006825037722472625e+05
2.014662994958111376e+05
2.022124783831860695e+05
2.029236067278136034e+05
2.036068876906114456e+05
2.042729949885844253e+05
2.049346207032325619e+05
2.056051185959624709e+05
2.062974934833063453e+05
2.070237195104614948e+05
2.077941204578307807e+05
2.086164989561123948e+05
2.094949532807175419e+05
2.104287823877918127e+05
2.114122901198525215e+05
2.124363484272114001e+05
2.134920962272296310e+05
2.145762412406169460e+05
2.156964739305573748e+05
2.168749763714444416e+05
2.181482510271822975e+05
2.195625057469585736e+05
2.211652538136020303e+05
2.229950682297788444e+05
2.250720794878096785e+05
2.273916196722943860e+05
2.299225318201236369e+05
2.326104588359169429e+05
2.353853152736948105e+05
2.381714031205049250e+05
2.408983276403668278e+05
2.435109141725787777e+05
2.459765910936845758e+05
2.482891060257271165e+05
2.504679673422028427e+05
2.525536536403700302e+05
2.545993590293126181e+05
2.566607050909751270e+05
2.587852655447759898e+05
2.610037706021223275e+05
2.633244633906882373e+05
2.657314004145271028e+05
2.681867452924411045e+05
2.706365047191313934e+05
2.730187831312367925e+05
2.752734310945402831e+05
2.773518073347799364e+05
2.792251993297749432e+05
2.808903341363923391e+05
2.823705680326151196e+05
2.837119682791031664e+05
2.849746042979090707e+05
2.862206797671090462e+05
2.875021819493072690e+05
2.888510290948672337e+05
2.902740521618058556e+05
2.917537447143717436e+05
2.932540782532220474e+05
2.947294197699452052e+05
2.961341126026606653e+05
2.974306249291072018e+05
2.985950240748253418e+05
2.996194511646647006e+05
3.005119069735765806e+05
3.012939245863465476e+05
3.019967334498506389e+05
3.026565221395672997e+05
3.033094973501780769e+05
3.039875577651246567e+05
3.047153866693332093e+05
3.055094808499092469e+05
3.063790926643097773e+05
3.073284560621041455e+05
3.083592617452053237e+05
3.094723373659061617e+05
3.106678914887179853e+05
3.119443192687550909e+05
3.132961641894936329e+05
3.147121366562841577e+05
3.161740050564709236e+05
3.176567807010862161e+05
3.191301327299140976e+05
3.205606338847441948e+05
3.219143951095904922e+05
3.231598643929110258e+05
3.242708519326872192e+05
3.252299537162089837e+05
3.260323252290145610e+05
3.266892541491800221e+05
3.272304482781736297e+05
3.277037322900467552e+05
3.281711775911040604e+05
3.287015715889792773e+05
3.293602888233792037e+05
3.301986161110724788e+05
3.312450001574727357e+05
3.325003383928872645e+05
3.339384280355218798e+05
3.355113729052696144e+05
3.371585593790769344e+05
3.388171016327656107e+05
3.404315638701836579e+05
3.419612090444944333e+05
3.433837662087589852e+05
3.446954954426542972e+05
3.459079871171191335e+05
3.470426075558772427e+05
3.481238190727410838e+05
3.491727765120656695e+05
3.502025902953790501e+05
3.512163574147751206e+05
3.522084454904745216e+05
3.531686521546494914e+05
3.540879937587145832e+05
3.549643267869292758e+05
3.558060242089064559e+05
3.566325550631238148e+05
3.574718285656396765e+05
3.583551749991488177e+05
3.593114661658118130e+05
3.603619340910990722e+05
3.615167941021550214e+05
3.627740867383132572e+05
3.641205418011849979e+05
3.655339448222338106e+05
3.669864616679432220e+05
3.684484957970426767e+05
3.698927171847996069e+05
3.712978102123767021e+05
3.726513039961418835e+05
3.739507619965266204e+05
3.752028039951525861e+05
3.764199566150643514e+05
3.776160216128194006e+05
3.788012199583245092e+05
3.799785369704380864e+05
3.811423539984618546e+05
3.822797333208331256e+05
3.833739183011961286e+05
3.844090244020859245e+05
3.853746974679630948e+05
3.862696840754862642e+05
3.871036427508739871e+05
3.878969537588334060e+05
3.886786579810365802e+05
3.894829524573672097e+05
3.903448992022717139e+05
3.912961397393311490e+05
3.923613831987557351e+05
3.935561952203573310e+05
3.948861884188597323e+05
3.963472495664026355e+05
3.979261483076473232e+05
3.996009279302301584e+05
4.013408972306007054e+05
4.031066461963549955e+05
4.048509881980728242e+05
4.065217915953542106e+05
4.080671772940105875e+05
4.094426565739827929e+05
4.106188216715604649e+05
4.115876136330017471e+05
4.123652877473035478e+05
4.129910057100409758e+05
4.135212234798881691e+05
4.140212393720023101e+05
4.145559635472857044e+05
4.151819367554318160e+05
4.159419479741326650e+05
4.168626180192001630e+05
4.179544511375422589e+05
4.192134171758056036e+05
4.206231860940949991e+05
4.221575323312965338e+05
4.237828692734880606e+05
4.254611010991647490e+05
4.271528823986469069e+05
4.288210468626507791e+05
4.304336405331281130e+05
4.319659197465187754e+05
4.334009617448552744e+05
4.347290827890232322e+05
4.359467786827063537e+05
4.370560777567604673e+05
4.380648662394531420e+05
4.389880289647491882e+05
4.398485095644559478e+05
4.406770604961298523e+05
4.415097716129412875e+05
4.423833461921840208e+05
4.433291338710617274e+05
4.443676220759671414e+05
4.455050842313193134e+05
4.467333795316295582e+05
4.480328251989951823e+05
4.493770984128668206e+05
4.507386544983416097e+05
4.520932836570818326e+05
4.534230008369504358e+05
4.547171508314564126e+05
4.559721224024058320e+05
4.571902678190971492e+05
4.583785582006552140e+05
4.595473072563556489e+05
4.607090954828133690e+05
4.618778815201577963e+05
4.630681887982062763e+05
4.642941802686574520e+05
4.655683921861949493e+05
4.668999406301059062e+05
4.682921931229277398e+05
4.697402062755318475e+05
4.712285747280524229e+05
4.727305589983922546e+05
4.742093112664625514e+05
4.756216398690079805e+05
4.769241202615121729e+05
4.780806609932684805e+05
4.790700969436190790e+05
4.798921896133837872e+05
4.805706348655738402e+05
4.811522531356921536e+05
4.817023062753742561e+05
4.822966435174596263e+05
4.830119383598119020e+05
4.839155238127633347e+05
4.850562593235819368e+05
4.864575681295811664e+05
4.881134232378521119e+05
4.899877590581893455e+05
4.920175641279849224e+05
4.941196676116181188e+05
4.962008179746597889e+05
4.981699968677596771e+05
4.999511366721952218e+05
5.014938347406740650e+05
5.027796625221947907e+05
5.038224798855845584e+05
5.046626739637514693e+05
5.053569758477053256e+05
5.059668060849773465e+05
5.065484088625826407e+05
5.071471856762187672e+05
5.077969486249652691e+05
5.085229561990881921e+05
5.093463089903018554e+05
5.102870535671226098e+05
5.113642080649172422e+05
5.125924832346723997e+05
5.139770749689166551e+05
5.155089086069420446e+05
5.171627318249762175e+05
5.188994733677738113e+05
5.206726774893674301e+05
5.224372024746062234e+05
5.241573773088779999e+05
5.258118705077865161e+05
5.273936690162468003e+05
5.289053823431786150e+05
5.303518655751585029e+05
5.317331664058240131e+05
5.330406190707120113e+05
5.342576075467424234e+05
5.353646567905923584e+05
5.363468724751545815e+05
5.372010003233188763e+05
5.379397584646927426e+05
5.385923400962828891e+05
5.392014588765364606e+05
5.398183425401573768e+05
5.404972773673052434e+05
5.412907251300769858e+05
5.422451262455085525e+05
5.433968585157950874e+05
5.447678482159018749e+05
5.463610297295195051e+05
5.481568021220050287e+05
5.501122126639549388e+05
5.521643216134558897e+05
5.542380108822644688e+05
5.562568431986682117e+05
5.581542308328564977e+05
5.598818455674063880e+05
5.614131590575585142e+05
5.627418818157177884e+05
5.638770186891017947e+05
5.648373512361110188e+05
5.656478681186618051e+05
5.663391625865278766e+05
5.669488960709034000e+05
5.675231011407141341e+05
5.681150582003945019e+05
5.687807279495591065e+05
5.695715646658279002e+05
5.705269740635793423e+05
5.716689560260833241e+05
5.730004806705485098e+05
5.745074706119108014e+05
5.761628312675592024e+05
5.779305281686028466e+05
5.797684090481555322e+05
5.816298153478732565e+05
5.834651905218913453e+05
5.852251823167159455e+05
5.868659823378340807e+05
5.883562617945182137e+05
5.896837894508739701e+05
5.908593208909236128e+05
5.919158892952372553e+05
5.929029820451444248e+05
5.938767014226302272e+05
5.948882777333069826e+05
5.959738156864071498e+05
5.971477965188144008e+05
5.984017962157271104e+05
5.997084674781744834e+05
6.010294938505170867e+05
6.023253386003311025e+05
6.035644064355986193e+05
6.047297103122211993e+05
6.058220492322503123e+05
6.068596761486278847e+05
