6.098153359816168668e+05
6.084671951360328821e+05
6.073779826628654264e+05
6.065029509232902201e+05
6.057770908039127244e+05
6.051248762556567090e+05
6.044711120208688080e+05
6.037506148765683174e+05
6.029149641142955516e+05
6.019356005673751934e+05
6.008036480007556966e+05
5.995274935773269972e+05
5.981291832113256678e+05
5.966402285918273265e+05
5.950969111866668100e+05
5.935350177120902808e+05
5.919842909780233167e+05
5.904635057600165019e+05
5.889775288035505218e+05
5.875175911362861516e+05
5.860651870964250993e+05
5.845987980145207839e+05
5.831015473177698441e+05
5.815674344134858111e+05
5.800041987976027885e+05
5.784319845846582903e+05
5.768783626532945782e+05
5.753713917159907287e+05
5.739328730607737089e+05
5.725736716580369975e+05
5.712921231034478405e+05
5.700754884487258969e+05
5.689035487044665497e+05
5.677530191149895545e+05
5.666015777678930899e+05
5.654308033785023727e+05
5.642279260969922179e+05
5.629867200613589957e+05
5.617079268853677204e+05
5.603993121858065715e+05
5.590750349028488854e+05
5.577537603006284917e+05
5.564551165478241164e+05
5.551947139688248280e+05
5.539787827583393082e+05
5.528001268265981926e+05
5.516371424645991065e+05
5.504569440673796926e+05
5.492223540051225573e+05
5.479011221194919199e+05
5.464748048066465417e+05
5.449446522802904947e+05
5.433326806529982714e+05
5.416775394905162975e+05
5.400263078576690750e+05
5.384244533708104864e+05
5.369065586297638947e+05
5.354900258056345629e+05
5.341730213282277109e+05
5.329367547780409222e+05
5.317511409005592577e+05
5.305822265930082649e+05
5.293995945272366516e+05
5.281822488310182234e+05
5.269220805770308943e+05
5.256246628108697478e+05
5.243076175210017245e+05
5.229970271304669441e+05
5.217223890617610305e+05
5.205106098364265636e+05
5.193796768025165075e+05
5.183329650193757261e+05
5.173554739383216365e+05
5.164133588622366660e+05
5.154576848931317800e+05
5.144323591657132492e+05
5.132849447357865865e+05
5.119779774739528075e+05
5.104979462503996328e+05
5.088594988745189621e+05
5.071036219823946012e+05
5.052901412552679540e+05
5.034863867774492828e+05
5.017548071756048012e+05
5.001424418692096369e+05
4.986744891162574058e+05
4.973529902246521087e+05
4.961602738573094248e+05
4.950656648319670931e+05
4.940333536794790416e+05
4.930293676137283328e+05
4.920262063530185842e+05
4.910046659171353676e+05
4.899533326455074712e+05
4.888668579541592626e+05
4.877442124633607455e+05
4.865876676809843630e+05
4.854024993854491622e+05
4.841967396469324594e+05
4.829800988128274912e+05
4.817615947352859657e+05
4.805462885232327972e+05
4.793323718258914305e+05
4.781101568431117339e+05
4.768640015061808517e+05
4.755770103064934374e+05
4.742370376100445283e+05
4.728417586457117577e+05
4.714007902669525938e+05
4.699339750528093427e+05
4.684664636356586125e+05
4.670224400674817734e+05
4.656197214804997202e+05
4.642669390846552560e+05
4.629638997960052220e+05
4.617045610394381220e+05
4.604812747775423340e+05
4.592887681937437737e+05
4.581266577116350527e+05
4.569999081134684384e+05
4.559172926236970816e+05
4.548883976397854276e+05
4.539199665890145116e+05
4.530124023054582649e+05
4.521571166041945689e+05
4.513352201769785024e+05
4.505178578463781159e+05
4.496683364681183593e+05
4.487460313543802476e+05
4.477118283935472718e+05
4.465345245242675883e+05
4.451972086428414914e+05
4.437023123149616877e+05
4.420739413307108334e+05
4.403564264912610524e+05
4.386087874688087031e+05
4.368958308155908599e+05
4.352775947688998422e+05
4.337994551405789098e+05
4.324851602333607152e+05
4.313343273563580005e+05
4.303247254317484912e+05
4.294183928377991542e+05
4.285697344741240959e+05
4.277334951086865622e+05
4.268709337898403755e+05
4.259533704209204298e+05
4.249631386017694604e+05
4.238925064846214373e+05
4.227411853129450465e+05
4.215127709729189519e+05
4.202101780768437311e+05
4.188301466048511793e+05
4.173573543708145735e+05
4.157593966737316805e+05
4.139845080517055467e+05
4.119639570421932149e+05
4.096202696383455768e+05
4.068808929160629632e+05
4.036950257560653263e+05
4.000497846423225128e+05
3.959812949658854050e+05
3.915770756604035269e+05
3.869681240467760363e+05
3.823118372371543664e+05
3.777694597466710838e+05
3.734832757245797548e+05
3.695587577799315332e+05
3.660553611577977426e+05
3.629871431719854008e+05
3.603317259681440191e+05
3.580441302856362308e+05
3.560712261032573879e+05
3.543630750872544595e+05
3.528789637081845431e+05
3.515878600948943058e+05
3.504647317155408091e+05
3.494851428183758399e+05
3.486206053890123731e+05
3.478364061110413168e+05
3.470924508946446003e+05
3.463465341962918756e+05
3.455587438969145296e+05
3.446956204100258765e+05
3.437331060544372303e+05
3.426579691357368720e+05
3.414679518758262857e+05
3.401711610889852745e+05
3.387851560713407234e+05
3.373359014770754147e+05
3.358564278839887120e+05
3.343848486501979060e+05
3.329614163732654415e+05
3.316245714229082805e+05
3.304063554287927109e+05
3.293279808723098831e+05
3.283965793364648707e+05
3.276040451361842570e+05
3.269284109721654095e+05
3.263374662597928545e+05
3.257936294893891318e+05
3.252587220588748460e+05
3.246974534471695079e+05
3.240790730838769232e+05
3.233774916012933827e+05
3.225708299808012089e+05
3.216415093912098091e+05
3.205775804619292612e+05
3.193752200711944606e+05
3.180415769531470723e+05
3.165967788174491143e+05
3.150740764128552983e+05
3.135176829718297231e+05
3.119785725731735001e+05
3.105090123909330578e+05
3.091567533853321802e+05
3.079596406405546004e+05
3.069411333641941310e+05
3.061070577884461381e+05
3.054439309783877688e+05
3.049192865780434222e+05
3.044844013529395452e+05
3.040795128720718785e+05
3.036410577687657205e+05
3.031098550980964210e+05
3.024387899520311039e+05
3.015986062665293575e+05
3.005808819978320971e+05
2.993979351938546752e+05
2.980800301367079373e+05
2.966706308187191025e+05
2.952205523339990177e+05
2.937817860198032577e+05
2.924016506055952050e+05
2.911178204237371101e+05
2.899546904024534742e+05
2.889214033698184649e+05
2.880116621042013285e+05
2.872052118811673718e+05
2.864706843350130366e+05
2.857694000453554909e+05
2.850597354962932877e+05
2.843017114170906134e+05
2.834614806258083554e+05
2.825153493817091221e+05
2.814528853547066683e+05
2.802786213841686258e+05
2.790119307310018339e+05
2.776848583623161539e+05
2.763380197070505237e+05
2.750150556731870165e+05
2.737564724833926884e+05
2.725939067182947765e+05
2.715458608880385291e+05
2.706157059485392529e+05
2.697922612974132644e+05
2.690526468428157968e+05
2.683665435187484836e+05
2.677007047706771991e+05
2.670226612741371500e+05
2.663030276677472284e+05
2.655164634065926075e+05
2.646418870765315951e+05
2.636627678600589861e+05
2.625681447944560787e+05
2.613545564587517292e+05
2.600285152669805684e+05
2.586087486026177939e+05
2.571272837395989627e+05
2.556285911135682836e+05
2.541663552380437031e+05
2.527979196642804891e+05
2.515769629422910803e+05
2.505454258869693440e+05
2.497260402999406797e+05
2.491169115876911674e+05
2.486894060722310969e+05
2.483900737254558480e+05
2.481465813161515689e+05
2.478768177920360467e+05
2.474996876186118170e+05
2.469458179646235949e+05
2.461665475936415896e+05
2.451400646233770822e+05
2.438742205482485879e+05
2.424061351374584192e+05
2.407990522488079150e+05
2.391369771037059545e+05
2.375175252547056880e+05
2.360433153471338737e+05
2.348122825391363876e+05
2.339075070464329619e+05
2.333874488569931418e+05
2.332776951229003025e+05
2.335653278954453417e+05
2.341967745778905810e+05
2.350795935261555715e+05
2.360882143883570388e+05
2.370733115305811807e+05
2.378742591827290307e+05
2.383339187371454609e+05
2.383147248576079146e+05
2.377146109065818309e+05
2.364808244484275056e+05
2.346193486253444862e+05
2.321977410847641295e+05
2.293399248198900023e+05
2.262128008501395525e+05
2.230062243514106376e+05
2.199094180836397863e+05
2.170877841672048380e+05
2.146639892339406942e+05
2.127061397562544735e+05
2.112241824824264913e+05
2.101739208167704055e+05
2.094667741252767155e+05
2.089829251812650182e+05
2.085857571045099467e+05
2.081361437914582784e+05
2.075057961002344964e+05
2.065891669715116150e+05
2.053133252287021023e+05
2.036449159339252801e+05
2.015931535949008830e+05
1.992080036928000627e+05
1.965733623354028387e+05
1.937959802799308964e+05
1.909917854056285287e+05
1.882718207387607836e+05
1.857300442695992824e+05
1.834347357422295900e+05
1.814244010592004342e+05
1.797081239649329800e+05
1.782695436114952026e+05
1.770732032633535564e+05
1.760719649084807024e+05
1.752144470502884360e+05
1.744518687496263883e+05
1.737440912439576641e+05
1.730648807463120902e+05
1.724063867062746431e+05
1.717825607456970902e+05
1.712308640537909814e+05
1.708113253235926677e+05
1.706020103635736450e+05
1.706903526668985724e+05
1.711605370764578402e+05
1.720780593176510883e+05
1.734734618419643957e+05
1.753278376914970286e+05
1.775628385628948163e+05
1.800375613009913941e+05
1.825538527542116935e+05
1.848703732216285716e+05
1.867243585921931081e+05
1.878586373997425544e+05
1.880503469647897000e+05
1.871372094623332086e+05
1.850373664093262923e+05
1.817596813177257718e+05
1.774029689099120733e+05
1.721444789615313057e+05
1.662197333540859981e+05
1.598970857932717772e+05
1.534508894547573000e+05
1.471368847467842279e+05
1.411725399093605520e+05
1.357239049017694197e+05
1.308993924552565149e+05
1.267499937479834189e+05
1.232748370044290932e+05
1.204306592286356026e+05
1.181436046593781648e+05
1.163217459577283589e+05
1.148668575952098763e+05
1.136842814762980706e+05
1.126901918015277042e+05
1.118160922253029421e+05
1.110108192141547479e+05
1.102405634675859183e+05
1.094874329629075801e+05
1.087469513471331447e+05
1.080247542604095506e+05
1.073327235302664340e+05
1.066849003362247604e+05
1.060936618151161383e+05
1.055667099611876911e+05
1.051053236581727688e+05
1.047040676217503496e+05
1.043518212193022628e+05
1.040337044238671078e+05
1.037333316854735749e+05
1.034348504210277169e+05
1.031243891107158997e+05
1.027907804602943506e+05
1.024256580574475229e+05
1.020231860855303094e+05
1.015797362573943828e+05
1.010937733166522376e+05
1.005660785693801590e+05
1.000002755586929416e+05
9.940347043629156542e+04
9.878671793985490513e+04
9.816499265867314534e+04
9.755639298995982972e+04
9.698043348647450330e+04
9.645548349117550242e+04
9.599566137406397320e+04
9.560774141817234340e+04
9.528879515202030598e+04
9.502528698022512253e+04
9.479412463078901055e+04
9.456574614519030729e+04
9.430880582633163431e+04
9.399555806576376199e+04
9.360678912393513019e+04
9.313520991256956768e+04
9.258658925798856944e+04
9.197846167250545113e+04
9.133680812360049458e+04
9.069151243092746881e+04
9.007154288465417631e+04
8.950070509544135712e+04
8.899455027286907716e+04
8.855872666121019574e+04
8.818882397700360161e+04
8.787160768649214879e+04
8.758743705456986208e+04
8.731355367151356768e+04
8.702779122306594218e+04
8.671212452218140243e+04
8.635542059413192328e+04
8.595484793636578252e+04
8.551566037976479856e+04
8.504944253165854025e+04
8.457127097817978938e+04
8.409648778984879027e+04
8.363782412531643058e+04
8.320345105997117935e+04
8.279624186352602555e+04
8.241421080443415849e+04
8.205184563864559459e+04
8.170192801144241821e+04
8.135743584637282765e+04
8.101319922511078767e+04
8.066707840828172630e+04
8.032051147578613018e+04
7.997833964948129142e+04
7.964789248377861804e+04
7.933743737011810299e+04
7.905427029007099918e+04
7.880289809346015682e+04
7.858384951025052578e+04
7.839357131701878097e+04
7.822559402015524392e+04
7.807275136448912963e+04
7.792984571785561275e+04
7.779592062292087940e+04
7.767533559174749826e+04
7.757714123633121199e+04
7.751272833770597936e+04
7.749221590954730345e+04
7.752039855386022828e+04
7.759320037766952009e+04
7.769547320510087593e+04
7.780069277503159537e+04
7.787274224034641520e+04
7.786961352566037385e+04
7.774855787270543806e+04
7.747199871567977243e+04
7.701338798729010159e+04
7.636214733558276203e+04
7.552690228195776581e+04
7.453640294663296663e+04
7.343782561414271186e+04
7.229253238162190246e+04
7.116977088048838777e+04
7.013914853788191976e+04
6.926294952158162778e+04
6.858943672401894582e+04
6.814818937128417019e+04
6.794829206392347987e+04
6.797984999388417054e+04
6.821888802703707188e+04
6.863520853705985064e+04
6.920223014751164010e+04
6.990722018453526834e+04
7.075974828305709525e+04
7.179581428756573587e+04
7.307522135630444973e+04
7.467065607767221809e+04
7.664871746929571964e+04
7.904558604029752314e+04
8.184251382847852074e+04
8.494792478449454939e+04
8.819274695090117166e+04
9.134320735662239895e+04
9.413104212984707556e+04
9.629606689244890003e+04
9.763196390711449203e+04
9.802449087717352086e+04
9.747284788775593915e+04
9.608926751318662718e+04
9.407761205821869953e+04
9.169699359615192225e+04
8.921956437073013512e+04
8.689189753950007434e+04
8.490707691792494734e+04
8.339082756653391698e+04
8.240112213519457146e+04
8.193782461652556958e+04
8.195764801627579436e+04
8.238995404446501925e+04
8.315022197661222890e+04
8.414970590082922718e+04
8.530130867982958443e+04
8.652267354370489193e+04
8.773783227356238058e+04
8.887855975554526958e+04
8.988608863314709743e+04
9.071327276517462451e+04
9.132683921066255425e+04
9.170913543385716912e+04
9.185877930869405100e+04
9.178981375262566144e+04
9.152928276621851546e+04
9.111349566290157964e+04
9.058354517330904491e+04
8.998081832102077897e+04
8.934323919246818696e+04
8.870280565356872103e+04
8.808467334255178866e+04
8.750768650854851876e+04
8.698595904972616700e+04
8.653095553932088660e+04
8.615354843470721971e+04
8.586570732813104405e+04
8.568172328629932599e+04
8.561906930466486665e+04
8.569904440725337190e+04
8.594720505776183563e+04
8.639330941639693629e+04
8.707023298948521551e+04
8.801124183042428922e+04
8.924526915414971882e+04
9.079044174441409996e+04
9.264688481957535259e+04
9.479050632647980819e+04
9.716970708657425712e+04
9.970658062877059274e+04
1.023031807721147488e+05
1.048521185735151230e+05
1.072495345112223440e+05
1.094077993218740739e+05
1.112653685298851051e+05
1.127920124117816158e+05
1.139888689305332664e+05
1.148839993233516579e+05
1.155249883835283690e+05
1.159704303982856800e+05
1.162819095500322728e+05
1.165175243077528576e+05
1.167273816316473094e+05
1.169510072005478723e+05
1.172163707257149654e+05
1.175401777264902776e+05
1.179291271037828992e+05
1.183818732817754644e+05
1.188914132223031047e+05
1.194475637695469486e+05
1.200391695551048033e+05
1.206557455258763657e+05
1.212884188175927702e+05
1.219302363802704785e+05
1.225760575964548625e+05
1.232222850820845924e+05
1.238665967674047715e+05
1.245076947306540678e+05
1.251449813124676584e+05
1.257780837386514759e+05
1.264062738061234704e+05
1.270279910995585087e+05
1.276407654130390147e+05
1.282417673797010357e+05
1.288289976752362418e+05
1.294028420969418949e+05
1.299675032429951534e+05
1.305317778934779344e+05
1.311088138620541722e+05
1.317147891478307720e+05
1.323667840021104203e+05
1.330803330986067594e+05
1.338671761626534862e+05
1.347335840733836230e+05
1.356794115409135993e+05
1.366978316482662340e+05
1.377756245632962091e+05
1.388939354199669033e+05
1.400295294281411043e+05
1.411566692880625778e+05
1.422497514925462310e+05
1.432867421489829139e+05
1.442532741272145358e+05
1.451470522091012390e+05
1.459820040493138367e+05
1.467914421228630235e+05
1.476293937511618424e+05
1.485692553553813486e+05
1.496990919253023458e+05
1.511132864904844319e+05
1.529008574701952166e+05
1.551315379136101401e+05
1.578414973602980608e+05
1.610211710580775689e+05
1.646078253387233708e+05
1.684850826623948233e+05
1.724906362141746795e+05
1.764319435066057777e+05
1.801080864264457487e+05
1.833345870719982777e+05
1.859671266757140402e+05
1.879200707973991230e+05
1.891765184193309688e+05
1.897881205374634592e+05
1.898648339439748088e+05
1.895566655833380355e+05
1.890309004207168764e+05
1.884489743694997160e+05
1.879469222695363278e+05
1.876222893848531530e+05
1.875288329168919590e+05
1.876786673109161202e+05
1.880501361498633341e+05
1.885989192499298078e+05
1.892698031006703968e+05
1.900070447991527908e+05
1.907620888308020949e+05
1.914982611713305232e+05
1.921927409402302874e+05
1.928364898415973003e+05
1.934329083649521053e+05
1.939958550830754393e+05
1.945474028110973013e+05
1.951154081712995539e+05
1.957307402095379657e+05
1.964239490733249113e+05
1.972213208659239172e+05
1.981406342832111986e+05
1.991873661551644909e+05
2.003523630032368237e+05
2.016119016131417011e+05
2.029305423627669516e+05
2.042663802193342126e+05
2.055775297363485151e+05
2.068282748937206634e+05
2.079934595839099202e+05
2.090603304788726091e+05
2.100278910805291089e+05
2.109045259305950021e+05
2.117049496701130120e+05
2.124473856550064229e+05
2.131514512450155453e+05
2.138367828429659130e+05
2.145221773606345814e+05
2.152250093470003922e+05
2.159608090397589549e+05
2.167430032200692222e+05
2.175828252218785055e+05
2.184892984961949114e+05
2.194690850393856817e+05
2.205259768739794963e+05
2.216599458773963270e+05
2.228659104444839468e+05
2.241326126042385295e+05
2.254421051583466469e+05
2.267702612921600521e+05
2.280884643803994113e+05
2.293663140903133317e+05
2.305749216365200118e+05
2.316902512096875580e+05
2.326960092134133156e+05
2.335857268090317957e+05
2.343638316045154352e+05
2.350455965690641606e+05
2.356558936127976340e+05
2.362267364991217328e+05
2.367937575301521283e+05
2.373920526522725122e+05
2.380521757529568858e+05
2.387973014327871497e+05
2.396425276816658443e+05
2.405968606377173564e+05
2.416676722792885266e+05
2.428665630989278434e+05
2.442148916289517365e+05
2.457470141501704929e+05
2.475096386289850343e+05
2.495565816575654608e+05
2.519394075007896172e+05
2.546956115606486565e+05
2.578368667216899921e+05
2.613401331404951343e+05
2.651440270430066739e+05
2.691518091147949453e+05
2.732409177811531117e+05
2.772774953028548625e+05
2.811332280646609142e+05
2.847013510254099965e+05
2.879089588253346737e+05
2.907236962098840158e+05
2.931541598538213875e+05
2.952445663842272479e+05
2.970651399596006377e+05
2.987001213359945687e+05
3.002353335261185421e+05
3.017469845527185826e+05
3.032929830765505903e+05
3.049075837246753508e+05
3.065997139648637967e+05
3.083548858297218103e+05
3.101401820612642914e+05
3.119114494710715371e+05
3.136215590525154839e+05
3.152284382508038543e+05
3.167015966347065987e+05
3.180261085289371549e+05
3.192035091484175646e+05
3.202497437021423248e+05
3.211910098286046996e+05
3.220588092306592152e+05
3.228855673861980322e+05
3.237017432116675191e+05
3.245346048916759319e+05
3.254081253068397054e+05
3.263430820421092212e+05
3.273565878475305508e+05
3.284608188897636719e+05
3.296613363177008578e+05
3.309557671463519218e+05
3.323335379238812020e+05
3.337769080856440705e+05
3.352630011957232491e+05
3.367661925999957602e+05
3.382602534701028490e+05
3.397200150762739941e+05
3.411227566359578632e+05
3.424497488606417901e+05
3.436882452361489413e+05
3.448337676277629798e+05
3.458920349340601824e+05
3.468796360733523616e+05
3.478227346072699875e+05
3.487536691377398674e+05
3.497060305423960090e+05
3.507093277573618689e+05
3.517844696101897280e+05
3.529409768764185137e+05
3.541762896368705551e+05
3.554770269658112666e+05
3.568217834101213957e+05
3.581850159385324805e+05
3.595416243666245718e+05
3.608717612885523704e+05
3.621651533689771313e+05
3.634239085795248393e+05
3.646627008328309748e+05
3.659056099957603728e+05
3.671797819753836957e+05
3.685072018462990527e+05
3.698967867205087678e+05
3.713392661171572981e+05
3.728067281455760822e+05
3.742574200685310061e+05
3.756448384020662634e+05
3.769288586763857747e+05
3.780860490325247520e+05
3.791165349198088516e+05
3.800457086690363358e+05
3.809203941266997135e+05
3.818004090231886366e+05
3.827474909838191234e+05
3.838140540644446155e+05
3.850341448176099802e+05
3.864183300872561522e+05
3.879532523303974885e+05
3.896054925260763848e+05
3.913284639974551974e+05
3.930705434281462221e+05
3.947826279050556477e+05
3.964237434045038535e+05
3.979640532712780987e+05
3.993853954028993612e+05
4.006800935879281606e+05
4.018490889785051113e+05
4.029003702870394918e+05
4.038483011516256956e+05
4.047138926794540603e+05
4.055255366545693250e+05
4.063193778793814708e+05
4.071384730913685053e+05
4.080301657260851935e+05
4.090416037620605784e+05
4.102138804226896609e+05
4.115757196638580062e+05
4.131378484785004403e+05
4.148891651683119708e+05
4.167955664283967926e+05
4.188019103438502643e+05
4.208371382159098866e+05
4.228221067675119266e+05
4.246792345862988150e+05
4.263426945375284413e+05
4.277676602102945326e+05
4.289371166154972161e+05
4.298650182103618281e+05
4.305951002391426591e+05
4.311953321130512631e+05
4.317487148322235444e+05
4.323417453585567418e+05
4.330523118326538824e+05
4.339389875682222191e+05
4.350336062430022284e+05
4.363385657056497876e+05
4.378294890888793743e+05
4.394627336680428125e+05
4.411860071813063114e+05
4.429494082763939514e+05
4.447139651930998662e+05
4.464554501795268152e+05
4.481627931974528474e+05
4.498323105106831063e+05
4.514604682231912157e+05
4.530383622032302083e+05
4.545502639842459466e+05
4.559767748471617815e+05
4.573011224492743495e+05
4.585158094561382313e+05
4.596267542002538685e+05
4.606532376780623454e+05
4.616238083620349644e+05
4.625699403570550494e+05
4.635199769080222468e+05
4.644954730697375489e+05
4.655107783454867313e+05
4.665752317831317778e+05
4.676963562853576732e+05
4.688823144363992033e+05
4.701425592672947096e+05
4.714866495262848912e+05
4.729220507138710818e+05
4.744520228315508575e+05
4.760743554152123397e+05
4.777810349306230200e+05
4.795583589895173791e+05
4.813868898473983863e+05
4.832410240271423827e+05
4.850885912132927915e+05
4.868913678919168306e+05
4.886073652226922568e+05
4.901951708010989241e+05
4.916197523407341796e+05
4.928584055805511889e+05
4.939053215554872877e+05
4.947736651250189170e+05
4.954948835817312938e+05
4.961157903743676143e+05
4.966944084685205598e+05
4.972954483118510107e+05
4.979857719264785992e+05
4.988296093241586932e+05
4.998830291111481492e+05
5.011874382899774355e+05
5.027626296657446073e+05
5.046007724426982459e+05
5.066632889645672985e+05
5.088824009978018003e+05
5.111681661573111196e+05
5.134203254414164694e+05
5.155427911775559769e+05
5.174577142664418789e+05
5.191161471823918982e+05
5.205033240176710533e+05
5.216380796923358575e+05
5.225673218879980268e+05
5.233572748092375114e+05
5.240833071914825705e+05
5.248197768377439352e+05
5.256308807957960526e+05
5.265632984552645357e+05
5.276414650698800106e+05
5.288663500506671844e+05
5.302183027791864006e+05
5.316637242894812953e+05
5.331642183965706499e+05
5.346859361685349140e+05
5.362065510504532140e+05
5.377179398798067123e+05
5.392240425850623287e+05
5.407350161518731620e+05
5.422600393854718423e+05
5.438014737139403587e+05
5.453524203430189518e+05
5.468983257740647532e+05
5.484217430989295244e+05
5.499082557670009555e+05
5.513513026765368413e+05
5.527542417447597254e+05
5.541291408493509516e+05
5.554929851526340935e+05
5.568627676833883161e+05
5.582510469578208867e+05
5.596630839983671904e+05
5.610959244782472961e+05
5.625391450862069614e+05
5.639766843069838360e+05
5.653892445687589934e+05
5.667570043374914676e+05
5.680625706806416856e+05
5.692940804736861028e+05
5.704481409222271759e+05
5.715320524328971514e+05
5.725646761342426762e+05
5.735754974140198901e+05
5.746018419203757076e+05
5.756846464800466783e+05
5.768634852429571329e+05
5.781716084288952406e+05
5.796316152815790847e+05
5.812521941138871480e+05
5.830262449399363250e+05
5.849306705109307077e+05
5.869280772639086936e+05
5.889704310125610791e+05
5.910043137563378550e+05
5.929769429282027995e+05
5.948417873059561243e+05
5.965626790852479171e+05
5.981158401661401149e+05
5.994900202663633972e+05
6.006856093933533411e+05
6.017137748699797085e+05
6.025962510725283064e+05
6.033655832420835504e+05
6.040648573371800594e+05
6.047457151039286982e+05
6.054639781113703502e+05
6.062732946745284135e+05
6.072183418882413534e+05
6.083296462652807822e+05
6.096216712558101863e+05
6.110945713568299543e+05
6.127384897508746944e+05
6.145382167762940517e+05
6.164759715237659402e+05
6.185310804870965658e+05
6.206769457031409256e+05
6.228771609303238802e+05
6.250832604061686434e+05
6.272360835592898075e+05
6.292713485404986423e+05
6.311283767747294623e+05
6.327597085464039119e+05
6.341390561913894489e+05
6.352656839695103699e+05
6.361645107536261203e+05
6.368824495941097848e+05
6.374822661214745604e+05
6.380353820592806442e+05
6.386147131071623880e+05
6.392881394126531668e+05
6.401128702749460936e+05
6.411309100581160747e+05
6.423659661033316515e+05
6.438222377780537354e+05
6.454853916503895307e+05
6.473256212406251580e+05
6.493021594426130177e+05
6.513682146952563198e+05
6.534752620239608223e+05
6.555760016376560088e+05
6.576259611508045346e+05
6.595843745703521417e+05
6.614153132481364300e+05
6.630898835123456083e+05
6.645896709804144921e+05
6.659107530911265640e+05
6.670669008868045639e+05
6.680904022704751696e+05
6.690294222626540577e+05
6.699418430720426841e+05
6.708867129587641684e+05
6.719152950506660854e+05
6.730638843390424736e+05
6.743499841630711453e+05
6.757723558735470288e+05
6.773143237311291741e+05
6.789489546233676374e+05
6.806445515754546504e+05
6.823692411309380550e+05
6.840940437494973885e+05
6.857944037565904437e+05
