6.105170765364534454e+05
6.088824725260409759e+05
6.074766494139253628e+05
6.062488707272462780e+05
6.051385374422097811e+05
6.040887643849725137e+05
6.030563369754865998e+05
6.020162768348823301e+05
6.009610107644057134e+05
5.998956254690565402e+05
5.988314461308586178e+05
5.977800563710783608e+05
5.967490752802349161e+05
5.957399589767663274e+05
5.947472826900348300e+05
5.937587052960483124e+05
5.927551403320048703e+05
5.917112741023581475e+05
5.905970521013539983e+05
5.893807539268123219e+05
5.880337279461058788e+05
5.865360194001592463e+05
5.848814486704017036e+05
5.830805737353416625e+05
5.811605215833258117e+05
5.791616736600972945e+05
5.771321916215928504e+05
5.751219331638236763e+05
5.731772247441498330e+05
5.713373381826395635e+05
5.696327097695239354e+05
5.680843374482489889e+05
5.667036347390153678e+05
5.654922941706808051e+05
5.644421828366914997e+05
5.635356477561255451e+05
5.627466351691391319e+05
5.620427179690531921e+05
5.613876716514913132e+05
5.607439217487602727e+05
5.600742165103807347e+05
5.593422830938298721e+05
5.585128233139576623e+05
5.575516961383236339e+05
5.564272468420944642e+05
5.551133692623540992e+05
5.535941429038154893e+05
5.518690630021935795e+05
5.499573209899334470e+05
5.478995377994732698e+05
5.457558462580533233e+05
5.436000984127979027e+05
5.415109525217091432e+05
5.395613856136751128e+05
5.378085906455292134e+05
5.362861894655751530e+05
5.350002593328236835e+05
5.339299201619552914e+05
5.330322863557187375e+05
5.322506271060500294e+05
5.315238406330699800e+05
5.307950870986873051e+05
5.300178047673986293e+05
5.291582975500046741e+05
5.281953026002164697e+05
5.271179231081900652e+05
5.259235962859727442e+05
5.246172158550524618e+05
5.232114229912997107e+05
5.217270183514967212e+05
5.201920408205529093e+05
5.186385809924994246e+05
5.170976056713407743e+05
5.155933083453236613e+05
5.141390573035866837e+05
5.127365260729272268e+05
5.113782683420748799e+05
5.100525144398097764e+05
5.087480829411504092e+05
5.074574512778710341e+05
5.061770873202657676e+05
5.049055205392282805e+05
5.036406197969370987e+05
5.023777043721207883e+05
5.011094737346993061e+05
4.998277247475596960e+05
4.985259795586811961e+05
4.972018443591907853e+05
4.958581966029022587e+05
4.945029077829309972e+05
4.931474012887863792e+05
4.918046671635312960e+05
4.904873496012428077e+05
4.892062961364633520e+05
4.879696749532771064e+05
4.867825496421843418e+05
4.856466882755496190e+05
4.845603621793201310e+05
4.835179436123371706e+05
4.825092451591577264e+05
4.815187572567951283e+05
4.805251868401766988e+05
4.795018710254258476e+05
4.784186072842606227e+05
4.772451388002667809e+05
4.759560175751736970e+05
4.745360144486413919e+05
4.729848713562854682e+05
4.713201488049604231e+05
4.695772309069890762e+05
4.678061094684795244e+05
4.660652218288442236e+05
4.644132261671489105e+05
4.629000689030794892e+05
4.615589618988569127e+05
4.604008701426932821e+05
4.594127492705269833e+05
4.585600645356402383e+05
4.577931852248228388e+05
4.570563198485877947e+05
4.562970251344543067e+05
4.554742021392793977e+05
4.545629321161520202e+05
4.535553602326962282e+05
4.524578423269073828e+05
4.512854527280796319e+05
4.500555111889032414e+05
4.487819315014393651e+05
4.474719153994875960e+05
4.461258618830610067e+05
4.447404418109077960e+05
4.433137923421789310e+05
4.418509959739567130e+05
4.403677306125553441e+05
4.388904111372662592e+05
4.374522470841630129e+05
4.360860785026827361e+05
4.348160870728343725e+05
4.336510007820816245e+05
4.325809757372194435e+05
4.315791084026054596e+05
4.306070068121868535e+05
4.296226382579616620e+05
4.285882045122227864e+05
4.274761434575593448e+05
4.262722354772011749e+05
4.249757526203465532e+05
4.235972515236118343e+05
4.221548410796240205e+05
4.206696669949699426e+05
4.191611851227405714e+05
4.176427348420601338e+05
4.161180079306765692e+05
4.145791184424434323e+05
4.130069352368924301e+05
4.113740189466681331e+05
4.096499234785534209e+05
4.078079347925045877e+05
4.058317648919229396e+05
4.037205231389035471e+05
4.014905749153801007e+05
3.991736368643114110e+05
3.968114563981660176e+05
3.944483830427169451e+05
3.921237532976911752e+05
3.898660704889543122e+05
3.876904361648909398e+05
3.855997442965033697e+05
3.835890851266359678e+05
3.816519489732890506e+05
3.797864072745190351e+05
3.779995512865653727e+05
3.763089990032963688e+05
3.747410497506345273e+05
3.733258674436077126e+05
3.720907402636869228e+05
3.710528829615676659e+05
3.702133502806574688e+05
3.695533933859267854e+05
3.690340571596348891e+05
3.685991095407624962e+05
3.681807073587572086e+05
3.677067329690011102e+05
3.671085974465409527e+05
3.663284782203568611e+05
3.653253015024998458e+05
3.640791136355802882e+05
3.625936875536025036e+05
3.608972656197447213e+05
3.590413249066626886e+05
3.570972724199558725e+05
3.551511086164503358e+05
3.532963422574786819e+05
3.516257347329982440e+05
3.502226892759503098e+05
3.491531638715914451e+05
3.484588031492038281e+05
3.481515825999457738e+05
3.482098038775207242e+05
3.485750437978609116e+05
3.491498952882136218e+05
3.497971049753391999e+05
3.503417439951088163e+05
3.505787828329314943e+05
3.502882414836811949e+05
3.492585885391001357e+05
3.473164622063887655e+05
3.443578874284719932e+05
3.403741176438418915e+05
3.354650526726998505e+05
3.298352757307604770e+05
3.237716603144350229e+05
3.176060482254932867e+05
3.116702436816013651e+05
3.062523351732954616e+05
3.015626782322081272e+05
2.977151050028907484e+05
2.947250539768879535e+05
2.925225424363760976e+05
2.909752364995621028e+05
2.899158130899599637e+05
2.891682902061386267e+05
2.885695312408899772e+05
2.879840372198863770e+05
2.873118446197918383e+05
2.864905098375513335e+05
2.854927196388458833e+05
2.843211409733002656e+05
2.830018965766318724e+05
2.815776806493570912e+05
2.801011172502165427e+05
2.786285934676934266e+05
2.772145513759581372e+05
2.759061692590091261e+05
2.747385216536478256e+05
2.737306027106554830e+05
2.728828632580864360e+05
2.721769632112858235e+05
2.715781698647633893e+05
2.710402811886099516e+05
2.705123114224318997e+05
2.699456991578679299e+05
2.693006834364127717e+05
2.685507836626294302e+05
2.676848818574892357e+05
2.667070030693947920e+05
2.656343000954224262e+05
2.644938744974670117e+05
2.633189678645876702e+05
2.621448968170602457e+05
2.610050314271736133e+05
2.599271682142561476e+05
2.589307346654601861e+05
2.580252351006232202e+05
2.572101217057968606e+05
2.564759049079951074e+05
2.558059824720936886e+05
2.551785591023077723e+05
2.545682242708442500e+05
2.539471548830412794e+05
2.532862861443365109e+05
2.525569328104996239e+05
2.517331655782784801e+05
2.507948540838917252e+05
2.497308901682139840e+05
2.485418975554211065e+05
2.472417905756513646e+05
2.458577961555566872e+05
2.444288523119829770e+05
2.430025154048170953e+05
2.416306105137940322e+05
2.403639017188801372e+05
2.392461371458682406e+05
2.383079955648063042e+05
2.375616992499081534e+05
2.369972513662714045e+05
2.365812642224225856e+05
2.362590679519205587e+05
2.359602283052880375e+05
2.356068757910197310e+05
2.351235612034979567e+05
2.344469258798095398e+05
2.335334642360881553e+05
2.323640874291235232e+05
2.309449492748043558e+05
2.293048382911098888e+05
2.274901151363581012e+05
2.255584926784080162e+05
2.235728621048599889e+05
2.215959564303047373e+05
2.196861067519708886e+05
2.178938992712785548e+05
2.162593341325557558e+05
2.148091664172633027e+05
2.135544142580185435e+05
2.124884127691335452e+05
2.115861090017949464e+05
2.108053826837016095e+05
2.100909514984725392e+05
2.093808888001475425e+05
2.086150736463719513e+05
2.077442298983982764e+05
2.067378378334406298e+05
2.055892860364674416e+05
2.043171817126953683e+05
2.029625869438022200e+05
2.015828210908141918e+05
2.002431002786968893e+05
1.990075277085572598e+05
1.979308188514509820e+05
1.970517803551118704e+05
1.963891303732097440e+05
1.959398717571152665e+05
1.956801481168705504e+05
1.955683073568404361e+05
1.955497366148289002e+05
1.955629060287979664e+05
1.955459784327479138e+05
1.954433220428915229e+05
1.952113009577431658e+05
1.948227953959543083e+05
1.942700032266429625e+05
1.935651984311999695e+05
1.927392909793743456e+05
1.918382651620673714e+05
1.909178621139367169e+05
1.900371705418359488e+05
1.892520212327165355e+05
1.886091650050194585e+05
1.881420936898885120e+05
1.878690281681648048e+05
1.877930920318489952e+05
1.879041189000065788e+05
1.881810600528474024e+05
1.885937412376897410e+05
1.891029050235941831e+05
1.896581108372463204e+05
1.901940392412232759e+05
1.906267895904183097e+05
1.908524966239681817e+05
1.907506608511793311e+05
1.901937845068116148e+05
1.890632950048398925e+05
1.872696943803529430e+05
1.847730044177388481e+05
1.815985496438033588e+05
1.778434248430256848e+05
1.736707341948375397e+05
1.692914861051539483e+05
1.649370978754546086e+05
1.608278706505291630e+05
1.571437838973031612e+05
1.540032441617675358e+05
1.514532918761140609e+05
1.494719558271944406e+05
1.479808274025237479e+05
1.468641982062143506e+05
1.459905505095828266e+05
1.452326664505768567e+05
1.444837095877923421e+05
1.436678650374852587e+05
1.427451737048477808e+05
1.417109411413140479e+05
1.405905835641655140e+05
1.394310932127475971e+05
1.382905312383366690e+05
1.372270881435053016e+05
1.362892381043263595e+05
1.355083008832921332e+05
1.348943040795370762e+05
1.344354657379367563e+05
1.341010063179714489e+05
1.338464855160863081e+05
1.336205550402622612e+05
1.333719701713547984e+05
1.330558770996906678e+05
1.326386930620793137e+05
1.321012087727671023e+05
1.314397887455760210e+05
1.306657100499582448e+05
1.298028037118296634e+05
1.288836986733297526e+05
1.279451365165550815e+05
1.270229926371028705e+05
1.261477357033491862e+05
1.253410169830936502e+05
1.246138848524658242e+05
1.239668064621751546e+05
1.233913271239021124e+05
1.228728932556551590e+05
1.223941694354768406e+05
1.219381260192477785e+05
1.214902670492896432e+05
1.210395954026198597e+05
1.205782379821738432e+05
1.201000146371843875e+05
1.195985413428737957e+05
1.190656176970101224e+05
1.184905980669051933e+05
1.178611820717980154e+05
1.171656482631150138e+05
1.163961065388034622e+05
1.155519818886111607e+05
1.146427622527736530e+05
1.136891001320171636e+05
1.127216540289493860e+05
1.117775434638582519e+05
1.108948719546999055e+05
1.101063072879689571e+05
1.094330455812125874e+05
1.088805055074591801e+05
1.084367644033527176e+05
1.080741323766316636e+05
1.077535350207783486e+05
1.074307525811766682e+05
1.070632206789868505e+05
1.066161123910546303e+05
1.060667472543585609e+05
1.054068655440441944e+05
1.046427872667400952e+05
1.037938035479090468e+05
1.028892706927527615e+05
1.019648389916144079e+05
1.010581570112385525e+05
1.002043562504434958e+05
9.943169033270623186e+04
9.875784000240176101e+04
9.818749456834427838e+04
9.771176648873044178e+04
9.730973091271313024e+04
9.695194821262308687e+04
9.660535750867467141e+04
9.623858909525297349e+04
9.582665710904879961e+04
9.535418624102094327e+04
9.481671845727362961e+04
9.422009614211505686e+04
9.357828981447833939e+04
9.291025313155999174e+04
9.223644161782672745e+04
9.157557244968706800e+04
9.094208813699934399e+04
9.034465036496460380e+04
8.978583382931145024e+04
8.926300374862411991e+04
8.877015083638120268e+04
8.830026155872440722e+04
8.784768067490929388e+04
8.740993311576280394e+04
8.698863032188185025e+04
8.658935263191343984e+04
8.622068643242664984e+04
8.589279944950583740e+04
8.561598360440933902e+04
8.539946592101754504e+04
8.525053728294496250e+04
8.517378255828096007e+04
8.517003645739977947e+04
8.523473243560625997e+04
8.535558468113437993e+04
8.550998301262142195e+04
8.566293778934121656e+04
8.576668729189147416e+04
8.576299212594941491e+04
8.558860844611482753e+04
8.518353582375749829e+04
8.450063063166438951e+04
8.351442278639864526e+04
8.222680959812989749e+04
8.066789003117992252e+04
7.889143866593603161e+04
7.696602699494890112e+04
7.496406275318593543e+04
7.295157406083129172e+04
7.098120047116924252e+04
6.908969893353390216e+04
6.729975989216637390e+04
6.562461496199805697e+04
6.407326391707855510e+04
6.265434238639342948e+04
6.137754949125291023e+04
6.025276284527449752e+04
5.928801336765511223e+04
5.848800291915531125e+04
5.785467328386259760e+04
5.739056582996398356e+04
5.710461360424385930e+04
5.701891925127439754e+04
5.717430575236754521e+04
5.763220956411185034e+04
5.847093094279589423e+04
5.977535084045626718e+04
6.162081287596902985e+04
6.405364454391544132e+04
6.707231048288429156e+04
7.061395010922373331e+04
7.455063688598576118e+04
7.869795955013438652e+04
8.283572952730163524e+04
8.673745198133848317e+04
9.020261108157542185e+04
9.308470945782217314e+04
9.530885361074903631e+04
9.687533061920944601e+04
9.784927826969219313e+04
9.834004931189911440e+04
9.847612074362399289e+04
9.838178676611695846e+04
9.816046129257160646e+04
9.788686020686317352e+04
9.760758420277979167e+04
9.734754450893367175e+04
9.711876006868845434e+04
9.692833172545640264e+04
9.678351555161559372e+04
9.669324754065751040e+04
9.666672480698252912e+04
9.671041046420727798e+04
9.682500830842785945e+04
9.700364312673476525e+04
9.723188495979657455e+04
9.748959839416728937e+04
9.775406918818091799e+04
9.800357256090722512e+04
9.822052748462738236e+04
9.839358427034709894e+04
9.851832809063706372e+04
9.859664408161769097e+04
9.863508870363709866e+04
9.864278685919569398e+04
9.862940328095578298e+04
9.860363459057555883e+04
9.857247648482451041e+04
9.854129299837845610e+04
9.851450525771160028e+04
9.849656847406746238e+04
9.849284625382939703e+04
9.851003403487516334e+04
9.855592699617809558e+04
9.863855125929355563e+04
9.876493358571398130e+04
9.893999926968436921e+04
9.916617122243370977e+04
9.944412312525781454e+04
9.977480149067644379e+04
1.001623476282455813e+05
1.006170750278966152e+05
1.011573801718879695e+05
1.018095353972763551e+05
1.026047707370312855e+05
1.035737947047280177e+05
1.047397121936761105e+05
1.061109104036729550e+05
1.076756926984828460e+05
1.094001622497653734e+05
1.112301589794446481e+05
1.130971242751884129e+05
1.149268572077875579e+05
1.166494675838578696e+05
1.182085823578522686e+05
1.195680678754543333e+05
1.207151203552589286e+05
1.216593893532863585e+05
1.224286279411939031e+05
1.230620150674052129e+05
1.236026378280352510e+05
1.240906121128014347e+05
1.245580065000050527e+05
1.250262256311495439e+05
1.255059374762546067e+05
1.259991135364137881e+05
1.265023800982223620e+05
1.270107041496904276e+05
1.275204776499206055e+05
1.280313029929011391e+05
1.285461685558140161e+05
1.290701481899508217e+05
1.296081518563981663e+05
1.301624912605549325e+05
1.307310395105481439e+05
1.313065592915163434e+05
1.318774214259583096e+05
1.324295515501621703e+05
1.329491439527019975e+05
1.334255411001473258e+05
1.338537002208880731e+05
1.342358022594002541e+05
1.345817311280986469e+05
1.349083123374726565e+05
1.352373434963767941e+05
1.355926000578404055e+05
1.359961781613820058e+05
1.364647237243385171e+05
1.370062303683884093e+05
1.376180915145910694e+05
1.382869190658988373e+05
1.389903113103581709e+05
1.397003462656717165e+05
1.403882020422630012e+05
1.410290572912940988e+05
1.416063550187217479e+05
1.421146281949678087e+05
1.425603560328879685e+05
1.429606922373221314e+05
1.433403114954979392e+05
1.437269792568830017e+05
1.441466874344493262e+05
1.446192629473095876e+05
1.451552348825210938e+05
1.457544723092181957e+05
1.464067460255885671e+05
1.470940062592477479e+05
1.477938812031533162e+05
1.484837426711626176e+05
1.491446760439812497e+05
1.497648134200164932e+05
1.503416858720577729e+05
1.508834467659908405e+05
1.514089466330364230e+05
1.519466770679651818e+05
1.525325819245992461e+05
1.532067386466464668e+05
1.540090197598284285e+05
1.549740773578904045e+05
1.561262882376211928e+05
1.574755217417104577e+05
1.590146090344733675e+05
1.607191369368430169e+05
1.625497154568674741e+05
1.644563309406123590e+05
1.663839793252320087e+05
1.682785993086685194e+05
1.700924059286483971e+05
1.717879770978027082e+05
1.733407512148279930e+05
1.747398668376629648e+05
1.759874872514723975e+05
1.770969119823682122e+05
1.780898887879313552e+05
1.789935849252089683e+05
1.798376310977335379e+05
1.806515208227273833e+05
1.814624845805724326e+05
1.822938381232559332e+05
1.831637764001460455e+05
1.840846313483976992e+05
1.850626579503676621e+05
1.860983794455350144e+05
1.871873899022462138e+05
1.883213454605087754e+05
1.894887886924800114e+05
1.906755327462376445e+05
1.918645825825279753e+05
1.930358881546673656e+05
1.941664568073124974e+05
1.952313777143413026e+05
1.962061010785233520e+05
1.970699441969423788e+05
1.978104028006173030e+05
1.984275636101285636e+05
1.989378208833378158e+05
1.993761989452924754e+05
1.997968168991144048e+05
2.002713141927768011e+05
2.008853008953874814e+05
2.017330430288188509e+05
2.029106221994826919e+05
2.045077595029766962e+05
2.065984689604336745e+05
2.092308473321657511e+05
2.124167289565616811e+05
2.161226260831849650e+05
2.202641261026643333e+05
2.247063261597891978e+05
2.292725019633641641e+05
2.337617710449953738e+05
2.379741821288158535e+05
2.417390958984100143e+05
2.449408854975418071e+05
2.475357605194387725e+05
2.495552667560006958e+05
2.510953291437476873e+05
2.522935181128650438e+05
2.533002283305592427e+05
2.542506798176283482e+05
2.552438138517766783e+05
2.563317534483599011e+05
2.575204965088539466e+05
2.587798919351277582e+05
2.600593382481247245e+05
2.613051703371155891e+05
2.624761176593210548e+05
2.635541502740642172e+05
2.645491762089026743e+05
2.654972554084268631e+05
2.664531703794898931e+05
2.674792318577919505e+05
2.686329120862948475e+05
2.699560751675778301e+05
2.714680932256974629e+05
2.731640778384850710e+05
2.750181133768665022e+05
2.769901671865303651e+05
2.790346386176613742e+05
2.811084626747201546e+05
2.831772129220724455e+05
2.852184637122654822e+05
2.872224372738403617e+05
2.891904466365487897e+05
2.911318075793106109e+05
2.930598480377726955e+05
2.949875611543852719e+05
2.969234363809710485e+05
2.988680528907425469e+05
3.008120336978416890e+05
3.027358345203648205e+05
3.046115486156052793e+05
3.064065148600193788e+05
3.080881466726484941e+05
3.096291666233952856e+05
3.110123808299180819e+05
3.122342294698391925e+05
3.133065402302537696e+05
3.142561413603647961e+05
3.151222534099898767e+05
3.159518926011834992e+05
3.167938826085137553e+05
3.176924234068607911e+05
3.186813836560556665e+05
3.197804351995239849e+05
3.209937718894787831e+05
3.223115170113045606e+05
3.237132217117816326e+05
3.251723479140840936e+05
3.266605134105965262e+05
3.281505954343167250e+05
3.296183935039045755e+05
3.310431684543878073e+05
3.324077336687889765e+05
3.336987450896112714e+05
3.349074849594112602e+05
3.360309808295058901e+05
3.370729963448571507e+05
3.380444181955497479e+05
3.389628122722340049e+05
3.398512538344239583e+05
3.407367408646525000e+05
3.416484606857484323e+05
3.426159444846740807e+05
3.436668943210277939e+05
3.448244098516496597e+05
3.461035828062882065e+05
3.475078953867523815e+05
3.490263291235925280e+05
3.506322936938450439e+05
3.522852487270874553e+05
3.539352413665044587e+05
3.555297451036713319e+05
3.570214893318546237e+05
3.583756880785380490e+05
3.595752979118374642e+05
3.606235219405841199e+05
3.615434467313566711e+05
3.623751796464228537e+05
3.631710284684678190e+05
3.639892207016292959e+05
3.648866116099952487e+05
3.659109626440542052e+05
3.670937006296670297e+05
3.684444092978149420e+05
3.699483806967056589e+05
3.715681695856875158e+05
3.732492739351835335e+05
3.749290642328187241e+05
3.765472637991695083e+05
3.780559246761038085e+05
3.794270247367193224e+05
3.806563959979134379e+05
3.817634446541104699e+05
3.827868427366611431e+05
3.837769795090463012e+05
3.847864665070222109e+05
3.858603932095132768e+05
3.870282414880314609e+05
3.882992206067291554e+05
3.896621489307830343e+05
3.910899234596361057e+05
3.925473586559445248e+05
3.940001780876432313e+05
3.954226149058578885e+05
3.968015948991327896e+05
3.981366724327570992e+05
3.994363151995206717e+05
4.007122523525038268e+05
4.019740257859827834e+05
4.032255346493838588e+05
4.044644661070412840e+05
4.056844608483943739e+05
4.068790473718117573e+05
4.080459989828051766e+05
4.091908141123977839e+05
4.103283462528312230e+05
4.114820484721345128e+05
4.126807557867475552e+05
4.139533957429662114e+05
4.153225007274391828e+05
4.167978398187313578e+05
4.183717472875151434e+05
4.200176175918834051e+05
4.216924597544987337e+05
4.233434332781958510e+05
4.249171937979693757e+05
4.263700300909767393e+05
4.276764828350692987e+05
4.288345011582079460e+05
4.298660667621537577e+05
4.308132791196160251e+05
4.317308199406585190e+05
4.326763045725926058e+05
4.337002669708664180e+05
4.348375127100878744e+05
4.361013997028348967e+05
4.374822566631467198e+05
4.389505292362978798e+05
4.404642950555192656e+05
4.419796328983286512e+05
4.434613163031624863e+05
4.448908927602224285e+05
4.462697477449795697e+05
4.476162225544208777e+05
4.489578013893190655e+05
4.503210636200221488e+05
4.517228100505893817e+05
4.531651992849115049e+05
4.546361081546010682e+05
4.561139493092264747e+05
4.575746627370148199e+05
4.589981238208899740e+05
4.603718671514538000e+05
4.616914144612742239e+05
4.629579570812830352e+05
4.641750746676785639e+05
4.653462743311306112e+05
4.664744921575169428e+05
4.675636802780538565e+05
4.686216598877088982e+05
4.696628991147562047e+05
4.707099028285089298e+05
4.717923878297843039e+05
4.729441280177327571e+05
4.741980266580094467e+05
4.755804125939804944e+05
4.771056932108973851e+05
4.787723766799251898e+05
4.805612099578429479e+05
4.824358651070534834e+05
4.843462776698839734e+05
4.862343698677615612e+05
4.880414529536546906e+05
4.897161505300592398e+05
4.912213786661415943e+05
4.925389661389990943e+05
4.936710204894625349e+05
4.946380538409058354e+05
4.954748528433834435e+05
4.962256725869596703e+05
4.969402279939528089e+05
4.976711383153009228e+05
4.984723198451243807e+05
4.993969225177875487e+05
5.004933099993401556e+05
5.017984698137231171e+05
5.033297855520842131e+05
5.050775907735938090e+05
5.070015736477537430e+05
5.090334584777598502e+05
5.110865786209387006e+05
5.130706529502809863e+05
5.149082184108300135e+05
5.165485138235340710e+05
5.179753949431378860e+05
5.192077198683946626e+05
5.202928048187486129e+05
5.212952149226910551e+05
5.222838506145715364e+05
5.233200217611106928e+05
5.244483484489863040e+05
5.256913793798761908e+05
5.270481120857979404e+05
5.284961944517709780e+05
5.299973317909436300e+05
5.315051277437586104e+05
5.329741871614181437e+05
5.343689227215992287e+05
5.356703583986884914e+05
5.368794973448971286e+05
5.380165421391362324e+05
5.391162474729071837e+05
5.402206427653536666e+05
5.413709713528420543e+05
5.426007570315010380e+05
5.439314204414903652e+05
5.453710071801760932e+05
5.469156544778427342e+05
5.485527202148875222e+05
5.502642338544058148e+05
5.520295432344531873e+05
5.538265945459747454e+05
5.556319578591645695e+05
5.574202485288286116e+05
5.591638247889291961e+05
5.608335183940305142e+05
5.624007539950525388e+05
5.638408882142181974e+05
5.651371268578263698e+05
5.662841041972567327e+05
5.672902105476849247e+05
5.681780260024968302e+05
5.689826683977934299e+05
5.697483476486501750e+05
5.705237886871189112e+05
5.713573444427930517e+05
5.722925544011141174e+05
5.733646752747492865e+05
5.745984181788286660e+05
5.760068635585703887e+05
5.775913470910411561e+05
5.793420341960478108e+05
5.812389180878128391e+05
5.832530608361971099e+05
5.853480112732083071e+05
5.874814336177449441e+05
5.896070290057831444e+05
5.916768160661604488e+05
5.936437760247561382e+05
5.954648007909805747e+05
5.971038365040202625e+05
5.985350839083042229e+05
5.997460652265246026e+05
6.007402627561307745e+05
6.015388875422823476e+05
6.021812158365899231e+05
6.027229396901072469e+05
6.032321983049146365e+05
6.037833933757435298e+05
6.044494457432678901e+05
6.052936437230251031e+05
6.063624753220322309e+05
6.076807094488820294e+05
6.092495103238224983e+05
6.110476871295571327e+05
6.130355275983440224e+05
6.151602479592314921e+05
6.173620086921758484e+05
6.195796468051536940e+05
6.217556081358452793e+05
6.238398619408380473e+05
6.257927516266708262e+05
6.275867891686558723e+05
6.292074116510980530e+05
6.306527571342616575e+05
6.319325982206790941e+05
6.330666532851934899e+05
6.340825219828065019e+05
6.350134423703965731e+05
6.358959711654636776e+05
6.367676035794254858e+05
6.376643224211325869e+05
6.386181128291310742e+05
6.396545835130753694e+05
6.407909650614992715e+05
6.420348672297977610e+05
6.433842129980974132e+05
6.448286614080540603e+05
6.463525378575841896e+05
6.479388324031819357e+05
6.495733302206632216e+05
6.512476176865474554e+05
6.529597825354116503e+05
6.547122044832936954e+05
6.565068121038675308e+05
6.583392404217103031e+05
6.601940192759252386e+05
6.620428797162451083e+05
6.638473728950382210e+05
6.655655104629904963e+05
6.671606221760346089e+05
6.686097276564590866e+05
6.699088497557042865e+05
6.710738188123864820e+05
6.721367315361041110e+05
6.731396132518302184e+05
6.741274109153453028e+05
6.751420792071897304e+05
6.762185616416968405e+05
6.773825170603130246e+05
6.786491929198943544e+05
6.800230085748935817e+05
6.814978871496610809e+05
6.830586960262836656e+05
6.846840115831583971e+05
