6.823204698992685881e+05
6.803726148448090535e+05
6.782913078986621695e+05
6.761126891856612638e+05
6.738902333761759801e+05
6.716903422596644377e+05
6.695859765645200387e+05
6.676488726110691205e+05
6.659408413604112575e+05
6.645048378969227197e+05
6.633569113270109519e+05
6.624805695787692675e+05
6.618252003108367790e+05
6.613097463707443094e+05
6.608318326415522024e+05
6.602812224609403638e+05
6.595552588427293813e+05
6.585732511701593176e+05
6.572868893714282895e+05
6.556847260659000603e+05
6.537902880128400866e+05
6.516549739895638777e+05
6.493480430732099339e+05
6.469463377989972942e+05
6.445258711290109204e+05
6.421563050609687343e+05
6.398981297618077369e+05
6.378014812539409613e+05
6.359052936647133902e+05
6.342358722648415715e+05
6.328047475135180866e+05
6.316064473251213785e+05
6.306172523265451891e+05
6.297958952768736053e+05
6.290865931104411138e+05
6.284240357443055836e+05
6.277393654249262763e+05
6.269660390183781274e+05
6.260448129304202739e+05
6.249277023758917348e+05
6.235812732060230337e+05
6.219897162506347522e+05
6.201577647935076384e+05
6.181128687745231437e+05
6.159055279834178509e+05
6.136066563242221018e+05
6.113014079763893969e+05
6.090798574516710360e+05
6.070259066204786068e+05
6.052064017803117167e+05
6.036624565036464483e+05
6.024044103151044110e+05
6.014109430660979124e+05
6.006319508700786391e+05
5.999941851845015772e+05
5.994085328274848871e+05
5.987781328468384454e+05
5.980070442911557620e+05
5.970095428637935547e+05
5.957200291904340265e+05
5.941028956529413117e+05
5.921607623722447315e+05
5.899387603424914414e+05
5.875225590106344316e+05
5.850289012511158362e+05
5.825893424493590137e+05
5.803300405982694356e+05
5.783519402645661030e+05
5.767158490238508675e+05
5.754355682711603586e+05
5.744798953331122175e+05
5.737818700259914622e+05
5.732520090676296968e+05
5.727919583836888196e+05
5.723058947355642449e+05
5.717085324161971221e+05
5.709299943914125906e+05
5.699185621034604264e+05
5.686423161562981550e+05
5.670901929164772155e+05
5.652724357759739505e+05
5.632201354316198267e+05
5.609835987264156574e+05
5.586294995413069846e+05
5.562369137336547719e+05
5.538922931000193348e+05
5.516832578942142427e+05
5.496910068702219287e+05
5.479813897390855709e+05
5.465953293876982061e+05
5.455401354240137152e+05
5.447839217968247831e+05
5.442553985354271717e+05
5.438505071285784943e+05
5.434458116943867644e+05
5.429166940623797709e+05
5.421568666398247005e+05
5.410950773972974857e+05
5.397053981510769809e+05
5.380090183155175764e+05
5.360675321966626216e+05
5.339696829535608413e+05
5.318148607030364219e+05
5.296970376642541960e+05
5.276922552401174325e+05
5.258515160698324908e+05
5.241993941184717696e+05
5.227372962476042449e+05
5.214494290424641222e+05
5.203093050123630092e+05
5.192850212875435827e+05
5.183423577563656727e+05
5.174456852607465116e+05
5.165574727524574846e+05
5.156376377730994136e+05
5.146440080756920506e+05
5.135347721470629331e+05
5.122731040422225487e+05
5.108333375520095578e+05
5.092073640259618405e+05
5.074095583773549879e+05
5.054786446086561773e+05
5.034755013654310023e+05
5.014768221612120396e+05
4.995655073707912816e+05
4.978193834600183181e+05
4.963001296400653082e+05
4.950441297116233618e+05
4.940565062627441948e+05
4.933090517714896705e+05
4.927423065941001987e+05
4.922716729971243185e+05
4.917971041428163880e+05
4.912154557084050030e+05
4.904340266027400503e+05
4.893832962386659347e+05
4.880266508658989333e+05
4.863652106788619421e+05
4.844367699631080031e+05
4.823091394247100106e+05
4.800694359299677890e+05
4.778116745532196946e+05
4.756251117417243659e+05
4.735851687178264838e+05
4.717476998566220282e+05
4.701462822829521610e+05
4.687914930148220737e+05
4.676710392846193281e+05
4.667500914677713299e+05
4.659719703950065887e+05
4.652600610468625673e+05
4.645220907508902019e+05
4.636575392813692451e+05
4.625680369398748153e+05
4.611695013733209926e+05
4.594039164149832213e+05
4.572484229394703289e+05
4.547198729273495264e+05
4.518739994092990528e+05
4.487994913333341246e+05
4.456081466477054637e+05
4.424226943587377900e+05
4.393638539250025642e+05
4.365379439371331246e+05
4.340260991907760035e+05
4.318760333684167708e+05
4.300972522781567532e+05
4.286605185401845956e+05
4.275020286091024172e+05
4.265321341011220939e+05
4.256476280153300613e+05
4.247458508662577951e+05
4.237384049411808373e+05
4.225622696056156419e+05
4.211866133815879584e+05
4.196144735677370336e+05
4.178794889931114740e+05
4.160387611943813972e+05
4.141634643712154357e+05
4.123289139132525888e+05
4.106054693439713446e+05
4.090510595809324877e+05
4.077055282874099212e+05
4.065866430911576026e+05
4.056876135197373806e+05
4.049762520361346542e+05
4.043962557558582048e+05
4.038711893178269966e+05
4.033114161190215964e+05
4.026234836926618591e+05
4.017205908394407597e+05
4.005321537244505598e+05
3.990104892765902914e+05
3.971333485816280590e+05
3.949022464100599173e+05
3.923377915453793830e+05
3.894740251787987654e+05
3.863537931678574532e+05
3.830264028128021164e+05
3.795475626510189031e+05
3.759803873145033722e+05
3.723955683611312998e+05
3.688689533127069008e+05
3.654757035788359935e+05
3.622815786642379244e+05
3.593332108874273254e+05
3.566500057320328779e+05
3.542202364529159386e+05
3.520029924669307657e+05
3.499361574413846829e+05
3.479489768778231228e+05
3.459765012944154441e+05
3.439726313880212838e+05
3.419188142652859096e+05
3.398265629793307744e+05
3.377335763991436688e+05
3.356948476129462360e+05
3.337712758680685656e+05
3.320186021496125031e+05
3.304789230944107403e+05
3.291758747902481118e+05
3.281133081718367175e+05
3.272764020850409288e+05
3.266339682683311403e+05
3.261411483357268153e+05
3.257424418146698154e+05
3.253755751636917121e+05
3.249767797957169823e+05
3.244875320767382509e+05
3.238619665299738408e+05
3.230734318903582171e+05
3.221184177434113808e+05
3.210165214970743400e+05
3.198061363593034330e+05
3.185367579891780624e+05
3.172597767805862240e+05
3.160199887392029632e+05
3.148497028585953522e+05
3.137664022303772508e+05
3.127737831067145453e+05
3.118650557262228685e+05
3.110269468302951427e+05
3.102429982191671152e+05
3.094953887370882439e+05
3.087653367966009537e+05
3.080328329916517832e+05
3.072767440419191844e+05
3.064761224908424192e+05
3.056129542829825077e+05
3.046758408682377776e+05
3.036635575813397882e+05
3.025872878785854555e+05
3.014706547389879706e+05
3.003473094813786447e+05
2.992565256028815638e+05
2.982377198661938892e+05
2.973249477343118633e+05
2.965422272865516716e+05
2.959001928188045858e+05
2.953942520655895933e+05
2.950042377327328431e+05
2.946955122550312662e+05
2.944215217366206925e+05
2.941277902724038577e+05
2.937572251850058092e+05
2.932563655659201904e+05
2.925819197242743103e+05
2.917067096681077383e+05
2.906240755654351087e+05
2.893499468036612379e+05
2.879221421376414364e+05
2.863969278053844464e+05
2.848433016438503982e+05
2.833357539381737588e+05
2.819463205232578330e+05
2.807366294154730858e+05
2.797504700060477480e+05
2.790073195647876710e+05
2.784973137691001175e+05
2.781782980376355117e+05
2.779756998524810188e+05
2.777858607681965223e+05
2.774830883910455159e+05
2.769301019211888197e+05
2.759909313545220066e+05
2.745448878970092046e+05
2.725000594273107126e+05
2.698048699210364139e+05
2.664564495326303295e+05
2.625047744898496312e+05
2.580517381604807451e+05
2.532446118977504666e+05
2.482638922478023160e+05
2.433063660077108943e+05
2.385652287427543488e+05
2.342099646818634646e+05
2.303690848728408164e+05
2.271184962727684178e+05
2.244772547856406891e+05
2.224110137689696276e+05
2.208420325306515442e+05
2.196635438044619805e+05
2.187558117854334996e+05
2.180013431495493278e+05
2.172972796530011983e+05
2.165637814789122494e+05
2.157480180411782931e+05
2.148240998496452521e+05
2.137898459790259367e+05
2.126616366689071874e+05
2.114686974252013606e+05
2.102479644003365829e+05
2.090402142756328976e+05
2.078875187580480706e+05
2.068314971942580596e+05
2.059115038670442882e+05
2.051619455049136013e+05
2.046083855005885125e+05
2.042628002199873154e+05
2.041190441151643754e+05
2.041499771573168400e+05
2.043076300495561736e+05
2.045272159155312984e+05
2.047348982457241218e+05
2.048582614666467998e+05
2.048376869309147587e+05
2.046365226846740989e+05
2.042481254299305147e+05
2.036984768447309616e+05
2.030439479033357929e+05
2.023646633915245475e+05
2.017545807424489467e+05
2.013097009793599718e+05
2.011157581506427086e+05
2.012364031492400100e+05
2.017025223156792636e+05
2.025031469682662573e+05
2.035785732789956091e+05
2.048168032725391095e+05
2.060549976175983029e+05
2.070878883301248425e+05
2.076846061770259403e+05
2.076139075664251868e+05
2.066755086218417273e+05
2.047327690438249265e+05
2.017402268658342364e+05
1.977593276111103769e+05
1.929575289891183493e+05
1.875894966531324899e+05
1.819633564520901127e+05
1.763986064096482878e+05
1.711841541651823209e+05
1.665444894238433917e+05
1.626194943201172864e+05
1.594597673897428322e+05
1.570357762210545188e+05
1.552566447494234308e+05
1.539933945114951057e+05
1.531018949841746653e+05
1.524421370989446878e+05
1.518921044331300654e+05
1.513559748660242767e+05
1.507673732577206392e+05
1.500888687307612272e+05
1.493089653633780254e+05
1.484376236138375825e+05
1.475010239413974632e+05
1.465359767158692121e+05
1.455841945186394441e+05
1.446866229227539734e+05
1.438781487829285034e+05
1.431831729630703921e+05
1.426126146786827303e+05
1.421628063880406844e+05
1.418164320424652542e+05
1.415452545279608166e+05
1.413140291982174385e+05
1.410848478704758745e+05
1.408212458223906287e+05
1.404916619315449789e+05
1.400721251046470716e+05
1.395482125406057748e+05
1.389163304041829542e+05
1.381842500910503441e+05
1.373707055277792679e+05
1.365038311730897985e+05
1.356183491379988263e+05
1.347516671089681040e+05
1.339393342849718465e+05
1.332105127615128295e+05
1.325841811305094743e+05
1.320666784740009462e+05
1.316509602215896302e+05
1.313176453600947571e+05
1.310376611935689434e+05
1.307760868645877199e+05
1.304966755559970916e+05
1.301664857566873688e+05
1.297600525266941113e+05
1.292625673838480288e+05
1.286716158554371941e+05
1.279971649274714291e+05
1.272597160700064560e+05
1.264868361604884703e+05
1.257086019750902342e+05
1.249527613294042967e+05
1.242405315278687194e+05
1.235838568556702521e+05
1.229846269155995687e+05
1.224358878403953859e+05
1.219245887373796286e+05
1.214350426441550517e+05
1.209521568360172096e+05
1.204636392152010085e+05
1.199607650230364234e+05
1.194377686167223292e+05
1.188903549169980251e+05
1.183140709780502075e+05
1.177032705617277243e+05
1.170511588996956270e+05
1.163510113733592734e+05
1.155982489949362789e+05
1.147927501971771999e+05
1.139406642671315203e+05
1.130550879740941018e+05
1.121552382359125622e+05
1.112641258402313251e+05
1.104051161967336375e+05
1.095980615133729443e+05
1.088558303922333434e+05
1.081820041781293403e+05
1.075702596853157447e+05
1.070055729727149592e+05
1.064669597903673712e+05
1.059311328096070501e+05
1.053762994307853223e+05
1.047853845205231191e+05
1.041482025692537572e+05
1.034624240864824533e+05
1.027334610701828933e+05
1.019735471085597819e+05
1.012002905190170568e+05
1.004348894106247317e+05
9.970010922681888042e+04
9.901810994430103165e+04
9.840827866821539646e+04
9.788530738006200409e+04
9.745775644030213880e+04
9.712720010953373276e+04
9.688779184702360362e+04
9.672584542190210777e+04
9.661897824111150112e+04
9.653462850440056354e+04
9.642831712244363734e+04
9.624268128202547086e+04
9.590873871612259245e+04
9.535073777267392143e+04
9.449516134789928037e+04
9.328311258328166150e+04
9.168382647125111544e+04
8.970598681228148052e+04
8.740338056404457893e+04
8.487240484147075040e+04
8.224086141311249230e+04
7.964976825005753199e+04
7.723185654266094207e+04
7.509137740910954017e+04
7.328952399407683697e+04
7.183831965245126048e+04
7.070372182623106346e+04
6.981658665258630936e+04
6.908859596531558782e+04
6.842958551056832948e+04
6.776295067266175465e+04
6.703671864731324604e+04
6.622911310194220277e+04
6.534865103716908197e+04
6.442975074283153663e+04
6.352537989297781314e+04
6.269844390839090920e+04
6.201349503605106293e+04
6.153004235765965132e+04
6.129834925289244711e+04
6.135816152275643253e+04
6.174032378040139884e+04
6.247071138203156443e+04
6.357535216576162929e+04
6.508511222170127439e+04
6.703801303287781775e+04
6.947731887895504769e+04
7.244415503038383031e+04
7.596465369590572664e+04
8.003333447575212631e+04
8.459620959074726852e+04
8.953835650894833088e+04
9.468079452989403217e+04
9.979005887538626848e+04
1.046010031847784121e+05
1.088497766462204163e+05
1.123107260496938834e+05
1.148292982914666500e+05
1.163435577562901453e+05
1.168896205181001569e+05
1.165903113040541793e+05
1.156303875849050237e+05
1.142245169215623609e+05
1.125851126938535017e+05
1.108961185366507416e+05
1.092964888096165087e+05
1.078743425386724994e+05
1.066703991212071851e+05
1.056878338517311931e+05
1.049052213520273945e+05
1.042895639825056714e+05
1.038071938990436902e+05
1.034312714024065353e+05
1.031454593595797051e+05
1.029440302892899927e+05
1.028291412416549283e+05
1.028063140432195069e+05
1.028793082890181395e+05
1.030455756009483011e+05
1.032933220238799549e+05
1.036008700010680914e+05
1.039385245400559361e+05
1.042725872484476422e+05
1.045706544094563724e+05
1.048070220826047444e+05
1.049670006598782638e+05
1.050492220472030313e+05
1.050655134277997131e+05
1.050384573758990155e+05
1.049972058341872762e+05
1.049723743110369396e+05
1.049909068653678114e+05
1.050717275936654769e+05
1.052228461545004538e+05
1.054403957816820766e+05
1.057098430344103544e+05
1.060092977154804685e+05
1.063144788495466200e+05
1.066045246081242949e+05
1.068675788984103419e+05
1.071050471222055203e+05
1.073336301005422720e+05
1.075846722616217885e+05
1.079008802991275734e+05
1.083309434612163313e+05
1.089229141392423626e+05
1.097173521106587141e+05
1.107412211490348564e+05
1.120033990502636734e+05
1.134924537611667038e+05
1.151770550995741651e+05
1.170090311355614540e+05
1.189286630652130989e+05
1.208714106656360818e+05
1.227749762411211559e+05
1.245855479055825272e+05
1.262622589102485945e+05
1.277793203359063191e+05
1.291258140650931746e+05
1.303036190624624433e+05
1.313242532214355597e+05
1.322054767580189218e+05
1.329683355501993792e+05
1.336350077497448947e+05
1.342274723752413120e+05
1.347667541802474880e+05
1.352723825841152575e+05
1.357617444590119412e+05
1.362491708614432428e+05
1.367448071959987283e+05
1.372535028689785977e+05
1.377740652110994852e+05
1.382992237413727562e+05
1.388165411432857800e+05
1.393103080083806417e+05
1.397642153268858092e+05
1.401643776656692498e+05
1.405021514141569496e+05
1.407762056057209847e+05
1.409934604112324887e+05
1.411687589544538641e+05
1.413233948986330943e+05
1.414827985105791595e+05
1.416737470800907759e+05
1.419214288755005982e+05
1.422466123704070924e+05
1.426631183642879478e+05
1.431757948229145259e+05
1.437792390378639684e+05
1.444575493719707010e+05
1.451853620188392815e+05
1.459303009828127106e+05
1.466567444726623362e+05
1.473305295728085912e+05
1.479239475846949499e+05
1.484202015442150005e+05
1.488164708772368613e+05
1.491248919050805562e+05
1.493711074759580661e+05
1.495905026245778135e+05
1.498227207275764376e+05
1.501054250197839283e+05
1.504684355470930459e+05
1.509292914988819684e+05
1.514909941545297334e+05
1.521422617792256060e+05
1.528601778290053189e+05
1.536147225096687616e+05
1.543743963289375533e+05
1.551120007381815230e+05
1.558096592585668550e+05
1.564623658171716379e+05
1.570797315387536073e+05
1.576860946149992815e+05
1.583196000874310557e+05
1.590310383195656177e+05
1.598829934728727967e+05
1.609492032401381875e+05
1.623132018528617627e+05
1.640647175580207258e+05
1.662923377504241362e+05
1.690718460391313420e+05
1.724512196403076523e+05
1.764350331597111362e+05
1.809722390688121668e+05
1.859513795444312273e+05
1.912059971944216813e+05
1.965306299269886513e+05
2.017050080574351014e+05
2.065218087829280412e+05
2.108123033284487901e+05
2.144647769048392947e+05
2.174325133366475638e+05
2.197307899215020880e+05
2.214249073798283644e+05
2.226130561449553643e+05
2.234083745192941569e+05
2.239238744638694334e+05
2.242623533669267781e+05
2.245115541107406316e+05
2.247432855987574439e+05
2.250144131855230662e+05
2.253677256710135844e+05
2.258315181145570532e+05
2.264178949909903167e+05
2.271208149350069871e+05
2.279153884311336442e+05
2.287597604004302993e+05
2.296001822555143444e+05
2.303789086293547007e+05
2.310436890401118435e+05
2.315571161981051846e+05
2.319040324180454190e+05
2.320955338487873378e+05
2.321687257065815793e+05
2.321821375883116270e+05
2.322074872346664779e+05
2.323191655985656835e+05
2.325832744444534474e+05
2.330481549742507341e+05
2.337380388126418984e+05
2.346507861941358133e+05
2.357598345955430996e+05
2.370197176842656627e+05
2.383740419267440448e+05
2.397646971366672369e+05
2.411412251781621017e+05
2.424694673521002405e+05
2.437386679389237252e+05
2.449660887774442963e+05
2.461980378137250373e+05
2.475063003816249256e+05
2.489795107278518844e+05
2.507100354910208553e+05
2.527782111642850214e+05
2.552368352591095318e+05
2.580991973107918457e+05
2.613333990108607977e+05
2.648643413346987218e+05
2.685829620304476121e+05
2.723606605895329267e+05
2.760658518328049104e+05
2.795794872298262198e+05
2.828070914218661492e+05
2.856860376593149849e+05
2.881879899526188965e+05
2.903173108094518539e+05
2.921066094767503091e+05
2.936105465866865707e+05
2.948987289316813112e+05
2.960482632844221080e+05
2.971364416563105187e+05
2.982341033201838145e+05
2.994003346556269098e+05
3.006791590139949694e+05
3.020986296714979690e+05
3.036722878491033334e+05
3.054024190482205013e+05
3.072841179568209336e+05
3.093090035877942573e+05
3.114675700471795280e+05
3.137495737082299311e+05
3.161424349682922475e+05
3.186282337525869370e+05
3.211803645175878191e+05
3.237611671673749806e+05
3.263217749519317294e+05
3.288049855979882414e+05
3.311512221216576290e+05
3.333067645914215245e+05
3.352326473372311448e+05
3.369121881106211222e+05
3.383552276533514378e+05
3.395978289171940414e+05
3.406972442770349444e+05
3.417230960271659424e+05
3.427465899725110503e+05
3.438299482895218534e+05
3.450180394525236916e+05
3.463335226580225280e+05
3.477759598803774570e+05
3.493245480399049702e+05
3.509435742509994889e+05
3.525894539137799293e+05
3.542182100016716286e+05
3.557923726925997180e+05
3.572864265129459091e+05
3.586900884480908862e+05
3.600089178270896082e+05
3.612621062552303774e+05
3.624777868943467620e+05
3.636867524393285858e+05
3.649159136714878259e+05
3.661829857646664605e+05
3.674936503377641784e+05
3.688418311980054714e+05
3.702128988444394781e+05
3.715888250127319479e+05
3.729537879463400459e+05
3.742986459859543247e+05
3.756230801952059264e+05
3.769349366223648540e+05
3.782471440198558848e+05
3.795732764421349275e+05
3.809231615706208395e+05
3.822998232526499778e+05
3.836985604722335702e+05
3.851082897102030693e+05
3.865146365890530869e+05
3.879038366377653438e+05
3.892663812661282136e+05
3.905995096028172411e+05
3.919080114498204202e+05
3.932032506347113522e+05
3.945007272521349369e+05
3.958167894588645431e+05
3.971652406536584604e+05
3.985545644859143067e+05
3.999863316892582225e+05
4.014550930979693076e+05
4.029497403264946188e+05
4.044559777051763958e+05
4.059592657020608895e+05
4.074474565942952177e+05
4.089124286209628917e+05
4.103503575319937663e+05
4.117607634566667257e+05
4.131449522193301236e+05
4.145047115850727423e+05
4.158419761110455147e+05
4.171596643489563139e+05
4.184632380254135351e+05
4.197620578088216716e+05
4.210695767401195480e+05
4.224018700325785903e+05
4.237747409982838435e+05
4.252003019099492230e+05
4.266841773398797377e+05
4.282242034137716983e+05
4.298108598114090273e+05
4.314290080191782909e+05
4.330601396301827044e+05
4.346843981540884124e+05
4.362820264038927853e+05
4.378343566082459292e+05
4.393247530760978698e+05
4.407399202243982581e+05
4.420717483200433198e+05
4.433195316268820898e+05
4.444921047919176053e+05
4.456092820726283826e+05
4.467019615743435570e+05
4.478103623787444085e+05
4.489801044926601462e+05
4.502562416029423475e+05
4.516758991148776840e+05
4.532607480001577060e+05
4.550109563402254134e+05
4.569022786088285502e+05
4.588874373042290099e+05
4.609019905948928208e+05
4.628737438114782562e+05
4.647338437584866188e+05
4.664273198614789871e+05
4.679211087581829634e+05
4.692083518185933935e+05
4.703086473811504547e+05
4.712646464907315676e+05
4.721357626978211338e+05
4.729899102105062921e+05
4.738942936791164684e+05
4.749064774284177693e+05
4.760671854195379419e+05
4.773962672528859111e+05
4.788927534604385146e+05
4.805388873870414100e+05
4.823067730732659111e+05
4.841653660252457485e+05
4.860854556253317860e+05
4.880411922119459487e+05
4.900082626862047473e+05
4.919603305743631208e+05
4.938661346514171455e+05
4.956893355879693408e+05
4.973919808722917805e+05
4.989409045334853581e+05
5.003151713803927996e+05
5.015122666150007281e+05
5.025511677078311332e+05
5.034714132854540367e+05
5.043283644314439734e+05
5.051856895801006467e+05
5.061065541279115714e+05
5.071450960670229979e+05
5.083396194766800618e+05
5.097086049864005763e+05
5.112501347477891832e+05
5.129446766642870498e+05
5.147604581662396668e+05
5.166600624019763200e+05
5.186066092677593115e+05
5.205680782539371867e+05
5.225189691608886351e+05
5.244393845859345747e+05
5.263124511107285507e+05
5.281214838366848417e+05
5.298482813455772121e+05
5.314734462860143976e+05
5.329788612538756570e+05
5.343516910754350247e+05
5.355887767991232686e+05
5.367001568678421900e+05
5.377106737935896963e+05
5.386590738010512432e+05
5.395945322453283006e+05
5.405710318367521977e+05
5.416404356267335825e+05
5.428454079689716455e+05
5.442134938789724838e+05
5.457535799471427454e+05
5.474555456566755893e+05
5.492931845460910117e+05
5.512295990222506225e+05
5.532235537593978224e+05
5.552350267147989944e+05
5.572285882252387237e+05
5.591741645997301675e+05
5.610458443220842164e+05
5.628201951279998757e+05
5.644757181605177466e+05
5.659944903388558887e+05
5.673659789925678633e+05
5.685919067328736419e+05
5.696903602255195146e+05
5.706973446714830352e+05
5.716646661440673051e+05
5.726540980961081805e+05
5.737288571602486772e+05
5.749441258625442861e+05
5.763385375236192485e+05
5.779282101899064146e+05
5.797042657035718439e+05
5.816340356773739913e+05
5.836655352449023630e+05
5.857343786038719118e+05
5.877721196873073932e+05
5.897149670319436118e+05
5.915118712394434260e+05
5.931310682748752879e+05
5.945642749029543484e+05
5.958279024726365460e+05
5.969609272333025001e+05
5.980194627169433516e+05
5.990686117625319166e+05
6.001727523526692530e+05
6.013858812521524960e+05
6.027438175544027472e+05
6.042598116756429663e+05
6.059243980011802632e+05
6.077093287947532954e+05
6.095744332618286135e+05
6.114755915635260753e+05
6.133719219206152484e+05
6.152307598187039839e+05
6.170298523854020750e+05
6.187570645671712700e+05
6.204084871482657036e+05
6.219859921733053634e+05
6.234950420838576974e+05
6.249431237991149537e+05
6.263387927724538604e+05
6.276911443666709820e+05
6.290095980843802681e+05
6.303040507758251624e+05
6.315855259898490040e+05
6.328672761177477660e+05
6.341659090146701783e+05
6.355017287221308798e+05
6.368974083540372085e+05
6.383745637436769903e+05
6.399487118093197932e+05
6.416241076400965685e+05
6.433905193382296711e+05
6.452236915626849514e+05
6.470900237934032921e+05
6.489542869610703783e+05
6.507877843694770709e+05
6.525739528792963829e+05
6.543092996720279334e+05
6.559994635059447028e+05
6.576522573283967795e+05
6.592708447300174739e+05
6.608501121960667660e+05
6.623778493142988300e+05
6.638402035108313430e+05
6.652290163716691313e+05
6.665479016853766516e+05
6.678145713509249035e+05
6.690585759621507023e+05
6.703154820627889130e+05
6.716197211110234493e+05
6.729984697908652015e+05
6.744680793839404359e+05
6.760333235035856487e+05
6.776887316506518982e+05
6.794209138337899931e+05
6.812110285336130764e+05
6.830370482061746297e+05
6.848758297340691788e+05
6.867050134387172293e+05
6.885045706569579197e+05
6.902576930413712980e+05
6.919508987835845910e+05
6.935736969682363560e+05
6.951186075852705399e+05
6.965823988195811398e+05
6.979688644564290298e+05
6.992924633851161925e+05
7.005811535430382937e+05
7.018763571060360409e+05
7.032285681218719110e+05
7.046885850007657427e+05
7.062961689601477701e+05
7.080692931741590146e+05
7.099973798480401747e+05
7.120408239934620215e+05
7.141370835869058501e+05
7.162115258925230009e+05
7.181899437201254768e+05
7.200096759347416228e+05
7.216274271851863014e+05
7.230234829850337701e+05
7.242031988003144506e+05
7.251968527753133094e+05
7.260582385872461600e+05
7.268613456571489805e+05
7.276939432965293527e+05
7.286473977573739830e+05
7.298035395717384527e+05
7.312211698844876373e+05
7.329258631847038632e+05
7.349063337747739861e+05
7.371187011569960741e+05
7.394972286434517009e+05
7.419677425264964113e+05
7.444591151759220520e+05
7.469093930511351209e+05
7.492658800633914070e+05
7.514814724028934725e+05
7.535113238193772268e+05
7.553135898916951846e+05
7.568556771158064948e+05
7.581242298235474154e+05
7.591346041038093390e+05
7.599350552877592854e+05
7.606026100547456881e+05
7.612308256192589179e+05
7.619128898909827694e+05
