5.428412201193644432e+05
5.423819013161899056e+05
5.419823964408397442e+05
5.415802216193554923e+05
5.411208578415261582e+05
5.405591493263921002e+05
5.398594306217816193e+05
5.389955088631935650e+05
5.379513361677320208e+05
5.367225346944326302e+05
5.353181873849821277e+05
5.337618229718207149e+05
5.320905261183748953e+05
5.303515964991021901e+05
5.285969607207917143e+05
5.268763003395007690e+05
5.252303219640566967e+05
5.236856207664283575e+05
5.222522021689405665e+05
5.209240813905902905e+05
5.196826813913405640e+05
5.185021766001208453e+05
5.173555924397868221e+05
5.162204017900384497e+05
5.150825368963145884e+05
5.139381102008869057e+05
5.127926484791829716e+05
5.116582084237163072e+05
5.105492395707663964e+05
5.094783460630697664e+05
5.084530480867623701e+05
5.074742303486718447e+05
5.065363139011139865e+05
5.056285576526729856e+05
5.047365733902778011e+05
5.038432877883103793e+05
5.029291415552047547e+05
5.019719922270957613e+05
5.009476098732008249e+05
4.998315641676529776e+05
4.986027019694548799e+05
4.972475898673380143e+05
4.957646663073060918e+05
4.941667480707733193e+05
4.924810342060296098e+05
4.907466080867244164e+05
4.890102341991612921e+05
4.873216011001036968e+05
4.857289386820936925e+05
4.842753127219703165e+05
4.829952660011277185e+05
4.819112309809554718e+05
4.810294688172777533e+05
4.803360548093965626e+05
4.797942252342135180e+05
4.793447491613354068e+05
4.789105893754438730e+05
4.784060094177516294e+05
4.777488574964606087e+05
4.768735825395070715e+05
4.757421028910255991e+05
4.743501361442065099e+05
4.727278039856507094e+05
4.709347642331928364e+05
4.690512675923556089e+05
4.671670626777031575e+05
4.653699728287138860e+05
4.637355011096731760e+05
4.623183271497693495e+05
4.611462666667787707e+05
4.602171793986087432e+05
4.594992653645446408e+05
4.589349815870658495e+05
4.584483549405580270e+05
4.579548519551815698e+05
4.573724088750557275e+05
4.566319431607435690e+05
4.556857672062595375e+05
4.545127597959120758e+05
4.531197661982965074e+05
4.515393213621136383e+05
4.498243067814702517e+05
4.480405193052747054e+05
4.462583470891140169e+05
4.445447999833149952e+05
4.429569867163951858e+05
4.415377367659134325e+05
4.403134763438440859e+05
4.392938517154417350e+05
4.384722017473957967e+05
4.378260364911967190e+05
4.373172238339747419e+05
4.368924063669608440e+05
4.364848456309417961e+05
4.360189884517200408e+05
4.354183664865499595e+05
4.346161544164452935e+05
4.335663495892357896e+05
4.322527371759507805e+05
4.306930122720145155e+05
4.289366548834469868e+05
4.270569512465324951e+05
4.251392256660001003e+05
4.232682545861887047e+05
4.215176829665381811e+05
4.199432032166376594e+05
4.185797889651270234e+05
4.174420112251400715e+05
4.165258656141405809e+05
4.158107451403116575e+05
4.152609891867909464e+05
4.148273723662588745e+05
4.144494832925483352e+05
4.140598882077393937e+05
4.135903080245560268e+05
4.129791002455418929e+05
4.121786100804325542e+05
4.111608097998117446e+05
4.099201479615448043e+05
4.084734091655489756e+05
4.068571889355528401e+05
4.051239426134467358e+05
4.033373786998352734e+05
4.015674574295067578e+05
3.998848108593673678e+05
3.983543385622061323e+05
3.970281242478206404e+05
3.959384622120895074e+05
3.950923275179427583e+05
3.944687568528649281e+05
3.940202013187846751e+05
3.936780737890816526e+05
3.933617202418573434e+05
3.929892254987118067e+05
3.924880727905231179e+05
3.918038088707415154e+05
3.909054405142716714e+05
3.897870911571958568e+05
3.884662217249450041e+05
3.869792634575520060e+05
3.853757363660309347e+05
3.837118735790596111e+05
3.820445543093435699e+05
3.804260833911392256e+05
3.789001069920026348e+05
3.774987283194786287e+05
3.762406751077523804e+05
3.751301999252840760e+05
3.741563423915454186e+05
3.732923322669697227e+05
3.724952745573690627e+05
3.717067146122546401e+05
3.708550048328572302e+05
3.698603463438524050e+05
3.686428437918122509e+05
3.671329905894437688e+05
3.652830021919026040e+05
3.630767277984498069e+05
3.605357980962314177e+05
3.577202827828529989e+05
3.547232539705798263e+05
3.516599308043272467e+05
3.486531570552815683e+05
3.458176030574812321e+05
3.432452269134228700e+05
3.409942480747052468e+05
3.390832915277156280e+05
3.374915449687768705e+05
3.361648093121334095e+05
3.350263214391837246e+05
3.339903636064811144e+05
3.329761669363579131e+05
3.319196418416308588e+05
3.307810537881967612e+05
3.295477464087089174e+05
3.282320975789455697e+05
3.268657689859606326e+05
3.254917826755637070e+05
3.241560083973016008e+05
3.228993910498025944e+05
3.217518535088828066e+05
3.207284046259458410e+05
3.198276232411527890e+05
3.190323864304210292e+05
3.183124671532781795e+05
3.176284621041393257e+05
3.169364483799996087e+05
3.161928070777392713e+05
3.153587537469653180e+05
3.144042175676838378e+05
3.133107666071233107e+05
3.120732877152291476e+05
3.107001500379410572e+05
3.092116826594820595e+05
3.076370205554758431e+05
3.060096935133658117e+05
3.043626583251548000e+05
3.027236835622090730e+05
3.011119893942255294e+05
2.995367892304678680e+05
2.979979257014512550e+05
2.964882619928125641e+05
2.949970394670757814e+05
2.935131939694415196e+05
2.920277275367307593e+05
2.905346484809392132e+05
2.890305897168545634e+05
2.875137689597065328e+05
2.859832281244030455e+05
2.844391392891989090e+05
2.828844228947015363e+05
2.813272050904302741e+05
2.797830583991889143e+05
2.782757943320873310e+05
2.768359116843108204e+05
2.754965388666818035e+05
2.742875701824041316e+05
2.732293705830547260e+05
2.723276807676292374e+05
2.715711220516762696e+05
2.709320671906555071e+05
2.703708077887579566e+05
2.698421449703015969e+05
2.693029602744899457e+05
2.687191155751783517e+05
2.680702171129622729e+05
2.673513002992296824e+05
2.665712172479827423e+05
2.657482663029935793e+05
2.649042188018691959e+05
2.640582348489667638e+05
2.632221422900650650e+05
2.623981852968261228e+05
2.615797138398811803e+05
2.607545300083509064e+05
2.599099139725085115e+05
2.590378984453833546e+05
2.581392728875775938e+05
2.572251168997028726e+05
2.563153193389956432e+05
2.554343708125238481e+05
2.546054967714993400e+05
2.538446999249910878e+05
2.531563448855935712e+05
2.525315096800406172e+05
2.519495600154034328e+05
2.513825060896301875e+05
2.508009582358591724e+05
2.501801346532166936e+05
2.495044837178372545e+05
2.487699898590686789e+05
2.479839317318925168e+05
2.471625103618086141e+05
2.463271762057036685e+05
2.455005887857347261e+05
2.447029913655890559e+05
2.439494976058854663e+05
2.432484932091705559e+05
2.426011338427190203e+05
2.420017917264237767e+05
2.414392445691428729e+05
2.408983763034581789e+05
2.403621454510351177e+05
2.398135720744848950e+05
2.392375135864586337e+05
2.386220618286705285e+05
2.379595034238266817e+05
2.372469197611966520e+05
2.364866107517684577e+05
2.356865444744616689e+05
2.348609211476542114e+05
2.340307091797915637e+05
2.332237492178953253e+05
2.324738624063660682e+05
2.318184623718459625e+05
2.312944958822133194e+05
2.309330424087677093e+05
2.307534032908318040e+05
2.307577963352785155e+05
2.309277047772905789e+05
2.312225201326563256e+05
2.315805284217554436e+05
2.319217659156500595e+05
2.321520368331078207e+05
2.321675360738137679e+05
2.318599702944597811e+05
2.311225796055408136e+05
2.298577251913944492e+05
2.279864859870812797e+05
2.254599466488298785e+05
2.222707536280880449e+05
2.184624749654188927e+05
2.141338108593025245e+05
2.094351351047220815e+05
2.045562667550147453e+05
1.997064563566987636e+05
1.950896954917582334e+05
1.908799130020533921e+05
1.872008906622769136e+05
1.841146991043055605e+05
1.816204463863570127e+05
1.796627761960350326e+05
1.781475396850419929e+05
1.769609034117569099e+05
1.759880335000747000e+05
1.751282734020255157e+05
1.743050456518026767e+05
1.734701188234685978e+05
1.726030163957588084e+05
1.717069865500656306e+05
1.708030692966430215e+05
1.699235188845796802e+05
1.691053870978225605e+05
1.683846710070269182e+05
1.677912200657329522e+05
1.673445983127589279e+05
1.670512089094927360e+05
1.669030597901043657e+05
1.668784628395119798e+05
1.669446907275040285e+05
1.670622433990788122e+05
1.671900348161675793e+05
1.672906213450409705e+05
1.673346114779020136e+05
1.673036002529763500e+05
1.671912882731207355e+05
1.670027910121738096e+05
1.667524496395360620e+05
1.664606676851607044e+05
1.661503778088561667e+05
1.658436645635782334e+05
1.655588423730019422e+05
1.653079793586423912e+05
1.650945891201141640e+05
1.649111252495085355e+05
1.647361044040826382e+05
1.645311450090347498e+05
1.642388001114233921e+05
1.637825407327945577e+05
1.630703422380335396e+05
1.620028552733702818e+05
1.604860982120076951e+05
1.584472088708202355e+05
1.558504519896752608e+05
1.527098843503402604e+05
1.490952218669716676e+05
1.451286528036867967e+05
1.409723554844130413e+05
1.368087439561255742e+05
1.328172796958244289e+05
1.291524715120668116e+05
1.259272066133251064e+05
1.232040175770679489e+05
1.209948427156154794e+05
1.192679478542682191e+05
1.179594693327917339e+05
1.169867175810492481e+05
1.162608167160027951e+05
1.156971000550700701e+05
1.152225544814211753e+05
1.147802526371939020e+05
1.143310620682322187e+05
1.138530551936310803e+05
1.133390983289735304e+05
1.127931690488119930e+05
1.122260523796896887e+05
1.116511390808813594e+05
1.110810125837728701e+05
1.105253170375608606e+05
1.099900665645836707e+05
1.094781720531984611e+05
1.089906500091121125e+05
1.085278490681383701e+05
1.080901341220747709e+05
1.076777684301379049e+05
1.072901139896597160e+05
1.069245780598775600e+05
1.065758461533480877e+05
1.062358200667626515e+05
1.058943870052719139e+05
1.055408185571389477e+05
1.051653799930509413e+05
1.047607050156626065e+05
1.043226465447319788e+05
1.038505551990081876e+05
1.033471389734779659e+05
1.028181298940449924e+05
1.022719118709606846e+05
1.017191099436025834e+05
1.011720035896791378e+05
1.006435893515276402e+05
1.001462085082715930e+05
9.968983601875651220e+04
9.928031581020673912e+04
9.891793946059232985e+04
9.859675020547938766e+04
9.830481652242035489e+04
9.802551191674613801e+04
9.773963243192210211e+04
9.742803841109637870e+04
9.707444164395939151e+04
9.666795508457673714e+04
9.620504659663693747e+04
9.569057221317364019e+04
9.513762141682204674e+04
9.456602314219501568e+04
9.399956496994689223e+04
9.346225615083593584e+04
9.297424938965859474e+04
9.254822289164105314e+04
9.218701960993306420e+04
9.188311080935942300e+04
9.162004558377068315e+04
9.137558522956406523e+04
9.112584097823197953e+04
9.084954069937691384e+04
9.053157981746217411e+04
9.016522757994572748e+04
8.975268217288046435e+04
8.930401018449486583e+04
8.883479931250897062e+04
8.836305569109930366e+04
8.790596799161090166e+04
8.747713509624113794e+04
8.708472413040601532e+04
8.673081941913232731e+04
8.641198234969816986e+04
8.612081270827920525e+04
8.584812242895398231e+04
8.558522958505620772e+04
8.532587027260828472e+04
8.506731688697521167e+04
8.481047864449204644e+04
8.455901651436582324e+04
8.431777251193365373e+04
8.409101337273475656e+04
8.388104706232796889e+04
8.368765397556690732e+04
8.350851383495228947e+04
8.334049456715976703e+04
8.318141574308389681e+04
8.303179607450905314e+04
8.289616604535264196e+04
8.278372152328419907e+04
8.270831004153372487e+04
8.268787344187880808e+04
8.274345931295890477e+04
8.289777280778886052e+04
8.317305272539613361e+04
8.358794052283042402e+04
8.415307707472122274e+04
8.486546396815002663e+04
8.570213649178895866e+04
8.661429981827992015e+04
8.752359350769166485e+04
8.832235459707003611e+04
8.887945264221937396e+04
8.905237593258840207e+04
8.870483445225520700e+04
8.772750391582734301e+04
8.605813912762550171e+04
8.369665818734350614e+04
8.071131753761412983e+04
7.723379747666974436e+04
7.344351193034760945e+04
6.954402818219912297e+04
6.573633600846020272e+04
6.219427267555797880e+04
5.904656915447908978e+04
5.636808918687050027e+04
5.418054988768573094e+04
5.246103345649789844e+04
5.115539452093055297e+04
5.019336406832273497e+04
4.950257444330789440e+04
4.901955428391442547e+04
4.869665638165813289e+04
4.850469409377578995e+04
4.843171477473317645e+04
4.847884917447753833e+04
4.865456090375270287e+04
4.896884891949685698e+04
4.942895238186028291e+04
5.003779412735563528e+04
5.079575555169613654e+04
5.170547679572858760e+04
5.277839657837667619e+04
5.404092886917851138e+04
5.553777430516434106e+04
5.733008520463281457e+04
5.948712949612272496e+04
6.207164573417653446e+04
6.512096401810556563e+04
6.862771910326143552e+04
7.252503941578396189e+04
7.668096151016504155e+04
8.090526430028838513e+04
8.496914696789176378e+04
8.863486564109344909e+04
9.168958579526987160e+04
9.397626888615527423e+04
9.541495648179162527e+04
9.601023785693263926e+04
9.584421466683137987e+04
9.505775687327294145e+04
9.382520121656164702e+04
9.232828762184971129e+04
9.073413674098177580e+04
8.918006859087318298e+04
8.776589082559887902e+04
8.655264071715447062e+04
8.556596469921400421e+04
8.480228360186060308e+04
8.423629567323481024e+04
8.382885479997476796e+04
8.353459613698326575e+04
8.330881303569357260e+04
8.311310073673815350e+04
8.291930356937872421e+04
8.271142953557793226e+04
8.248545028445219214e+04
8.224723304238975106e+04
8.200915880431870755e+04
8.178617291564168409e+04
8.159203361274143390e+04
8.143637467516055040e+04
8.132294039604641148e+04
8.124907488940199255e+04
8.120633440519982832e+04
8.118197929656904307e+04
8.116107629421875754e+04
8.112894946780019382e+04
8.107370600183456554e+04
8.098851098904211540e+04
8.087322358813724713e+04
8.073500027275033062e+04
8.058758259820762032e+04
8.044923608976136893e+04
8.033964554002707882e+04
8.027639521149689972e+04
8.027184921437683806e+04
8.033121346959304356e+04
8.045229702306914260e+04
8.062706826627609553e+04
8.084464391431487456e+04
8.109498420093972527e+04
8.137238988782059459e+04
8.167794188972201664e+04
8.202027311967241985e+04
8.241445246405644866e+04
8.287920371867524227e+04
8.343307674810881144e+04
8.409043728035459935e+04
8.485817539363553806e+04
8.573383235041640000e+04
8.670546092518331716e+04
8.775307918558333768e+04
8.885119604523963062e+04
8.997170194783204352e+04
9.108648199982709775e+04
9.216937917758034018e+04
9.319748999836274015e+04
9.415206290128968249e+04
9.501937240480689798e+04
9.579182306850005989e+04
9.646925418158758839e+04
9.706009585894961492e+04
9.758181405631701637e+04
9.806008105550774781e+04
9.852634593844543269e+04
9.901389547427586513e+04
9.955296278801462904e+04
1.001658095403457119e+05
1.008628534972934722e+05
1.016407779034388368e+05
1.024831636885229964e+05
1.033636256091165269e+05
1.042508509046764812e+05
1.051144847125661909e+05
1.059306012647171738e+05
1.066856032307304267e+05
1.073777831356338720e+05
1.080163606319122337e+05
1.086184202858517092e+05
1.092046448923553398e+05
1.097949373557495419e+05
1.104049046554189990e+05
1.110438008866871387e+05
1.117140383802049037e+05
1.124119512279519695e+05
1.131292694340060116e+05
1.138547783122594119e+05
1.145758375449925225e+05
1.152796884372041677e+05
1.159546499814129347e+05
1.165913143995353603e+05
1.171837132668655977e+05
1.177302325281135418e+05
1.182339390259545762e+05
1.187020379901722481e+05
1.191444168149717880e+05
1.195715532522615395e+05
1.199923277954079967e+05
1.204123518869775289e+05
1.208332647159137559e+05
1.212531314293959585e+05
1.216677384655780334e+05
1.220723698409935023e+05
1.224636303632643248e+05
1.228410248690307490e+05
1.232082019198929920e+05
1.235739167876063584e+05
1.239528107660591049e+05
1.243660672370977409e+05
1.248419566903296072e+05
1.254162688471902511e+05
1.261326285142924753e+05
1.270426222335485800e+05
1.282054520339809678e+05
1.296865009448232449e+05
1.315539018261731253e+05
1.338722032873827848e+05
1.366927489257239795e+05
1.400414619406311540e+05
1.439060972883057548e+05
1.482261724641718320e+05
1.528891305146973755e+05
1.577354400849381054e+05
1.625733400903079892e+05
1.672013224223415018e+05
1.714340748216640495e+05
1.751263375226130011e+05
1.781894664832408016e+05
1.805973751090574951e+05
1.823813256571719248e+05
1.836158383001717739e+05
1.843999143819616584e+05
1.848383319447384856e+05
1.850269703082722262e+05
1.850443921331815363e+05
1.849499059735937044e+05
1.847866621631318121e+05
1.845873909362342965e+05
1.843802777749373636e+05
1.841930453309549484e+05
1.840542868220972596e+05
1.839921464054632233e+05
1.840312830696084711e+05
1.841894922709448729e+05
1.844753178288739291e+05
1.848875183259405312e+05
1.854165297429382917e+05
1.860473402372765704e+05
1.867627186741274782e+05
1.875456839126197156e+05
1.883804787742281624e+05
1.892519648636241327e+05
1.901440176463698153e+05
1.910379122635633394e+05
1.919116966024247522e+05
1.927411648567920492e+05
1.935024396612016426e+05
1.941755841249419027e+05
1.947483090471209143e+05
1.952188215636062087e+05
1.955971520763545414e+05
1.959047610814328364e+05
1.961726846310270485e+05
1.964387699507083744e+05
1.967446051834694517e+05
1.971325853531329194e+05
1.976432890240904235e+05
1.983131058182145061e+05
1.991719601659719483e+05
2.002410485622323467e+05
2.015306870172952767e+05
2.030385428274133592e+05
2.047486011616668256e+05
2.066311564912172034e+05
2.086439639700506814e+05
2.107345246442308417e+05
2.128433837958443037e+05
2.149083005599294556e+05
2.168691337289304065e+05
2.186731937711315404e+05
2.202805959330940677e+05
2.216688789570427907e+05
2.228359855280444317e+05
2.238008024572791765e+05
2.246009016055444081e+05
2.252878086400381289e+05
2.259208065391198907e+05
2.265606621749785263e+05
2.272645596737100277e+05
2.280829566279552237e+05
2.290582856184108823e+05
2.302247478757603094e+05
2.316081752992076508e+05
2.332251656317365123e+05
2.350812870957385458e+05
2.371688135879189649e+05
2.394648933895361843e+05
2.419311067951032892e+05
2.445150515377940901e+05
2.471540750146232604e+05
2.497807560533675423e+05
2.523293749877199298e+05
2.547424471400723560e+05
2.569764029748270405e+05
2.590056298339303175e+05
2.608243178861189517e+05
2.624458679605344078e+05
2.638999967789617949e+05
2.652280463261061814e+05
2.664772642563602421e+05
2.676948839863020112e+05
2.689226883428970468e+05
2.701924852044655709e+05
2.715227154543603538e+05
2.729163774849422043e+05
2.743605858974676812e+05
2.758282288948255591e+05
2.772821155432954547e+05
2.786815492509164033e+05
2.799904774264672305e+05
2.811855436929553398e+05
2.822619307373851188e+05
2.832351597652075579e+05
2.841380411578567582e+05
2.850134236288446700e+05
2.859047055929950438e+05
2.868467208929591579e+05
2.878593459562426433e+05
2.889451500258412561e+05
2.900910850245364127e+05
2.912731171849599341e+05
2.924621890568886884e+05
2.936300085533108795e+05
2.947536661153651075e+05
2.958186589060134720e+05
2.968203124338331982e+05
2.977637711341716931e+05
2.986627633696499979e+05
2.995373590354908956e+05
3.004110001268732594e+05
3.013071803638254642e+05
3.022462159739531344e+05
3.032425391630639206e+05
3.043028630668091937e+05
3.054254519614487072e+05
3.066006144834225415e+05
3.078124138021677500e+05
3.090414249299398507e+05
3.102681528531232616e+05
3.114765013455286389e+05
3.126565514140342711e+05
3.138059739980904269e+05
3.149297014951314777e+05
3.160379470078721642e+05
3.171431283391317702e+05
3.182565455267893267e+05
3.193856641761257197e+05
3.205325847212966182e+05
3.216938608868698939e+05
3.228614510541604832e+05
3.240243849629830802e+05
3.251707372438404709e+05
3.262896356150033535e+05
3.273731566931479028e+05
3.284179738792825956e+05
3.294265218133204035e+05
3.304073377618528320e+05
3.313742728756999131e+05
3.323445080991007271e+05
3.333356989032968413e+05
3.343629317145105451e+05
3.354363058761123684e+05
3.365597626883074990e+05
3.377313400506497128e+05
3.389445453267662670e+05
3.401902376055300701e+05
3.414584116076956270e+05
3.427395255284374580e+05
3.440253312448704964e+05
3.453093544410336181e+05
3.465871507594084251e+05
3.478563030030031805e+05
3.491159921264281729e+05
3.503660169934941223e+05
3.516053733398421318e+05
3.528308031143971602e+05
3.540358957913577906e+05
3.552112273983172490e+05
3.563456775703253224e+05
3.574286362275070860e+05
3.584525162723856629e+05
3.594149614329805481e+05
3.603203503326106002e+05
3.611804819235269679e+05
3.620144933258089586e+05
3.628480260887225159e+05
3.637115040540532791e+05
3.646373088106994983e+05
3.656558049786960473e+05
3.667905915933196084e+05
3.680538649466892821e+05
3.694430986669652048e+05
3.709401575243000989e+05
3.725134209530241787e+05
3.741226654673580197e+05
3.757256335704837111e+05
3.772846888717088150e+05
3.787719017655175412e+05
3.801713526472989470e+05
3.814782624133587233e+05
3.826955351594425156e+05
3.838291305998909520e+05
3.848840771957638208e+05
3.858626945253518643e+05
3.867657303499425179e+05
3.875959164380506845e+05
3.883623867752624210e+05
3.890839589216805762e+05
3.897896856974324910e+05
3.905161807642499334e+05
3.913025105014402070e+05
3.921843327075534035e+05
3.931890661679663463e+05
3.943332136549621355e+05
3.956219302007845254e+05
3.970500702300457633e+05
3.986036530665260507e+05
4.002610052530546673e+05
4.019934866527076811e+05
4.037662620084613445e+05
4.055397278002760722e+05
4.072719076015847968e+05
4.089216165247134631e+05
4.104518029605452321e+05
4.118324380818297504e+05
4.130426378009603941e+05
4.140721408493194031e+05
4.149225255912585999e+05
4.156084359694279265e+05
4.161586482515758253e+05
4.166163068399545737e+05
4.170374200124604395e+05
4.174869433214128367e+05
4.180324516072619008e+05
4.187362395880186232e+05
4.196473312838234124e+05
4.207950442730065552e+05
4.221853848537633312e+05
4.238008086469399277e+05
4.256030613698877860e+05
4.275381997410624172e+05
4.295426454488151358e+05
4.315492485448726802e+05
4.334927041482446366e+05
4.353140935722231516e+05
4.369646405318199540e+05
4.384088882023764309e+05
4.396274084760178230e+05
4.406189255953422398e+05
4.414014906782123726e+05
4.420121969366117846e+05
4.425049523856985616e+05
4.429460453652987489e+05
4.434076152755233925e+05
4.439596087788502919e+05
4.446612683656368754e+05
4.455535507828866830e+05
4.466539753183646244e+05
4.479551375912592630e+05
4.494274494976004935e+05
4.510256788958518882e+05
4.526978283743051579e+05
4.543941793278552359e+05
4.560742596200077678e+05
4.577101796656895895e+05
4.592860210314678843e+05
4.607942913299227366e+05
4.622313505109139951e+05
4.635938176667580847e+05
4.648772825736287632e+05
4.660775134782737005e+05
4.671932814199037966e+05
4.682293424639065634e+05
4.691981986997537897e+05
4.701198611813845928e+05
4.710196365795219899e+05
4.719246146394039388e+05
4.728598382884425810e+05
4.738450685720340698e+05
4.748927319168733084e+05
4.760072348380664480e+05
4.771855060603499296e+05
4.784184618429235416e+05
4.796930843885489157e+05
4.809948795048056054e+05
4.823105278588023502e+05
4.836304797919406556e+05
4.849510679453490884e+05
4.862755343184495578e+05
4.876133625163384131e+05
4.889776072184320074e+05
4.903805112975984812e+05
4.918284015078869415e+05
4.933173449741994264e+05
4.948310554804287967e+05
4.963419748135480913e+05
4.978154891020452487e+05
4.992162333537919912e+05
5.005147800327974255e+05
5.016929468898188206e+05
5.027464972314892802e+05
5.036849107994631631e+05
5.045288206707887002e+05
5.053063132889237604e+05
5.060493963516534423e+05
5.067915714662930695e+05
5.075667865453794366e+05
5.084093427566762548e+05
5.093538289277961594e+05
5.104340087980005192e+05
5.116798509236948448e+05
5.131125300148688257e+05
5.147381088942103088e+05
5.165414952041857177e+05
5.184828322443083161e+05
5.204983995183269144e+05
5.225071825810984592e+05
5.244226451975606615e+05
5.261673842541684862e+05
5.276869913770004641e+05
5.289592473588180728e+05
5.299959985430125380e+05
5.308373710424022283e+05
5.315405103958353866e+05
5.321667621557931416e+05
5.327714026302396087e+05
5.333986112106402870e+05
5.340819781779972836e+05
5.348485255673027132e+05
5.357229874562333571e+05
5.367294362411559559e+05
5.378890073114408879e+05
5.392146208900709171e+05
5.407051963390127057e+05
5.423421796641992405e+05
5.440901808375513647e+05
5.459017192357738968e+05
5.477244189602303086e+05
5.495082633662088774e+05
5.512109690913405502e+05
5.528008067703318084e+05
5.542575139403963694e+05
5.555725859119088855e+05
5.567498948271804256e+05
5.578065572217358276e+05
5.587729318984820275e+05
5.596902788112153066e+05
5.606052578556921799e+05
5.615618403848211747e+05
5.625926520292988280e+05
5.637124903535242192e+05
5.649163189043684397e+05
5.661825491591560422e+05
5.674805181688612793e+05
5.687795933671470266e+05
5.700569254085560096e+05
5.713016578386164038e+05
5.725149691261849366e+05
5.737069212969561340e+05
5.748920228234159295e+05
5.760853660429168958e+05
5.773003584397598170e+05
5.785479805918282364e+05
5.798367633687532507e+05
5.811726054352336796e+05
5.825580599840476643e+05
5.839914012329365360e+05
5.854661771841939772e+05
5.869718222552160732e+05
5.884953379517375724e+05
5.900234061249564402e+05
5.915439682748616906e+05
5.930464905076334253e+05
5.945207571003491757e+05
5.959547951579596847e+05
5.973330744565642672e+05
5.986362102496074513e+05
5.998429814757482382e+05
6.009347055848471355e+05
6.019011359497763915e+05
6.027463446392962942e+05
6.034927559166573919e+05
6.041817431117696688e+05
6.048699892228721874e+05
6.056219589343502885e+05
6.064999949415909359e+05
