5.430245751964735100e+05
5.429034024684122996e+05
5.428576561810658313e+05
5.427791573438746855e+05
5.425728354944364401e+05
5.421643233800426824e+05
5.415033291471779812e+05
5.405637218029996147e+05
5.393418398677567020e+05
5.378543142530851765e+05
5.361358979965611361e+05
5.342369171151769115e+05
5.322195219562349375e+05
5.301521916336409049e+05
5.281027837028583745e+05
5.261313529313969193e+05
5.242844394947153050e+05
5.225922313343386631e+05
5.210690314604405430e+05
5.197162689223039197e+05
5.185264645926141529e+05
5.174864943351667025e+05
5.165791818851866410e+05
5.157833136254718993e+05
5.150730370363388211e+05
5.144178544558671420e+05
5.137839788202421623e+05
5.131369803623635671e+05
5.124449163144482300e+05
5.116808998186145909e+05
5.108244179615847534e+05
5.098613991122237640e+05
5.087836310696341679e+05
5.075883050283121411e+05
5.062781447006983217e+05
5.048620047874039155e+05
5.033553497637832770e+05
5.017799234837465337e+05
5.001622262679742998e+05
4.985309344680674840e+05
4.969138442161012208e+05
4.953350919355158694e+05
4.938132689313334413e+05
4.923607277403901680e+05
4.909840453208073741e+05
4.896853786817654036e+05
4.884643385742269456e+05
4.873199620444174507e+05
4.862523277357681072e+05
4.852633245841167518e+05
4.843561143344927696e+05
4.835330070427814499e+05
4.827918472686547320e+05
4.821215486055577057e+05
4.814979688894741121e+05
4.808816647755654412e+05
4.802189829456483130e+05
4.794473244648044347e+05
4.785043393301650649e+05
4.773395585551919066e+05
4.759259681103210314e+05
4.742686613268827205e+05
4.724081655792538659e+05
4.704172228442019550e+05
4.683913468751116889e+05
4.664349046674185083e+05
4.646453821500557824e+05
4.630987221805230947e+05
4.618382365967119113e+05
4.608688079924869235e+05
4.601571358511039289e+05
4.596377968207787490e+05
4.592239673073788872e+05
4.588208904094171594e+05
4.583397037202494685e+05
4.577092423539177398e+05
4.568839654932101839e+05
4.558471103428239003e+05
4.546092563531965134e+05
4.532033311841244576e+05
4.516774801581997890e+05
4.500871637535212212e+05
4.484875552846146165e+05
4.469270325347075704e+05
4.454424036603633431e+05
4.440563924307596753e+05
4.427776458531198441e+05
4.416030199631722644e+05
4.405212656892334344e+05
4.395167841365388012e+05
4.385721645046600024e+05
4.376688578454401577e+05
4.367863455295041203e+05
4.359010522698414861e+05
4.349865438103484339e+05
4.340160219534314238e+05
4.329669832553562592e+05
4.318266833604260464e+05
4.305963644018306513e+05
4.292924331902231206e+05
4.279438527576910565e+05
4.265864403356365510e+05
4.252558884351973538e+05
4.239816398845358635e+05
4.227831561870459700e+05
4.216689632810602780e+05
4.206377287089348538e+05
4.196800501871840679e+05
4.187798323921413976e+05
4.179149106294967351e+05
4.170574783521305653e+05
4.161753862960707047e+05
4.152352142761094728e+05
4.142072305569308810e+05
4.130713195067965426e+05
4.118221810775854392e+05
4.104719871656528558e+05
4.090493306270380854e+05
4.075944872599550290e+05
4.061522496152183739e+05
4.047643715619691648e+05
4.034636653879198711e+05
4.022710331002617604e+05
4.011955281908989418e+05
4.002364425412712735e+05
3.993858513196146814e+05
3.986302326148223365e+05
3.979505807258905843e+05
3.973214562681829557e+05
3.967101795283303363e+05
3.960775233151580906e+05
3.953807311674025259e+05
3.945787184954696568e+05
3.936383418647037470e+05
3.925400691360453493e+05
3.912814757369002327e+05
3.898776676583933295e+05
3.883586876767859794e+05
3.867648073085118667e+05
3.851410400955272489e+05
3.835321324454787537e+05
3.819788116958814207e+05
3.805154450620476273e+05
3.791687450162830064e+05
3.779569118473443668e+05
3.768886644517097156e+05
3.759618944645425654e+05
3.751620492244748748e+05
3.744606722846896155e+05
3.738147158510052250e+05
3.731672520403703675e+05
3.724500593851922313e+05
3.715882859538958874e+05
3.705070413723587408e+05
3.691393998804570874e+05
3.674349571603635559e+05
3.653678254934470169e+05
3.629428237545526354e+05
3.601986653859965736e+05
3.572072018573864480e+05
3.540682505268717068e+05
3.509001937496362953e+05
3.478272954292921349e+05
3.449653990438347100e+05
3.424081665838336339e+05
3.402161199121765094e+05
3.384103598959346418e+05
3.369720024608208332e+05
3.358472706876711454e+05
3.349571052447288530e+05
3.342093906177426688e+05
3.335116230765598593e+05
3.327820762930691126e+05
3.319580997987196315e+05
3.310008853641381138e+05
3.298966593253602041e+05
3.286547097373162396e+05
3.273029436403865111e+05
3.258818436040261295e+05
3.244377824151386740e+05
3.230166388941601617e+05
3.216584966792243649e+05
3.203939027804334764e+05
3.192417907011632342e+05
3.182088619788967189e+05
3.172900774656219292e+05
3.164699536593768862e+05
3.157245052415855462e+05
3.150237899495674064e+05
3.143350015393801732e+05
3.136259222883671173e+05
3.128683757784730988e+05
3.120412211871567415e+05
3.111324586868102197e+05
3.101401525861514965e+05
3.090720617002046201e+05
3.079440439206888550e+05
3.067774635091102682e+05
3.055959860400239122e+05
3.044222850485023810e+05
3.032752491047648364e+05
3.021681949131519068e+05
3.011083347952865879e+05
3.000973826961871237e+05
2.991328575812615454e+05
2.982095056566619896e+05
2.973203753676408669e+05
2.964573746701444616e+05
2.956114584157051286e+05
2.947727733463013428e+05
2.939310560384226264e+05
2.930763829583385959e+05
2.922001403829394840e+05
2.912959434608023148e+05
2.903602454561927589e+05
2.893925076839100220e+05
2.883949608191555017e+05
2.873720973294114810e+05
2.863300596731665428e+05
2.852760497309324564e+05
2.842178258115635253e+05
2.831633066158057190e+05
2.821202701210558880e+05
2.810961050746745896e+05
2.800975366508875741e+05
2.791302225834398996e+05
2.781981347559491987e+05
2.773027261036764830e+05
2.764420190283427946e+05
2.756098835768072167e+05
2.747958296354438062e+05
2.739855701676987228e+05
2.731624298514170223e+05
2.723094379618336097e+05
2.714117419911001925e+05
2.704588757758373977e+05
2.694464324642173015e+05
2.683768048495543189e+05
2.672588235658493359e+05
2.661063177693978068e+05
2.649358279707553447e+05
2.637638963353157160e+05
2.626044994785734452e+05
2.614672041001341713e+05
2.603564648287501768e+05
2.592721611233818403e+05
2.582110887967638264e+05
2.571688377645126311e+05
2.561414298960205051e+05
2.551262827199291205e+05
2.541224016352538893e+05
2.531300076278217020e+05
2.521499311741817510e+05
2.511830136598065728e+05
2.502295535916648223e+05
2.492886794323987560e+05
2.483575479036097822e+05
2.474304626997631858e+05
2.464982673766253574e+05
2.455485149133210944e+05
2.445668232135548024e+05
2.435394740811197262e+05
2.424568173483187275e+05
2.413166006127171568e+05
2.401261575428221258e+05
2.389025683352457418e+05
2.376704316605132190e+05
2.364575979738956084e+05
2.352898662149700685e+05
2.341860043778387189e+05
2.331543841427004663e+05
2.321920413051270007e+05
2.312862564249240095e+05
2.304180442161557148e+05
2.295664779168560926e+05
2.287126837480956456e+05
2.278426057892790704e+05
2.269481290989666595e+05
2.260266724904019793e+05
2.250797600005643326e+05
2.241112652717898018e+05
2.231259941222369962e+05
2.221290840584152611e+05
2.211264301738881622e+05
2.201260584112431388e+05
2.191401044442720304e+05
2.181868543116181681e+05
2.172921957120293810e+05
2.164898484156817722e+05
2.158199042562879040e+05
2.153254961744429602e+05
2.150477811995575321e+05
2.150197903930736065e+05
2.152599951778841496e+05
2.157666099280632334e+05
2.165136706337885698e+05
2.174497988979172078e+05
2.185002899891573179e+05
2.195727624990942713e+05
2.205660852056390140e+05
2.213816835511395475e+05
2.219357005710325320e+05
2.221699853872547392e+05
2.220596922074170434e+05
2.216155649979381124e+05
2.208798277053541387e+05
2.199158948069164180e+05
2.187935745982928784e+05
2.175726537969548663e+05
2.162883390164332814e+05
2.149417624316780712e+05
2.134976650750529370e+05
2.118897367425438715e+05
2.100323627318187500e+05
2.078361642356058001e+05
2.052240524760576664e+05
2.021446637014480948e+05
1.985808961183320207e+05
1.945525547073068155e+05
1.901134703001252492e+05
1.853445549605902052e+05
1.803448405295107805e+05
1.752225234922892414e+05
1.700874803301299980e+05
1.650458498412207700e+05
1.601964190821890952e+05
1.556280017065474240e+05
1.514169410518090008e+05
1.476242837621928775e+05
1.442928318699815136e+05
1.414448625913011492e+05
1.390815151130870800e+05
1.371845658484592859e+05
1.357206594065738609e+05
1.346473144020176842e+05
1.339194965594859677e+05
1.334954471695869579e+05
1.333407777224497113e+05
1.334304201158471988e+05
1.337486078937687853e+05
1.342874511173890787e+05
1.350447687820236024e+05
1.360216988933936518e+05
1.372203378297077434e+05
1.386414013848862378e+05
1.402817480403185764e+05
1.421316041524551401e+05
1.441714741265575576e+05
1.463689606713548419e+05
1.486759864688841626e+05
1.510271070661625999e+05
1.533396458973498666e+05
1.555162087734985980e+05
1.574497516670668265e+05
1.590308615002498555e+05
1.601564017722203862e+05
1.607383228579933930e+05
1.607113482201555744e+05
1.600384476267928549e+05
1.587134317853088723e+05
1.567605226930496865e+05
1.542312314253969234e+05
1.511992073977355903e+05
1.477538713496865821e+05
1.439936305298630323e+05
1.400193558738564607e+05
1.359286357634414162e+05
1.318111456024217769e+05
1.277452983807493729e+05
1.237961702415700274e+05
1.200145383991072595e+05
1.164367564943401376e+05
1.130851616141756094e+05
1.099687769331127201e+05
1.070842243330840138e+05
1.044169324659017730e+05
1.019428413000539294e+05
9.963080749723745976e+04
9.744579538301863067e+04
9.535273362893931335e+04
9.332069348737006658e+04
9.132686524342425400e+04
8.935972101673732686e+04
8.742077814264122571e+04
8.552452638315067452e+04
8.369634796431081486e+04
8.196861251102105598e+04
8.037550634343845013e+04
7.894746366364383721e+04
7.770620662328672188e+04
7.666130714127895772e+04
7.580885946747276466e+04
7.513237999433217919e+04
7.460556327842333121e+04
7.419615916364266013e+04
7.387009032496031432e+04
7.359502462284361536e+04
7.334290001015515008e+04
7.309126693435326160e+04
7.282364362748748681e+04
7.252927452914688911e+04
7.220269463236804586e+04
7.184335299753899744e+04
7.145531721516717516e+04
7.104687744380296499e+04
7.062978926851767756e+04
7.021797745644998213e+04
6.982572998143204313e+04
6.946564580770052271e+04
6.914674997769809852e+04
6.887318579920238699e+04
6.864374096384309814e+04
6.845223484626394929e+04
6.828858702296251431e+04
6.814027576417141245e+04
6.799389619939710246e+04
6.783660440239247691e+04
6.765732869467051933e+04
6.744770128223365464e+04
6.720270141374488594e+04
6.692101693306899688e+04
6.660513695172739972e+04
6.626118614000962407e+04
6.589849726796419418e+04
6.552889861823061074e+04
6.516568747910177626e+04
6.482229467065617064e+04
6.451072477506265568e+04
6.423995821832135698e+04
6.401457794914889382e+04
6.383389307274837483e+04
6.369176316985305311e+04
6.357720585501844471e+04
6.347574030834838049e+04
6.337131405822286615e+04
6.324858416741577093e+04
6.309526185023929429e+04
6.290417167321508168e+04
6.267464114988847723e+04
6.241286881371542404e+04
6.213106222069235810e+04
6.184539508662303706e+04
6.157314595147743967e+04
6.132964137523183308e+04
6.112572376632743544e+04
6.096633954972834908e+04
6.085052716313463316e+04
6.077268640708546445e+04
6.072467422351231653e+04
6.069811004190202220e+04
6.068632200616379123e+04
6.068557391112548066e+04
6.069547864618640597e+04
6.071872341666278226e+04
6.076034323422615125e+04
6.082677728192411450e+04
6.092486543592332600e+04
6.106084193731102278e+04
6.123930502961939783e+04
6.146211494087894243e+04
6.172721284849462245e+04
6.202745912630124076e+04
6.234973431983797491e+04
6.267467355594653782e+04
6.297743515188089805e+04
6.322976872913150874e+04
6.340333494643323502e+04
6.347381243735224416e+04
6.342495843667144072e+04
6.325163787096009764e+04
6.296100872934942890e+04
6.257152930429713888e+04
6.211007867463311413e+04
6.160802052178660233e+04
6.109728144627405709e+04
6.060737101349022851e+04
6.016382257221966574e+04
5.978799651779270062e+04
5.949781103298401285e+04
5.930891488104972086e+04
5.923609064323543862e+04
5.929509910727880924e+04
5.950547119953979563e+04
5.989467207000908093e+04
6.050349609250071808e+04
6.139160650333416561e+04
6.264111487861413480e+04
6.435542708726052660e+04
6.665067678934804280e+04
6.963818846552494506e+04
7.339855308790756681e+04
7.795070990038556920e+04
8.322221236883840174e+04
8.902868732979602646e+04
9.507045524734692299e+04
1.009518019848971308e+05
1.062236111864861014e+05
1.104439855377188069e+05
1.132458325525863620e+05
1.143971042620215012e+05
1.138398747462743195e+05
1.116989543069192150e+05
1.082580995020251285e+05
1.039098408420092601e+05
9.909102691938754288e+04
9.421859094249630289e+04
8.963834447115876537e+04
8.559475926753977546e+04
8.222357211009888852e+04
7.956359980272573011e+04
7.758074412678515364e+04
7.619623503229167545e+04
7.531231324357254198e+04
7.483094250632176409e+04
7.466387154322385322e+04
7.473476083670672961e+04
7.497576722809727653e+04
7.532179327180866676e+04
7.570556264068535529e+04
7.605589113637502305e+04
7.630021060565227526e+04
7.637090878056219663e+04
7.621377345287862408e+04
7.579613123026950052e+04
7.511233613533369498e+04
7.418503139855022891e+04
7.306179052054617205e+04
7.180793644809781108e+04
7.049717524425766896e+04
6.920196485625977220e+04
6.798528698071918916e+04
6.689488854806535528e+04
6.596036717680368747e+04
6.519291333015567216e+04
6.458720618220093456e+04
6.412488709273866698e+04
6.377911660371153266e+04
6.351984258181502810e+04
6.331947665517386486e+04
6.315865390011839918e+04
6.303165091946160101e+04
6.295090807509321166e+04
6.294999782744944969e+04
6.308434534562000772e+04
6.342906548785543418e+04
6.407345070629118709e+04
6.511195120424539346e+04
6.663195888290670700e+04
6.869934602534335863e+04
7.134346126451696909e+04
7.454399471531309246e+04
7.822254323360174021e+04
8.224155820379208308e+04
8.641245225849408598e+04
9.051300212860913598e+04
9.431212036528758472e+04
9.759812739912424877e+04
1.002054599855799606e+05
1.020347642175238434e+05
1.030626385591049911e+05
1.033395775011519290e+05
1.029772534607547859e+05
1.021284120665568917e+05
1.009637808744146168e+05
9.965031351876862755e+04
9.833401674697294948e+04
9.712901140851622040e+04
9.611289688469382236e+04
9.532733150587920682e+04
9.478219015736962319e+04
9.446166821580094984e+04
9.433107209875721310e+04
9.434352999827117310e+04
9.444627460127108498e+04
9.458638798626865901e+04
9.471594966504155309e+04
9.479645308414493047e+04
9.480224181404859701e+04
9.472264166151976679e+04
9.456247588084306335e+04
9.434076209007919533e+04
9.408759251874119218e+04
9.383946920164425683e+04
9.363366266371324309e+04
9.350242726814511116e+04
9.346806240999334841e+04
9.353977941646783438e+04
9.371307268215870135e+04
9.397181578299806279e+04
9.429270313309427002e+04
9.465109393019130221e+04
9.502696520575482282e+04
9.540967615463570110e+04
9.580061298778878700e+04
9.621341845418476441e+04
9.667220441659225617e+04
9.720865976033428160e+04
9.785912316750444006e+04
9.866245265073624614e+04
9.965900915796801564e+04
1.008905033875437512e+05
1.024000632346668572e+05
1.042318003685139120e+05
1.064293775266074226e+05
1.090334641648265242e+05
1.120783290086039779e+05
1.155880128693380684e+05
1.195725222412557050e+05
1.240243590723369707e+05
1.289155769637361809e+05
1.341955196540519537e+05
1.397894642257766100e+05
1.455984952199812105e+05
1.515009899956270820e+05
1.573560473593671049e+05
1.630090454733918887e+05
1.682993126191537594e+05
1.730696701681939303e+05
1.771773620456405624e+05
1.805055996886236244e+05
1.829746305626085377e+05
1.845509491574354179e+05
1.852531397980987385e+05
1.851530057789492712e+05
1.843711654901254224e+05
1.830671258729445690e+05
1.814247971994403633e+05
1.796352498052197916e+05
1.778790195693629212e+05
1.763103322658956167e+05
1.750452517756261223e+05
1.741550781733784243e+05
1.736654876190424839e+05
1.735610666710135411e+05
1.737941638441353571e+05
1.742964427987474483e+05
1.749912373452117899e+05
1.758048262663754285e+05
1.766750821383554139e+05
1.775565600950222870e+05
1.784218614505828300e+05
1.792598545200551744e+05
1.800718721927689621e+05
1.808672012041346170e+05
1.816590086900433525e+05
1.824614124342317518e+05
1.832878653626032465e+05
1.841505737073599594e+05
1.850604246670274297e+05
1.860268931784512242e+05
1.870575739759182325e+05
1.881572447398835211e+05
1.893266100493728591e+05
1.905610375660759164e+05
1.918496522911626962e+05
1.931751105253589631e+05
1.945142611068724946e+05
1.958397537209882285e+05
1.971225054466304719e+05
1.983348081047039595e+05
1.994537549984011275e+05
2.004645796606201620e+05
2.013634286697189091e+05
2.021590540857539454e+05
2.028729524316382303e+05
2.035376455560987524e+05
2.041931101321792230e+05
2.048817657853897254e+05
2.056428075268034590e+05
2.065068731095888652e+05
2.074919757273643918e+05
2.086013204911663488e+05
2.098231847012368380e+05
2.111326526158567285e+05
2.124947848227542709e+05
2.138687822862376051e+05
2.152127708431318752e+05
2.164888398262572009e+05
2.176678434867617034e+05
2.187332740981978422e+05
2.196834070820331108e+05
2.205310696746808244e+05
2.213008462260292436e+05
2.220241823764027213e+05
2.227334404708038783e+05
2.234562472644787922e+05
2.242113525170625362e+05
2.250067568228179880e+05
2.258402711956558342e+05
2.267021523783695302e+05
2.275791360687706037e+05
2.284590629237847461e+05
2.293352870210424007e+05
2.302101133490810753e+05
2.310966298408206785e+05
2.320185221166756528e+05
2.330078057273680752e+05
2.341008277299234760e+05
2.353332535848321277e+05
2.367349360876589781e+05
2.383255008431900642e+05
2.401112276841932617e+05
2.420834897276378470e+05
2.442187641071743274e+05
2.464801110976042692e+05
2.488199954635116155e+05
2.511843021509720420e+05
2.535172986098022084e+05
2.557671083286944777e+05
2.578910509509125259e+05
2.598600755441072688e+05
2.616615457154241158e+05
2.632998489885816816e+05
2.647946558427733253e+05
2.661770645284687635e+05
2.674842462210179074e+05
2.687534748610392562e+05
2.700165353295856039e+05
2.712954304814576171e+05
2.726000635580539238e+05
2.739282024388642167e+05
2.752676064521693625e+05
2.765997966352287331e+05
2.779046538312644698e+05
2.791648971966744866e+05
2.803695638740311842e+05
2.815158754789130762e+05
2.826092834840760916e+05
2.836619250588245923e+05
2.846900572601202293e+05
2.857111608248073608e+05
2.867412906201261212e+05
2.877929838984446251e+05
2.888737796595378313e+05
2.899852976816511364e+05
2.911229122403024230e+05
2.922762299286054913e+05
2.934306540954309748e+05
2.945701362480749958e+05
2.956807744409021107e+05
2.967544026278729434e+05
2.977910115657003480e+05
2.987989887839880539e+05
2.997928021533294232e+05
3.007886696385260439e+05
3.017995798596089589e+05
3.028313837259215652e+05
3.038813816786405514e+05
3.049399754503199947e+05
3.059948653762114118e+05
3.070363712425884441e+05
3.080620652802095865e+05
3.090791455787976156e+05
3.101037249901533942e+05
3.111571790452981368e+05
3.122605626782163163e+05
3.134286242712115054e+05
3.146650145619775867e+05
3.159599480360749876e+05
3.172909608099542093e+05
3.186266877151831868e+05
3.199329013047679910e+05
3.211795317418836057e+05
3.223471068542522844e+05
3.234310854372828617e+05
3.244429435803940287e+05
3.254075877200021641e+05
3.263575817940789275e+05
3.273255573364915326e+05
3.283367441755430773e+05
3.294035914279452409e+05
3.305238829922195873e+05
3.316827419555439847e+05
3.328577894015816273e+05
3.340258499724480789e+05
3.351692572573450743e+05
3.362800850928545697e+05
3.373613795733963489e+05
3.384254095173629466e+05
3.394897793617015705e+05
3.405727251713647274e+05
3.416889484037596849e+05
3.428469841155501199e+05
3.440485066617439734e+05
3.452893496495755389e+05
3.465615489468192100e+05
3.478555376411684556e+05
3.491617635191812878e+05
3.504713861279588891e+05
3.517761730749606504e+05
3.530680515608795104e+05
3.543388328903659130e+05
3.555804007562964107e+05
3.567852816101048375e+05
3.579472330568274483e+05
3.590614887877498404e+05
3.601246101856438909e+05
3.611343287918516435e+05
3.620900154677033424e+05
3.629942426944655599e+05
3.638553112615338177e+05
3.646898602757548215e+05
3.655241853443937725e+05
3.663929884845335619e+05
3.673350325085168588e+05
3.683863043951478321e+05
3.695723383580271038e+05
3.709018666294974391e+05
3.723637354099532822e+05
3.739281275103518856e+05
3.755518928739828407e+05
3.771866159534447943e+05
3.787873007000883808e+05
3.803194343847091659e+05
3.817627216618976090e+05
3.831108064117896720e+05
3.843675257097039139e+05
3.855412931085262098e+05
3.866397341540103662e+05
3.876664918709909543e+05
3.886212343413290801e+05
3.895026512922694674e+05
3.903131035700985813e+05
3.910630275608281372e+05
3.917733910450222902e+05
3.924753093408952118e+05
3.932069669994194992e+05
3.940088059923540568e+05
3.949182578365650261e+05
3.959651121888350463e+05
3.971681528293360607e+05
3.985332418001018814e+05
4.000527758694585063e+05
4.017063771795342327e+05
4.034626820871689124e+05
4.052820259990079212e+05
4.071196634991168976e+05
4.089290191806834191e+05
4.106644930242520641e+05
4.122836255810786970e+05
4.137488761159739806e+05
4.150296404452887946e+05
4.161051610324470093e+05
4.169685234027528786e+05
4.176311101214113296e+05
4.181260617114181514e+05
4.185089261451057391e+05
4.188540716509463382e+05
4.192465640157492599e+05
4.197706782660600147e+05
4.204974328637317521e+05
4.214739871563526685e+05
4.227172428702512407e+05
4.242127653913109680e+05
4.259187073303087382e+05
4.277733179554435192e+05
4.297041715056733810e+05
4.316374217830779380e+05
4.335059093664672691e+05
4.352554754218051676e+05
4.368491726468880661e+05
4.382692177098809625e+05
4.395166456019947655e+05
4.406088389619721565e+05
4.415754223317240831e+05
4.424533037744089961e+05
4.432817440194485243e+05
4.440981527570771868e+05
4.449349285852658213e+05
4.458172749280340504e+05
4.467617466053801472e+05
4.477753930967734195e+05
4.488556622767907102e+05
4.499914766193476389e+05
4.511658605641973554e+05
4.523600991495223134e+05
4.535587754318184452e+05
4.547544612934665056e+05
4.559506322770288098e+05
4.571617051363082137e+05
4.584098838364239200e+05
4.597194653555306722e+05
4.611100416409978643e+05
4.625903593758383067e+05
4.641543761490999022e+05
4.657803980813549133e+05
4.674333529032230144e+05
4.690695189341641963e+05
4.706425913858496351e+05
4.721098903383539291e+05
4.734377406024620868e+05
4.746054402286248514e+05
4.756076175103369751e+05
4.764550299939771066e+05
4.771739383273540880e+05
4.778041409931090893e+05
4.783956975260890904e+05
4.790044170409032376e+05
4.796863980221130769e+05
4.804922145138064516e+05
4.814615964077495737e+05
4.826194740427725483e+05
4.839739683283566264e+05
4.855163905462110997e+05
4.872228007232610253e+05
4.890564198165367707e+05
4.909703324220355134e+05
4.929103602156019188e+05
4.948184420746839605e+05
4.966369974163962761e+05
4.983144114878100809e+05
4.998110867096300935e+05
5.011048154894665349e+05
5.021939587784885662e+05
5.030972891218174482e+05
5.038502857260712190e+05
5.044987806007448235e+05
5.050916851327560144e+05
5.056747443379386095e+05
5.062868124869698077e+05
5.069592240429538651e+05
5.077177912428063573e+05
5.085861205991222523e+05
5.095885154472246068e+05
5.107508008345346316e+05
5.120979579056027578e+05
5.136484087852507364e+05
5.154059882937776274e+05
5.173517937539319391e+05
5.194388230753751704e+05
5.215921907551517361e+05
5.237165351276262663e+05
5.257101620031496277e+05
5.274831136188486125e+05
5.289745898825175827e+05
5.301647864248628030e+05
5.310775835315942531e+05
5.317732554267498199e+05
5.323334958408226958e+05
5.328433846539558144e+05
5.333755696561092045e+05
5.339807222916256869e+05
5.346858251668022713e+05
5.354991183763190638e+05
5.364186185915718088e+05
5.374406217838602606e+05
5.385654454888466280e+05
5.397992594598571304e+05
5.411524008885963121e+05
5.426354733565142378e+05
5.442546274452604121e+05
5.460069927913465071e+05
5.478767671639956534e+05
5.498323570096644107e+05
5.518252572177752154e+05
5.537917395511991344e+05
5.556584012495084899e+05
5.573518656077154446e+05
5.588114924275623634e+05
5.600023766902390635e+05
5.609249641376981745e+05
5.616179269078759244e+05
5.621526480058436282e+05
5.626202393375021638e+05
5.631144776563722407e+05
5.637153697467980674e+05
5.644776862206707010e+05
5.654268943150067935e+05
5.665622919927570038e+05
5.678648834391614655e+05
5.693064862357047386e+05
5.708569681196629535e+05
5.724879736944540637e+05
5.741732367262096377e+05
5.758868348255685996e+05
5.776011508523605298e+05
5.792859402756338241e+05
5.809091544935739366e+05
5.824394610334830359e+05
5.838499720113360090e+05
5.851225368899365421e+05
5.862519217011423316e+05
5.872491446410916978e+05
5.881431509947037557e+05
5.889799973851599498e+05
5.898189219429539517e+05
5.907251786859076237e+05
5.917602578028304270e+05
5.929709272529031150e+05
5.943791825504867593e+05
5.959754521264067153e+05
5.977171061042333022e+05
5.995334000075538643e+05
6.013365632688408950e+05
6.030371297413061839e+05
6.045602845969285117e+05
6.058594742505339673e+05
6.069241034203298623e+05
6.077797470632275799e+05
6.084814235757091083e+05
6.091023389395345002e+05
