6.831769138953837100e+05
6.812051936437021941e+05
6.791276592921395786e+05
6.769844568994701840e+05
6.748187006643065251e+05
6.726757331570249517e+05
6.706028888478768058e+05
6.686485070234867744e+05
6.668588778652598849e+05
6.652724894321152242e+05
6.639122020747738425e+05
6.627773093371902360e+05
6.618382319450776558e+05
6.610363868425476830e+05
6.602905222327245865e+05
6.595088960142828291e+05
6.586047714375787182e+05
6.575115026986340526e+05
6.561934293143490795e+05
6.546499284034867305e+05
6.529119150738794124e+05
6.510321910681050504e+05
6.490726369028282352e+05
6.470918306912280386e+05
6.451361216394420480e+05
6.432357495897981571e+05
6.414058427599583520e+05
6.396506857882394688e+05
6.379690031821408775e+05
6.363582703010165133e+05
6.348169809942850843e+05
6.333448624975505518e+05
6.319417440924283583e+05
6.306059232819166500e+05
6.293325522185802693e+05
6.281121564596543321e+05
6.269292653572090203e+05
6.257613993093287572e+05
6.245791093308574054e+05
6.233479819023415912e+05
6.220331667873678962e+05
6.206060483751813881e+05
6.190515451540589565e+05
6.173737778459032997e+05
6.155979630318611162e+05
6.137674320479523158e+05
6.119362474176118849e+05
6.101593260548424441e+05
6.084826843176570255e+05
6.069361557052170392e+05
6.055299008290112251e+05
6.042547354531470919e+05
6.030852832750447560e+05
6.019845444960461464e+05
6.009086754080177052e+05
5.998113558720805449e+05
5.986477313329343451e+05
5.973782593293390237e+05
5.959727348309290828e+05
5.944143734374028863e+05
5.927033080126086716e+05
5.908584788005414885e+05
5.889169005055641755e+05
5.869297587213069201e+05
5.849556128948933911e+05
5.830518837119690143e+05
5.812664326513356064e+05
5.796311311899893917e+05
5.781587959089719225e+05
5.768439007151279366e+05
5.756664100723824231e+05
5.745972840155335143e+05
5.736039458354301751e+05
5.726543201512375381e+05
5.717187676132227061e+05
5.707700586369336816e+05
5.697821467889533378e+05
5.687287559870438417e+05
5.675826936216057511e+05
5.663164842434134334e+05
5.649045516832943540e+05
5.633268534348631511e+05
5.615735760017553112e+05
5.596501695825523930e+05
5.575816237364864210e+05
5.554145778535982827e+05
5.532158431619344046e+05
5.510663961744095432e+05
5.490509299961817451e+05
5.472444030316190328e+05
5.456982644297986990e+05
5.444296633684025146e+05
5.434166245245360769e+05
5.426008769696711097e+05
5.418980965104466304e+05
5.412133454361708136e+05
5.404580914276345866e+05
5.395648041561967693e+05
5.384958810482540866e+05
5.372452961147326278e+05
5.358333739179905970e+05
5.342968437294632895e+05
5.326773202783981105e+05
5.310113620608954225e+05
5.293243888732474297e+05
5.276293727523590205e+05
5.259298199865084607e+05
5.242255182464756072e+05
5.225190187238975195e+05
5.208208508109264076e+05
5.191519065195822623e+05
5.175421442176052369e+05
5.160256294883420924e+05
5.146328402525044512e+05
5.133819590031614061e+05
5.122713555738014984e+05
5.112754370618346147e+05
5.103454201958366903e+05
5.094154603367610835e+05
5.084132313391054049e+05
5.072728757126095588e+05
5.059475852327091270e+05
5.044191156369751552e+05
5.027022453243985656e+05
5.008433171485634521e+05
4.989132186602635193e+05
4.969961592631675885e+05
4.951762257797569036e+05
4.935239276395642664e+05
4.920848606965602376e+05
4.908723063843577402e+05
4.898650599816651084e+05
4.890110203158124932e+05
4.882360822160039679e+05
4.874567874325789162e+05
4.865942868412296521e+05
4.855867740718239802e+05
4.843978850720179616e+05
4.830195898242074763e+05
4.814695320691695088e+05
4.797841430117508280e+05
4.780097384607193526e+05
4.761939746301135165e+05
4.743795169659161475e+05
4.726008147996182088e+05
4.708838173622018658e+05
4.692476361446800292e+05
4.677067685650404310e+05
4.662726119687151513e+05
4.649535243022205541e+05
4.637534133964502253e+05
4.626694891720187152e+05
4.616901608005951857e+05
4.607940052922404720e+05
4.599503500622282736e+05
4.591215055244481191e+05
4.582662797593513387e+05
4.573442312589458306e+05
4.563201391893386026e+05
4.551682557398922509e+05
4.538759178341464722e+05
4.524460094353585155e+05
4.508976853397209197e+05
4.492648528684505727e+05
4.475922528981877840e+05
4.459295282982140197e+05
4.443242186964180437e+05
4.428149430482495809e+05
4.414259886831411277e+05
4.401641504690879374e+05
4.390181339797021355e+05
4.379603679510183283e+05
4.369508005833310890e+05
4.359421805471344851e+05
4.348863375086784945e+05
4.337409488373825443e+05
4.324761454812295851e+05
4.310801083826225367e+05
4.295626485285376548e+05
4.279557740637402167e+05
4.263105141646896373e+05
4.246898158162333420e+05
4.231581093254390871e+05
4.217690240504975081e+05
4.205535115573314251e+05
4.195110170576737728e+05
4.186060663414881565e+05
4.177715924527539755e+05
4.169186797574395314e+05
4.159506180206444114e+05
4.147778644471314037e+05
4.133302401587615022e+05
4.115636143799822894e+05
4.094601532775738160e+05
4.070232570736770285e+05
4.042698189996034489e+05
4.012228944603916607e+05
3.979071962016940233e+05
3.943483967915550456e+05
3.905756302775070071e+05
3.866254201682176208e+05
3.825448629193408997e+05
3.783922922009731410e+05
3.742346047314780881e+05
3.701415722678212333e+05
3.661784240222105873e+05
3.623984911560883047e+05
3.588376575572009315e+05
3.555118340983712696e+05
3.524178799121033517e+05
3.495375992943517631e+05
3.468438631239107926e+05
3.443076336947353557e+05
3.419046758562513860e+05
3.396209063583738753e+05
3.374555687237365055e+05
3.354216906342505245e+05
3.335436142744838726e+05
3.318518229723479599e+05
3.303757983914744109e+05
3.291361281951435376e+05
3.281373913103301893e+05
3.273633433268429362e+05
3.267755616507424857e+05
3.263160567503075581e+05
3.259135709232933004e+05
3.254925597513245884e+05
3.249833420802410110e+05
3.243316983822656330e+05
3.235063036208719132e+05
3.225027506709858426e+05
3.213434750614389777e+05
3.200735416061453870e+05
3.187529065659180633e+05
3.174463358215098269e+05
3.162125599918632070e+05
3.150944205373946461e+05
3.141116719416641281e+05
3.132577468126326567e+05
3.125011836301218136e+05
3.117916170852016658e+05
3.110693470782652148e+05
3.102767055480019189e+05
3.093689438153446536e+05
3.083223598083691904e+05
3.071379575363930198e+05
3.058399840632116538e+05
3.044699433772018529e+05
3.030777648617064697e+05
3.017123721977222594e+05
3.004137990960903699e+05
2.992083122984587681e+05
2.981070081901404192e+05
2.971074008792890818e+05
2.961969028362812242e+05
2.953569341201814823e+05
2.945666209485579748e+05
2.938054777240698459e+05
2.930549086430807365e+05
2.922986826752102934e+05
2.915226965486085974e+05
2.907143882215711637e+05
2.898621613638894632e+05
2.889551612100816565e+05
2.879836879215301014e+05
2.869404057748449850e+05
2.858222855004473822e+05
2.846329366408521309e+05
2.833847347507379600e+05
2.821000325881381286e+05
2.808108415794256143e+05
2.795566824297480052e+05
2.783807501396321459e+05
2.773249804819411947e+05
2.764248999991907040e+05
2.757051971753378748e+05
2.751767556671994389e+05
2.748355051217877190e+05
2.746629834739008220e+05
2.746280919986582012e+05
2.746892708238880150e+05
2.747963051625016960e+05
2.748912218270577141e+05
2.749082207969549927e+05
2.747732022904245532e+05
2.744040173239997821e+05
2.737128671128051938e+05
2.726121015569621231e+05
2.710239221486045280e+05
2.688932669477748568e+05
2.662017497812752263e+05
2.629794160293756286e+05
2.593107607945352793e+05
2.553322477964388381e+05
2.512204191923739272e+05
2.471721203749742708e+05
2.433805989767824067e+05
2.400124765126820421e+05
2.371903533502998471e+05
2.349841494506847521e+05
2.334117923058111919e+05
2.324474199390980357e+05
2.320336824643176224e+05
2.320944284332807874e+05
2.325449635737774661e+05
2.332986560853100964e+05
2.342702475792353798e+05
2.353772385206884937e+05
2.365408926594879304e+05
2.376878516795393953e+05
2.387524419925233233e+05
2.396789472065112495e+05
2.404227644018479041e+05
2.409495831973774475e+05
2.412323966921320243e+05
2.412469727883886080e+05
2.409670464295752172e+05
2.403607005191495991e+05
2.393891295352489979e+05
2.380083504023552523e+05
2.361736748135541857e+05
2.338461254993632901e+05
2.309996216573212296e+05
2.276277097232383676e+05
2.237488052706950111e+05
2.194092215357082605e+05
2.146835811137310811e+05
2.096724783045644872e+05
2.044974738895262126e+05
1.992936942603864009e+05
1.942005164825865941e+05
1.893510757072271372e+05
1.848616150411634590e+05
1.808219415555067535e+05
1.772883457869268605e+05
1.742801748617377889e+05
1.717807671266045654e+05
1.697427120275432535e+05
1.680965634673537861e+05
1.667614481478591042e+05
1.656556901111118787e+05
1.647057200573224400e+05
1.638520912546159816e+05
1.630521850626781816e+05
1.622799112277014938e+05
1.615231967823339219e+05
1.607802370313414722e+05
1.600553994096544047e+05
1.593554444057003420e+05
1.586864780473063001e+05
1.580518504287892429e+05
1.574510773045139504e+05
1.568797609589462518e+05
1.563303905016304052e+05
1.557937967586358718e+05
1.552609344750417804e+05
1.547245941258999810e+05
1.541806416642940021e+05
1.536284720643131877e+05
1.530705437923583959e+05
1.525111058449748089e+05
1.519544729995356465e+05
1.514033667029047501e+05
1.508578489403408894e+05
1.503152105706423172e+05
1.497708752055538935e+05
1.492200428738429036e+05
1.486595438565912191e+05
1.480892951050311676e+05
1.475128779729733360e+05
1.469370395545262145e+05
1.463702580808036728e+05
1.458207883497701550e+05
1.452947285102243768e+05
1.447945971931641398e+05
1.443187182042030618e+05
1.438614629252312589e+05
1.434141915858323628e+05
1.429666273855879263e+05
1.425084015203278977e+05
1.420305785970386351e+05
1.415270408926444943e+05
1.409956223430904211e+05
1.404388350862312072e+05
1.398639752686619759e+05
1.392824101311107224e+05
1.387079897002271900e+05
1.381547784940002603e+05
1.376345722131197981e+05
1.371548196235947544e+05
1.367175099992536125e+05
1.363193033256061026e+05
1.359527742941403703e+05
1.356082787596720154e+05
1.352757860558819666e+05
1.349461164806740417e+05
1.346113246482427639e+05
1.342643307039334322e+05
1.338981611316922936e+05
1.335052202861873957e+05
1.330768801673489506e+05
1.326034504760635900e+05
1.320744093587000389e+05
1.314787334200851910e+05
1.308052692007657606e+05
1.300432520594321104e+05
1.291831755527326750e+05
1.282181504531175451e+05
1.271456633740448160e+05
1.259693473377714690e+05
1.247001635815479531e+05
1.233563973998645233e+05
1.219621316964274592e+05
1.205443039074153785e+05
1.191289130906781647e+05
1.177372488289556786e+05
1.163830496846934111e+05
1.150712604054649419e+05
1.137986376005097991e+05
1.125559973205511633e+05
1.113315368916317384e+05
1.101144728637952503e+05
1.088982265032630530e+05
1.076825227636150084e+05
1.064739998976253846e+05
1.052852136727174075e+05
1.041322285874237859e+05
1.030312795464041410e+05
1.019952085641438462e+05
1.010304731103789964e+05
1.001354415328955802e+05
9.930043126307010243e+04
9.850955272491397045e+04
9.774398555699543795e+04
9.698594479854158999e+04
9.622239553462351614e+04
9.544761085669124441e+04
9.466394781186597538e+04
9.388068012521516357e+04
9.311125605497155630e+04
9.236979417365150584e+04
9.166785211126452486e+04
9.101242916519691062e+04
9.040581426026512054e+04
8.984737993567335070e+04
8.933691650118873804e+04
8.887875088886555750e+04
8.848578073458337167e+04
8.818265069466384011e+04
8.800749147709755925e+04
8.801178803502881783e+04
8.825794486308460182e+04
8.881399304349106387e+04
8.974479809550879872e+04
9.109934205570380436e+04
9.289441209636948770e+04
9.509639556608765270e+04
9.760460187441657763e+04
1.002410018736495549e+05
1.027516955852348037e+05
1.048241151903578575e+05
1.061207763205612573e+05
1.063259054787517962e+05
1.051968106012098724e+05
1.026090484398198314e+05
9.858456119606061839e+04
9.329534939280874096e+04
8.704106563679814280e+04
8.020535854414421192e+04
7.320080632641880948e+04
6.641433255763757916e+04
6.016367155178818211e+04
5.467150876555842842e+04
5.005890158059446549e+04
4.635513886607383029e+04
4.351847749786394706e+04
4.146154786181211966e+04
4.007625149352383596e+04
3.925486899075956899e+04
3.890602264871408988e+04
3.896553536913175776e+04
3.940290737377632468e+04
4.022420946382459806e+04
4.147192531409585354e+04
4.322191862823683186e+04
4.557741556558118464e+04
4.865974234874236572e+04
5.259555473742172762e+04
5.750045914256520336e+04
6.345931086771000992e+04
7.050415800325597229e+04
7.859180543041221972e+04
8.758418835544749163e+04
9.723585029266940546e+04
1.071933100678394694e+05
1.170104201783582539e+05
1.261816066856084799e+05
1.341912507383973862e+05
1.405731602655803144e+05
1.449703499827875348e+05
1.471835974657673505e+05
1.471984412708967575e+05
1.451844768004628422e+05
1.414669439200092747e+05
1.364768651789542346e+05
1.306904589826084994e+05
1.245699357790360518e+05
1.185159213835226983e+05
1.128375786442381213e+05
1.077415957315249980e+05
1.033371261199460714e+05
9.965146474042889895e+04
9.665087908570536820e+04
9.426206694382167188e+04
9.239136827491747681e+04
9.094039019761851523e+04
8.981771230337927409e+04
8.894678954340494238e+04
8.827026797011353483e+04
8.775094242897123331e+04
8.736970043435369735e+04
8.712105591434719099e+04
8.700720025082481152e+04
8.703174766113518854e+04
8.719440104434439854e+04
8.748754907001859101e+04
8.789534663028229261e+04
8.839523111018716008e+04
8.896124347798971576e+04
8.956812303143409372e+04
9.019504907320116763e+04
9.082813833842548775e+04
9.146128560380586714e+04
9.209547968100987782e+04
9.273713977755281667e+04
9.339616074197004491e+04
9.408421120018439251e+04
9.481349892706293031e+04
9.559587431347707752e+04
9.644194315909183933e+04
9.735987910499048303e+04
9.835383207443941501e+04
9.942211166129838966e+04
1.005555536619836348e+05
1.017365628180528875e+05
1.029392435312383313e+05
1.041308249152680655e+05
1.052743318615886674e+05
1.063322203633509635e+05
1.072705250571085344e+05
1.080629699235294684e+05
1.086944623263357207e+05
1.091634218131181406e+05
1.094824975571195973e+05
1.096774179235490010e+05
1.097839942592223088e+05
1.098436353576760303e+05
1.098980458782868664e+05
1.099839876607930346e+05
1.101290008747716638e+05
1.103487894162304292e+05
1.106466179992364487e+05
1.110146470154288254e+05
1.114367614448122767e+05
1.118922218356330413e+05
1.123594153828639974e+05
1.128190938318777335e+05
1.132566937285398744e+05
1.136635724152444454e+05
1.140372006349108415e+05
1.143804955827326485e+05
1.147005501761329651e+05
1.150070288130444969e+05
1.153104788351385068e+05
1.156207693620722421e+05
1.159458252759071620e+05
1.162907754627416143e+05
1.166575787770072347e+05
1.170451286538625718e+05
1.174497742053872935e+05
1.178661450836603035e+05
1.182881456793369871e+05
1.187100036141220626e+05
1.191273168743956921e+05
1.195381217422919581e+05
1.199440594683647796e+05
1.203517090611769090e+05
1.207740539069707011e+05
1.212318833996657049e+05
1.217547683971686638e+05
1.223811847413206269e+05
1.231574590611587482e+05
1.241354684030135832e+05
1.253693452439640678e+05
1.269116773799415823e+05
1.288097285954112449e+05
1.311020201569315104e+05
1.338153079740676330e+05
1.369617463643048250e+05
1.405360071043586649e+05
1.445123660348184931e+05
1.488421709833208006e+05
1.534524537495193072e+05
1.582465426770604972e+05
1.631072848936514056e+05
1.679029747780911275e+05
1.724955037846833293e+05
1.767498099185640458e+05
1.805435408364972391e+05
1.837759478874251654e+05
1.863752891867696599e+05
1.883042990272745374e+05
1.895634863764503971e+05
1.901921438367539085e+05
1.902670246160885144e+05
1.898987280181883834e+05
1.892259336726625043e+05
1.884077063034077291e+05
1.876141132875290641e+05
1.870153597177591873e+05
1.867696315188544686e+05
1.870099835867673974e+05
1.878310291128420504e+05
1.892768603949322132e+05
1.913323460229247867e+05
1.939203250741637021e+05
1.969068603507883090e+05
2.001154234960987233e+05
2.033488435393318941e+05
2.064156328779599571e+05
2.091557040597859595e+05
2.114601919847665995e+05
2.132813541232587013e+05
2.146310076487605693e+05
2.155688707660356595e+05
2.161845441611960705e+05
2.165779669219276111e+05
2.168427816731337807e+05
2.170554633828320657e+05
2.172709856924355554e+05
2.175239597324118367e+05
2.178331072662042570e+05
2.182067783782136976e+05
2.186477954123196541e+05
2.191567916175380524e+05
2.197339964471959102e+05
2.203798397032943903e+05
2.210947789166541770e+05
2.218785709016722394e+05
2.227290532172296371e+05
2.236405426153625012e+05
2.246021959081899258e+05
2.255969559416219709e+05
2.266018063872458879e+05
2.275898438990610302e+05
2.285341661363025778e+05
2.294129452993870655e+05
2.302145511324814288e+05
2.309413976545981714e+05
2.316113807635247649e+05
2.322562832753225521e+05
2.329172028497323045e+05
2.336377453664923087e+05
2.344562882992516970e+05
2.353989553296956874e+05
2.364749755443083995e+05
2.376757701985132589e+05
2.389784100734163367e+05
2.403531042646229907e+05
2.417733208009810187e+05
2.432262890165892313e+05
2.447212760561503819e+05
2.462933314608714136e+05
2.480011255816563498e+05
2.499188430008012801e+05
2.521234829933196015e+05
2.546800127083862608e+05
2.576273621054317919e+05
2.609681410761394072e+05
2.646642442167064291e+05
2.686393444187928108e+05
2.727878929264056496e+05
2.769889142370346817e+05
2.811218940317085944e+05
2.850816515989628970e+05
2.887893963933817577e+05
2.921981428202280076e+05
2.952920500030470430e+05
2.980806749207560206e+05
3.005901752037279657e+05
3.028539026303623687e+05
3.049045503066158853e+05
3.067692433595316252e+05
3.084680103888906306e+05
3.100152411458367715e+05
3.114231968552008620e+05
3.127064071724636597e+05
3.138857738817778300e+05
3.149913117623642902e+05
3.160626622566881124e+05
3.171468548439107835e+05
3.182933100836677477e+05
3.195467471063139383e+05
3.209393282388597145e+05
3.224838117848224356e+05
3.241694772017290816e+05
3.259620589191408944e+05
3.278080008977919933e+05
3.296423152347821160e+05
3.313985293776990147e+05
3.330188669088233146e+05
3.344629559541686904e+05
3.357138386903291102e+05
3.367806253063405165e+05
3.376976102268659743e+05
3.385199996734921588e+05
3.393166659128595493e+05
3.401606565881563001e+05
3.411185851413015043e+05
3.422404219963784562e+05
3.435514162380658672e+05
3.450477322966985521e+05
3.466968240506210132e+05
3.484426847022119910e+05
3.502151249393777689e+05
3.519414037984374445e+05
3.535580731524176663e+05
3.550208952938579023e+05
3.563111329238223843e+05
3.574372773117024917e+05
3.584321989146281267e+05
3.593465738404950825e+05
3.602400673226858489e+05
3.611720065318465349e+05
3.621931188619371969e+05
3.633394436590385158e+05
3.646289349392580334e+05
3.660607605517746415e+05
3.676169857945155818e+05
3.692661905960189179e+05
3.709684956109897466e+05
3.726813533791933442e+05
3.743652865111384890e+05
3.759886403750731843e+05
3.775305253416827763e+05
3.789815337040016311e+05
3.803424356491827639e+05
3.816216391972693382e+05
3.828324684073920362e+05
3.839911385041193571e+05
3.851157798996492056e+05
3.862262602701940341e+05
3.873441734753103228e+05
3.884923602665446815e+05
3.896936346953727771e+05
3.909687936467762338e+05
3.923342629064608482e+05
3.937997899185956921e+05
3.953665010444039362e+05
3.970255492405693512e+05
3.987575868207392050e+05
4.005333780972492532e+05
4.023158834038783680e+05
4.040639657522768248e+05
4.057374734384944895e+05
4.073029656435144134e+05
4.087389904961938737e+05
4.100397802634767722e+05
4.112165449505185243e+05
4.122961121274578618e+05
4.133172663731232169e+05
4.143255805739026982e+05
4.153676915109337424e+05
4.164858676257010666e+05
4.177134577960853348e+05
4.190715369286017376e+05
4.205668812171955360e+05
4.221913410977692110e+05
4.239226852491566096e+05
4.257269750290415832e+05
4.275624165005082614e+05
4.293844037336953334e+05
4.311511639906085911e+05
4.328291517472000560e+05
4.343972353587491671e+05
4.358488577303524362e+05
4.371917324910384486e+05
4.384451762809552602e+05
4.396357310074652778e+05
4.407921365231085219e+05
4.419408480328135774e+05
4.431031029291927698e+05
4.442940722698895261e+05
4.455240113978870795e+05
4.468007296756589203e+05
4.481323041208196082e+05
4.495288827467575320e+05
4.510026881346047739e+05
4.525658740776309860e+05
4.542265696776980767e+05
4.559840903917141841e+05
4.578247284001985681e+05
4.597196146296696388e+05
4.616258016099414672e+05
4.634909836511869216e+05
4.652613039164567599e+05
4.668907561429674970e+05
4.683500694266314968e+05
4.696329014100909699e+05
4.707577301323980791e+05
4.717648908247215440e+05
4.727094407390290871e+05
4.736515764680064749e+05
4.746468660851200111e+05
4.757384555908036418e+05
4.769527321538275573e+05
4.782989064881402883e+05
4.797719244508839911e+05
4.813573306123113725e+05
4.830363886315914569e+05
4.847899756279070862e+05
4.866004108851607889e+05
4.884512195813466678e+05
4.903255747846089653e+05
4.922045532939266413e+05
4.940662698701055488e+05
4.958864890596193145e+05
4.976406696459226077e+05
4.993068375134055968e+05
5.008684099992678384e+05
5.023161780515144928e+05
5.036490225049155415e+05
5.048734338718933868e+05
5.060023273086078116e+05
5.070538329920009710e+05
5.080506160136795952e+05
5.090198755169477663e+05
5.099936493108685827e+05
5.110086442870366154e+05
5.121047427885888028e+05
5.133216895179050625e+05
5.146941383311186219e+05
5.162459657083158381e+05
5.179852253136059735e+05
5.199011156456872122e+05
5.219638494246589835e+05
5.241275364298705827e+05
5.263354159553333884e+05
5.285262752700288547e+05
5.306408142549768090e+05
5.326270381312465761e+05
5.344443007412011502e+05
5.360661217194451019e+05
5.374821302055809647e+05
5.386993454060006188e+05
5.397425841318457387e+05
5.406533545363883022e+05
5.414864789566588588e+05
5.423040987078991020e+05
5.431676014932621038e+05
5.441290370219558245e+05
5.452242397847734392e+05
5.464697253089889418e+05
5.478643548797869589e+05
5.493951010236348957e+05
5.510446647076138761e+05
5.527979245848306455e+05
5.546446680442071520e+05
5.565776468002626207e+05
5.585870607517602621e+05
5.606541901288169902e+05
5.627473306438574800e+05
5.648222448494359851e+05
5.668274745213148417e+05
5.687129299591716845e+05
5.704390270292271161e+05
5.719836912906637881e+05
5.733456024652277119e+05
5.745434882717916043e+05
5.756124096658021444e+05
5.765984213007764192e+05
5.775527898913153913e+05
5.785264679819918238e+05
5.795651423083110712e+05
5.807050873330477625e+05
5.819701675871490734e+05
5.833704097769900691e+05
5.849024179251195164e+05
5.865515255928267725e+05
5.882951404803468613e+05
5.901064675996983424e+05
5.919578362698763376e+05
5.938231698762448505e+05
5.956795469238648657e+05
5.975080934175696457e+05
5.992944952679877169e+05
6.010292570735301124e+05
6.027076215536603704e+05
6.043289870049488964e+05
6.058958039886156330e+05
6.074122191316508688e+05
6.088829625557728577e+05
6.103129506155052222e+05
6.117077470272834180e+05
6.130745454897709424e+05
6.144229870705880458e+05
6.157651460298172897e+05
6.171144423941905843e+05
6.184838480802066624e+05
6.198841831377692288e+05
6.213232621243668254e+05
6.228061281946888193e+05
6.243358963032956235e+05
6.259142707428999711e+05
6.275409504677498480e+05
6.292118865890915040e+05
6.309173124787920387e+05
6.326410278615482384e+05
6.343621310393997701e+05
6.360592625031782081e+05
6.377159825683017261e+05
6.393249723018453224e+05
6.408889640029794537e+05
6.424177301594952587e+05
6.439224442289450672e+05
6.454102243289712351e+05
6.468817945646138396e+05
6.483337455691948999e+05
6.497644973827947397e+05
6.511809645113507286e+05
6.526022175756783690e+05
6.540575687490797136e+05
6.555789902416155674e+05
6.571904321632385254e+05
6.588981750978920609e+05
6.606861076728763292e+05
6.625179047533713747e+05
6.643454021933071781e+05
6.661202144798823865e+05
6.678047348509569420e+05
6.693793313338229200e+05
6.708443283546528546e+05
6.722173445059034275e+05
6.735278868499645032e+05
6.748113556468357565e+05
6.761039337327396497e+05
6.774387787649533711e+05
6.788431354732865002e+05
6.803358107753614895e+05
6.819248612618151819e+05
6.836059486114180181e+05
6.853621624551218702e+05
6.871659263006699039e+05
6.889829629181338241e+05
6.907775512090309057e+05
6.925178668464041548e+05
6.941802902480626944e+05
6.957521035280075157e+05
6.972326478286224883e+05
6.986333956140030641e+05
6.999773187177627115e+05
7.012975151558145881e+05
7.026346413639819948e+05
7.040326425885309000e+05
7.055327263847772265e+05
7.071663038977659307e+05
7.089483216970404610e+05
7.108726225347128930e+05
7.129105555356168188e+05
7.150131981524532894e+05
7.171166752859100234e+05
7.191495587026927387e+05
7.210413309210214065e+05
7.227312008763073245e+05
7.241767833477017703e+05
7.253620110698905773e+05
7.263031556629992556e+05
7.270513349624190014e+05
7.276898538623075001e+05
7.283254733735175105e+05
7.290741588994304184e+05
7.300435628594598966e+05
7.313157909410066204e+05
7.329343245678169187e+05
7.348981075316327624e+05
7.371639742965283804e+05
7.396563830839329166e+05
7.422815504284643102e+05
7.449421866426641354e+05
7.475493864771187073e+05
7.500296641099278349e+05
7.523270580204813741e+05
7.544019032348340843e+05
7.562286397000605939e+05
7.577946690576280234e+05
7.591010679131719517e+05
7.601645545839002589e+05
7.610191660631967243e+05
7.617160182535385247e+05
7.623202312107563484e+05
7.629051768685566494e+05
