6.117743288687907625e+05
6.103079009845778346e+05
6.090284069407328498e+05
6.078779259546153480e+05
6.067851368829895509e+05
6.056811091384828323e+05
6.045143012851728126e+05
6.032610199662842788e+05
6.019289471619117539e+05
6.005533634181935340e+05
5.991876141002457589e+05
5.978905441190490965e+05
5.967138185967751779e+05
5.956914451783417026e+05
5.948328668522697408e+05
5.941201318060491467e+05
5.935090775322364643e+05
5.929341472864813404e+05
5.923162166623333469e+05
5.915725156221777434e+05
5.906273967590827961e+05
5.894224556152017321e+05
5.879245041217233520e+05
5.861301992955489550e+05
5.840666801267443225e+05
5.817882279984236229e+05
5.793695923721477157e+05
5.768971068567089969e+05
5.744589993626573123e+05
5.721363366928977193e+05
5.699958191544342553e+05
5.680851773327265400e+05
5.664313206066304119e+05
5.650408223184216768e+05
5.639019938089033822e+05
5.629878084354178282e+05
5.622592322984987404e+05
5.616688868366723182e+05
5.611651459798184223e+05
5.606966046276148409e+05
5.602164200468793279e+05
5.596856105643355986e+05
5.590743422242429806e+05
5.583607312143992167e+05
5.575276179185115034e+05
5.565587205361049855e+05
5.554360539563947823e+05
5.541401822535351384e+05
5.526538081812106539e+05
5.509678064100194024e+05
5.490876713538498152e+05
5.470379644376203651e+05
5.448628762879822170e+05
5.426222550598869566e+05
5.403839181132111698e+05
5.382142310063027544e+05
5.361694192439030157e+05
5.342897469090160448e+05
5.325976975373817841e+05
5.310999794940045103e+05
5.297919978970241500e+05
5.286627908155837795e+05
5.276985407070110086e+05
5.268835877775285626e+05
5.261990549613477197e+05
5.256202469249918358e+05
5.251144592080229195e+05
5.246405425840916578e+05
5.241506915326617309e+05
5.235939290948932176e+05
5.229201566568376147e+05
5.220837149245156907e+05
5.210460660166125163e+05
5.197780253111515776e+05
5.182624155080239871e+05
5.164977529080522363e+05
5.145026708215167746e+05
5.123196833433342981e+05
5.100162051347423112e+05
5.076809338361850241e+05
5.054148444192811730e+05
5.033177639486764092e+05
5.014731253942268668e+05
4.999343793157911859e+05
4.987163063911017380e+05
4.977932035856152070e+05
4.971040931996442378e+05
4.965633887753458694e+05
4.960744052981438581e+05
4.955429644515875261e+05
4.948889776304981206e+05
4.940548737409245223e+05
4.930106020815343363e+05
4.917553754299280117e+05
4.903163106332601164e+05
4.887439288740065531e+05
4.871044608705030987e+05
4.854693218082642998e+05
4.839029593399635050e+05
4.824512118352689431e+05
4.811328472897111787e+05
4.799366627234439948e+05
4.788252990653306479e+05
4.777450793463611626e+05
4.766393512853546999e+05
4.754617171993831289e+05
4.741856192343271105e+05
4.728080018286235281e+05
4.713467121020164341e+05
4.698331861908520805e+05
4.683031425428993534e+05
4.667881434382229345e+05
4.653101091838229331e+05
4.638796098056292976e+05
4.624975332058236818e+05
4.611589124979122425e+05
4.598574171907051932e+05
4.585891853444730514e+05
4.573551046999208629e+05
4.561611543038400705e+05
4.550168711321515730e+05
4.539323492909409106e+05
4.529143960376571631e+05
4.519625708756205277e+05
4.510658549973540939e+05
4.502006783889858634e+05
4.493309839123620768e+05
4.484108852664353908e+05
4.473901787662433344e+05
4.462224084239713848e+05
4.448743830334660597e+05
4.433352090719453408e+05
4.416223951771131251e+05
4.397827706588312867e+05
4.378870076017093379e+05
4.360182510315121035e+05
4.342571989792292588e+05
4.326672334673918667e+05
4.312833403520024149e+05
4.301074543714096653e+05
4.291109198396406136e+05
4.282427090849512606e+05
4.274406462591259624e+05
4.266425783418186475e+05
4.257951628814514843e+05
4.248592339657326811e+05
4.238119450857804623e+05
4.226466033010452520e+05
4.213711731714276830e+05
4.200060386171314167e+05
4.185811264999786508e+05
4.171322319918783032e+05
4.156964715011889930e+05
4.143071466850657598e+05
4.129887270522041363e+05
4.117529271392359515e+05
4.105968198951450759e+05
4.095035618109626230e+05
4.084456992648633313e+05
4.073903638180575217e+05
4.063051693319248734e+05
4.051634799029580900e+05
4.039479903950337903e+05
4.026521524245594046e+05
4.012796514552653534e+05
3.998426221985191223e+05
3.983594040435227798e+05
3.968523982865876751e+05
3.953461848024073406e+05
3.938657430602958193e+05
3.924345718360869214e+05
3.910727036673238617e+05
3.897948905679866439e+05
3.886093775173611939e+05
3.875175569387784926e+05
3.865144616282652714e+05
3.855896972909145989e+05
3.847282549039569567e+05
3.839107905505411909e+05
3.831133631977365585e+05
3.823070899814025615e+05
3.814584851576341316e+05
3.805312312676880974e+05
3.794897607519839657e+05
3.783044134500211803e+05
3.769572838600947871e+05
3.754474078300125548e+05
3.737938371252855868e+05
3.720354806318290066e+05
3.702272879705076921e+05
3.684332303631072864e+05
3.667173436961706611e+05
3.651346013012464391e+05
3.637234298395139049e+05
3.625012587113155751e+05
3.614637293647511979e+05
3.605873131158462493e+05
3.598343520014717360e+05
3.591591540713318391e+05
3.585138299947980558e+05
3.578529842728798394e+05
3.571369687099421863e+05
3.563339102069518995e+05
3.554209420297909528e+05
3.543849568419128191e+05
3.532228971671836916e+05
3.519413405734073604e+05
3.505551209876616485e+05
3.490849954387209727e+05
3.475547739860122674e+05
3.459886353883401025e+05
3.444093513315076707e+05
3.428377985787828802e+05
3.412935969952954329e+05
3.397962225025040098e+05
3.383657312258220045e+05
3.370223836429982330e+05
3.357848992892415263e+05
3.346676115997235756e+05
3.336772150905593880e+05
3.328099577846290777e+05
3.320500035455987672e+05
3.313693612216057372e+05
3.307294081597445183e+05
3.300837764123353991e+05
3.293822931745539536e+05
3.285757278013973846e+05
3.276211569676708314e+05
3.264876666648936225e+05
3.251618084380814107e+05
3.236518213691017008e+05
3.219893604088472202e+05
3.202275938225396094e+05
3.184351707836001879e+05
3.166866004490540363e+05
3.150506902510502841e+05
3.135794405560401501e+05
3.122998638699452858e+05
3.112105178849165677e+05
3.102833274154684623e+05
3.094699327848352841e+05
3.087107839993268717e+05
3.079448034703849116e+05
3.071177219079184579e+05
3.061879590819457662e+05
3.051298225625221385e+05
3.039344751908367616e+05
3.026093589659333811e+05
3.011765683953033295e+05
2.996702579028627952e+05
2.981328565832530730e+05
2.966098925570155261e+05
2.951436459266613238e+05
2.937664770498563303e+05
2.924952001852518297e+05
2.913279930494577857e+05
2.902449139496875578e+05
2.892122302183841239e+05
2.881897223355113529e+05
2.871392671134552220e+05
2.860326090214132564e+05
2.848564307611348340e+05
2.836135704308155109e+05
2.823202802058945526e+05
2.810004728265646263e+05
2.796786589610545780e+05
2.783735370029449696e+05
2.770939024620531127e+05
2.758378013604645384e+05
2.745948892199169495e+05
2.733510572971702204e+05
2.720938060034403461e+05
2.708167363580918754e+05
2.695219029203125974e+05
2.682194874209927511e+05
2.669250696639096132e+05
2.656554278591279290e+05
2.644241022097541718e+05
2.632378505384952878e+05
2.620947120036803535e+05
2.609838727715511050e+05
2.598870990013251430e+05
2.587812855073639657e+05
2.576416552287595696e+05
2.564452301160390198e+05
2.551742534673002083e+05
2.538192128730083350e+05
2.523810248500982707e+05
2.508719017449577223e+05
2.493145348058125819e+05
2.477395295660631382e+05
2.461814510418148129e+05
2.446742251734512975e+05
2.432468339016867394e+05
2.419201338759486098e+05
2.407052414420447603e+05
2.396034000493083731e+05
2.386067934454710339e+05
2.376995869038620440e+05
2.368586614158153243e+05
2.360539831026520988e+05
2.352491017463176686e+05
2.344026099436141667e+05
2.334712914602718665e+05
2.324151012530194712e+05
2.312032433975613676e+05
2.298198189795646467e+05
2.282672011719500297e+05
2.265656936770325119e+05
2.247490810406621895e+05
2.228570257242622029e+05
2.209263866189109394e+05
2.189839672415430250e+05
2.170427548640603491e+05
2.151025446701784676e+05
2.131544027754448471e+05
2.111872505481049302e+05
2.091943619461162598e+05
2.071778795519916457e+05
2.051503821236396616e+05
2.031336714545002324e+05
2.011558458938025578e+05
1.992480826934711949e+05
1.974422887759348960e+05
1.957700681941263028e+05
1.942626213589017862e+05
1.929505890346282104e+05
1.918627304894150002e+05
1.910227347021333408e+05
1.904442534540200140e+05
1.901251161478781141e+05
1.900423058449228120e+05
1.901494023143531522e+05
1.903777659994137357e+05
1.906418761035715870e+05
1.908482142728666367e+05
1.909062068831138895e+05
1.907392404682642373e+05
1.902937490238699829e+05
1.895447969385418401e+05
1.884972991138549114e+05
1.871828388214134611e+05
1.856527883034138067e+05
1.839689850808404444e+05
1.821935112143200240e+05
1.803791610076571233e+05
1.785619974015272164e+05
1.767570370010714687e+05
1.749576212048243033e+05
1.731384810091356630e+05
1.712619452475249709e+05
1.692862435705398675e+05
1.671744901428486628e+05
1.649027740686030302e+05
1.624658838498066179e+05
1.598795757846996421e+05
1.571789251514200005e+05
1.544130737496488728e+05
1.516374493526060542e+05
1.489050966908691043e+05
1.462589652211106441e+05
1.437267661161020806e+05
1.413193785950982710e+05
1.390329136234908365e+05
1.368536702433789615e+05
1.347645907583259395e+05
1.327516037346498633e+05
1.308084713611139305e+05
1.289393172089734580e+05
1.271586874699417822e+05
1.254895629149174347e+05
1.239600357421346562e+05
1.225993742711462255e+05
1.214340258027279779e+05
1.204839200110740057e+05
1.197593609190019197e+05
1.192588535619444447e+05
1.189683022833508585e+05
1.188619865722761315e+05
1.189054580132582487e+05
1.190600246352502290e+05
1.192879527320985362e+05
1.195571528003021958e+05
1.198441221339196491e+05
1.201343510184975894e+05
1.204201423277446302e+05
1.206965868550074083e+05
1.209569870162982843e+05
1.211891276172420185e+05
1.213734262882834591e+05
1.214833118426406290e+05
1.214874412709105090e+05
1.213528383303357550e+05
1.210478779104429414e+05
1.205442601901376329e+05
1.198175987599189684e+05
1.188468063791212771e+05
1.176129256641037937e+05
1.160982925178060541e+05
1.142868711942330265e+05
1.121662574868867523e+05
1.097312751101610338e+05
1.069884310658215836e+05
1.039599547600114311e+05
1.006859421537183807e+05
9.722340623517984932e+04
9.364178712216623535e+04
9.001549917240938521e+04
8.641505299507404561e+04
8.289883990856035962e+04
7.950758720126310072e+04
7.626278758379517240e+04
7.316929980914072075e+04
7.022116731343789434e+04
6.740886623856065853e+04
6.472591156313514512e+04
6.217307219636280934e+04
5.975924018198851263e+04
5.749900580371639808e+04
5.540790916259231017e+04
5.349691794697260775e+04
5.176778518950732541e+04
5.021058117376102018e+04
4.880401428084397048e+04
4.751837905195238272e+04
4.632032192196946562e+04
4.517825486454505881e+04
4.406722624470474693e+04
4.297232218876569823e+04
4.189009743971377611e+04
4.082798286412657762e+04
3.980197934104494925e+04
3.883317209655585611e+04
3.794368766926849639e+04
3.715270444059629517e+04
3.647306159835019207e+04
3.590891962460368086e+04
3.545481060452940437e+04
3.509626053823941766e+04
3.481194922542853601e+04
3.457710208221928042e+04
3.436753055494196451e+04
3.416353845485373313e+04
3.395288033062371687e+04
3.373214373395098664e+04
3.350630190970584954e+04
3.328663954430296144e+04
3.308764240687852725e+04
3.292363360647455556e+04
3.280588411744355835e+04
3.274067162071988423e+04
3.272843127652730618e+04
3.276387006783836114e+04
3.283678885810024076e+04
3.293337577558137855e+04
3.303783004475682537e+04
3.313424934160843986e+04
3.320869873167281912e+04
3.325127436952428252e+04
3.325784374373608443e+04
3.323107633132546471e+04
3.318043995037470449e+04
3.312103455592431419e+04
3.307140887456329801e+04
3.305076319658941065e+04
3.307609842829080299e+04
3.315988322172334301e+04
3.330868586711886019e+04
3.352300347986259294e+04
3.379828133956101374e+04
3.412690798265437479e+04
3.450083822349277762e+04
3.491445950999174966e+04
3.536738199659317615e+04
3.586698617003793333e+04
3.643077043563575717e+04
3.708875155817398627e+04
3.788631427036383684e+04
3.888790515481270995e+04
4.018174392530338082e+04
4.188522440515514609e+04
4.414988844176552084e+04
4.716386505909649713e+04
5.114870622228658613e+04
5.634701516348661244e+04
6.299765430578858650e+04
7.129708237695832213e+04
8.134864943674641836e+04
9.310607911777539994e+04
1.063218484248221357e+05
1.205142002412092988e+05
1.349665015715432237e+05
1.487685775758150266e+05
1.609016559061948210e+05
1.703582160276346840e+05
1.762780747159135935e+05
1.780755376235840376e+05
1.755317977305028471e+05
1.688327284664485196e+05
1.585435330299559282e+05
1.455253872478447156e+05
1.308115017000464577e+05
1.154676457890125748e+05
1.004633487548761186e+05
8.657493764741951600e+04
7.433226926688903768e+04
6.401040498694482085e+04
5.565844481702175835e+04
4.915223562148864585e+04
4.425630772865030303e+04
4.068253112451291236e+04
3.813719705584015173e+04
3.635293734041398420e+04
3.510584339686974272e+04
3.422068037254312367e+04
3.356812770528234250e+04
3.305783041036655777e+04
3.263019340233832190e+04
3.224875135704391141e+04
3.189393610684943997e+04
3.155833412702855640e+04
3.124313990160842150e+04
3.095542696998003885e+04
3.070596903624980405e+04
3.050751185726024414e+04
3.037350355528609725e+04
3.031727724220076925e+04
3.035156645164036672e+04
3.048810781242753728e+04
3.073705242910657398e+04
3.110603233899872066e+04
3.159899165910589727e+04
3.221518698053192929e+04
3.294893801674620045e+04
3.379064640718269220e+04
3.472927365559689497e+04
3.575597780380619952e+04
3.686814262238175434e+04
3.807279104366720276e+04
3.938846867700279108e+04
4.084508279011205013e+04
4.248172482796967961e+04
4.434297381315780513e+04
4.647440656062540802e+04
4.891798602665730141e+04
5.170775236974749714e+04
5.486596831066133018e+04
5.839972094832208677e+04
6.229801684733429283e+04
6.652957703016784217e+04
7.104172152633048245e+04
7.576080197973095346e+04
8.059452488474136044e+04
8.543622261806679307e+04
9.017076430252753198e+04
9.468147678598259517e+04
9.885727389146841597e+04
1.025992194600045186e+05
1.058259540180766780e+05
1.084777122067644959e+05
1.105189360020284512e+05
1.119396495711030584e+05
1.127557608336953563e+05
1.130083204989561491e+05
1.127615938711460913e+05
1.120997049349660811e+05
1.111216933036165428e+05
1.099351067288454651e+05
1.086486621460488677e+05
1.073648933267712127e+05
1.061738867193693441e+05
1.051490679608250502e+05
1.043455398499346193e+05
1.038008280325899977e+05
1.035372979713901004e+05
1.035651998398903525e+05
1.038854027376351296e+05
1.044913461517933465e+05
1.053703478995449113e+05
1.065048694140286389e+05
1.078744146011708945e+05
1.094583683658487425e+05
1.112394265750394261e+05
1.132066504944392073e+05
1.153569278274282406e+05
1.176939198320501018e+05
1.202243473477135412e+05
1.229524112920369662e+05
1.258738501170268719e+05
1.289712948867654777e+05
1.322121226198819932e+05
1.355491388487406075e+05
1.389235262185591273e+05
1.422689533135777747e+05
1.455157367245109053e+05
1.485944141140444844e+05
1.514387289969882113e+05
1.539885028155995242e+05
1.561929440474270959e+05
1.580146038410757610e+05
1.594336295267599926e+05
1.604514878227614390e+05
1.610931744725688768e+05
1.614071754707401851e+05
1.614629806727905525e+05
1.613465282761240960e+05
1.611543292538970418e+05
1.609870530452632229e+05
1.609430974194803566e+05
1.611123147169057047e+05
1.615698667491726228e+05
1.623702866914342158e+05
1.635422121736198897e+05
1.650847097498629300e+05
1.669663412530581118e+05
1.691278990653637738e+05
1.714890312170565012e+05
1.739579966932393436e+05
1.764428996499141795e+05
1.788623025065952970e+05
1.811532930224553274e+05
1.832758063850246836e+05
1.852129937615896342e+05
1.869683217871810484e+05
1.885606074566528259e+05
1.900182569726489310e+05
1.913737002555587096e+05
1.926586195169831626e+05
1.939002659390727640e+05
1.951190292039790656e+05
1.963274139284721168e+05
1.975305451705026499e+05
1.987281523889810487e+05
1.999176551267390605e+05
2.010976099003186391e+05
2.022705622435224650e+05
2.034444325868130545e+05
2.046319758623072994e+05
2.058484649786734954e+05
2.071083288955841563e+05
2.084218015357724507e+05
2.097925882379457180e+05
2.112171665088727605e+05
2.126857729495272506e+05
2.141846058916962938e+05
2.156984710937926138e+05
2.172130905335243442e+05
2.187165413901025022e+05
2.201996716233995685e+05
2.216557031066366471e+05
2.230794645255316864e+05
2.244667370133124059e+05
2.258140575978878187e+05
2.271190770599948592e+05
2.283813078741131467e+05
2.296029200749176962e+05
2.307892091900664964e+05
2.319484755312571069e+05
2.330912647302866390e+05
2.342291362246197532e+05
2.353732637487630127e+05
2.365331860334088851e+05
2.377159325550332142e+05
2.389256101433719159e+05
2.401634227038706013e+05
2.414280493995583674e+05
2.427163178004756046e+05
2.440241297861147614e+05
2.453475755070439191e+05
2.466840821252955066e+05
2.480333192208470427e+05
2.493974959093156795e+05
2.507807200428628421e+05
2.521872949222987518e+05
2.536191774476832070e+05
2.550732059284421557e+05
2.565389690945482580e+05
2.579981886033585179e+05
2.594261692008423561e+05
2.607953034747746715e+05
2.620799835437608417e+05
2.632617946485874127e+05
2.643337191852232208e+05
2.653023143294096226e+05
2.661873524339071009e+05
2.670190475403880700e+05
2.678335374582284130e+05
2.686676128256109660e+05
2.695537391351043480e+05
2.705162416106176097e+05
2.715691943898350000e+05
2.727161594091838924e+05
2.739515332757660071e+05
2.752629533629105426e+05
2.766340547988289036e+05
2.780469065282236552e+05
2.794836868831234751e+05
2.809275143862302066e+05
2.823626926333588199e+05
2.837748140136980219e+05
2.851511148130350048e+05
2.864812187531506061e+05
2.877580888926479965e+05
2.889788042462755111e+05
2.901447977197193541e+05
2.912614173596269102e+05
2.923369681363712298e+05
2.933815869344982202e+05
2.944062969490298419e+05
2.954224019476236426e+05
2.964411424872564967e+05
2.974733928302746499e+05
2.985292069457184989e+05
2.996171901298609446e+05
3.007438604764945921e+05
3.019132453240731847e+05
3.031268755195209524e+05
3.043841410179284285e+05
3.056827753245329368e+05
3.070191675300001516e+05
3.083883141807104112e+05
3.097834698459353531e+05
3.111958030887799687e+05
3.126144668208978837e+05
3.140273676311537856e+05
3.154226035419703694e+05
3.167901790787062491e+05
3.181233877313123085e+05
3.194193075000384124e+05
3.206781877358068014e+05
3.219019753262830200e+05
3.230926169712298433e+05
3.242508931091137929e+05
3.253763260779670672e+05
3.264682574519726331e+05
3.275277124452007702e+05
3.285593702900695498e+05
3.295729463587294449e+05
3.305835297095590504e+05
3.316107667607752373e+05
3.326770763686217251e+05
3.338052286453953711e+05
3.350156273376278114e+05
3.363235862191434135e+05
3.377368717963619856e+05
3.392538262049497571e+05
3.408624344118651352e+05
3.425406645030609216e+05
3.442582218383914442e+05
3.459795369529158343e+05
3.476674687925631879e+05
3.492870069677038118e+05
3.508083103145682253e+05
3.522087167588496814e+05
3.534737674901947612e+05
3.545976132585438900e+05
3.555832635557721951e+05
3.564429763296953752e+05
3.571987722033528844e+05
3.578827579337706557e+05
3.585367864557739813e+05
3.592109966550735408e+05
3.599609154628711985e+05
3.608430054676205036e+05
3.619087871508412645e+05
3.631979850176764885e+05
3.647315503961453796e+05
3.665058173604937620e+05
3.684892669270036276e+05
3.706232028885616455e+05
3.728269866438661120e+05
3.750074519137953175e+05
3.770710325641029631e+05
3.789363679346785066e+05
3.805449805536757922e+05
3.818681090184445493e+05
3.829087455560792005e+05
3.836990470816664165e+05
3.842942222452603746e+05
3.847645104176357272e+05
3.851868870460557519e+05
3.856377332233838388e+05
3.861870839612936834e+05
3.868944507385801408e+05
3.878058036463453318e+05
3.889512122122403234e+05
3.903428701584804221e+05
3.919736324787253980e+05
3.938165650974267628e+05
3.958261520558941411e+05
3.979416237569916993e+05
4.000924059275704785e+05
4.022051119956216426e+05
4.042110343418621924e+05
4.060529143914390588e+05
4.076899553227875149e+05
4.091005142865498201e+05
4.102824983513814514e+05
4.112519799683578894e+05
4.120407780063095270e+05
4.126936589693393908e+05
4.132654675459931605e+05
4.138180682727756794e+05
4.144166820261987159e+05
4.151251961901104660e+05
4.160003583073621849e+05
4.170853234032401815e+05
4.184035945147251477e+05
4.199547256714547984e+05
4.217130704755971674e+05
4.236303266916003777e+05
4.256417793066615122e+05
4.276752319468219066e+05
4.296609238608469022e+05
4.315404780911646085e+05
4.332731970674495678e+05
4.348387269639380975e+05
4.362360274996732478e+05
4.374794325515003875e+05
4.385931410366579657e+05
4.396056313593846280e+05
4.405452752484874800e+05
4.414379544633495389e+05
4.423068913083655643e+05
4.431743005743556423e+05
4.440639453551332699e+05
4.450033330813136999e+05
4.460242456458221423e+05
4.471606629535203683e+05
4.484439106224972056e+05
4.498958641161163687e+05
4.515219406357269036e+05
4.533060373790557496e+05
4.552092967550852918e+05
4.571736278520202613e+05
4.591295949169988744e+05
4.610070536532491096e+05
4.627461866253324552e+05
4.643065632222483982e+05
4.656724631504308200e+05
4.668536859337849892e+05
4.678820863656662405e+05
4.688048640296192025e+05
4.696760800367872580e+05
4.705480014278464951e+05
4.714637727526732488e+05
4.724526515012648306e+05
4.735286191624067142e+05
4.746925555804920150e+05
4.759373519646535278e+05
4.772544789839035948e+05
4.786399041960781906e+05
4.800971972785865655e+05
4.816363753207196714e+05
4.832684384527902002e+05
4.849972063583615236e+05
4.868113524208437302e+05
4.886798543316526338e+05
4.905531782491781632e+05
4.923706231301648077e+05
4.940720506729402696e+05
4.956105723641135846e+05
4.969623326750586857e+05
4.981305084968694719e+05
4.991426564995623776e+05
5.000427846678028000e+05
5.008811313388218987e+05
5.017050283138893428e+05
5.025533482712056139e+05
5.034553459564265795e+05
5.044329360802079318e+05
5.055043021194956964e+05
5.066865709508557920e+05
5.079960553543178248e+05
5.094458400166872307e+05
5.110417008563923882e+05
5.127780317602188443e+05
5.146354059831171180e+05
5.165807376689692610e+05
5.185700812646772829e+05
5.205533209347764496e+05
5.224796389931825106e+05
5.243027517421760131e+05
5.259852765962195117e+05
5.275019668579553254e+05
5.288417241762815975e+05
5.300082734325043857e+05
5.310193337405287893e+05
5.319042452279336285e+05
5.327003773811550345e+05
5.334490969658334507e+05
5.341923165071129333e+05
5.349704310285946121e+05
5.358217683268424589e+05
5.367828068942959653e+05
5.378878117869178532e+05
5.391665947951596463e+05
5.406399188441961305e+05
5.423133480708175339e+05
5.441715246616271324e+05
5.461753427675649291e+05
5.482639702443155693e+05
5.503622622584498022e+05
5.523923400318662170e+05
5.542866656693441328e+05
5.559993811980133178e+05
5.575131717785311630e+05
5.588402128474814817e+05
5.600173516861026874e+05
5.610970210675685667e+05
5.621361487000003690e+05
5.631854471903573722e+05
5.642810871372306719e+05
5.654400828343717149e+05
5.666599309790974949e+05
5.679222484113636892e+05
5.691994374356907792e+05
5.704628626888599247e+05
5.716907640153222019e+05
5.728742416376626352e+05
5.740201378957240377e+05
5.751503971585897962e+05
5.762983096150427591e+05
5.775026968949125148e+05
5.788013878317974741e+05
5.802252000484524760e+05
5.817931952934338478e+05
5.835094579131238861e+05
5.853613263526643859e+05
5.873190339480413822e+05
5.893370067267614650e+05
5.913573326254624408e+05
5.933158184689158807e+05
5.951504227506867610e+05
5.968108571211464005e+05
5.982672494546329835e+05
5.995154909636488883e+05
6.005775496424509911e+05
6.014964813424895983e+05
6.023275509145633550e+05
6.031280760643815156e+05
6.039488135378952138e+05
6.048288653871038696e+05
6.057946096856066724e+05
6.068617204955049092e+05
6.080385153750962345e+05
6.093288877064289991e+05
6.107337712835554266e+05
6.122510123283946887e+05
6.138742470320266439e+05
6.155916583884268766e+05
6.173853379797080997e+05
6.192316118645535316e+05
6.211023338871961460e+05
6.229669292496710550e+05
6.247948769613017794e+05
6.265582753677042201e+05
6.282340951820884366e+05
6.298057275034541963e+05
6.312635675858933246e+05
6.326046801037611440e+05
6.338319826590185985e+05
6.349536536587945884e+05
6.359833977240253007e+05
6.369417074120822363e+05
6.378575060261071194e+05
6.387689089678279124e+05
6.397216983460000483e+05
6.407646737804701552e+05
6.419421903981852811e+05
6.432854768375220010e+05
6.448051725247642025e+05
6.464875104634938762e+05
6.482956292384819826e+05
6.501759546707645059e+05
6.520680340828155167e+05
6.539152212747496087e+05
6.556735346639581257e+05
6.573168024796439568e+05
6.588374929395314539e+05
6.602438859743422363e+05
6.615550481802423019e+05
6.627952512178539764e+05
6.639891343158098171e+05
6.651583360751210712e+05
6.663197949342997745e+05
6.674855930504264543e+05
6.686640752953137271e+05
6.698618897804965964e+05
6.710864590317184338e+05
6.723481981544052251e+05
6.736616625152438646e+05
6.750448920294935815e+05
6.765166151478625834e+05
6.780916279875850305e+05
6.797753676061335718e+05
6.815591804666680982e+05
6.834178312001121230e+05
6.853103426021391060e+05
6.871844286171135027e+05
6.889838318774400977e+05
