5.412202070693694986e+05
5.408207509995979490e+05
5.405914737947206013e+05
5.404427159331000876e+05
5.402838002566745272e+05
5.400329352290170500e+05
5.396255019628583686e+05
5.390192004275077488e+05
5.381951946789723588e+05
5.371554256997329649e+05
5.359172799161025323e+05
5.345074105435062665e+05
5.329564632789368043e+05
5.312957881759258453e+05
5.295562269748789258e+05
5.277681905794925988e+05
5.259618622717028484e+05
5.241666116152546601e+05
5.224094040725408122e+05
5.207127448904932826e+05
5.190930948696683045e+05
5.175605388359717326e+05
5.161198845711578615e+05
5.147726717693315004e+05
5.135191660183662316e+05
5.123595083622675156e+05
5.112937022092806874e+05
5.103207322983710910e+05
5.094374718785707373e+05
5.086379564242112101e+05
5.079131655843314948e+05
5.072509553795665270e+05
5.066355570068752277e+05
5.060462897050117608e+05
5.054557408565841615e+05
5.048283336735175108e+05
5.041205470777935116e+05
5.032838202462156769e+05
5.022703817384116701e+05
5.010411793058651965e+05
4.995741818537403014e+05
4.978709536980949342e+05
4.959597172401753487e+05
4.938940032024235115e+05
4.917471125160362571e+05
4.896035970326053211e+05
4.875495137894065701e+05
4.856632074194212910e+05
4.840079088653182262e+05
4.826267273371127085e+05
4.815399298159686150e+05
4.807439809069692856e+05
4.802117732662925264e+05
4.798937801931675058e+05
4.797203296515148249e+05
4.796055737241992611e+05
4.794537675140466890e+05
4.791680587922920240e+05
4.786612016252128524e+05
4.778667150724885287e+05
4.767483871866978589e+05
4.753059987037722603e+05
4.735758226269861334e+05
4.716256636507811490e+05
4.695455102108785068e+05
4.674357948427018709e+05
4.653954763532551005e+05
4.635116761630908004e+05
4.618517428043588297e+05
4.604578409139546566e+05
4.593438078713664436e+05
4.584941452795987134e+05
4.578653729300797568e+05
4.573901998218573863e+05
4.569847867208400276e+05
4.565587630763080670e+05
4.560268446497090627e+05
4.553202259998739464e+05
4.543956922756791464e+05
4.532407304258107906e+05
4.518737367881395039e+05
4.503394748124341713e+05
4.487009262640394736e+05
4.470293251461762120e+05
4.453943012087910320e+05
4.438556886677569710e+05
4.424578441791594960e+05
4.412265481480557355e+05
4.401680215003873454e+05
4.392694449530286947e+05
4.385005946500816499e+05
4.378166018986854469e+05
4.371621240624869824e+05
4.364771633535124711e+05
4.357043520635859459e+05
4.347968974014554988e+05
4.337258308231103001e+05
4.324850102675672388e+05
4.310926186531240237e+05
4.295886319087703596e+05
4.280286680753447581e+05
4.264754725364261540e+05
4.249897794853860396e+05
4.236222819580701180e+05
4.224079734070840641e+05
4.213633698272031615e+05
4.204863446533344686e+05
4.197577725588167086e+05
4.191440597237974871e+05
4.185999539053074550e+05
4.180716056005012360e+05
4.175003769040971529e+05
4.168280377725652652e+05
4.160035753510728246e+05
4.149909764060162706e+05
4.137764081531046540e+05
4.123727163142787176e+05
4.108194393231965951e+05
4.091776125220293761e+05
4.075201255074930377e+05
4.059197006311400910e+05
4.044371572502324125e+05
4.031123208110008854e+05
4.019589407761994516e+05
4.009637800969157834e+05
4.000891255017363001e+05
3.992776123530906043e+05
3.984584154772534966e+05
3.975542485304301372e+05
3.964889076258374844e+05
3.951950853558974923e+05
3.936218797333568218e+05
3.917410281935472158e+05
3.895506851706590969e+05
3.870757464580894448e+05
3.843643504345375113e+05
3.814810992627344676e+05
3.784984343454497284e+05
3.754881270982451970e+05
3.725147734239579877e+05
3.696324894217387191e+05
3.668849192488200497e+05
3.643075698760232190e+05
3.619307802872912143e+05
3.597815649378038943e+05
3.578831474794771639e+05
3.562519862185324309e+05
3.548931177733307122e+05
3.537953551947273081e+05
3.529280600801882101e+05
3.522408536220870446e+05
3.516668999128642026e+05
3.511295329189467011e+05
3.505512408891793457e+05
3.498635237594857463e+05
3.490159591098528472e+05
3.479829363634563633e+05
3.467668965782317682e+05
3.453974813530381653e+05
3.439266692032455467e+05
3.424206567816414172e+05
3.409497995631706435e+05
3.395782424363913015e+05
3.383548741506388178e+05
3.373069397956490866e+05
3.364371293732291088e+05
3.357243567957297782e+05
3.351278744076202856e+05
3.345939160067616031e+05
3.340637660057945759e+05
3.334820273266389850e+05
3.328039087791211205e+05
3.320005660054690670e+05
3.310618773449071450e+05
3.299964558929785271e+05
3.288291119552305900e+05
3.275963143227068940e+05
3.263404133676264901e+05
3.251034772646051133e+05
3.239215678846891387e+05
3.228201617238761391e+05
3.218112209810654167e+05
3.208921687231021351e+05
3.200467649949936313e+05
3.192476668368639657e+05
3.184603101343184244e+05
3.176476590512189432e+05
3.167752854739705217e+05
3.158161379494935391e+05
3.147542658658646396e+05
3.135867679087368888e+05
3.123234298550180392e+05
3.109839344627158134e+05
3.095930822945677210e+05
3.081749829484926304e+05
3.067474777638514061e+05
3.053180337542466004e+05
3.038820218334214296e+05
3.024237719668758218e+05
3.009202211239978787e+05
2.993464441905469866e+05
2.976819523605942377e+05
2.959164178589041112e+05
2.940535111900799093e+05
2.921118808255956392e+05
2.901229557747239596e+05
2.881260719865571009e+05
2.861621611274191528e+05
2.842676201753415517e+05
2.824698396711761015e+05
2.807852514730569092e+05
2.792199080640346510e+05
2.777718591632898897e+05
2.764342159716699971e+05
2.751978750984359067e+05
2.740532982569612213e+05
2.729912729012761847e+05
2.720029782896247925e+05
2.710798219345637481e+05
2.702134050619698246e+05
2.693957387477887096e+05
2.686196078578202287e+05
2.678788652771599591e+05
2.671684528165762895e+05
2.664840414879273740e+05
2.658212961610688362e+05
2.651748559834134649e+05
2.645371831768523552e+05
2.638974960336772492e+05
2.632410830112511758e+05
2.625493679034445668e+05
2.618010943864440778e+05
2.609748506465035607e+05
2.600528372425615089e+05
2.590253505262843391e+05
2.578950400463545520e+05
2.566797592178695486e+05
2.554128892736141861e+05
2.541404228478466684e+05
2.529147923295424553e+05
2.517862726023794967e+05
2.507935614379121107e+05
2.499556017131363042e+05
2.492666603927413234e+05
2.486960519141265831e+05
2.481928125330935291e+05
2.476944059337651415e+05
2.471375607251567999e+05
2.464689212240403285e+05
2.456534308903200435e+05
2.446791063138901081e+05
2.435577802355065069e+05
2.423221798336638312e+05
2.410201911686545354e+05
2.397073549864891975e+05
2.384386671718941070e+05
2.372607356341116829e+05
2.362053016879126953e+05
2.352850089426665218e+05
2.344920218424313643e+05
2.337996490736451815e+05
2.331665994328080560e+05
2.325430367588952067e+05
2.318773443282468070e+05
2.311225235858406231e+05
2.302414078789316991e+05
2.292102642289764481e+05
2.280207491573002771e+05
2.266804573937876849e+05
2.252123853828354622e+05
2.236535280122385884e+05
2.220526162559223594e+05
2.204668197528215824e+05
2.189572220849932346e+05
2.175831084559661977e+05
2.163955528792645200e+05
2.154312993579342437e+05
2.147082719893995381e+05
2.142240195950375928e+05
2.139579169820449606e+05
2.138770869731259008e+05
2.139449934469613945e+05
2.141307651224204456e+05
2.144167953793335182e+05
2.148021935528679751e+05
2.153003034764364420e+05
2.159297169074844860e+05
2.166998386457620363e+05
2.175938131755880313e+05
2.185530634243258392e+05
2.194683067139680206e+05
2.201812643767496629e+05
2.204992199126025080e+05
2.202214144666914071e+05
2.191727886047693028e+05
2.172378718799277849e+05
2.143867011663317680e+05
2.106860445262792055e+05
2.062926852873386233e+05
2.014300888448547630e+05
1.963540038044592948e+05
1.913150977287451678e+05
1.865268486696858308e+05
1.821447240196694620e+05
1.782590752887130657e+05
1.749004462161319971e+05
1.720532898065718764e+05
1.696730403957866074e+05
1.677020401686789992e+05
1.660814068020614795e+05
1.647577915873467864e+05
1.636854964209989412e+05
1.628252980291560234e+05
1.621415908997929655e+05
1.615993069542632438e+05
1.611617144890755881e+05
1.607897730587288679e+05
1.604432721260310500e+05
1.600835309118113364e+05
1.596770359150127333e+05
1.591991294162304548e+05
1.586368213883048447e+05
1.579900037759619299e+05
1.572707387497240852e+05
1.565007446238566481e+05
1.557075788395859709e+05
1.549202283462761261e+05
1.541648481319762359e+05
1.534612805357933103e+05
1.528208023790217994e+05
1.522453298878014321e+05
1.517280841346045490e+05
1.512554936121926003e+05
1.508099087487112847e+05
1.503725689946914790e+05
1.499262454648446583e+05
1.494571061036288156e+05
1.489555925798090175e+05
1.484163849174862553e+05
1.478377634471683996e+05
1.472207786083212122e+05
1.465685828990352456e+05
1.458861062826417619e+05
1.451800498363830266e+05
1.444590162529378140e+05
1.437335365825822519e+05
1.430157866665668553e+05
1.423188765258500935e+05
1.416557012223452621e+05
1.410374420010154136e+05
1.404719008714604424e+05
1.399619391891283740e+05
1.395043512605689466e+05
1.390894992631705827e+05
1.387019329424312455e+05
1.383220195472805062e+05
1.379283683033275011e+05
1.375006329144802585e+05
1.370221892877910286e+05
1.364822395093362720e+05
1.358770519099833909e+05
1.352102379479085794e+05
1.344921222453491937e+05
1.337383558581860270e+05
1.329679734264168655e+05
1.322011387746736873e+05
1.314568767782313225e+05
1.307511270036697242e+05
1.300954253369002108e+05
1.294963863094010012e+05
1.289559374245522922e+05
1.284720258801467426e+05
1.280393856003079563e+05
1.276499979973509762e+05
1.272931045441610186e+05
1.269549438146538596e+05
1.266186461354071798e+05
1.262647933394760475e+05
1.258729837538782449e+05
1.254243843391026749e+05
1.249048406229193788e+05
1.243078161121848389e+05
1.236363684679411526e+05
1.229035695115236740e+05
1.221311694612254505e+05
1.213467555770728941e+05
1.205800142656016687e+05
1.198588689954141300e+05
1.192062024212571559e+05
1.186376229951463174e+05
1.181604006905859569e+05
1.177733895999337692e+05
1.174675763201431546e+05
1.172268929250480433e+05
1.170290961955931270e+05
1.168467616270257276e+05
1.166486561281357572e+05
1.164018290041787550e+05
1.160746394875506521e+05
1.156406397422789887e+05
1.150828459246712009e+05
1.143975884471343743e+05
1.135969649348731764e+05
1.127090109171513177e+05
1.117750699130832654e+05
1.108444239059396350e+05
1.099669054815962154e+05
1.091847797679234063e+05
1.085254853935631691e+05
1.079967438310029829e+05
1.075850756382772961e+05
1.072580126352681109e+05
1.069694734209669841e+05
1.066671080112965137e+05
1.063000922654524329e+05
1.058259263389831031e+05
1.052151995769573405e+05
1.044538719552908733e+05
1.035432047679246316e+05
1.024978966935253120e+05
1.013431616626526811e+05
1.001114214534080238e+05
9.883905195364171232e+04
9.756333747954532737e+04
9.631957846985661308e+04
9.513825070882041473e+04
9.404224006385906250e+04
9.304440342113809311e+04
9.214590791669811006e+04
9.133585383595178428e+04
9.059253119032813993e+04
8.988632844608435698e+04
8.918391542260315327e+04
8.845299973903020145e+04
8.766681269640158280e+04
8.680754854118850199e+04
8.586821899990181555e+04
8.485270878491585609e+04
8.377414316324635001e+04
8.265194919160984864e+04
8.150818195328372531e+04
8.036378507500440173e+04
7.923544897471816512e+04
7.813360716941909050e+04
7.706187172442054725e+04
7.601788917957425292e+04
7.499527314831627882e+04
7.398603421758936020e+04
7.298285873092300608e+04
7.198070792485318088e+04
7.097747146357108431e+04
6.997371752418189135e+04
6.897182864498713752e+04
6.797492663086352695e+04
6.698595845201918564e+04
6.600718059056124184e+04
6.504011076504040102e+04
6.408587539648171514e+04
6.314580124083423289e+04
6.222208058014956623e+04
6.131836079821149178e+04
6.044014562888727232e+04
5.959492766168270464e+04
5.879199168228960480e+04
5.804183999642841081e+04
5.735520878529131005e+04
5.674168943843166926e+04
5.620805616587708937e+04
5.575652633006818360e+04
5.538330819879243791e+04
5.507786312812297547e+04
5.482326602023791929e+04
5.459786214021796332e+04
5.437811887005205062e+04
5.414224129558431741e+04
5.387387032377700234e+04
5.356510380004302715e+04
5.321821270259143785e+04
5.284573416699520021e+04
5.246902172406083264e+04
5.211570645335345034e+04
5.181676920988060010e+04
5.160398389436694561e+04
5.150835768463343265e+04
5.155990265110619657e+04
5.178868343123143131e+04
5.222666095847787074e+04
5.290945689533489349e+04
5.387687662964962510e+04
5.517096022633033135e+04
5.683061097453818365e+04
5.888257624813877192e+04
6.132969716965100815e+04
6.413867157310398034e+04
6.723065528088559222e+04
7.047834184294400620e+04
7.371232826275208208e+04
7.673757625396658841e+04
7.935807479322985455e+04
8.140524032748560421e+04
8.276407725466920238e+04
8.339128238986959332e+04
8.332134401441336377e+04
8.265966080996280652e+04
8.156479754042455170e+04
8.022422382000666403e+04
7.882866566860793682e+04
7.754953469107473211e+04
7.652228905881337414e+04
7.583675235285409144e+04
7.553399506044141890e+04
7.560866165553266183e+04
7.601552251212167903e+04
7.667921926663123304e+04
7.750629935496966937e+04
7.839850255308271153e+04
7.926591075198892213e+04
8.003823571005370468e+04
8.067248635079176165e+04
8.115571201427682536e+04
8.150243802360545669e+04
8.174755885397654492e+04
8.193647437770474062e+04
8.211481186990613060e+04
8.231999310861829144e+04
8.257622588940421701e+04
8.289346166647042264e+04
8.326980101204084349e+04
8.369605301553873869e+04
8.416084402153397969e+04
8.465483999262370344e+04
8.517316744171547180e+04
8.571578411727257480e+04
8.628615292694779055e+04
8.688895834060215566e+04
8.752770984882269113e+04
8.820292809187722742e+04
8.891129844587882690e+04
8.964582453910588811e+04
9.039672864954630495e+04
9.115269429946567107e+04
9.190204429471795447e+04
9.263356724104304158e+04
9.333689404258449213e+04
9.400252202882341226e+04
9.462173116598580964e+04
9.518668940892367391e+04
9.569097918574231153e+04
9.613060363560290716e+04
9.650529858949668414e+04
9.681976572665810818e+04
9.708434166936650581e+04
9.731468485687645443e+04
9.753029496767520322e+04
9.775201043983083218e+04
9.799894709206969128e+04
9.828553363430600439e+04
9.861930046741425758e+04
9.899988879027057556e+04
9.941943696715027909e+04
9.986417782420727599e+04
1.003168466766872734e+05
1.007594138156130357e+05
1.011757113078754337e+05
1.015536611763654946e+05
1.018869468517871428e+05
1.021760391653556726e+05
1.024284812979629496e+05
1.026583001979301043e+05
1.028844222565959644e+05
1.031280920112355088e+05
1.034095322618157079e+05
1.037443771135919378e+05
1.041406361105878314e+05
1.045969822098137665e+05
1.051029282198762521e+05
1.056409942750927876e+05
1.061904059863815492e+05
1.067313936570904189e+05
1.072489669968013768e+05
1.077352038384031766e+05
1.081895664269518165e+05
1.086173751267559128e+05
1.090271052027874684e+05
1.094274458611506270e+05
1.098250018450480857e+05
1.102231871040672413e+05
1.106224092393049359e+05
1.110212422019454534e+05
1.114180519190397317e+05
1.118125111477537139e+05
1.122065805813382758e+05
1.126047730303507851e+05
1.130137854157868132e+05
1.134418204008047178e+05
1.138980739871424448e+05
1.143928874514259660e+05
1.149389131390366820e+05
1.155533204804623820e+05
1.162606247813229129e+05
1.170952696264282858e+05
1.181027818766856217e+05
1.193382873370855523e+05
1.208615160865477519e+05
1.227281451634936529e+05
1.249783220480283780e+05
1.276242723591652612e+05
1.306397170668235049e+05
1.339540820060699480e+05
1.374539353370330064e+05
1.409927075432342244e+05
1.444077955755094590e+05
1.475421553345280117e+05
1.502660844684245531e+05
1.524946058008251421e+05
1.541968522197389102e+05
1.553958584640845365e+05
1.561595584444299166e+05
1.565858166677511181e+05
1.567853905368194683e+05
1.568665905709020444e+05
1.569242606163659366e+05
1.570340358542568574e+05
1.572512520574909286e+05
1.576128550860133837e+05
1.581404060839953599e+05
1.588427065132544958e+05
1.597173725818913663e+05
1.607514979828874348e+05
1.619220651909069857e+05
1.631968773444416292e+05
1.645365397956001980e+05
1.658975909417749499e+05
1.672364573054176872e+05
1.685136291891820438e+05
1.696973797693783708e+05
1.707664665401447273e+05
1.717114959642093454e+05
1.725349159768410027e+05
1.732498432971950970e+05
1.738780688794848393e+05
1.744475882719406800e+05
1.749898982594810659e+05
1.755371590620414354e+05
1.761192350024568732e+05
1.767606636050645611e+05
1.774777657065160456e+05
1.782763225534046942e+05
1.791503872926243348e+05
1.800827554191547679e+05
1.810473486767746799e+05
1.820133250470636995e+05
1.829502513686197053e+05
1.838333303064574720e+05
1.846475865971088642e+05
1.853901273340549378e+05
1.860700358769269078e+05
1.867060041990671307e+05
1.873222987671689189e+05
1.879439677911411854e+05
1.885922771651560906e+05
1.892812244115247158e+05
1.900156909138661576e+05
1.907914378352240601e+05
1.915968070450914674e+05
1.924157107126529445e+05
1.932313171795727394e+05
1.940297858119991724e+05
1.948034723588439520e+05
1.955531960470799822e+05
1.962893754513608001e+05
1.970320252967657289e+05
1.978096941472761682e+05
1.986573989249506849e+05
1.996135378836668679e+05
2.007157558782268316e+05
2.019959000281298067e+05
2.034745541382096708e+05
2.051560576822923031e+05
2.070251843354501179e+05
2.090465709897725901e+05
2.111674790374167496e+05
2.133236607436808117e+05
2.154472771912270109e+05
2.174752812104306067e+05
2.193566297276147816e+05
2.210571109542268387e+05
2.225612659096173884e+05
2.238715812202039815e+05
2.250056185504171881e+05
2.259919482837222458e+05
2.268657220498342940e+05
2.276645576565923984e+05
2.284252050712820783e+05
2.291812392326271220e+05
2.299617771281019959e+05
2.307909574094166746e+05
2.316877229498591914e+05
2.326654176664571569e+05
2.337309180524836993e+05
2.348834226665539900e+05
2.361134442297050555e+05
2.374027561467138294e+05
2.387258800535056507e+05
2.400531930652666488e+05
2.413551133958788123e+05
2.426064102996798465e+05
2.437897046577394649e+05
2.448976687465998111e+05
2.459340398113857373e+05
2.469139686563431169e+05
2.478641777060742024e+05
2.488229191028905625e+05
2.498390952464028378e+05
2.509695446323621145e+05
2.522737059795163223e+05
2.538056676092691196e+05
2.556046932353544398e+05
2.576862292700895050e+05
2.600357359025101468e+05
2.626072731566801085e+05
2.653277331743097748e+05
2.681062719543495914e+05
2.708472492067452986e+05
2.734641495840870193e+05
2.758917059279675013e+05
2.780938084984586458e+05
2.800656847181498306e+05
2.818300979380994104e+05
2.834286756559304195e+05
2.849106032604969223e+05
2.863214804882593453e+05
2.876949319084053277e+05
2.890486231451056665e+05
2.903849578663940774e+05
2.916953843425909872e+05
2.929663793027749634e+05
2.941850545358250383e+05
2.953429028308147681e+05
2.964371598933552159e+05
2.974701955432178802e+05
2.984479225113731227e+05
2.993782843087015790e+05
3.002705318356564385e+05
3.011354408334319014e+05
3.019861052522513201e+05
3.028386428652728791e+05
3.037121364547461853e+05
3.046273746222861810e+05
3.056043565911740297e+05
3.066589652650284697e+05
3.077995695576949511e+05
3.090244814573918120e+05
3.103210917187223095e+05
3.116671324552642182e+05
3.130339473961587646e+05
3.143910591818127432e+05
3.157109143357509165e+05
3.169726254416715237e+05
3.181638620322658098e+05
3.192806589116507675e+05
3.203255865463432274e+05
3.213052098401018302e+05
3.222278770875968621e+05
3.231026093059497653e+05
3.239393315017516725e+05
3.247501162891107961e+05
3.255507008035968756e+05
3.263614087994273286e+05
3.272067702955063432e+05
3.281135056668429170e+05
3.291070158430541051e+05
3.302069792835577973e+05
3.314229951999713667e+05
3.327513415403678082e+05
3.341737749473159201e+05
3.356588878833815688e+05
3.371659443611190072e+05
3.386505129211117746e+05
3.400708024522796622e+05
3.413935180847732117e+05
3.425982908566134283e+05
3.436801592012386536e+05
3.446499948888247018e+05
3.455330249819086748e+05
3.463656880046516890e+05
3.471910810945522389e+05
3.480533418468210148e+05
3.489915242549023824e+05
3.500338032209461089e+05
3.511930148324111942e+05
3.524644584370101220e+05
3.538265088150494266e+05
3.552440100715676090e+05
3.566738339971405221e+05
3.580715654540745309e+05
3.593981236304982449e+05
3.606252364757320611e+05
3.617389845899385400e+05
3.627410314365140512e+05
3.636475811881075497e+05
3.644864849098624545e+05
3.652931797613062663e+05
3.661062320172280306e+05
3.669631423906868440e+05
3.678968149749205331e+05
3.689328110946539091e+05
3.700873397741056397e+05
3.713659416828551330e+05
3.727629501597066992e+05
3.742619168836719473e+05
3.758371307368917624e+05
3.774561066870655050e+05
3.790825999292695196e+05
3.806795217594226124e+05
3.822112615721616312e+05
3.836453404408880160e+05
3.849538173445084249e+05
3.861151228833970963e+05
3.871167833398202201e+05
3.879588490504002548e+05
3.886570611987212906e+05
3.892443201256257598e+05
3.897691889051431208e+05
3.902910008866259013e+05
3.908723092601885437e+05
3.915703919536971953e+05
3.924298514222764061e+05
3.934778852273561643e+05
3.947227952012516325e+05
3.961552452502266387e+05
3.977511464481292642e+05
3.994750536180492491e+05
4.012834570610121591e+05
4.031279615123810945e+05
4.049586723506337148e+05
4.067279841112708091e+05
4.083945147403657902e+05
4.099264812270874390e+05
4.113036972314938903e+05
4.125177235228719655e+05
4.135703761465939460e+05
4.144714562350828783e+05
4.152368540962019470e+05
4.158879153723519412e+05
4.164522263734013541e+05
4.169651021111020236e+05
4.174704529778222204e+05
4.180196692743330495e+05
4.186677555488293292e+05
4.194669507342525758e+05
4.204590835724756471e+05
4.216685248349597096e+05
4.230975649527934729e+05
4.247253915119601879e+05
4.265108353360019391e+05
4.283980837998503121e+05
4.303239583201521891e+05
4.322252647527475492e+05
4.340450732436573599e+05
4.357373378222680767e+05
4.372697715536387404e+05
4.386251889335120795e+05
4.398015940316760098e+05
4.408112226781009231e+05
4.416786637947174604e+05
4.424381690895482898e+05
4.431303171614011517e+05
4.437982799943889841e+05
4.444839959092672216e+05
4.452245675971171004e+05
4.460491976274075569e+05
4.469769712065207423e+05
4.480157881954346667e+05
4.491626844404006843e+05
4.504056113825796638e+05
4.517264559825151227e+05
4.531047542736005853e+05
4.545213159837881685e+05
4.559609612333678524e+05
4.574138148279640009e+05
4.588750301031728741e+05
4.603432553152301116e+05
4.618184391919547925e+05
4.632996086152144708e+05
4.647830735235671164e+05
4.662612514940148685e+05
4.677221073895292939e+05
4.691491615673082415e+05
4.705221181946886354e+05
4.718182967286723433e+05
4.730150781149906106e+05
4.740934125198075199e+05
4.750420868250208441e+05
4.758620323167783208e+05
4.765696414713363047e+05
4.771980196402592701e+05
4.777953995542094344e+05
4.784205457310221391e+05
4.791357081621807883e+05
4.799983255079939263e+05
4.810530226825921563e+05
4.823253861588976579e+05
4.838185577175211511e+05
4.855130137579350267e+05
4.873692112034403835e+05
4.893322896929840790e+05
4.913378468374702497e+05
4.933179493018488865e+05
4.952068887896948145e+05
4.969465464382300270e+05
4.984914005645783036e+05
4.998130955743201193e+05
5.009041289046503953e+05
5.017798122375747189e+05
5.024775137376773055e+05
5.030525232813459006e+05
5.035707239719456993e+05
5.040993362661627471e+05
5.046978524303971208e+05
5.054114350214723963e+05
5.062683168846298940e+05
5.072813311282617506e+05
5.084521909969903063e+05
5.097761988812670461e+05
5.112451257283175946e+05
5.128470509030208923e+05
5.145635263868011534e+05
5.163658397319940268e+05
5.182127948617155780e+05
5.200520425958970445e+05
5.218257292613787577e+05
5.234795781514427508e+05
5.249730906828559237e+05
5.262878761659460142e+05
5.274314541696591768e+05
5.284351416835440323e+05
5.293464358700559242e+05
5.302180265727580991e+05
5.310966117489841999e+05
5.320146559491581284e+05
5.329871280305359978e+05
5.340134958300987491e+05
5.350835236063528573e+05
5.361843772288920591e+05
5.373065489794822643e+05
5.384470573409822537e+05
5.396097382548805326e+05
5.408035560878843535e+05
5.420402445904632332e+05
5.433321833705956815e+05
5.446906013700091280e+05
5.461235630297474563e+05
5.476331907201547874e+05
5.492122602878740290e+05
5.508412767313879449e+05
5.524877578196680406e+05
5.541092117919266457e+05
5.556601132105564466e+05
5.571015033718249761e+05
5.584104416077015921e+05
5.595861313181088772e+05
5.606504339553816244e+05
5.616423653250960633e+05
5.626082723052850924e+05
5.635908348939130083e+05
5.646202504094920587e+05
5.657099165304965572e+05
5.668571625410129782e+05
5.680478729759126436e+05
5.692628730038615176e+05
5.704839532588435104e+05
5.716981789316856302e+05
5.729001313409339637e+05
5.740924531062634196e+05
5.752852560879042139e+05
5.764946962812577840e+05
5.777406513674593298e+05
5.790433044027733849e+05
5.804187114042605972e+05
5.818740165121055907e+05
5.834035704554908443e+05
5.849874425798853626e+05
5.865934480684840819e+05
5.881828410154510057e+05
5.897185315748223802e+05
5.911735543605159037e+05
5.925370562582518905e+05
5.938156049443907104e+05
5.950290953684359556e+05
5.962024830633137608e+05
5.973562516617547954e+05
5.984991924939209130e+05
5.996263542299295077e+05
6.007230990775785176e+05
6.017738094806312583e+05
6.027719048238631804e+05
6.037272469261105871e+05
6.046679832895426080e+05
6.056359832802697783e+05
6.066773830587690463e+05
