6.828901073874126887e+05
6.811647789963609539e+05
6.793173738542943029e+05
6.773683401055360446e+05
6.753531300960379886e+05
6.733190023772928398e+05
6.713204563977340003e+05
6.694139634564560838e+05
6.676521183371328516e+05
6.660770689752643229e+05
6.647133953672201606e+05
6.635614049620308215e+05
6.625926349582606927e+05
6.617496447811292019e+05
6.609515892664843705e+05
6.601056276486051502e+05
6.591223895043919329e+05
6.579321572473491542e+05
6.564977667233509710e+05
6.548208127716039307e+05
6.529394773550505051e+05
6.509186493274393724e+05
6.488351970423314488e+05
6.467625320582309505e+05
6.447585208634936716e+05
6.428594121015908895e+05
6.410802840999373002e+05
6.394203949308156734e+05
6.378705027034784434e+05
6.364191334554107161e+05
6.350558148918694351e+05
6.337709248324732762e+05
6.325532863760240143e+05
6.313873772955959430e+05
6.302518063277839683e+05
6.291198033434869722e+05
6.279614318351832917e+05
6.267466076201223768e+05
6.254480420369592030e+05
6.240437524707349949e+05
6.225193466049309354e+05
6.208704515428832965e+05
6.191052810047254898e+05
6.172466555687906221e+05
6.153322880547273671e+05
6.134122268688583281e+05
6.115430963360145688e+05
6.097798824995968025e+05
6.081669711207167711e+05
6.067305121070781024e+05
6.054738227384170750e+05
6.043766542446839157e+05
6.033981338099141140e+05
6.024824342873772839e+05
6.015659052597449627e+05
6.005844880552823888e+05
5.994805602786428062e+05
5.982087175068942597e+05
5.967402671055810060e+05
5.950663289470078889e+05
5.931994212631101254e+05
5.911733127095184755e+05
5.890408359358658781e+05
5.868693969227485359e+05
5.847341711567840539e+05
5.827094630866203224e+05
5.808593034279381391e+05
5.792288445755152497e+05
5.778382420612853020e+05
5.766803362764253980e+05
5.757226216172407148e+05
5.749129523491906002e+05
5.741875336986782495e+05
5.734792975865177577e+05
5.727249213736142265e+05
5.718694515834479826e+05
5.708684796940375818e+05
5.696887116934944643e+05
5.683082285307078855e+05
5.667175601125421235e+05
5.649219481864745030e+05
5.629441598782064393e+05
5.608263837596167577e+05
5.586295010334691033e+05
5.564285500392848626e+05
5.543043367629278218e+05
5.523324553884653142e+05
5.505719532034390140e+05
5.490561326999225421e+05
5.477874649314740673e+05
5.467375364436923992e+05
5.458517810848796507e+05
5.450578390114556532e+05
5.442759325359584764e+05
5.434296223858043086e+05
5.424555339086567983e+05
5.413109348134717438e+05
5.399783134941041935e+05
5.384663805267442949e+05
5.368072901638783514e+05
5.350504138139346614e+05
5.332536417370573618e+05
5.314737686455446528e+05
5.297578056514158379e+05
5.281368864809526131e+05
5.266237906116030645e+05
5.252141696877714712e+05
5.238906431084564538e+05
5.226283300238904776e+05
5.214002820224241586e+05
5.201816472235499532e+05
5.189520331489043892e+05
5.176961742480533430e+05
5.164034348143626703e+05
5.150668053940920508e+05
5.136819327853574068e+05
5.122464905582927167e+05
5.107599786980175995e+05
5.092239110115168733e+05
5.076423103747835266e+05
5.060224383927859599e+05
5.043756768881787430e+05
5.027184094480970525e+05
5.010726144252787926e+05
4.994657169714127085e+05
4.979291462389517692e+05
4.964951220312072546e+05
4.951915470902572852e+05
4.940355070167670492e+05
4.930266309659493272e+05
4.921421555098878453e+05
4.913356352637538221e+05
4.905406531753811869e+05
4.896796606460735202e+05
4.886765770638681715e+05
4.874705274003219674e+05
4.860275703011534642e+05
4.843476749921593000e+05
4.824653948069257312e+05
4.804442366665653535e+05
4.783661438501516823e+05
4.763184239951223135e+05
4.743807221215715981e+05
4.726143211723217391e+05
4.710553256164026679e+05
4.697123536200088565e+05
4.685684331683654455e+05
4.675860617786134826e+05
4.667140120650936733e+05
4.658945212538995547e+05
4.650699160383942653e+05
4.641882675325947348e+05
4.632080598785802722e+05
4.621019030544146663e+05
4.608590572837672662e+05
4.594862125436149654e+05
4.580059070563073037e+05
4.564523670042756712e+05
4.548653230665289448e+05
4.532831620048490586e+05
4.517371708799907356e+05
4.502483500899919891e+05
4.488273563104395289e+05
4.474769578328045318e+05
4.461954626453826204e+05
4.449793302872636705e+05
4.438237142839313601e+05
4.427207613372546621e+05
4.416566391569446423e+05
4.406089835504990770e+05
4.395464513449089136e+05
4.384313546751950635e+05
4.372252362177172909e+05
4.358961711078026565e+05
4.344259515945375315e+05
4.328153233532599988e+05
4.310860275392598705e+05
4.292792731656174292e+05
4.274510611713777762e+05
4.256652449819938629e+05
4.239852978338959510e+05
4.224656329864631989e+05
4.211432465629870421e+05
4.200305896779719042e+05
4.191108688076055259e+05
4.183371459941235371e+05
4.176363284730063751e+05
4.169182330646073096e+05
4.160885461635232205e+05
4.150631537431991310e+05
4.137805790678425110e+05
4.122095490550964605e+05
4.103500156845647725e+05
4.082278497782730265e+05
4.058852114652320161e+05
4.033696482325395336e+05
4.007249612433990114e+05
3.979859188015137915e+05
3.951774169253918808e+05
3.923172411617973703e+05
3.894206208549555740e+05
3.865045089131479035e+05
3.835899433786003501e+05
3.807017410476887599e+05
3.778658225000665989e+05
3.751053338056057109e+05
3.724371337241316796e+05
3.698700205320821260e+05
3.674053508423926542e+05
3.650397328557795845e+05
3.627686539531645831e+05
3.605895762486829190e+05
3.585033426695062662e+05
3.565135346696730703e+05
3.546243425764780259e+05
3.528381333412670647e+05
3.511539580857523833e+05
3.495677306289632688e+05
3.480739804339332040e+05
3.466683173718263861e+05
3.453493714784430922e+05
3.441191349591043545e+05
3.429812553338524303e+05
3.419376521270871744e+05
3.409845362696623197e+05
3.401092400451601134e+05
3.392890978692584904e+05
3.384930101417016704e+05
3.376854780624351697e+05
3.368321010707623791e+05
3.359050531691444339e+05
3.348870688766558887e+05
3.337729743877452565e+05
3.325686153124098782e+05
3.312878569730808376e+05
3.299488559803646640e+05
3.285708332591579529e+05
3.271721363071788219e+05
3.257696813492552028e+05
3.243792341312930221e+05
3.230156922444592929e+05
3.216926704786207993e+05
3.204211552758028265e+05
3.192075378759140731e+05
3.180517025200132048e+05
3.169458924946584157e+05
3.158748240142688737e+05
3.148171186545478995e+05
3.137477717652677675e+05
3.126412012614370906e+05
3.114744484262525802e+05
3.102302435751509038e+05
3.088997727690855390e+05
3.074849878830189700e+05
3.060001793483988149e+05
3.044723604301048326e+05
3.029399266882912489e+05
3.014491710282524000e+05
3.000485952431611950e+05
2.987815041815441800e+05
2.976779533486758592e+05
2.967475595418882440e+05
2.959748120156179648e+05
2.953182495711188531e+05
2.947142176718787523e+05
2.940850207500092220e+05
2.933503462123936042e+05
2.924400837555297185e+05
2.913062772041292628e+05
2.899320178025219939e+05
2.883356044617517036e+05
2.865691499032113352e+05
2.847118252347238013e+05
2.828588988123958115e+05
2.811084367969419691e+05
2.795478480753866024e+05
2.782423291453905404e+05
2.772267629434823757e+05
2.765019061474787304e+05
2.760349489929963602e+05
2.757639023803325836e+05
2.756048394581518369e+05
2.754608065929778968e+05
2.752312018012608169e+05
2.748205738168414682e+05
2.741460969213926583e+05
2.731433756108509842e+05
2.717706331494940678e+05
2.700116081535198609e+05
2.678775095915228012e+05
2.654081349775816198e+05
2.626718397221666528e+05
2.597636677725137561e+05
2.568008499774088559e+05
2.539151922921149526e+05
2.512425784617391182e+05
2.489106797723945929e+05
2.470266674247868359e+05
2.456669610928646871e+05
2.448706863219043007e+05
2.446376527389417752e+05
2.449306019879440137e+05
2.456805823550916102e+05
2.467938818852209370e+05
2.481590945460248913e+05
2.496534810279483791e+05
2.511485325380469440e+05
2.525152310302310798e+05
2.536296925030390557e+05
2.543796237786878191e+05
2.546714423546649923e+05
2.544372534056477307e+05
2.536404256453716371e+05
2.522784622738788312e+05
2.503822801553542376e+05
2.480117744722065690e+05
2.452484099553518463e+05
2.421862533864670550e+05
2.389231224953137862e+05
2.355533035707557283e+05
2.321626902576424472e+05
2.288264507819279970e+05
2.256086964529323159e+05
2.225632794526412617e+05
2.197348377330270014e+05
2.171594500132371322e+05
2.148646191972505767e+05
2.128686273173203517e+05
2.111795118125104345e+05
2.097939811729481153e+05
2.086965510114403442e+05
2.078591001832514885e+05
2.072409800668227545e+05
2.067897906341848720e+05
2.064429524557023542e+05
2.061302009777809144e+05
2.057770430362357001e+05
2.053090159080926678e+05
2.046563206950654858e+05
2.037581812662397570e+05
2.025662422387712286e+05
2.010465341523200623e+05
1.991799440260775737e+05
1.969615589059594786e+05
1.943994893042299664e+05
1.915137051006381807e+05
1.883350719860262179e+05
1.849043589427657716e+05
1.812707402041062305e+05
1.774893894158085750e+05
1.736181299326692824e+05
1.697135715236258111e+05
1.658274864123446168e+05
1.620041946728624462e+05
1.582794391189136659e+05
1.546807760063786409e+05
1.512290880963080272e+05
1.479405914886797545e+05
1.448287025962684129e+05
1.419053043796161655e+05
1.391812029409579700e+05
1.366658074574663769e+05
1.343662472322310496e+05
1.322862441352283931e+05
1.304250888367008447e+05
1.287770294822835567e+05
1.273312780336875876e+05
1.260726889443860709e+05
1.249830000620144710e+05
1.240423904006755474e+05
1.232310421425395034e+05
1.225304110162659636e+05
1.219239973218052037e+05
1.213975362486708764e+05
1.209386551395105489e+05
1.205361538138627075e+05
1.201791437646300037e+05
1.198563294997401390e+05
1.195557188810567604e+05
1.192649866212059133e+05
1.189725670089262130e+05
1.186693266050267412e+05
1.183504178218799789e+05
1.180167313214953465e+05
1.176753453854243562e+05
1.173385669916275510e+05
1.170215446486796136e+05
1.167388946887044149e+05
1.165011602043824969e+05
1.163120693885941291e+05
1.161674070819550543e+05
1.160558945509093028e+05
1.159619153960909753e+05
1.158694027424607921e+05
1.157658717366888741e+05
1.156455339232272236e+05
1.155106699496121873e+05
1.153708858696235984e+05
1.152404046246248618e+05
1.151340042602085741e+05
1.150624931977041706e+05
1.150286564848406852e+05
1.150244358233465900e+05
1.150298034721572330e+05
1.150134659438247909e+05
1.149352772114360268e+05
1.147500843099620979e+05
1.144126377815357118e+05
1.138831094108421967e+05
1.131326244166300166e+05
1.121480527125100780e+05
1.109352001562586665e+05
1.095196082239774260e+05
1.079444810299375240e+05
1.062657897622831078e+05
1.045452317204018764e+05
1.028422598712574545e+05
1.012066766628946352e+05
9.967320672256386024e+04
9.825903805258733337e+04
9.696465870433149394e+04
9.577758363111421932e+04
9.467794535577997158e+04
9.364456291154387873e+04
9.266009239946088928e+04
9.171419839646143373e+04
9.080427489019827044e+04
8.993392138574118144e+04
8.910995158017602807e+04
8.833901922446479148e+04
8.762491485772706801e+04
8.696725257352662447e+04
8.636175413024811132e+04
8.580181921184033854e+04
8.528070281101491128e+04
8.479350090430704586e+04
8.433828890283771034e+04
8.391610075839226192e+04
8.352986360585663351e+04
8.318277958739659516e+04
8.287685998914302036e+04
8.261230628965214419e+04
8.238820651253027609e+04
8.220464693444440491e+04
8.206594191501058231e+04
8.198437037320974923e+04
8.198364470180467470e+04
8.210132568987726700e+04
8.238947038938640617e+04
8.291287127771836822e+04
8.374426887444331078e+04
8.495595028814725811e+04
8.660735005567724875e+04
8.872886663003108697e+04
9.130323776442628878e+04
9.424738348025713640e+04
9.739919430408522021e+04
1.005146001353631873e+05
1.032796444437758764e+05
1.053397828782424185e+05
1.063444739147100772e+05
1.060003734354618646e+05
1.041226721075313108e+05
1.006728785365921649e+05
9.577349009983506403e+04
8.969516506665016641e+04
8.281871072396436648e+04
7.558030537895970338e+04
6.841195597829790495e+04
6.168928349662602704e+04
5.569561451633902470e+04
5.060636734364251606e+04
4.649260419873682986e+04
4.333885584032595216e+04
4.106865349753441114e+04
3.957154217283678736e+04
3.872703047688405059e+04
3.842308950869336695e+04
3.856872802540619887e+04
3.910145007318395074e+04
3.999097634882119746e+04
4.124062155624298612e+04
4.288736836048199621e+04
4.500112343300278735e+04
4.768297080870434729e+04
5.106151155523590569e+04
5.528570504991462803e+04
6.051222644946681248e+04
6.688555322795832762e+04
7.451011458122247132e+04
8.341600832741142949e+04
9.352273724233127723e+04
1.046083703911566554e+05
1.162933490874726704e+05
1.280476771173509478e+05
1.392268120569579769e+05
1.491355139907245757e+05
1.571116070637919474e+05
1.626152394811096310e+05
1.653060110993175767e+05
1.650916826522624178e+05
1.621380463421724562e+05
1.568383391674696177e+05
1.497497128169732459e+05
1.415110539673038875e+05
1.327590778349196480e+05
1.240577618685575726e+05
1.158509547779533750e+05
1.084413795028181194e+05
1.019933068358266173e+05
9.655233407201962837e+04
9.207441444743023021e+04
8.845712082186710904e+04
8.556816514473155257e+04
8.326846531597123249e+04
8.142887684961550985e+04
7.994082616580375179e+04
7.872157796988567861e+04
7.771499777584135882e+04
7.688869154744870320e+04
7.622847238090551400e+04
7.573124297204840695e+04
7.539751976269709121e+04
7.522485219374357257e+04
7.520322319486297783e+04
7.531313147966406541e+04
7.552650522165808070e+04
7.580999909308415954e+04
7.612973461742833024e+04
7.645629436715747579e+04
7.676884520397713641e+04
7.705761736229418602e+04
7.732448077221702260e+04
7.758185858300584368e+04
7.785053444726012822e+04
7.815695832851171144e+04
7.853046305736112117e+04
7.900049834646380623e+04
7.959374118359539716e+04
8.033088972349125834e+04
8.122313674656872172e+04
8.226867815752938623e+04
8.344998258562984120e+04
8.473274443820568558e+04
8.606732844700397982e+04
8.739306157239800086e+04
8.864504129048674076e+04
8.976241407951647125e+04
9.069657425380696077e+04
9.141762649216252612e+04
9.191780303269185242e+04
9.221123151556123048e+04
9.233029402528709034e+04
9.231954592953593237e+04
9.222857631908463372e+04
9.210521672750002472e+04
9.199020238225115463e+04
9.191390917552135943e+04
9.189529147745556838e+04
9.194274315974603815e+04
9.205633834258963179e+04
9.223077150398654339e+04
9.245829152875166619e+04
9.273101175717823207e+04
9.304219120813116024e+04
9.338641347479973047e+04
9.375897766317582864e+04
9.415513981809839606e+04
9.456996298185172782e+04
9.499935644960714853e+04
9.544242705800647673e+04
9.590467367684794590e+04
9.640106235726662271e+04
9.695784766668103111e+04
9.761226733258744935e+04
9.840986755783107947e+04
9.939998481040752085e+04
1.006305096556743665e+05
1.021432381794189132e+05
1.039707972044404451e+05
1.061354456689322978e+05
1.086493003559311910e+05
1.115150323669837380e+05
1.147260373625973298e+05
1.182654971077087248e+05
1.221044229112152971e+05
1.261994031111165823e+05
1.304911032942234306e+05
1.349044723537657701e+05
1.393511552213266550e+05
1.437340070983242185e+05
1.479530873638920311e+05
1.519122635429097572e+05
1.555256240391522879e+05
1.587231883876376087e+05
1.614557308568340086e+05
1.636987135103699111e+05
1.654552677078395500e+05
1.667579204312400252e+05
1.676685054697014275e+05
1.682756313060960383e+05
1.686893172954508627e+05
1.690329219007298525e+05
1.694330908868570696e+05
1.700089147676635766e+05
1.708616345536401204e+05
1.720660505328625150e+05
1.736643921266112884e+05
1.756629855520827114e+05
1.780317608040948398e+05
1.807065154136797646e+05
1.835938369683370693e+05
1.865785634195657040e+05
1.895335314226711635e+05
1.923310963816060394e+05
1.948555463790647918e+05
1.970151698641509865e+05
1.987524844121041824e+05
2.000510892798404675e+05
2.009378354999156727e+05
2.014795379221047042e+05
2.017742501662606373e+05
2.019380799098035495e+05
2.020894560826615198e+05
2.023334347789810272e+05
2.027488133765326638e+05
2.033803670102503092e+05
2.042374540441118879e+05
2.052987921171420603e+05
2.065217831180214125e+05
2.078538013006208639e+05
2.092426621144991077e+05
2.106441076773748209e+05
2.120253345875840459e+05
2.133649100422913616e+05
2.146504126794456970e+05
2.158754959732378484e+05
2.170377687206208939e+05
2.181381330982622167e+05
2.191813676312162715e+05
2.201771288591159100e+05
2.211403730632044608e+05
2.220904777605150593e+05
2.230489119526660943e+05
2.240359142507679935e+05
2.250670497701042332e+05
2.261505887315853615e+05
2.272863829200843174e+05
2.284664414944786986e+05
2.296769230084739684e+05
2.309009430219789210e+05
2.321215294911625970e+05
2.333242056864516635e+05
2.344989230693362188e+05
2.356412735438595118e+05
2.367530090216225071e+05
2.378418985244098294e+05
2.389209293945312093e+05
2.400068794673830271e+05
2.411183713486035704e+05
2.422736297716865083e+05
2.434882351889111160e+05
2.447731620699928026e+05
2.461333213277875329e+05
2.475667448979826877e+05
2.490645073215765879e+05
2.506114842023754900e+05
2.521880606209954130e+05
2.537728594195941405e+05
2.553464124522927159e+05
2.568954490540017723e+05
2.584171813776407216e+05
2.599227192816415045e+05
2.614386509696317662e+05
2.630059638903856394e+05
2.646758917822385556e+05
2.665029225764923031e+05
2.685359589441882563e+05
2.708092743923678063e+05
2.733352086963136098e+05
2.761003187722717994e+05
2.790659320718137315e+05
2.821729385413085110e+05
2.853495671265881974e+05
2.885202114792920765e+05
2.916133388053433155e+05
2.945671154559251154e+05
2.973323349329900229e+05
2.998731326947299531e+05
3.021664755166675313e+05
3.042013962566372356e+05
3.059785347135395859e+05
3.075100238940740819e+05
3.088193979229765828e+05
3.099411114446228603e+05
3.109193856744311634e+05
3.118062675242118421e+05
3.126588730693067191e+05
3.135357792225199519e+05
3.144925405128459679e+05
3.155764736135562998e+05
3.168212044229742023e+05
3.182418917319033644e+05
3.198323037232751376e+05
3.215648224947460112e+05
3.233939217371518025e+05
3.252628299990499509e+05
3.271122292763337027e+05
3.288892498339253943e+05
3.305549171605810989e+05
3.320886221839717473e+05
3.334889769459394738e+05
3.347713197717968142e+05
3.359628610367834917e+05
3.370968106215560110e+05
3.382067519211142207e+05
3.393221370060818153e+05
3.404652859751617652e+05
3.416498883806609665e+05
3.428808292222446180e+05
3.441551569348179619e+05
3.454640400093676290e+05
3.467954936192237074e+05
3.481374717402544920e+05
3.494807135037553380e+05
3.508206647315737791e+05
3.521579752286627772e+05
3.534974747099568485e+05
3.548460002810098813e+05
3.562097863077135989e+05
3.575921993078475352e+05
3.589924044173098519e+05
3.604052024086364545e+05
3.618219352057848591e+05
3.632321379648642614e+05
3.646255447035329416e+05
3.659940863651967957e+05
3.673335850114711211e+05
3.686448989127512905e+05
3.699343078568461351e+05
3.712129772348942934e+05
3.724954423014422064e+05
3.737972300154758850e+05
3.751319666324866703e+05
3.765085423431138624e+05
3.779290251716605271e+05
3.793879426500513800e+05
3.808732428698259755e+05
3.823687671639620094e+05
3.838575798316005967e+05
3.853252168960935087e+05
3.867619867974689696e+05
3.881638742874563904e+05
3.895321770612616092e+05
3.908724574760404066e+05
3.921934893231386086e+05
3.935065839111905079e+05
3.948251760125219007e+05
3.961641480149499839e+05
3.975383276420707698e+05
3.989599678052036907e+05
4.004356276453385362e+05
4.019634032471949467e+05
4.035316157382713864e+05
4.051197400573914638e+05
4.067016627344741137e+05
4.082505714691378525e+05
4.097442193021246349e+05
4.111691883568064077e+05
4.125231348947233637e+05
4.138146717645141762e+05
4.150612609235814307e+05
4.162859720957797836e+05
4.175140558761139982e+05
4.187700061358132516e+05
4.200753358678580262e+05
4.214469127342352294e+05
4.228955748061147169e+05
4.244248909275130136e+05
4.260302035229851608e+05
4.276982924222349538e+05
4.294079904195786803e+05
4.311318736643014126e+05
4.328388768375149230e+05
4.344975030075353570e+05
4.360792821225580992e+05
4.375622185135211330e+05
4.389340148857880849e+05
4.401947619956714334e+05
4.413585668918183655e+05
4.424534274872542592e+05
4.435187618818745250e+05
4.446004792425609194e+05
4.457442374794782372e+05
4.469882728762480547e+05
4.483575432313539204e+05
4.498606615118363989e+05
4.514902478941181907e+05
4.532262153040649137e+05
4.550405922118257731e+05
4.569021629918980179e+05
4.587795906504734303e+05
4.606425786883966066e+05
4.624616126926875440e+05
4.642074705993658281e+05
4.658517561523029581e+05
4.673692121020125924e+05
4.687417481515008840e+05
4.699633025769467931e+05
4.710441267610116047e+05
4.720129914341989206e+05
4.729161765365416068e+05
4.738128284594872966e+05
4.747671777170333080e+05
4.758389830986259039e+05
4.770741605809669709e+05
4.784976607772645075e+05
4.801101911412482732e+05
4.818894352591818315e+05
4.837952780286718043e+05
4.857775689432249637e+05
4.877844576499215327e+05
4.897694445568547817e+05
4.916959056546227657e+05
4.935387111590900458e+05
4.952833613975492190e+05
4.969235929430313408e+05
4.984585827538023004e+05
4.998907338479384780e+05
5.012246580365840346e+05
5.024674887531524291e+05
5.036301711150644114e+05
5.047290041027188418e+05
5.057865636985688470e+05
5.068312855523152393e+05
5.078954105551419780e+05
5.090115667216543225e+05
5.102087706453789142e+05
5.115088794259367278e+05
5.129243982453333447e+05
5.144580842111398233e+05
5.161041593608139083e+05
5.178504074603242334e+05
5.196802084371206583e+05
5.215737632185411640e+05
5.235082996607101522e+05
5.254576840797665063e+05
5.273922902752662776e+05
5.292799833951328183e+05
5.310886464454298839e+05
5.327900161633953685e+05
5.343640158987949835e+05
5.358025278927619802e+05
5.371116923769963905e+05
5.383122079339299817e+05
5.394375045074636582e+05
5.405299193234628765e+05
5.416351578277626541e+05
5.427955276895934949e+05
5.440428230452255812e+05
5.453922468986823224e+05
5.468391081462977454e+05
5.483598497509990120e+05
5.499180476255569374e+05
5.514745095877804561e+05
5.529990130281827878e+05
5.544802331879572012e+05
5.559305639008623548e+05
5.573839156471248716e+05
5.588867606461744290e+05
5.604848841279431945e+05
5.622096740951937390e+05
5.640678525948765455e+05
5.660373658353792271e+05
5.680702323542205850e+05
5.701012325614608126e+05
5.720600219618653646e+05
5.738838261718447320e+05
5.755282143363440409e+05
5.769742141482942970e+05
5.782308910035884473e+05
5.793332798395407153e+05
5.803362066401164047e+05
5.813051081342635443e+05
5.823054443517668406e+05
5.833925970267180819e+05
5.846041118562733755e+05
5.859556891618010122e+05
5.874415122400040273e+05
5.890385293619654840e+05
5.907134502599008847e+05
5.924307185019971803e+05
5.941596862897876417e+05
5.958796009035857860e+05
5.975816497107950272e+05
5.992680056189723546e+05
6.009484111002521822e+05
6.026352587106836727e+05
6.043383547462529968e+05
6.060605923845244106e+05
6.077955934822709532e+05
6.095279741197696421e+05
6.112362593301129527e+05
6.128977297142328462e+05
6.144938500238484703e+05
6.160146687213637633e+05
6.174608569866976468e+05
6.188428365050605498e+05
6.201774578837489244e+05
6.214835360382467043e+05
6.227778767907088622e+05
6.240731103428587085e+05
6.253778349937961902e+05
6.266986296495377319e+05
6.280428123117756331e+05
6.294206512354047736e+05
6.308460733225453878e+05
6.323355366935856873e+05
6.339053340711670462e+05
6.355679498752406798e+05
6.373281776328025153e+05
6.391796573414935265e+05
6.411024937828177353e+05
6.430627215835746611e+05
6.450144469131084625e+05
6.469052526838002959e+05
6.486847139244867722e+05
6.503147174458403606e+05
6.517791317440464627e+05
6.530898246829962591e+05
6.542865466718717944e+05
6.554298322758473223e+05
6.565883354022414424e+05
6.578240362810736988e+05
6.591796672732660081e+05
6.606720256319940090e+05
6.622927556887203828e+05
6.640154903320821468e+05
6.658060379264352378e+05
6.676315027491701767e+05
6.694651566570560681e+05
6.712861037207586924e+05
6.730752909156264504e+05
6.748110882347460138e+05
6.764677577578894561e+05
6.780186492466221098e+05
6.794436122943961527e+05
6.807379810943935299e+05
6.819195039843523409e+05
6.830301346960631199e+05
6.841313694246150553e+05
6.852940111756445840e+05
6.865849901702641509e+05
6.880545848106294870e+05
6.897269846631456167e+05
6.915959657095446019e+05
6.936260578760638600e+05
6.957584478845061967e+05
6.979201987628287170e+05
7.000351426476360066e+05
7.020348381261755712e+05
7.038681174074758310e+05
7.055079374613822438e+05
7.069545555224267300e+05
7.082345518501355546e+05
7.093959122301051393e+05
7.105001171534652822e+05
7.116127352466317825e+05
7.127941846474831691e+05
7.140920510761487531e+05
7.155357700185688445e+05
7.171338617088048486e+05
7.188735165994664421e+05
7.207222803906103363e+05
7.226317756281166803e+05
7.245435510459584184e+05
7.263969970397092402e+05
7.281387116653643316e+05
7.297319255561785540e+05
7.311639891959156375e+05
7.324499025987510104e+05
7.336306192786099855e+05
7.347662172747278819e+05
7.359255104835004313e+05
7.371746723542175023e+05
7.385675351049512392e+05
7.401393778264427092e+05
7.419046177307297476e+05
7.438575072757445741e+05
7.459742902427986264e+05
7.482155106946466258e+05
7.505280723688190337e+05
7.528476523816119879e+05
7.551025874916103203e+05
7.572200592610542662e+05
7.591344349425541004e+05
7.607964689298641169e+05
7.621813261964541161e+05
7.632934292266638950e+05
7.641669301998199662e+05
7.648617893823955674e+05
