5.445216122033427237e+05
5.440597127369882073e+05
5.436557348515968770e+05
5.432442662827036111e+05
5.427579064721754985e+05
5.421305257103046170e+05
5.413023970731816953e+05
5.402273037410649704e+05
5.388805615951080108e+05
5.372659040891205659e+05
5.354188567922814982e+05
5.334048299785883864e+05
5.313115286268612836e+05
5.292369206902984297e+05
5.272752896150450688e+05
5.255043550123403547e+05
5.239759628693145933e+05
5.227116899634863366e+05
5.217033654431697796e+05
5.209174579199391883e+05
5.203017697641201667e+05
5.197929125996396178e+05
5.193234107822712976e+05
5.188277523564702133e+05
5.182471167042793822e+05
5.175328033103680937e+05
5.166485806967854733e+05
5.155722777347123483e+05
5.142969221256932942e+05
5.128315544416157645e+05
5.112015287209686358e+05
5.094477719724663766e+05
5.076243122134163859e+05
5.057935743916783249e+05
5.040195203654133948e+05
5.023595006431059446e+05
5.008563605504165753e+05
4.995325656780423597e+05
4.983877211856556241e+05
4.973999757813211763e+05
4.965307756230212981e+05
4.957316737637316110e+05
4.949516630395948887e+05
4.941437708269104478e+05
4.932701887550834799e+05
4.923056998342464212e+05
4.912394178431077744e+05
4.900748824688526802e+05
4.888285228909151047e+05
4.875265823065580335e+05
4.862008318106473307e+05
4.848836876106865238e+05
4.836035082876792876e+05
4.823807798739046557e+05
4.812256284009760129e+05
4.801367790450869943e+05
4.791018629830715363e+05
4.780989163558157161e+05
4.770989550115481252e+05
4.760695174366942374e+05
4.749789600819012849e+05
4.738010815371291246e+05
4.725194493286717916e+05
4.711307207419133047e+05
4.696463382885999163e+05
4.680922093197099748e+05
4.665062732737397891e+05
4.649341594628736493e+05
4.634234224883047864e+05
4.620171055369957467e+05
4.607475910514178686e+05
4.596317802508968161e+05
4.586685186193998088e+05
4.578388264989193412e+05
4.571089605367646436e+05
4.564357493266472593e+05
4.557731575331902131e+05
4.550787498374771676e+05
4.543187199044565787e+05
4.534704565684702247e+05
4.525222325106448261e+05
4.514704279631618992e+05
4.503155263438883121e+05
4.490586223570306320e+05
4.477000713028130122e+05
4.462410898582173977e+05
4.446878301267613424e+05
4.430562146331763361e+05
4.413752269559322158e+05
4.396867436985301320e+05
4.380412554152886150e+05
4.364904095750277047e+05
4.350784996808482101e+05
4.338353005220294581e+05
4.327719526731866645e+05
4.318803480223558145e+05
4.311353105388333788e+05
4.304983215436604805e+05
4.299217305389590329e+05
4.293530255015728180e+05
4.287393101282204152e+05
4.280322590400751214e+05
4.271934358520542155e+05
4.261992408080863534e+05
4.250443245960252243e+05
4.237423661862356239e+05
4.223236870593281928e+05
4.208300183791050222e+05
4.193075019142578240e+05
4.177994205816516187e+05
4.163401332968512434e+05
4.149513087932281778e+05
4.136409678177150781e+05
4.124052032500504283e+05
4.112318762673269957e+05
4.101051935087541933e+05
4.090099559357185499e+05
4.079344899077846785e+05
4.068717783893636079e+05
4.058189354104827507e+05
4.047756700269326102e+05
4.037425702323188307e+05
4.027198562435127096e+05
4.017068397238221951e+05
4.007019191502909525e+05
3.997027481246701209e+05
3.987062927506477572e+05
3.977087373082701815e+05
3.967054088561449898e+05
3.956909208579396363e+05
3.946595750549227814e+05
3.936058432234788197e+05
3.925246567334511201e+05
3.914113610936623882e+05
3.902614851379671600e+05
3.890707381053125719e+05
3.878356769973878982e+05
3.865552008619857952e+05
3.852325427998904488e+05
3.838770053795856657e+05
3.825045817902028211e+05
3.811369260968355811e+05
3.797987513868249953e+05
3.785143421102857683e+05
3.773041573047972051e+05
3.761823346732452046e+05
3.751553937015279662e+05
3.742218811695673503e+05
3.733724229305036133e+05
3.725897913904836751e+05
3.718490611043178360e+05
3.711184006632848177e+05
3.703612104512386140e+05
3.695400016169206356e+05
3.686217219537768397e+05
3.675834829234582721e+05
3.664171954475624370e+05
3.651317173634793726e+05
3.637517493487393367e+05
3.623136537354376051e+05
3.608592564539862797e+05
3.594292028169064433e+05
3.580574073646349134e+05
3.567676131668838789e+05
3.555722864241394564e+05
3.544733345742533565e+05
3.534637276705118129e+05
3.525291514457673766e+05
3.516492549254166661e+05
3.507986393904920551e+05
3.499481739272866980e+05
3.490672940806142869e+05
3.481275933667678619e+05
3.471073921385293361e+05
3.459963317231767578e+05
3.447986760342560592e+05
3.435340918088773033e+05
3.422352361906298902e+05
3.409423428493417450e+05
3.396958799094786518e+05
3.385289494019335834e+05
3.374611972300623893e+05
3.364955701572529506e+05
3.356184500796863576e+05
3.348028026792182936e+05
3.340132955004889518e+05
3.332120614962640102e+05
3.323639311055232538e+05
3.314403980656142230e+05
3.304221115007687476e+05
3.293001012884260272e+05
3.280761256422818988e+05
3.267624638774660416e+05
3.253812427056059241e+05
3.239631220207865117e+05
3.225450291543951025e+05
3.211667247688114294e+05
3.198663129892465658e+05
3.186752544843116193e+05
3.176138000333839445e+05
3.166878371335826814e+05
3.158878521304812748e+05
3.151901498460270814e+05
3.145598803593546618e+05
3.139550624846968567e+05
3.133308112238034373e+05
3.126433144692516071e+05
3.118535304389777593e+05
3.109308160082629183e+05
3.098565870124450303e+05
3.086277050025667995e+05
3.072588177654072642e+05
3.057826487356246798e+05
3.042474289908100618e+05
3.027112884036647738e+05
3.012342642685078317e+05
2.998693393879257492e+05
2.986543131175171002e+05
2.976062018617418362e+05
2.967192974295522436e+05
2.959671613371172571e+05
2.953079480776208220e+05
2.946917671030852944e+05
2.940684740173502942e+05
2.933943776974090142e+05
2.926367967333631241e+05
2.917760403619474382e+05
2.908050326666285982e+05
2.897272753824067768e+05
2.885540583848395618e+05
2.873017708194660954e+05
2.859899026579857455e+05
2.846399526684650918e+05
2.832750739980041399e+05
2.819199829350395594e+05
2.806005083496038569e+05
2.793422267010951182e+05
2.781679238673060318e+05
2.770940916098612361e+05
2.761271650581207941e+05
2.752605534217108507e+05
2.744735467814077274e+05
2.737328326204045443e+05
2.729967030248282827e+05
2.722212789460389176e+05
2.713674767763933633e+05
2.704072044753414229e+05
2.693274806149891810e+05
2.681317405455636326e+05
2.668383228115907987e+05
2.654767667032815516e+05
2.640829065034097875e+05
2.626937579102452728e+05
2.613429395796068420e+05
2.600570324620220636e+05
2.588530260967457434e+05
2.577369199084434658e+05
2.567035964957739052e+05
2.557381249389535224e+05
2.548185405890354014e+05
2.539198305303469824e+05
2.530184211838070478e+05
2.520961209756192693e+05
2.511424347743504622e+05
2.501545471608985681e+05
2.491349913326666865e+05
2.480878289246135973e+05
2.470147417423818551e+05
2.459125302422854584e+05
2.447730625990490953e+05
2.435858753548494133e+05
2.423426955865705968e+05
2.410424639457112062e+05
2.396952149351701664e+05
2.383234664018480980e+05
2.369604602301610867e+05
2.356454456781058689e+05
2.344169527593790845e+05
2.333054760928107135e+05
2.323270974344179849e+05
2.314793422244621906e+05
2.307400905663620215e+05
2.300697741601530870e+05
2.294165076965061307e+05
2.287233177148428513e+05
2.279363046794344846e+05
2.270124411016956146e+05
2.259257857240058365e+05
2.246711727796823834e+05
2.232648741543758370e+05
2.217422498992201872e+05
2.201528891480011516e+05
2.185540893754010031e+05
2.170036562148508965e+05
2.155529266848044354e+05
2.142406964056262514e+05
2.130884815273000568e+05
2.120973774705028918e+05
2.112467391810215195e+05
2.104949629799880495e+05
2.097826820281029213e+05
2.090385548390415497e+05
2.081874415670670569e+05
2.071601614331784367e+05
2.059033867194831837e+05
2.043878273113061441e+05
2.026129447550916520e+05
2.006071001066392928e+05
1.984231420794529258e+05
1.961306248908080452e+05
1.938066739261793555e+05
1.915276675992613600e+05
1.893633149704419193e+05
1.873736226804560865e+05
1.856081070556117338e+05
1.841058756599389890e+05
1.828951529711060575e+05
1.819914411762005766e+05
1.813944989611861529e+05
1.810852530737615307e+05
1.810242283264144498e+05
1.811528813080805412e+05
1.813984085424894874e+05
1.816814705845279677e+05
1.819252575512261537e+05
1.820638135864834185e+05
1.820477453638942097e+05
1.818462944011745567e+05
1.814459260920992820e+05
1.808466167295488412e+05
1.800574980392805010e+05
1.790932792423736537e+05
1.779720616970480769e+05
1.767141999417775369e+05
1.753412237548688136e+05
1.738738382595691073e+05
1.723286665986822045e+05
1.707143718820090289e+05
1.690285963653310901e+05
1.672573498891681666e+05
1.653778980850256921e+05
1.633650278527521587e+05
1.611992633351201366e+05
1.588747071922717150e+05
1.564040737152603397e+05
1.538192346903640719e+05
1.511669529712739168e+05
1.485009481450269523e+05
1.458725135989621631e+05
1.433222411718004441e+05
1.408749437458053580e+05
1.385388095713758667e+05
1.363085607827681815e+05
1.341713308355908084e+05
1.321134136197413027e+05
1.301260678740862786e+05
1.282090844586151070e+05
1.263716071528101165e+05
1.246304682123938837e+05
1.230068416230433650e+05
1.215222294137687568e+05
1.201947065763729333e+05
1.190360766261860263e+05
1.180502772962526215e+05
1.172331293628612184e+05
1.165733695214195322e+05
1.160548091478706338e+05
1.156593480665966490e+05
1.153704103427847876e+05
1.151761876620969415e+05
1.150719634773128928e+05
1.150608474468168715e+05
1.151525242960270698e+05
1.153600725438643713e+05
1.156954077785541449e+05
1.161642857940657705e+05
1.167619301651936839e+05
1.174701863533379801e+05
1.182567189942692057e+05
1.190763056707465294e+05
1.198738938397198508e+05
1.205888736406735406e+05
1.211599788399375539e+05
1.215302804961709335e+05
1.216517790075068333e+05
1.214890748941981292e+05
1.210215458711755637e+05
1.202434967564395047e+05
1.191620058748443262e+05
1.177927031735092460e+05
1.161543646390310023e+05
1.142637437958302908e+05
1.121322041821272869e+05
1.097653039075284905e+05
1.071655781454476819e+05
1.043376645173171419e+05
1.012940398423607112e+05
9.805934761611519207e+04
9.467173484407653450e+04
9.118063399135149666e+04
8.764163780506243347e+04
8.411006526260758983e+04
8.063516225969883089e+04
7.725652197535670712e+04
7.400341917880631809e+04
7.089669043710606638e+04
6.795195694809776614e+04
6.518266239331098768e+04
6.260165652727690031e+04
6.022074724095311103e+04
5.804847615025515552e+04
5.608703245242986304e+04
5.432949492088925035e+04
5.275843915680492501e+04
5.134648355434768018e+04
5.005877757798664243e+04
4.885695568608501344e+04
4.770380309245472745e+04
4.656781696456778445e+04
4.542694020690762409e+04
4.427092194757873222e+04
4.310197432182524790e+04
4.193363875164522324e+04
4.078804613881339174e+04
3.969203158723173692e+04
3.867278786447591119e+04
3.775383789533300296e+04
3.695202115714603133e+04
3.627592433368338243e+04
3.572581291343309567e+04
3.529475414453760459e+04
3.497038240127549216e+04
3.473672117511791294e+04
3.457564277468429646e+04
3.446784201251424383e+04
3.439349893436080310e+04
3.433298158352122846e+04
3.426791613094291824e+04
3.418273618456043914e+04
3.406650949158716685e+04
3.391457173735358083e+04
3.372940408853644476e+04
3.352033056474068871e+04
3.330193788107977889e+04
3.309150492765715171e+04
3.290601745513280912e+04
3.275942735886222363e+04
3.266067966104720472e+04
3.261275251660459617e+04
3.261266545072422014e+04
3.265222340721520959e+04
3.271922698525441592e+04
3.279895860226302466e+04
3.287586232704186841e+04
3.293538314941855788e+04
3.296587968443918362e+04
3.296040164009838190e+04
3.291800867593869771e+04
3.284428415180156298e+04
3.275080789870234003e+04
3.265357478665433882e+04
3.257060610373129384e+04
3.251920784975757124e+04
3.251341721378432339e+04
3.256212685085593694e+04
3.266821408071111000e+04
3.282878386828245129e+04
3.303641832888325735e+04
3.328115593538479879e+04
3.355282661466649733e+04
3.384335428030077310e+04
3.414870234530049493e+04
3.447026428760436102e+04
3.481566395319182629e+04
3.519909838642374962e+04
3.564150388019412640e+04
3.617093819834546593e+04
3.682363828721197933e+04
3.764621270013311005e+04
3.869931442534347298e+04
4.006283848804839363e+04
4.184212479494666331e+04
4.417380022760925931e+04
4.722886736616950657e+04
5.120971440711870673e+04
5.633732102422194293e+04
6.282558006109176495e+04
7.084174472650312237e+04
8.045559072003382607e+04
9.158442958048105356e+04
1.039454666175831080e+05
1.170295630162314192e+05
1.301096663778731890e+05
1.422921303666526219e+05
1.526102412218313548e+05
1.601484016536671843e+05
1.641756439740197966e+05
1.642617444391540485e+05
1.603505091790623846e+05
1.527731340151831682e+05
1.421979105140253087e+05
1.295271796440653852e+05
1.157640398776506481e+05
1.018766247358582623e+05
8.868563281268898572e+04
7.679249033969415177e+04
6.655409971530621988e+04
5.809917718292411155e+04
5.137358855201261758e+04
4.619919161416568386e+04
4.233215600624335639e+04
3.951103505185918766e+04
3.749007847052792204e+04
3.605777557302903733e+04
3.504350004960320803e+04
3.431624962659007724e+04
3.377924120717878395e+04
3.336316059386609413e+04
3.301974503826657747e+04
3.271645632651109190e+04
3.243240939293029805e+04
3.215541894256954401e+04
3.187990933219995350e+04
3.160540809440305020e+04
3.133536513646230014e+04
3.107610064502642854e+04
3.083578539446325158e+04
3.062347804985370021e+04
3.044834132131599472e+04
3.031918375996175018e+04
3.024440277363841233e+04
3.023225828483193982e+04
3.029124862383457730e+04
3.043027013377567346e+04
3.065827859657341469e+04
3.098334316398758892e+04
3.141124253970951395e+04
3.194400665602517256e+04
3.257895488609743552e+04
3.330875474351125740e+04
3.412281257782445755e+04
3.500996356792819279e+04
3.596205128312767920e+04
3.697768754514616739e+04
3.806534838510328700e+04
3.924503279414577992e+04
4.054797667364767403e+04
4.201431713529233093e+04
4.368904869119268551e+04
4.561698898514684697e+04
4.783766666084577446e+04
5.038098513604766049e+04
5.326420796316857013e+04
5.649035634448105702e+04
6.004768543159910041e+04
6.390969700187996932e+04
6.803524791546002962e+04
7.236866967519106402e+04
7.684022637545483303e+04
8.136746390253097343e+04
8.585789291944472643e+04
9.021304268092093116e+04
9.433344342044116638e+04
9.812382046649722906e+04
1.014978784624709806e+05
1.043824571487533685e+05
1.067212832669258059e+05
1.084787063687787449e+05
1.096435182482775126e+05
1.102323197012613527e+05
1.102912623714746151e+05
1.098947722611050121e+05
1.091403063684118242e+05
1.081392383340099477e+05
1.070052360782088945e+05
1.058424640156852984e+05
1.047361910049182188e+05
1.037477784836683713e+05
1.029147718235287903e+05
1.022553784824464674e+05
1.017754952465628448e+05
1.014759992317294818e+05
1.013583280398249917e+05
1.014272551599469589e+05
1.016908552434660814e+05
1.021585620790776447e+05
1.028386709036963002e+05
1.037365352168346144e+05
1.048541611489568895e+05
1.061911552275447611e+05
1.077463284460848081e+05
1.095189434457886091e+05
1.115087220723022765e+05
1.137142464144225232e+05
1.161300756562566967e+05
1.187434781172663788e+05
1.215318962051668204e+05
1.244620206545564142e+05
1.274907468436002528e+05
1.305675843578932690e+05
1.336376101009372214e+05
1.366440211049142818e+05
1.395297751027162303e+05
1.422384972977927828e+05
1.447154370110069867e+05
1.469094615522174281e+05
1.487767434225152829e+05
1.502860495692672557e+05
1.514246945185611839e+05
1.522036380745396891e+05
1.526601402822075761e+05
1.528568604256038670e+05
1.528771218715789146e+05
1.528169690821164404e+05
1.527753440657666652e+05
1.528440446270510729e+05
1.530990679860269884e+05
1.535945637897782144e+05
1.543600424156028894e+05
1.554008408482644882e+05
1.567012668471472280e+05
1.582294362006837910e+05
1.599426705277943111e+05
1.617924603247201594e+05
1.637283686829722137e+05
1.657007322747042344e+05
1.676624493243629113e+05
1.695703902817128692e+05
1.713869551447881968e+05
1.730820523073525110e+05
1.746353886487678392e+05
1.760385854857311933e+05
1.772964138403275865e+05
1.784264719780760643e+05
1.794569257682866591e+05
1.804224249846613966e+05
1.813588480722719687e+05
1.822979339926766988e+05
1.832629812499460822e+05
1.842665675186729059e+05
1.853107244643267768e+05
1.863893540495259222e+05
1.874921062433334882e+05
1.886086320623112260e+05
1.897321560153069731e+05
1.908616263930850546e+05
1.920021535345972516e+05
1.931638669191100053e+05
1.943595977421538555e+05
1.956019030676355178e+05
1.968999449926682864e+05
1.982566980313132226e+05
1.996669193041904073e+05
2.011162631613392150e+05
2.025818086474283773e+05
2.040340667264739168e+05
2.054402683198876621e+05
2.067684757082006254e+05
2.079918905103913858e+05
2.090926995218884549e+05
2.100648995384375739e+05
2.109157272438420914e+05
2.116655341974300100e+05
2.123461502865990624e+05
2.129979535072126600e+05
2.136660008390470466e+05
2.143956625529593439e+05
2.152282263189599034e+05
2.161968938835478330e+05
2.173234993429080350e+05
2.186161705946759903e+05
2.200680716633950360e+05
2.216573194795541349e+05
2.233481494873520569e+05
2.250933734053485096e+05
2.268380933893556066e+05
2.285244958031898714e+05
2.300973621542550100e+05
2.315097475388046587e+05
2.327281428235453786e+05
2.337364069030101818e+05
2.345378636073981179e+05
2.351552072776939604e+05
2.356282121519013890e+05
2.360096100206573901e+05
2.363597806455360842e+05
2.367410013787903590e+05
2.372119042018142354e+05
2.378225578564418538e+05
2.386103621531013050e+05
2.395968374746849295e+05
2.407854580056352715e+05
2.421608367150925333e+05
2.436896668716508429e+05
2.453237156780312653e+05
2.470048166404280346e+05
2.486713284445067693e+05
2.502651197613908444e+05
2.517379814407841768e+05
2.530565196845380415e+05
2.542049593867370568e+05
2.551857140823175141e+05
2.560179062668257684e+05
2.567341971844220534e+05
2.573763605571779190e+05
2.579901004789435538e+05
2.586197145045905781e+05
2.593032972186336410e+05
2.600691698291638750e+05
2.609340320534615894e+05
2.619029779164116480e+05
2.629711093871960766e+05
2.641261728972709971e+05
2.653515385434462223e+05
2.666289414133927785e+05
2.679406168212540215e+05
2.692706682891118689e+05
2.706056413857771549e+05
2.719343533369209617e+05
2.732471132626141771e+05
2.745346060789875337e+05
2.757868741666229325e+05
2.769929135377061320e+05
2.781412984861381701e+05
2.792219315311090322e+05
2.802285762340475339e+05
2.811614523815182038e+05
2.820290385700259358e+05
2.828484180311179371e+05
2.836439503097916604e+05
2.844445636320394697e+05
2.852803226448165951e+05
2.861789968353745644e+05
2.871631469047522987e+05
2.882479084882703028e+05
2.894393911678442964e+05
2.907335765101379948e+05
2.921157991836619331e+05
2.935611795738487272e+05
2.950365113255937467e+05
2.965039094549177680e+05
2.979259831987846410e+05
2.992716136393568595e+05
3.005209230495732045e+05
3.016680191856359597e+05
3.027206759929497493e+05
3.036970846356769325e+05
3.046207795993802138e+05
3.055153985667186789e+05
3.064008424447517609e+05
3.072917300627196091e+05
3.081981098624170991e+05
3.091276012641713023e+05
3.100877812746931450e+05
3.110877662611968699e+05
3.121384065879469272e+05
3.132510582267919672e+05
3.144353133868700825e+05
3.156962861829027534e+05
3.170321027741138823e+05
3.184322184810405597e+05
3.198771098416956374e+05
3.213397264060521848e+05
3.227887684383118758e+05
3.241933755443356349e+05
3.255282801390208188e+05
3.267781147800011095e+05
3.279395874271494104e+05
3.290207558039859869e+05
3.300375329268553760e+05
3.310085311349035474e+05
3.319500073061084258e+05
3.328727019185405225e+05
3.337817007106524543e+05
3.346793070547307725e+05
3.355697215147408424e+05
3.364635474986672634e+05
3.373800958764601382e+05
3.383461898674514377e+05
3.393914237489601364e+05
3.405411519875698141e+05
3.418093891873646644e+05
3.431939397379905568e+05
3.446753815380035085e+05
3.462202483297998551e+05
3.477873699785564095e+05
3.493353684255631524e+05
3.508291293243463151e+05
3.522437083606824744e+05
3.535652725112513872e+05
3.547897988890635315e+05
3.559208724311555270e+05
3.569678183615908492e+05
3.579447185813808464e+05
3.588700127456314513e+05
3.597658473654722911e+05
3.606563894206217956e+05
3.615649137401709449e+05
3.625102644728785381e+05
3.635038396050385782e+05
3.645482489239088027e+05
3.656382350523468922e+05
3.667635946301272488e+05
3.679130972939085332e+05
3.690781035766474088e+05
3.702548277802562225e+05
3.714448177927779616e+05
3.726539128495372715e+05
3.738903838297373732e+05
3.751630028425272903e+05
3.764794812524324516e+05
3.778452707872107858e+05
3.792624011175427586e+05
3.807280120983800734e+05
3.822325516021143412e+05
3.837580991789733525e+05
3.852776795342444093e+05
3.867564910563220037e+05
3.881555680598655599e+05
3.894376097664646804e+05
3.905738382051314693e+05
3.915501764814748312e+05
3.923710652387672453e+05
3.930599056319085066e+05
3.936561764729023562e+05
3.942102660460090847e+05
3.947775495886506978e+05
3.954130414606017293e+05
3.961672181811068440e+05
3.970827760224398808e+05
3.981916227998433751e+05
3.995115569027579040e+05
4.010427530218929751e+05
4.027649583002350410e+05
4.046367396899032174e+05
4.065979281728319474e+05
4.085756141733130207e+05
4.104929826718388940e+05
4.122793697131200461e+05
4.138795139790528337e+05
4.152601831932590576e+05
4.164130566508451593e+05
4.173536763983236742e+05
4.181171478572450578e+05
4.187518526782342233e+05
4.193126259863282903e+05
4.198546606162862736e+05
4.204289401247131755e+05
4.210794306912392494e+05
4.218417464469968691e+05
4.227426759105795063e+05
4.237998901648611645e+05
4.250213451001085923e+05
4.264042696426372859e+05
4.279340709520356031e+05
4.295838252951501636e+05
4.313151111760546919e+05
4.330807033712264383e+05
4.348291310345345992e+05
4.365104887059499742e+05
4.380824231728671002e+05
4.395151043945807032e+05
4.407942761464922223e+05
4.419220363966417499e+05
4.429155647545558750e+05
4.438043593235568842e+05
4.446265783057996887e+05
4.454248978344193893e+05
4.462421030663971906e+05
4.471166024801484891e+05
4.480782278860123479e+05
4.491449212266930263e+05
4.503210032032502349e+05
4.515975213138908730e+05
4.529547051371962298e+05
4.543659977717078291e+05
4.558027276705498807e+05
4.572384000287898816e+05
4.586518236259899568e+05
4.600287049289487768e+05
4.613617499467843445e+05
4.626495955472147907e+05
4.638950353044759249e+05
4.651030658996781567e+05
4.662792935608322150e+05
4.674291687613147660e+05
4.685582835695336689e+05
4.696735466383714229e+05
4.707845601198283839e+05
4.719042034995856811e+05
4.730475327131379163e+05
4.742287192070554593e+05
4.754567017961695092e+05
4.767310874997773790e+05
4.780401501406883472e+05
4.793622711072711973e+05
4.806709530656945426e+05
4.819420892346691107e+05
4.831611275513619767e+05
4.843276309808149817e+05
4.854556113855689764e+05
4.865695546854788554e+05
4.876976065356907202e+05
4.888642994575090706e+05
4.900851269955497701e+05
4.913643141178668011e+05
4.926957831687186845e+05
4.940661897790964576e+05
4.954584549956391566e+05
4.968545364120969316e+05
4.982369806388537399e+05
4.995896061560140224e+05
5.008980653051954578e+05
5.021508768615620211e+05
5.033409716754998080e+05
5.044672198390915291e+05
5.055351665324665955e+05
5.065564511832097196e+05
5.075469955135405762e+05
5.085246828503635479e+05
5.095075429531291011e+05
5.105131983599761734e+05
5.115595997410042910e+05
5.126662225598908262e+05
5.138543652095774305e+05
5.151453133873146726e+05
5.165559549489503843e+05
5.180926418311616872e+05
5.197451787665751763e+05
5.214832637217374286e+05
5.232572540443427861e+05
5.250039039408812532e+05
5.266561629389702575e+05
5.281548261945694685e+05
5.294592533355711494e+05
5.305546836957725463e+05
5.314546846235562116e+05
5.321985560664550867e+05
5.328446323994765989e+05
5.334610861193070887e+05
5.341160025660375832e+05
5.348683027445530752e+05
5.357607388604406733e+05
5.368158008449459448e+05
5.380349674553285586e+05
5.394012682417884935e+05
5.408845799739459762e+05
5.424485405669137836e+05
5.440575787786607398e+05
5.456824862133859424e+05
5.473032810651414329e+05
5.489087957624398405e+05
5.504933189524698537e+05
5.520515160707144532e+05
5.535734865064801415e+05
5.550419477304152679e+05
5.564330163062470965e+05
5.577209181814950425e+05
5.588854983105004067e+05
5.599201292704816442e+05
5.608371072895306861e+05
5.616682206185001414e+05
5.624597798739357386e+05
5.632634269296745770e+05
5.641256365016996861e+05
5.650792734498112695e+05
5.661396539259299170e+05
5.673057013928568922e+05
5.685648492738723289e+05
5.698991866465952480e+05
5.712904118734983495e+05
5.727222693377720425e+05
5.741806313135115197e+05
5.756524815077334642e+05
5.771252843027258059e+05
5.785876064954830799e+05
5.800308385399694089e+05
5.814510228669713251e+05
5.828495547738819150e+05
5.842319530309572583e+05
5.856047566142652649e+05
5.869714833552320488e+05
5.883291136612816481e+05
5.896665391221621539e+05
5.909658579523024382e+05
5.922064989748004591e+05
5.933712020122441463e+05
5.944521742492472986e+05
5.954555118716234574e+05
5.964023286710205721e+05
5.973259074468195904e+05
5.982653586078658700e+05
5.992573868237370625e+05
6.003284601864913711e+05
6.014896753597089555e+05
6.027358559748867992e+05
6.040491137956514722e+05
6.054056682140721241e+05
6.067836649777378188e+05
6.081694504749571206e+05
6.095603533029819373e+05
