6.808692753580993740e+05
6.788631911162168253e+05
6.768969971226413036e+05
6.750107582289509010e+05
6.732354738039001822e+05
6.715898424173432868e+05
6.700792819638665533e+05
6.686971461288898718e+05
6.674275316479856847e+05
6.662486949202385731e+05
6.651360626149186864e+05
6.640641676079512108e+05
6.630074275261517614e+05
6.619402427276764065e+05
6.608371677676286781e+05
6.596737926436258713e+05
6.584285409600503044e+05
6.570850752119059907e+05
6.556346333391234512e+05
6.540775436211879132e+05
6.524233704159817426e+05
6.506895172711939085e+05
6.488985129543115618e+05
6.470745211399099790e+05
6.452397928036928643e+05
6.434118088250159053e+05
6.416017418944266392e+05
6.398146115550420946e+05
6.380511405714415014e+05
6.363109022011174820e+05
6.345959672547830269e+05
6.329140245998589089e+05
6.312799506569553632e+05
6.297150824063221226e+05
6.282439682119166246e+05
6.268890181634300388e+05
6.256640877703938168e+05
6.245684410550571047e+05
6.235826346468016272e+05
6.226676054582732031e+05
6.217676736692644190e+05
6.208173933837093646e+05
6.197513353262654273e+05
6.185151307312811259e+05
6.170756159182885895e+05
6.154278537729613017e+05
6.135972713777043391e+05
6.116361182381612016e+05
6.096147281182146398e+05
6.076093276780000888e+05
6.056889988771004137e+05
6.039045853002622025e+05
6.022817651762164896e+05
6.008193793899888406e+05
5.994927727391429944e+05
5.982607970790108666e+05
5.970745385342190275e+05
5.958858534242104506e+05
5.946542906734731514e+05
5.933516669490992790e+05
5.919641691827991745e+05
5.904922318771349965e+05
5.889485826544383308e+05
5.873548933911583154e+05
5.857375466989100678e+05
5.841231655997508205e+05
5.825346755730623845e+05
5.809886345020107692e+05
5.794942916767164133e+05
5.780543652065298520e+05
5.766670218380762963e+05
5.753282028169762343e+05
5.740333940266316058e+05
5.727781946224743733e+05
5.715574954678786453e+05
5.703635894631468691e+05
5.691839594576407690e+05
5.679997139699022518e+05
5.667855885590949329e+05
5.655120737195868278e+05
5.641496245645772433e+05
5.626742143187113106e+05
5.610729486835777061e+05
5.593482822256896179e+05
5.575196674498720095e+05
5.556221328381871572e+05
5.537020840948227560e+05
5.518112670226859627e+05
5.500001230926198186e+05
5.483116782459535170e+05
5.467767551455259090e+05
5.454108838128523203e+05
5.442129688936878229e+05
5.431656178085212596e+05
5.422370011046773288e+05
5.413841043739733286e+05
5.405571510913429083e+05
5.397048042954902630e+05
5.387795490093784174e+05
5.377425233024462359e+05
5.365671013912702911e+05
5.352407683475860395e+05
5.337652025846155593e+05
5.321548690619594418e+05
5.304346812093107728e+05
5.286373252826711396e+05
5.268006637098626234e+05
5.249653395238977391e+05
5.231724319204101921e+05
5.214608860670119757e+05
5.198645152507745079e+05
5.184086221069273888e+05
5.171066094433050021e+05
5.159572196321532829e+05
5.149431400044682669e+05
5.140315818537634914e+05
5.131771008500097087e+05
5.123264645743604051e+05
5.114249140326115885e+05
5.104228313920529326e+05
5.092816968999837409e+05
5.079783189413115033e+05
5.065066248019812047e+05
5.048767401197345462e+05
5.031115745661180117e+05
5.012415755955894710e+05
4.992986260832265834e+05
4.973101874488366302e+05
4.952947104288164992e+05
4.932590765711928834e+05
4.911984504286560696e+05
4.890984826011859113e+05
4.869393743865435245e+05
4.847009626381498529e+05
4.823677776694466593e+05
4.799330298395780846e+05
4.774007200932780397e+05
4.747855101942470646e+05
4.721105212439250317e+05
4.694037043007139000e+05
4.666937127321332227e+05
4.640062434944359702e+05
4.613616328827500110e+05
4.587741753536065808e+05
4.562532656386754825e+05
4.538060926730235806e+05
4.514412593427249813e+05
4.491723972138571553e+05
4.470206663365885033e+05
4.450150844689914957e+05
4.431899983013127930e+05
4.415796758186144289e+05
4.402108195927794441e+05
4.390945354576847167e+05
4.382196898885742994e+05
4.375494906192416674e+05
4.370225185213171062e+05
4.365584719958529458e+05
4.360678144811188104e+05
4.354636260208398453e+05
4.346734794589081430e+05
4.336491970764449215e+05
4.323728517674750183e+05
4.308581880712834536e+05
4.291475195744809462e+05
4.273048978064578841e+05
4.254068175233752117e+05
4.235319041312863701e+05
4.217509779888138874e+05
4.201186887184407678e+05
4.186676244564948720e+05
4.174054634028416476e+05
4.163153738429917721e+05
4.153595137568364153e+05
4.144851628255679971e+05
4.136327523203978781e+05
4.127448315173766459e+05
4.117748076150126872e+05
4.106941409996096045e+05
4.094966567726783687e+05
4.081988810363245429e+05
4.068359292800480616e+05
4.054534341868726769e+05
4.040970796999679296e+05
4.028021351519193267e+05
4.015855811407387373e+05
4.004427974963590386e+05
3.993494731135730981e+05
3.982678376990569523e+05
3.971550863598573487e+05
3.959714317277886439e+05
3.946857056672464823e+05
3.932775862565956777e+05
3.917368326833941392e+05
3.900608501498749247e+05
3.882521792083166074e+05
3.863171258491321350e+05
3.842659854447938269e+05
3.821145133928343421e+05
3.798857318955241353e+05
3.776109634019871010e+05
3.753291453459094628e+05
3.730839319765613764e+05
3.709187141139812302e+05
3.688703421452532639e+05
3.669628489871856291e+05
3.652026713617841015e+05
3.635766635877402732e+05
3.620536198760672705e+05
3.605892312003813568e+05
3.591336310927286395e+05
3.576401342287412263e+05
3.560735492853288888e+05
3.544165547609723872e+05
3.526729995446414687e+05
3.508675471036348026e+05
3.490417401138050482e+05
3.472472226390021970e+05
3.455373917801052448e+05
3.439590227237268700e+05
3.425453297186038108e+05
3.413115062066882965e+05
3.402531687015805510e+05
3.393475241848690785e+05
3.385566824063283275e+05
3.378324235593273770e+05
3.371218425256073242e+05
3.363734530291513074e+05
3.355433736304375343e+05
3.346010574185911682e+05
3.335337465500048129e+05
3.323486329580274760e+05
3.310718101207659929e+05
3.297436243861571420e+05
3.284109023712491617e+05
3.271174781671629171e+05
3.258951144873952144e+05
3.247570117633174523e+05
3.236955326857197215e+05
3.226846909074985306e+05
3.216867077824175358e+05
3.206609286116738804e+05
3.195729056369658792e+05
3.184015921038634842e+05
3.171432338869594387e+05
3.158114423277560272e+05
3.144338106276760227e+05
3.130460910587336984e+05
3.116852849621355417e+05
3.103830151613845374e+05
3.091603179609769722e+05
3.080246034019208746e+05
3.069690844704859192e+05
3.059745532554266974e+05
3.050130464805133524e+05
3.040527236136074644e+05
3.030631719767620671e+05
3.020203262971419026e+05
3.009102197795389220e+05
2.997308747804777813e+05
2.984918343045926886e+05
2.972111809904018301e+05
2.959103964234620216e+05
2.946080015256339684e+05
2.933134175179203739e+05
2.920226875062875915e+05
2.907174483354900149e+05
2.893678322945399559e+05
2.879389746118622716e+05
2.863997975999774644e+05
2.847320466349720955e+05
2.829373819684447953e+05
2.810407332475298317e+05
2.790889828723573009e+05
2.771451282929821755e+05
2.752791109071506071e+05
2.735572451675360207e+05
2.720324616882235860e+05
2.707373194603079464e+05
2.696809941568618524e+05
2.688503914752120036e+05
2.682144533736134181e+05
2.677299479717825889e+05
2.673468234801482758e+05
2.670116532805924071e+05
2.666686610102947452e+05
2.662589440785613842e+05
2.657193799320355756e+05
2.649829566047899425e+05
2.639818064924151986e+05
2.626532152803313802e+05
2.609477172147455567e+05
2.588375141111586709e+05
2.563231765931779228e+05
2.534369613051414490e+05
2.502419177374862193e+05
2.468269308763621084e+05
2.432986299906485074e+05
2.397715039470109914e+05
2.363575934288451390e+05
2.331569104948909080e+05
2.302494385323280585e+05
2.276893154875636683e+05
2.255016328869103454e+05
2.236821457663071924e+05
2.222000079615282302e+05
2.210033716408602195e+05
2.200273240990957129e+05
2.192032405850151263e+05
2.184683072143534664e+05
2.177738164557265118e+05
2.170909382293349481e+05
2.164130493140332401e+05
2.157543169306789932e+05
2.151449562169312849e+05
2.146242383772975882e+05
2.142327368863270385e+05
2.140053474191620771e+05
2.139662999749629525e+05
2.141268110570887220e+05
2.144853784475538414e+05
2.150301713208325964e+05
2.157426165473644796e+05
2.166011489863600873e+05
2.175841498100222962e+05
2.186713066228345269e+05
2.198429714479500835e+05
2.210775458883103274e+05
2.223474303522525879e+05
2.236145272163832560e+05
2.248265480107787007e+05
2.259153321448013303e+05
2.267980164861293160e+05
2.273812896203991259e+05
2.275682941240715154e+05
2.272671949542313232e+05
2.264001485047514725e+05
2.249114228097726300e+05
2.227736734980962647e+05
2.199917510664165893e+05
2.166037787948812183e+05
2.126795194056166220e+05
2.083162311519192881e+05
2.036323416024510807e+05
1.987593956653088098e+05
1.938328936703497602e+05
1.889828095089776325e+05
1.843247128581799043e+05
1.799524481280477485e+05
1.759332027312725841e+05
1.723055259654815018e+05
1.690804740948895342e+05
1.662456190477429191e+05
1.637712385980961844e+05
1.616176751765578229e+05
1.597426720286552154e+05
1.581075175953920407e+05
1.566810701374582422e+05
1.554411673634705658e+05
1.543734708270163101e+05
1.534683332976646489e+05
1.527166809054890182e+05
1.521060697946234432e+05
1.516179658911679871e+05
1.512269338133762358e+05
1.509019006306531082e+05
1.506091203192584217e+05
1.503160528191371995e+05
1.499952005870598659e+05
1.496270535844683181e+05
1.492016247021373129e+05
1.487184790818377514e+05
1.481855175673530903e+05
1.476169572274634265e+05
1.470309433235792385e+05
1.464470997835675953e+05
1.458841910757861042e+05
1.453580106764415104e+05
1.448796405838198552e+05
1.444542844515540928e+05
1.440808829803693225e+05
1.437526257365395722e+05
1.434582927383437345e+05
1.431841593458701973e+05
1.429160616581129434e+05
1.426412029553182074e+05
1.423493916654001223e+05
1.420335974131970434e+05
1.416899254711908579e+05
1.413172701092344359e+05
1.409169622657213185e+05
1.404926600967760314e+05
1.400505670562529995e+05
1.395998611173730460e+05
1.391530561466114596e+05
1.387259554193734075e+05
1.383369227248338284e+05
1.380053641525417042e+05
1.377495204579432029e+05
1.375838418486933806e+05
1.375163010073051555e+05
1.375459849853159685e+05
1.376612241154381773e+05
1.378384231357403623e+05
1.380417098347729188e+05
1.382235331443228351e+05
1.383264039516883204e+05
1.382860138272291806e+05
1.380359054363510804e+05
1.375136383596653468e+05
1.366679914919768344e+05
1.354662536944241147e+05
1.339002462771233986e+05
1.319895942843418743e+05
1.297810665945757937e+05
1.273435512429959490e+05
1.247592624640476424e+05
1.221127896682382561e+05
1.194802560249488888e+05
1.169209055058272352e+05
1.144728253616819566e+05
1.121534042028016702e+05
1.099638631818944850e+05
1.078961713758182159e+05
1.059401759254778153e+05
1.040889664208646136e+05
1.023412531015607092e+05
1.007005912177046557e+05
9.917227317796502030e+04
9.775932731985610735e+04
9.645914873120820266e+04
9.526187750546552707e+04
9.415092890086285479e+04
9.310533853114902740e+04
9.210305497385776835e+04
9.112412606310078991e+04
9.015288612560032925e+04
8.917865779542861856e+04
8.819498283868435828e+04
8.719784400526787795e+04
8.618362205974449171e+04
8.514758418299628829e+04
8.408350926495026215e+04
8.298466703678948397e+04
8.184588590572836983e+04
8.066601791830133880e+04
7.944989150719159807e+04
7.820893180914419645e+04
7.696001785775614553e+04
7.572271313296022709e+04
7.451555229554905964e+04
7.335239611548342509e+04
7.223986394089565147e+04
7.117652903239069565e+04
7.015404130518985039e+04
6.915980673625471536e+04
6.818047024009282177e+04
6.720531525817381043e+04
6.622881287297641393e+04
6.525185406788627006e+04
6.428157049313648895e+04
6.332998355974564038e+04
6.241194178465531877e+04
6.154287836924010480e+04
6.073685303514000407e+04
6.000517421856191504e+04
5.935568885445126944e+04
5.879264034922953579e+04
5.831688237123691943e+04
5.792622199443932914e+04
5.761574184502103162e+04
5.737807886166659591e+04
5.720376530114230263e+04
5.708182209114781290e+04
5.700081630704972486e+04
5.695056099549539795e+04
5.692456934378587903e+04
5.692329533897244255e+04
5.695810080153703893e+04
5.705576522849454341e+04
5.726317251515044336e+04
5.765155011996448593e+04
5.831931506190222717e+04
5.939225546321246657e+04
6.101955209980191285e+04
6.336416439266224916e+04
6.658652206481025496e+04
7.082139507587027038e+04
7.614928317857022921e+04
8.256553459813147492e+04
8.995232431528822053e+04
9.806004592543761828e+04
1.065049372429266514e+05
1.147882969264968415e+05
1.223392401491015626e+05
1.285779645436098072e+05
1.329910132500608161e+05
1.352055894497346890e+05
1.350481943400666059e+05
1.325747534387893684e+05
1.280649040656881843e+05
1.219809407948534063e+05
1.148998597581895010e+05
1.074326621203277900e+05
1.001469344609010586e+05
9.350638296709897986e+04
8.783549624872651475e+04
8.331079326242115349e+04
7.997425775690755108e+04
7.776104800113047531e+04
7.653287331314546464e+04
7.611004450537492812e+04
7.629803079837554833e+04
7.690719508868500998e+04
7.776636753013219277e+04
7.873172731819412729e+04
7.969227649323763035e+04
8.057250038595026126e+04
8.133216142236480664e+04
8.196294459227414336e+04
8.248196567137431703e+04
8.292280618105946633e+04
8.332543711131537566e+04
8.372681544152613787e+04
8.415388268821204838e+04
8.462014730851627246e+04
8.512615313214315393e+04
8.566319322640458995e+04
8.621890475486507057e+04
8.678307796827060520e+04
8.735219194997848535e+04
8.793175434852266335e+04
8.853625540147094580e+04
8.918719158562700613e+04
8.990997107239114121e+04
9.073051310865143023e+04
9.167207969508173119e+04
9.275251940333904349e+04
9.398186062448863231e+04
9.536018040419690078e+04
9.687587280609074514e+04
9.850470501988654723e+04
1.002101957663463836e+05
1.019457490778356441e+05
1.036586179605927900e+05
1.052952729177209258e+05
1.068072972803254524e+05
1.081567006486911559e+05
1.093196259157851746e+05
1.102878013269275398e+05
1.110676337422097422e+05
1.116773797681583383e+05
1.121432072786601348e+05
1.124950752963952255e+05
1.127632107389818848e+05
1.129756276983250136e+05
1.131567524701017246e+05
1.133269202628952044e+05
1.135023825007392006e+05
1.136955118725714710e+05
1.139150447307330178e+05
1.141663493425212655e+05
1.144517671811442560e+05
1.147710245110273536e+05
1.151216122642262635e+05
1.154989834720451327e+05
1.158964942858991853e+05
1.163052110556060652e+05
1.167139252576161234e+05
1.171098199798367423e+05
1.174801143145709939e+05
1.178146817939041939e+05
1.181092246420538431e+05
1.183682826077174686e+05
1.186073266726270667e+05
1.188534747838698095e+05
1.191448556567051273e+05
1.195291161454758549e+05
1.200617895059613948e+05
1.208050888737756177e+05
1.218271992998936912e+05
1.232015050723861787e+05
1.250046812086903665e+05
1.273124496595206147e+05
1.301921824609125179e+05
1.336923821230544127e+05
1.378301705606014293e+05
1.425789488691823208e+05
1.478590155486216536e+05
1.535339061185241735e+05
1.594144686372624710e+05
1.652713423721603176e+05
1.708548533571055159e+05
1.759197620441413601e+05
1.802511650443939725e+05
1.836874349452520255e+05
1.861364905207846896e+05
1.875828564284496824e+05
1.880846639665646071e+05
1.877616082904012874e+05
1.867765059040404449e+05
1.853141204953363340e+05
1.835611107410743134e+05
1.816902740060815704e+05
1.798509152225646249e+05
1.781655347245287267e+05
1.767315374531695270e+05
1.756256837129762280e+05
1.749087248218843306e+05
1.746280902530261665e+05
1.748174420729045814e+05
1.754931145385252312e+05
1.766486113862332131e+05
1.782491675526159524e+05
1.802286892894300399e+05
1.824910635203856218e+05
1.849169095813668391e+05
1.873755273492367123e+05
1.897404012813821319e+05
1.919055305282839108e+05
1.937993918533364777e+05
1.953936596222578955e+05
1.967048416425293835e+05
1.977884791026121529e+05
1.987271259074778354e+05
1.996145841407457483e+05
2.005395385460799735e+05
2.015716731668100110e+05
2.027526189522506029e+05
2.040928858355204866e+05
2.055745938056570303e+05
2.071586688510143722e+05
2.087944683722831251e+05
2.104296568173058622e+05
2.120185095311150362e+05
2.135274972988140362e+05
2.149377637402731925e+05
2.162447562381496828e+05
2.174557010772735521e+05
2.185858122813647788e+05
2.196541392643778527e+05
2.206798514785447915e+05
2.216795679879804666e+05
2.226660800353159138e+05
2.236484951673680334e+05
2.246334870433752658e+05
2.256270377197410853e+05
2.266359029915751889e+05
2.276680940381363616e+05
2.287319700139875058e+05
2.298340150936129794e+05
2.309758955465511826e+05
2.321517880179212370e+05
2.333470879928785725e+05
2.345393667863804149e+05
2.357018715719789616e+05
2.368090940028057666e+05
2.378431923758646590e+05
2.387995886427275836e+05
2.396900674471771636e+05
2.405422387516603339e+05
2.413951712332178431e+05
2.422920850449907884e+05
2.432718601980232343e+05
2.443614730388184253e+05
2.455711914909864136e+05
2.468935427811694390e+05
2.483060121698330913e+05
2.497765076706438267e+05
2.512701217152256868e+05
2.527557257327826519e+05
2.542113195323703985e+05
2.556275661788396828e+05
2.570093344216285623e+05
2.583752473048362008e+05
2.597552746685926395e+05
2.611864821764135268e+05
2.627072914143524831e+05
2.643509953828296857e+05
2.661396364093238954e+05
2.680794623237581691e+05
2.701589008272951469e+05
2.723493920838373015e+05
2.746087276558674639e+05
2.768860383478422300e+05
2.791274275017553009e+05
2.812814418522692285e+05
2.833039270213181735e+05
2.851620989539064467e+05
2.868377297936193063e+05
2.883292075008241227e+05
2.896520317453570315e+05
2.908372508344313246e+05
2.919275610105934320e+05
2.929712808277306613e+05
2.940150368206775747e+05
2.950965223735744948e+05
2.962388957251517568e+05
2.974481401741414447e+05
2.987140484993727296e+05
3.000145941682998091e+05
3.013225848986803903e+05
3.026129276066103484e+05
3.038687409961993108e+05
3.050849547090021078e+05
3.062687987691473099e+05
3.074374737450833200e+05
3.086140333657361916e+05
3.098228972014554311e+05
3.110863495972221717e+05
3.124229188768637832e+05
3.138478288299060077e+05
3.153749914725145209e+05
3.170194758116189623e+05
3.187991874579747673e+05
3.207346802738494007e+05
3.228465486230784445e+05
3.251505901914691203e+05
3.276517010391253862e+05
3.303380585112752742e+05
3.331773735516317538e+05
3.361167309238295420e+05
3.390867838337081484e+05
3.420099794283082592e+05
3.448113505712042679e+05
3.474295685211666278e+05
3.498257116212592809e+05
3.519876983705692692e+05
3.539294496240745648e+05
3.556852487514013774e+05
3.573010083123688819e+05
3.588248245702650747e+05
3.602991095361270127e+05
3.617558181138457148e+05
3.632151602792626945e+05
3.646871308347552549e+05
3.661745523127352935e+05
3.676762531364347669e+05
3.691893993598356610e+05
3.707106100126896054e+05
3.722360342164078611e+05
3.737608718889815500e+05
3.752788500276072882e+05
3.767820164750419208e+05
3.782610156181221828e+05
3.797058567841686308e+05
3.811070910033627879e+05
3.824572382409516722e+05
3.837522241098803934e+05
3.849925123201451497e+05
3.861836230669970391e+05
3.873358663312402787e+05
3.884633761492437916e+05
3.895827926433595130e+05
3.907120410848860047e+05
3.918694976590388105e+05
3.930734571490923408e+05
3.943414350395990768e+05
3.956887095992611139e+05
3.971257964251812082e+05
3.986551762203837279e+05
4.002682666707257740e+05
4.019439615455878666e+05
4.036498083971290034e+05
4.053461015244129812e+05
4.069921547163527575e+05
4.085532353457542486e+05
4.100064244884736836e+05
4.113440775167214451e+05
4.125743688624378410e+05
4.137192376465076231e+05
4.148105844880354125e+05
4.158856811291275080e+05
4.169825425004146527e+05
4.181356984069854370e+05
4.193725898709474131e+05
4.207107755088108242e+05
4.221561961111952551e+05
4.237027711294118781e+05
4.253334839473199681e+05
4.270228532055043615e+05
4.287403870210541645e+05
4.304544139637570479e+05
4.321356694261778030e+05
4.337601807815427310e+05
4.353112443294581026e+05
4.367804988372975495e+05
4.381681941700719181e+05
4.394827306749857962e+05
4.407394798202066449e+05
4.419588866834900109e+05
4.431639603563396959e+05
4.443774602574984892e+05
4.456192862165117403e+05
4.469046445853321347e+05
4.482433969441051013e+05
4.496406142767721904e+05
4.510978978840198251e+05
4.526147066902430961e+05
4.541889360346726025e+05
4.558163684184987796e+05
4.574892127582207904e+05
4.591944830355857266e+05
4.609131693557276740e+05
4.626209170298965764e+05
4.642903721406813711e+05
4.658947533896116656e+05
4.674118440471947542e+05
4.688275796933206730e+05
4.701386453906662064e+05
4.713537792654864024e+05
4.724936390000812244e+05
4.735891152176747564e+05
4.746780170940400567e+05
4.758002819393622922e+05
4.769923091897876002e+05
4.782815210568649927e+05
4.796825063570400234e+05
4.811958617831057636e+05
4.828100851350239245e+05
4.845058587581216125e+05
4.862612209873909596e+05
4.880558460172648192e+05
4.898730797233150806e+05
4.916993321616314352e+05
4.935214980242619058e+05
4.953238240163385053e+05
4.970857950571000110e+05
4.987821672221475164e+05
5.003854669486667262e+05
5.018704356088709901e+05
5.032193058982751681e+05
5.044265852633022005e+05
5.055021749736151542e+05
5.064720637270822772e+05
5.073763728266578401e+05
5.082650821200660430e+05
5.091922317846709047e+05
5.102096771483302582e+05
5.113614900388089009e+05
5.126798265531369252e+05
5.141825943768024445e+05
5.158727308136781212e+05
5.177385609618314775e+05
5.197546916357852751e+05
5.218832018985790201e+05
5.240753367314337520e+05
5.262742287486636778e+05
5.284191455613360740e+05
5.304513392052239506e+05
5.323209156314526917e+05
5.339935352270827862e+05
5.354554795502034249e+05
5.367158143885971513e+05
5.378049892483068397e+05
5.387700300331142498e+05
5.396672480777509045e+05
5.405539027787663508e+05
5.414804223556781653e+05
5.424846135794521542e+05
5.435888427170483628e+05
5.448005377454611007e+05
5.461156520988587290e+05
5.475240696382725146e+05
5.490154653442355338e+05
5.505840046513587004e+05
5.522305460813988466e+05
5.539616778296234552e+05
5.557858124899216928e+05
5.577074334495350486e+05
5.597211650718977908e+05
5.618074426594417309e+05
5.639311572744240984e+05
5.660438789291984867e+05
5.680893614826452686e+05
5.700112592260296224e+05
5.717615213346258970e+05
5.733078455280167982e+05
5.746388337323877495e+05
5.757660047103441320e+05
5.767224584753593663e+05
5.775586211222650018e+05
5.783359912399409804e+05
5.791200464761853218e+05
5.799734014186232816e+05
5.809499901426580036e+05
5.820906355773414252e+05
5.834200582978419261e+05
5.849452967304268386e+05
5.866556336084021023e+05
5.885242721566165565e+05
5.905119537348343292e+05
5.925723366885692813e+05
5.946583585746756289e+05
5.967282705636372557e+05
5.987498970067495247e+05
6.007021108215829590e+05
6.025734177016336471e+05
6.043585459209156688e+05
6.060546028696588473e+05
6.076583900561716873e+05
6.091658628336493857e+05
6.105737617121845251e+05
6.118825493873739615e+05
6.130993217890448868e+05
6.142394709692511242e+05
6.153264567536604591e+05
6.163898023433070630e+05
6.174620301560724620e+05
6.185754626792906784e+05
6.197595916296712821e+05
6.210392369672171772e+05
6.224332645036020549e+05
6.239534647115657572e+05
6.256033979845048161e+05
6.273774329142582137e+05
6.292605381752148969e+05
6.312293553399216617e+05
6.332546142192329280e+05
6.353042798810520908e+05
6.373463555300465086e+05
6.393503687161058187e+05
6.412873012913729763e+05
6.431287547772205435e+05
6.448468882605824620e+05
6.464166067985813133e+05
6.478204839334255084e+05
6.490553625651319744e+05
6.501382482668791199e+05
6.511087246683828998e+05
6.520259975204630755e+05
6.529605111531066941e+05
6.539820896634657402e+05
6.551478513148630736e+05
6.564931885847578524e+05
6.580279503084294265e+05
6.597381806833504234e+05
6.615921303681633435e+05
6.635483329312297283e+05
6.655634904467299348e+05
6.675985005942699499e+05
6.696217863681452582e+05
6.716098475510447752e+05
6.735455331456993008e+05
6.754149717383086681e+05
6.772044187364456011e+05
6.788983985137033742e+05
6.804802682451533619e+05
6.819356082871186081e+05
6.832577668177783489e+05
6.844538154892284656e+05
6.855485838242608588e+05
6.865846919571610633e+05
6.876176315409773961e+05
6.887066060388589976e+05
6.899034210233688354e+05
6.912425831129474100e+05
6.927355455472510075e+05
6.943707717308711726e+05
6.961194300267625367e+05
6.979447681840821169e+05
6.998121784057171317e+05
7.016969823753280798e+05
7.035879436481067678e+05
7.054860046191279544e+05
7.073991688466152409e+05
7.093353569156937301e+05
7.112952975956267910e+05
7.132672074231015285e+05
7.152244360194873298e+05
7.171266443392385263e+05
7.189245215988541022e+05
7.205674925550905755e+05
7.220132762339210603e+05
7.232375995387381408e+05
7.242420429161458742e+05
7.250581237408806337e+05
7.257463975894295145e+05
7.263904379960580263e+05
7.270867041859086603e+05
7.279321450924447272e+05
7.290116821887800470e+05
7.303874735091256443e+05
7.320912995807337575e+05
7.341207949466352584e+05
7.364397422189406352e+05
7.389822555007963674e+05
7.416603168312277412e+05
7.443737327226641355e+05
7.470212036226675846e+05
7.495109996412786422e+05
7.517698496234493796e+05
7.537490850017592311e+05
7.554276782459022943e+05
7.568123391146048671e+05
7.579351023865286261e+05
7.588488495294726454e+05
7.596211128404447809e+05
7.603265290451350156e+05
7.610385605004044482e+05
7.618215162426935276e+05
