6.818310308794085868e+05
6.799499527191717643e+05
6.780402160127334064e+05
6.761185465268784901e+05
6.742102632884362247e+05
6.723468911735363072e+05
6.705615736603951082e+05
6.688837307052041870e+05
6.673343983762310818e+05
6.659231899470549542e+05
6.646471279076092178e+05
6.634910367647410603e+05
6.624289744067890570e+05
6.614263355114638107e+05
6.604426014005710604e+05
6.594349441563631408e+05
6.583627794746498112e+05
6.571928729349580826e+05
6.559039709397953702e+05
6.544895445259892149e+05
6.529574398335721344e+05
6.513260916205229005e+05
6.496181930261609377e+05
6.478538018754569348e+05
6.460452852274329634e+05
6.441960072913890472e+05
6.423033912572772242e+05
6.403654065908427583e+05
6.383882490712758154e+05
6.363924645375545369e+05
6.344151853221224155e+05
6.325073190919014160e+05
6.307260242243837565e+05
6.291241320852893405e+05
6.277389631379758939e+05
6.265830858892704127e+05
6.256390650146923726e+05
6.248593548716689693e+05
6.241714614303075941e+05
6.234875181746097514e+05
6.227166402172273956e+05
6.217779408661287744e+05
6.206119984372574836e+05
6.191888837028538110e+05
6.175115460679738317e+05
6.156142501677302644e+05
6.135566319637575652e+05
6.114146054531723494e+05
6.092696971876076423e+05
6.071984288951348281e+05
6.052631852795209270e+05
6.035056664134135935e+05
6.019435697449430590e+05
6.005706082596166525e+05
5.993594273173413239e+05
5.982665690812051762e+05
5.972384856820270652e+05
5.962177604669037974e+05
5.951490493945272174e+05
5.939845790658196202e+05
5.926891272900198819e+05
5.912442121705508325e+05
5.896508752958435798e+05
5.879302378093053121e+05
5.861211692905515665e+05
5.842749823103706585e+05
5.824478608970979694e+05
5.806924191651374567e+05
5.790500688453658950e+05
5.775456359197088750e+05
5.761850216239301953e+05
5.749559229619563557e+05
5.738309970491584390e+05
5.727725398921346059e+05
5.717377533320548246e+05
5.706838664598278701e+05
5.695726020319147501e+05
5.683736378076504916e+05
5.670668103103979956e+05
5.656429174976386130e+05
5.641031680426183157e+05
5.624575973272750853e+05
5.607230281254494330e+05
5.589212491573906736e+05
5.570779052232207032e+05
5.552221492318829987e+05
5.533865627162881428e+05
5.516064681290278677e+05
5.499177676110202447e+05
5.483529259604468243e+05
5.469355249473599251e+05
5.456746285492022289e+05
5.445606510950159281e+05
5.435642764880795730e+05
5.426392397418270120e+05
5.417286993363815127e+05
5.407738893523305887e+05
5.397231138957709773e+05
5.385391362524975557e+05
5.372035843025536742e+05
5.357178919462825870e+05
5.341011755359857343e+05
5.323860099508252461e+05
5.306132002464820398e+05
5.288264276966480538e+05
5.270673057240077760e+05
5.253711344713342842e+05
5.237635905097927898e+05
5.222586600624239072e+05
5.208581446660678484e+05
5.195528868928055745e+05
5.183254705789450090e+05
5.171537026681187563e+05
5.160139259804598987e+05
5.148833285767212510e+05
5.137409080350365257e+05
5.125674113254227559e+05
5.113450805842716363e+05
5.100581203375990153e+05
5.086943932056215708e+05
5.072481320327760768e+05
5.057227778824758716e+05
5.041327551511854981e+05
5.025032276400238043e+05
5.008675275500499411e+05
4.992627018041948322e+05
4.977241447074064054e+05
4.962804061355570448e+05
4.949490326946719433e+05
4.937339296924540540e+05
4.926244433101837640e+05
4.915962396636083140e+05
4.906140177530244109e+05
4.896359730714965845e+05
4.886196225596705335e+05
4.875281574441244011e+05
4.863360996683203848e+05
4.850329327613511123e+05
4.836237036967401509e+05
4.821263206911697634e+05
4.805661991303958930e+05
4.789697238301238394e+05
4.773583947703039739e+05
4.757453183192923316e+05
4.741349143592651817e+05
4.725255772941443138e+05
4.709139649756019353e+05
4.692990171114126570e+05
4.676839747739580343e+05
4.660755312591386028e+05
4.644804341588075040e+05
4.629008730332857231e+05
4.613304120911037317e+05
4.597519381224394892e+05
4.581383002117891447e+05
4.564554292921316810e+05
4.546671202751272940e+05
4.527404915221176343e+05
4.506512950575963478e+05
4.483884822796494700e+05
4.459575318271490978e+05
4.433820044987358269e+05
4.407027699568957323e+05
4.379745573111081612e+05
4.352599944706258248e+05
4.326219869083852973e+05
4.301158601340794703e+05
4.277828723497123574e+05
4.256463781396991690e+05
4.237112006851161132e+05
4.219659258697379846e+05
4.203871732484741951e+05
4.189446272582371021e+05
4.176057548053158098e+05
4.163395622535721632e+05
4.151192419976468664e+05
4.139239193102758727e+05
4.127398081342413789e+05
4.115609162314278074e+05
4.103891253527583322e+05
4.092332119106766768e+05
4.081063682275931351e+05
4.070221328408052796e+05
4.059892636434040614e+05
4.050067366763729369e+05
4.040603932994778152e+05
4.031225393895207671e+05
4.021550044964149129e+05
4.011150582105356734e+05
3.999625989702818333e+05
3.986665986709669232e+05
3.972090974756792421e+05
3.955859640892388416e+05
3.938047743979268125e+05
3.918810538140508579e+05
3.898344557670569629e+05
3.876861545520293876e+05
3.854580084002381191e+05
3.831732201639742707e+05
3.808575936722725746e+05
3.785402437324113562e+05
3.762528136772280559e+05
3.740268079593997099e+05
3.718893854716826463e+05
3.698586461652863072e+05
3.679398306560405181e+05
3.661237603107795003e+05
3.643882546405431931e+05
3.627023603156058234e+05
3.610323527089038398e+05
3.593479759269849746e+05
3.576274579771857825e+05
3.558604029765289160e+05
3.540484334784772363e+05
3.522040836809424218e+05
3.503486986313270172e+05
3.485099646219982533e+05
3.467193592635092791e+05
3.450095051332280273e+05
3.434113015957497410e+05
3.419508148039356456e+05
3.406461270085412543e+05
3.395045481372768409e+05
3.385206814631588059e+05
3.376757874627441051e+05
3.369387318849099101e+05
3.362685748344812309e+05
3.356185905393979629e+05
3.349412377660379279e+05
3.341933823980591842e+05
3.333409762741439044e+05
3.323624750005939859e+05
3.312505320152012864e+05
3.300118641423594090e+05
3.286655259773258003e+05
3.272400486108248588e+05
3.257699497758098296e+05
3.242920450936218258e+05
3.228418685925982427e+05
3.214504204830149538e+05
3.201414258801409160e+05
3.189292825443297625e+05
3.178178535669359844e+05
3.168001987456672359e+05
3.158592507409762475e+05
3.149693667247641715e+05
3.140986526753888465e+05
3.132119630192428594e+05
3.122744860725550097e+05
3.112557841549908044e+05
3.101340299341310747e+05
3.088999733413926442e+05
3.075599478060913971e+05
3.061370888793530758e+05
3.046700116954842233e+05
3.032085498583570006e+05
3.018067715703955619e+05
3.005142141903389129e+05
2.993668878920754651e+05
2.983798673551485990e+05
2.975430922937281430e+05
2.968213675977053936e+05
2.961586750760625582e+05
2.954860370539470459e+05
2.947315342316232855e+05
2.938307971142798779e+05
2.927363565211315872e+05
2.914245580653590150e+05
2.898991940442327177e+05
2.881914851201529964e+05
2.863565000895308913e+05
2.844665141728878370e+05
2.826021599898548448e+05
2.808424941728656995e+05
2.792552494065226056e+05
2.778885347262290306e+05
2.767650752730103559e+05
2.758797616181900376e+05
2.752008447214236949e+05
2.746746167547790683e+05
2.742329244873693679e+05
2.738024474700640421e+05
2.733144189908651169e+05
2.727134364361345069e+05
2.719642136950714048e+05
2.710555187978820177e+05
2.700010050321238232e+05
2.688370572589194053e+05
2.676180498003881657e+05
2.664095388226952055e+05
2.652799589053296950e+05
2.642914628596056136e+05
2.634907061829855666e+05
2.629006171915349551e+05
2.625143990039561177e+05
2.622930163894155994e+05
2.621670951727539650e+05
2.620434810303123086e+05
2.618157927011013089e+05
2.613774057160140364e+05
2.606346937234492798e+05
2.595182397909241554e+05
2.579901633358929248e+05
2.560465744319943769e+05
2.537152269853409089e+05
2.510494148631656426e+05
2.481198017469682964e+05
2.450060574039003695e+05
2.417898747310511535e+05
2.385502667747719679e+05
2.353611893913656531e+05
2.322907548718694015e+05
2.294008373991298722e+05
2.267458800496944168e+05
2.243701998055624135e+05
2.223038804287840321e+05
2.205581440463814652e+05
2.191215876545941283e+05
2.179586662891385204e+05
2.170113121020467661e+05
2.162038077468127594e+05
2.154502884436530003e+05
2.146637859473613207e+05
2.137656446380520938e+05
2.126943448220756836e+05
2.114130531460785132e+05
2.099153793087171798e+05
2.082287610289560980e+05
2.064147030181843147e+05
2.045649795358301490e+05
2.027931339379111305e+05
2.012213336891643121e+05
1.999638056274330011e+05
1.991093613348307554e+05
1.987064250130675500e+05
1.987540157351066300e+05
1.992010904969339317e+05
1.999547180497287482e+05
2.008953128675297485e+05
2.018953760945877875e+05
2.028374836635601241e+05
2.036278374460303166e+05
2.042032696088008233e+05
2.045315349695225304e+05
2.046063568175168475e+05
2.044395504918397055e+05
2.040525477502186550e+05
2.034690230603349046e+05
2.027094735067567090e+05
2.017878766629385354e+05
2.007101281208808068e+05
1.994738440570898238e+05
1.980691920162957394e+05
1.964805471062606375e+05
1.946888585215559870e+05
1.926746059307907708e+05
1.904211296592152212e+05
1.879179731881897023e+05
1.851637479936091113e+05
1.821679956737836183e+05
1.789516387755192118e+05
1.755458857569737884e+05
1.719898211764948210e+05
1.683272443902920641e+05
1.646034834011741332e+05
1.608628248184500262e+05
1.571468895501744410e+05
1.534938755313873407e+05
1.499382647758104722e+05
1.465105005406631681e+05
1.432363198870764463e+05
1.401357800895472174e+05
1.372223541789512092e+05
1.345026036393872346e+05
1.319767793036894291e+05
1.296403225180807931e+05
1.274858300518139295e+05
1.255048269618228223e+05
1.236887891664372582e+05
1.220292337946590269e+05
1.205171604042059334e+05
1.191424360705333092e+05
1.178937065775588562e+05
1.167590900676345336e+05
1.157274448639255570e+05
1.147896508010503894e+05
1.139392905502382055e+05
1.131723857802440325e+05
1.124862816344636667e+05
1.118781480564357189e+05
1.113436924284275883e+05
1.108765134993522370e+05
1.104681835602134670e+05
1.101088145648066275e+05
1.097877053938726458e+05
1.094937357727040508e+05
1.092154033905765536e+05
1.089406613586347812e+05
1.086568736500389787e+05
1.083511971508479182e+05
1.080115309136444121e+05
1.076279213376660919e+05
1.071940806219084770e+05
1.067085582196695323e+05
1.061751501835359522e+05
1.056023265159456350e+05
1.050017322529131925e+05
1.043860751655427302e+05
1.037668649099039176e+05
1.031524763041534170e+05
1.025468937151689606e+05
1.019493155457391404e+05
1.013546226301030692e+05
1.007545794616831408e+05
1.001395452977827372e+05
9.950040939622058067e+04
9.883042662925079640e+04
9.812663363504917652e+04
9.739059710174189240e+04
9.662839066567370901e+04
9.584988123165030265e+04
9.506756186636428174e+04
9.429522963199351216e+04
9.354674697983072838e+04
9.283498137164836226e+04
9.217087428405707760e+04
9.156253523411421338e+04
9.101432882287923712e+04
9.052608800026446988e+04
9.009274756200105185e+04
8.970473659458039037e+04
8.934933053973020287e+04
8.901286270615307149e+04
8.868333987216727110e+04
8.835275282450384111e+04
8.801835525238621631e+04
8.768245236865377228e+04
8.735072460352350026e+04
8.702964170222307439e+04
8.672389151939538715e+04
8.643479613236524165e+04
8.616037286419807060e+04
8.589711718073074007e+04
8.564294251099409303e+04
8.540024131828847749e+04
8.517790257245335670e+04
8.499137676017355989e+04
8.486042512303362309e+04
8.480483380419753667e+04
8.483890929588122526e+04
8.496585758117394289e+04
8.517315570093861606e+04
8.542982419355177262e+04
8.568622080958021979e+04
8.587668995748786256e+04
8.592512944157594757e+04
8.575321491114512901e+04
8.529058341005799593e+04
8.448572794267981953e+04
8.331583067693494377e+04
8.179350009560065519e+04
7.996860869007691508e+04
7.792424253906814556e+04
7.576703050941383117e+04
7.361346250038692961e+04
7.157479229205446609e+04
6.974341145068999322e+04
6.818308738780494605e+04
6.692438059353917197e+04
6.596528916756082617e+04
6.527613109651948616e+04
6.480713653867693210e+04
6.449721872670755693e+04
6.428274954943500779e+04
6.410561751982347778e+04
6.392017026932224690e+04
6.369876021193646011e+04
6.343559316508913616e+04
6.314858546052889869e+04
6.287910791349054489e+04
6.268986862999743607e+04
6.266164926130641834e+04
6.288993650668805640e+04
6.348243469425691001e+04
6.455785030788916629e+04
6.624524476041988237e+04
6.868194683286431246e+04
7.200701446862118610e+04
7.634714824115950614e+04
8.179327336831761932e+04
8.836882096519751940e+04
9.599454829824899207e+04
1.044584095117570832e+05
1.134010154015605222e+05
1.223262483799142356e+05
1.306420647205607675e+05
1.377291245026185352e+05
1.430266317529481894e+05
1.461183635328825039e+05
1.467997725295737910e+05
1.451104207334662788e+05
1.413241107568658772e+05
1.358994743834004621e+05
1.294031809531698382e+05
1.224234902366627939e+05
1.154922084293670341e+05
1.090286829632981244e+05
1.033122506261250237e+05
9.848208128771888732e+04
9.455778759903862374e+04
9.147159677681869653e+04
8.910321558027675201e+04
8.731081964462601172e+04
8.595461520226825087e+04
8.491210543157151551e+04
8.408597222919255728e+04
8.340627847415466385e+04
8.282875871674796508e+04
8.233066241303639254e+04
8.190524653974323883e+04
8.155574546445447777e+04
8.128950166380073642e+04
8.111286556127389485e+04
8.102738881260660128e+04
8.102768581688066479e+04
8.110110599396962789e+04
8.122906920581198938e+04
8.138962672067723179e+04
8.156059565616663895e+04
8.172254501786410401e+04
8.186102162162325112e+04
8.196767342800783808e+04
8.204027455690920760e+04
8.208196094058349263e+04
8.210013694303050579e+04
8.210545962962451449e+04
8.211108637449757953e+04
8.213209838826129271e+04
8.218482750458848022e+04
8.228581135560487746e+04
8.245028396400650672e+04
8.269038083100435324e+04
8.301346001004097343e+04
8.342100017290477990e+04
8.390840239005010517e+04
8.446575604989797284e+04
8.507934863909640990e+04
8.573351733266084921e+04
8.641241651111142710e+04
8.710139682547263510e+04
8.778789136560595944e+04
8.846189808887850086e+04
8.911626735698213452e+04
8.974701864395171287e+04
9.035382966375089018e+04
9.094070151148459991e+04
9.151665581526780443e+04
9.209621408697031438e+04
9.269938123211376660e+04
9.335091696647883509e+04
9.407881616622861475e+04
9.491209545798484760e+04
9.587815356820833404e+04
9.700009974494548806e+04
9.829450849385323818e+04
9.977005608891860174e+04
1.014274240385142621e+05
1.032607077035605325e+05
1.052603294925407099e+05
1.074171248963688704e+05
1.097268870023037889e+05
1.121943162641585222e+05
1.148351584508381347e+05
1.176754437194250349e+05
1.207472128240152088e+05
1.240808756041498564e+05
1.276952335497666063e+05
1.315869956390272419e+05
1.357221101445305685e+05
1.400312640194780251e+05
1.444113899408906582e+05
1.487339930827518110e+05
1.528596999007963459e+05
1.566568925505513034e+05
1.600209827607452171e+05
1.628902008966034336e+05
1.652540623333507101e+05
1.671520423975752201e+05
1.686622340503753803e+05
1.698823312483988702e+05
1.709074172335476323e+05
1.718100195294469595e+05
1.726273178299831052e+05
1.733583627978603472e+05
1.739713046138115460e+05
1.744178713282966055e+05
1.746505733941808285e+05
1.746378584379810200e+05
1.743736513805029972e+05
1.738798292338757892e+05
1.732023832937552652e+05
1.724035839103513863e+05
1.715530001952374587e+05
1.707197832944512193e+05
1.699675685511957854e+05
1.693521796490376582e+05
1.689214329372268403e+05
1.687159454067283077e+05
1.687699319086235773e+05
1.691113716367833258e+05
1.697614087745221623e+05
1.707332322191268904e+05
1.720308407453221735e+05
1.736480333425588324e+05
1.755677558108117082e+05
1.777617276834856020e+05
1.801902085476379725e+05
1.828019097739855351e+05
1.855343693911005103e+05
1.883154215130544035e+05
1.910664904812534514e+05
1.937081582172446069e+05
1.961677810987282137e+05
1.983880612108138157e+05
2.003347485708945605e+05
2.020014207023103663e+05
2.034097513063603546e+05
2.046047652706298395e+05
2.056459387212088914e+05
2.065961605225559906e+05
2.075111126461671956e+05
2.084313794287377386e+05
2.093786918838996789e+05
2.103565143087364268e+05
2.113541103604594537e+05
2.123525968696077471e+05
2.133314040465108410e+05
2.142738975647578482e+05
2.151714462352150294e+05
2.160257016097248415e+05
2.168491490710195794e+05
2.176640800205792475e+05
2.185001139163407206e+05
2.193904011007624213e+05
2.203667642803156341e+05
2.214543029663657653e+05
2.226663043776201084e+05
2.240005201071565389e+05
2.254378238830117334e+05
2.269438843302231980e+05
2.284738219508330512e+05
2.299790559053788893e+05
2.314149356483158481e+05
2.327475153379856201e+05
2.339580612985215266e+05
2.350445137540065916e+05
2.360199421158178011e+05
2.369087690236743947e+05
2.377419669300063106e+05
2.385524497137362196e+05
2.393715374480830214e+05
2.402268312160257192e+05
2.411413119693114713e+05
2.421331551486962708e+05
2.432157167481183424e+05
2.443973616831722902e+05
2.456811389889217680e+05
2.470645903652766428e+05
2.485400748036526202e+05
2.500958607705239556e+05
2.517179443698117684e+05
2.533922370765760716e+05
2.551065787541400932e+05
2.568520606372560433e+05
2.586233813271257968e+05
2.604183079497570870e+05
2.622366294383504428e+05
2.640791390121222357e+05
2.659471039408685174e+05
2.678423981819990440e+05
2.697680943441381678e+05
2.717289875394080882e+05
2.737313989548585960e+05
2.757817628746988485e+05
2.778839181223465130e+05
2.800355778078153962e+05
2.822249429138057749e+05
2.844286554818043369e+05
2.866121301397139323e+05
2.887327630230088253e+05
2.907457398495118832e+05
2.926113925279789837e+05
2.943025434300875058e+05
2.958102067308971891e+05
2.971464168511949829e+05
2.983436890671282890e+05
2.994514323023866746e+05
3.005302545833520708e+05
3.016453451957796933e+05
3.028599685471534613e+05
3.042297128744802903e+05
3.057977363573022885e+05
3.075910403819363564e+05
3.096178347707907669e+05
3.118662449174827198e+05
3.143047569612740190e+05
3.168847396560037741e+05
3.195450765340278158e+05
3.222184892250217381e+05
3.248387160513190320e+05
3.273474940237918054e+05
3.297003405359272147e+05
3.318703896352526499e+05
3.338498877149397158e+05
3.356492889979457250e+05
3.372941705254277913e+05
3.388204250962464139e+05
3.402684108399969991e+05
3.416769167163667735e+05
3.430778738526760135e+05
3.444926293272430776e+05
3.459302881972714094e+05
3.473881997423568973e+05
3.488542558405363234e+05
3.503104105904815951e+05
3.517367646217060392e+05
3.531156301838387153e+05
3.544351014336915687e+05
3.556917268006161903e+05
3.568919244234056096e+05
3.580518657469050377e+05
3.591957374749578303e+05
3.603525695714948233e+05
3.615521027306196047e+05
3.628203582234108471e+05
3.641756119788601063e+05
3.656253865187034244e+05
3.671649229735158151e+05
3.687774193285790971e+05
3.704361006201647106e+05
3.721078811373669305e+05
3.737580051629624213e+05
3.753547359055118868e+05
3.768730911864695372e+05
3.782969272095531924e+05
3.796192891586385667e+05
3.808416096763163805e+05
3.819726874904092983e+05
3.830281902004732983e+05
3.840307658801061334e+05
3.850100837962732185e+05
3.860017276129994425e+05
3.870441327231960022e+05
3.881736178499564412e+05
3.894185788952377043e+05
3.907945376718736952e+05
3.923016114326863317e+05
3.939251337369746179e+05
3.956390289045096142e+05
3.974106679085852229e+05
3.992056865582314786e+05
4.009916439764091047e+05
4.027401366693752352e+05
4.044276483021679451e+05
4.060357282194767031e+05
4.075510295457865577e+05
4.089654818556465907e+05
4.102766455988655798e+05
4.114882043076593545e+05
4.126105482766238274e+05
4.136613639760994702e+05
4.146659914155012229e+05
4.156571025745920488e+05
4.166731503742728382e+05
4.177551976603060612e+05
4.189421907568323077e+05
4.202653464027349255e+05
4.217428102173900697e+05
4.233758753127328237e+05
4.251477341018109000e+05
4.270250964737540926e+05
4.289623081871896866e+05
4.309071077157057589e+05
4.328069940172114293e+05
4.346152880761226406e+05
4.362961949799341382e+05
4.378283689383922610e+05
4.392066243018700625e+05
4.404416023499644361e+05
4.415574866221951088e+05
4.425882477075947099e+05
4.435732468950668699e+05
4.445531373880091123e+05
4.455667574820157024e+05
4.466491846317788586e+05
4.478305585338149103e+05
4.491349753919725190e+05
4.505788718016397906e+05
4.521687986364121898e+05
4.538990799416392110e+05
4.557502486316516879e+05
4.576891485248616664e+05
4.596711970729263267e+05
4.616447070992275258e+05
4.635566281165261171e+05
4.653587754577073501e+05
4.670136056488611503e+05
4.684987758280875278e+05
4.698099594201549771e+05
4.709615971345694852e+05
4.719854457043729490e+05
4.729270013610774768e+05
4.738401559402000858e+05
4.747807572508919984e+05
4.757999962882022955e+05
4.769386272364152246e+05
4.782228882476282306e+05
4.796626578586772084e+05
4.812519452567977132e+05
4.829713876750246272e+05
4.847921116075551836e+05
4.866801599616548629e+05
4.886007021093594376e+05
4.905213998124707141e+05
4.924145511595704011e+05
4.942579238388277008e+05
4.960344688233855413e+05
4.977313314520615386e+05
4.993387071555242292e+05
5.008490868138425285e+05
5.022572834469958907e+05
5.035613484464591020e+05
5.047641447695508250e+05
5.058750591775943176e+05
5.069112172265931731e+05
5.078976705240557203e+05
5.088663226805342711e+05
5.098537300834144116e+05
5.108982017088193679e+05
5.120367109043602250e+05
5.133020014843507670e+05
5.147200149830700248e+05
5.163075511225363589e+05
5.180700476821348420e+05
5.199995685861833044e+05
5.220734115661903052e+05
5.242539792467262596e+05
5.264905077410313534e+05
5.287228662809343077e+05
5.308870751531870337e+05
5.329217059302801499e+05
5.347741623191703111e+05
5.364060446419209475e+05
5.377972087669485481e+05
5.389484588996486273e+05
5.398828516763332300e+05
5.406453439950703178e+05
5.413002259233646328e+05
5.419257691126680002e+05
5.426059961949208518e+05
5.434203685553200776e+05
5.444331499994262122e+05
5.456847592600802891e+05
5.471872166862535523e+05
5.489247765622626757e+05
5.508593450614619069e+05
5.529388912656399189e+05
5.551063334106872790e+05
5.573066161499210866e+05
5.594907537534920266e+05
5.616169959538487019e+05
5.636503478693352081e+05
5.655619975396250375e+05
5.673297283504684456e+05
5.689394736692861188e+05
5.703873462469211081e+05
5.716811599605692318e+05
5.728407266283575445e+05
5.738967788826666074e+05
5.748888254149591085e+05
5.758623149998363806e+05
5.768652162362545496e+05
5.779438287632670254e+05
5.791376849480004748e+05
5.804739061383185908e+05
5.819621214975477196e+05
5.835915763921805192e+05
5.853319256493949797e+05
5.871383134394506924e+05
5.889599890148213599e+05
5.907504709468265064e+05
5.924766965196883539e+05
5.941249083663678030e+05
5.957020523554407991e+05
5.972327178984669736e+05
5.987526569750200724e+05
6.003004116246997146e+05
6.019086079481272027e+05
6.035962778638154268e+05
6.053633719912210945e+05
6.071884756556856446e+05
6.090304972801299300e+05
6.108345790661670035e+05
6.125416345288256416e+05
6.140999321806017542e+05
6.154763835601217579e+05
6.166650134977629641e+05
6.176906374888251303e+05
6.186068858146071434e+05
6.194890026801895583e+05
6.204228813253419939e+05
6.214923158289198764e+05
6.227664695516321808e+05
6.242892928254342405e+05
6.260723028119829250e+05
6.280918485029420117e+05
6.302916074933873024e+05
6.325904001344852149e+05
6.348943860259364592e+05
6.371115304389285157e+05
6.391653563169620465e+05
6.410049383906673174e+05
6.426090961027379381e+05
6.439845676426514983e+05
6.451599050736404024e+05
6.461780574490077561e+05
6.470905038711766247e+05
6.479543673190016998e+05
6.488318513049393659e+05
6.497896361880810000e+05
6.508954585166370962e+05
6.522102850296626566e+05
6.537768114767835941e+05
6.556074101968045579e+05
6.576759642577809282e+05
6.599175397731665289e+05
6.622376129788529361e+05
6.645293968537255423e+05
6.666949337565618334e+05
6.686641676400221186e+05
6.704067498556475621e+05
6.719336502355433768e+05
6.732888502108365064e+05
6.745343078666152433e+05
6.757330214811024489e+05
6.769349595318955835e+05
6.781691209366167895e+05
6.794427671559344744e+05
6.807467673045822885e+05
6.820646198558614124e+05
6.833822523444964318e+05
6.846959953877601074e+05
6.860168746927045286e+05
6.873703124738296028e+05
6.887913511879961006e+05
6.903165365984399104e+05
6.919744860813448904e+05
6.937776680209222250e+05
6.957177509041436715e+05
6.977659327556103235e+05
6.998781407615115168e+05
7.020034217855363386e+05
7.040928639402575791e+05
7.061064347047193442e+05
7.080161825265072985e+05
7.098058400358398212e+05
7.114682495588192251e+05
7.130025847224764293e+05
7.144128784412986133e+05
7.157082214761616196e+05
7.169038308342803502e+05
7.180216323820373509e+05
7.190893155283414526e+05
7.201377647740967805e+05
7.211977760921771405e+05
7.222974376488367561e+05
7.234612189178653061e+05
7.247108466877741739e+05
7.260669723163148155e+05
7.275500353459662292e+05
7.291789499162249267e+05
7.309672233953797258e+05
7.329174325167959323e+05
7.350160344682320720e+05
7.372307813705762383e+05
7.395123541139077861e+05
7.418004508293725085e+05
7.440329888378826436e+05
7.461559423844956327e+05
7.481311123456787318e+05
7.499399015885713743e+05
7.515826128173387842e+05
7.530742716789420228e+05
7.544388897350999760e+05
7.557041038705161773e+05
7.568973885766466847e+05
7.580440150728987064e+05
7.591661821752758697e+05
7.602825969158000080e+05
7.614081814640825614e+05
7.625541539823726052e+05
