6.823705877862140769e+05
6.806164242754586739e+05
6.787837215851028450e+05
6.768909732176774414e+05
6.749620125109929359e+05
6.730255542332136538e+05
6.711146355733865639e+05
6.692655056752518285e+05
6.675153065590300830e+05
6.658980529191790847e+05
6.644390272830812028e+05
6.631485724980629748e+05
6.620169994760232512e+05
6.610125317445155233e+05
6.600836647211184027e+05
6.591661243363692192e+05
6.581931610026403796e+05
6.571067520783633227e+05
6.558668762785426807e+05
6.544565612232337007e+05
6.528817181422461290e+05
6.511663838073629886e+05
6.493452896430173423e+05
6.474562047038428718e+05
6.455341160356057808e+05
6.436082616556819994e+05
6.417018203764007194e+05
6.398332066628090106e+05
6.380177094432360027e+05
6.362685980839258991e+05
6.345974603578769602e+05
6.330140229922812432e+05
6.315257814835257595e+05
6.301374743449580856e+05
6.288500764012325089e+05
6.276589178964874009e+05
6.265509472996715922e+05
6.255019116171954665e+05
6.244749147036381764e+05
6.234219535802908940e+05
6.222893627649309346e+05
6.210267561849007616e+05
6.195975641553465975e+05
6.179882850608630106e+05
6.162135937343933620e+05
6.143155292794404086e+05
6.123567198450688738e+05
6.104093186414352385e+05
6.085424008615853963e+05
6.068106988729637815e+05
6.052468338590804487e+05
6.038580326475449838e+05
6.026271659217223059e+05
6.015171404938851483e+05
6.004773320559622953e+05
5.994507796496204101e+05
5.983811237199400784e+05
5.972186122734930832e+05
5.959248258412878495e+05
5.944760184939259198e+05
5.928650990786117036e+05
5.911022780389172258e+05
5.892143288442476187e+05
5.872423570662658894e+05
5.852380345113562653e+05
5.832584755399713758e+05
5.813602410456694197e+05
5.795932132970126113e+05
5.779951627165292157e+05
5.765876868066769093e+05
5.753739149737213738e+05
5.743380748757662950e+05
5.734468151608941844e+05
5.726521000192990759e+05
5.718954734660550021e+05
5.711134467506464571e+05
5.702436362743864302e+05
5.692310868718898855e+05
5.680340339119532146e+05
5.666282910148621304e+05
5.650095806400801521e+05
5.631934703479743330e+05
5.612130651254799450e+05
5.591150777740727644e+05
5.569551644864338450e+05
5.547933396160599077e+05
5.526898881963042077e+05
5.507016678532216465e+05
5.488783267389829271e+05
5.472580050821228651e+05
5.458625781224225648e+05
5.446932232184396125e+05
5.437276681673632702e+05
5.429205382306396496e+05
5.422076239912584424e+05
5.415138122871741652e+05
5.407632756436809432e+05
5.398897729416429065e+05
5.388448808274394833e+05
5.376026542124045081e+05
5.361603128313892521e+05
5.345356237659164472e+05
5.327623014977388084e+05
5.308848000308034243e+05
5.289534255322794197e+05
5.270200576395321405e+05
5.251342805101866834e+05
5.233396094431781676e+05
5.216697497035589186e+05
5.201452366662001004e+05
5.187711055926628760e+05
5.175362359886832419e+05
5.164147024214633857e+05
5.153690016403509071e+05
5.143546344241108745e+05
5.133253463204643340e+05
5.122383749655619613e+05
5.110591941169763450e+05
5.097653483995939605e+05
5.083489852628673543e+05
5.068176790455111186e+05
5.051932378175802878e+05
5.035084745753125171e+05
5.018023698255479103e+05
5.001144840794068296e+05
4.984796908198926249e+05
4.969241760319692548e+05
4.954632376589426422e+05
4.941009065713695600e+05
4.928310183129946236e+05
4.916392146864580573e+05
4.905054168096587528e+05
4.894064514013932203e+05
4.883185981211366598e+05
4.872198209563128767e+05
4.860914185827705660e+05
4.849188784684899729e+05
4.836918907383881160e+05
4.824037161111260648e+05
4.810502929965889780e+05
4.796295183124590549e+05
4.781410315656544408e+05
4.765866363695004256e+05
4.749712935237126076e+05
4.733044641468184418e+05
4.716014677388152923e+05
4.698844287691694335e+05
4.681823268875316135e+05
4.665296962748860242e+05
4.649637064842360560e+05
4.635197181105514755e+05
4.622258678936561919e+05
4.610976462201037793e+05
4.601336188489438500e+05
4.593133172503442038e+05
4.585979034359955695e+05
4.579336432213056833e+05
4.572576804198775208e+05
4.565052388000458595e+05
4.556172391064244439e+05
4.545473616851356346e+05
4.532677252831796650e+05
4.517725243268514168e+05
4.500791594410713878e+05
4.482266370104251546e+05
4.462713237465780112e+05
4.442804966431540088e+05
4.423244569694029051e+05
4.404681994396283408e+05
4.387636982001962606e+05
4.372437935009464272e+05
4.359184720725921215e+05
4.347740643374732463e+05
4.337755482983174152e+05
4.328717615379383205e+05
4.320029050005009631e+05
4.311093314794950420e+05
4.301403234946450684e+05
4.290614492006328655e+05
4.278591882454840816e+05
4.265418659485210665e+05
4.251365248332642950e+05
4.236821556661575451e+05
4.222205820485950680e+05
4.207870156253139721e+05
4.194025844236806151e+05
4.180707575376689201e+05
4.167785320205751923e+05
4.155017981624086970e+05
4.142129771997431526e+05
4.128883689472972183e+05
4.115129446269815089e+05
4.100814443827978102e+05
4.085960863474896760e+05
4.070623280352145084e+05
4.054844858386177802e+05
4.038625548114221892e+05
4.021906165912698489e+05
4.004563148383735679e+05
3.986404715503799380e+05
3.967161816071735811e+05
3.946474867377436021e+05
3.923885927471084287e+05
3.898851106199829374e+05
3.870786646328019560e+05
3.839153618004653254e+05
3.803572801031346316e+05
3.763947528377002454e+05
3.720563314741725917e+05
3.674133213518622215e+05
3.625768361050678650e+05
3.576871577212543343e+05
3.528972443100733799e+05
3.483538033946686774e+05
3.441799076093277545e+05
3.404625089132566936e+05
3.372466763334157877e+05
3.345365189083112055e+05
3.323012031726711430e+05
3.304836919054068276e+05
3.290099398257972207e+05
3.277970628531045513e+05
3.267600167681860621e+05
3.258171257015325245e+05
3.248950983925925102e+05
3.239339252084121690e+05
3.228914662684125360e+05
3.217469530643011676e+05
3.205023400343300891e+05
3.191806164036366972e+05
3.178207822759964038e+05
3.164700054767696420e+05
3.151742369069929700e+05
3.139690337424119352e+05
3.128723866498576244e+05
3.118809642903658678e+05
3.109704860593137564e+05
3.101000950629529543e+05
3.092198270645871526e+05
3.082797197320886771e+05
3.072388687392892316e+05
3.060728201934967656e+05
3.047780370822011027e+05
3.033727059426133055e+05
3.018937710487824515e+05
3.003907153629715904e+05
2.989171685111174011e+05
2.975218248462612391e+05
2.962403158069927595e+05
2.950895451913873549e+05
2.940655633713216521e+05
2.931453930007990566e+05
2.922924466095957905e+05
2.914644474853120046e+05
2.906222304506353685e+05
2.897375813104372355e+05
2.887984426137905102e+05
2.878103619327320484e+05
2.867938872675588937e+05
2.857785365777156549e+05
2.847947545953150257e+05
2.838657158939135843e+05
2.830008315171056893e+05
2.821923922655991046e+05
2.814160717399722780e+05
2.806352019420994911e+05
2.798079902723429259e+05
2.788962818309503491e+05
2.778741511520768981e+05
2.767345785395079874e+05
2.754927620527733816e+05
2.741852331054736860e+05
2.728647969859100995e+05
2.715922260806214181e+05
2.704263503934207838e+05
2.694145044893512968e+05
2.685851131591328885e+05
2.679436051498537418e+05
2.674720372896820772e+05
2.671320269473860390e+05
2.668700101290454622e+05
2.666235511806175928e+05
2.663274351717888494e+05
2.659185438891933300e+05
2.653389988511095871e+05
2.645376603527304251e+05
2.634706487157766242e+05
2.621019024379156763e+05
2.604047318488383316e+05
2.583648184472155699e+05
2.559842987081747851e+05
2.532857773652574979e+05
2.503147017756046262e+05
2.471387264272801694e+05
2.438434761910081434e+05
2.405251860551440332e+05
2.372816254076199257e+05
2.342031397839651909e+05
2.313654242564750020e+05
2.288249236628237995e+05
2.266168784012186807e+05
2.247553735240863753e+05
2.232345377212769818e+05
2.220302835700809665e+05
2.211024808232056384e+05
2.203979142515960848e+05
2.198545440603275783e+05
2.194073570813073020e+05
2.189955507469068689e+05
2.185701497007262369e+05
2.181006846234893310e+05
2.175794749246731808e+05
2.170224256379679427e+05
2.164659845686152985e+05
2.159607866015290201e+05
2.155632634854775970e+05
2.153268911231191305e+05
2.152946815971875621e+05
2.154940608081751561e+05
2.159345870174023730e+05
2.166082895509621594e+05
2.174919278019244084e+05
2.185502768005162943e+05
2.197396183264878055e+05
2.210108636125580233e+05
2.223120381968136353e+05
2.235901194347149576e+05
2.247923673091166711e+05
2.258673100350083550e+05
2.267654666847656481e+05
2.274397810252111813e+05
2.278456934411704133e+05
2.279408562717818422e+05
2.276846989748171763e+05
2.270382858643633081e+05
2.259650405166705896e+05
2.244328151220222062e+05
2.224174297374070447e+05
2.199072899797364953e+05
2.169082003092061204e+05
2.134472235808897531e+05
2.095745164291589754e+05
2.053624804908326187e+05
2.009021704385055054e+05
1.962974858116180403e+05
1.916580618116478727e+05
1.870918753782388230e+05
1.826984264662351343e+05
1.785630599237197021e+05
1.747527050268319435e+05
1.713131285562897683e+05
1.682677421220924880e+05
1.656180177602378826e+05
1.633455562991602346e+05
1.614157493788118591e+05
1.597827654326270567e+05
1.583953251256331860e+05
1.572025080758175754e+05
1.561587480442946253e+05
1.552272875663322629e+05
1.543816688274135231e+05
1.536052592742233246e+05
1.528892245926323812e+05
1.522296415635993471e+05
1.516245087600729312e+05
1.510712647370350314e+05
1.505651430500200368e+05
1.500984062839783437e+05
1.496603161652931885e+05
1.492376546648486110e+05
1.488156695160063100e+05
1.483793825832990115e+05
1.479151861000878562e+05
1.474125401531584794e+05
1.468654368138591235e+05
1.462732208759618516e+05
1.456404430151223205e+05
1.449756768806750479e+05
1.442895692125115311e+05
1.435926662531641778e+05
1.428936416971592116e+05
1.421983963867317070e+05
1.415101713077370659e+05
1.408304534966070205e+05
1.401602082625979674e+05
1.395009298299642687e+05
1.388551604927786102e+05
1.382263974369200878e+05
1.376185636627460190e+05
1.370353640367712942e+05
1.364798387804353843e+05
1.359542907422446588e+05
1.354605705794107635e+05
1.350005366679128201e+05
1.345764246575582365e+05
1.341908879466596991e+05
1.338465883239368268e+05
1.335453784699879179e+05
1.332872626660384121e+05
1.330693909825919836e+05
1.328853033351693011e+05
1.327245052305587160e+05
1.325722885486135783e+05
1.324096024561467057e+05
1.322128168754800863e+05
1.319534290302275040e+05
1.315980727233575599e+05
1.311094440999896033e+05
1.304487754814022192e+05
1.295801575331494678e+05
1.284763657857414801e+05
1.271250956543151115e+05
1.255339607768355345e+05
1.237325488529173017e+05
1.217703824968633562e+05
1.197106865749542339e+05
1.176210897825104621e+05
1.155633634568973794e+05
1.135846714240909205e+05
1.117124261743497191e+05
1.099538365815687139e+05
1.082999219964697404e+05
1.067325754621286615e+05
1.052325423707264126e+05
1.037861225268737908e+05
1.023889682934470475e+05
1.010463201281467045e+05
9.977007681263564155e+04
9.857393170660773467e+04
9.746820526551097282e+04
9.645590152588914498e+04
9.553099654074128193e+04
9.467922529931744793e+04
9.388090888713853201e+04
9.311486131574760657e+04
9.236224985603566165e+04
9.160945280307982466e+04
9.084936457699582388e+04
9.008108781710930634e+04
8.930837655681789329e+04
8.853745053481240757e+04
8.777484993541799486e+04
8.702586470166611252e+04
8.629381766838426120e+04
8.558019049207112403e+04
8.488533860040870786e+04
8.420940924279941828e+04
8.355308409782737726e+04
8.291790200370248931e+04
8.230612707468299777e+04
8.172033854400740529e+04
8.116305701850731566e+04
8.063673605694311846e+04
8.014432352440147952e+04
7.969035862868335971e+04
7.928227498329395894e+04
7.893130655430025945e+04
7.865223181145066337e+04
7.846122863816175959e+04
7.837141141489210713e+04
7.838619177153758937e+04
7.849137158647300384e+04
7.864766717463986424e+04
7.878592230215854943e+04
7.880732165435547358e+04
7.859027442199958023e+04
7.800429534664814128e+04
7.692941315449193644e+04
7.527785578243793861e+04
7.301357257441949332e+04
7.016503647804792854e+04
6.682791453520675714e+04
6.315639092733685538e+04
5.934459380110241909e+04
5.560194825215409219e+04
5.212766183268235909e+04
4.908956890029730857e+04
4.661127209286756261e+04
4.476936648651513678e+04
4.360016372687523835e+04
4.311337080657984188e+04
4.330902407674823189e+04
4.419373639285969693e+04
4.579282499694715079e+04
4.815584949246532778e+04
5.135420358856042731e+04
5.547048059248046047e+04
6.058032990374606015e+04
6.672851460319165199e+04
7.390196491532509390e+04
8.200379596966416284e+04
9.083331993627431802e+04
1.000776130735189654e+05
1.093196625391726557e+05
1.180660902048354765e+05
1.257938941463285300e+05
1.320111201037385326e+05
1.363220183408780140e+05
1.384844926895112148e+05
1.384477219112786697e+05
1.363611774352557259e+05
1.325522474488116277e+05
1.274767033438628860e+05
1.216522587945619161e+05
1.155887138633072173e+05
1.097278192069282813e+05
1.044024089076095988e+05
9.981889015612167714e+04
9.606161612718710967e+04
9.311353599226962251e+04
9.088563020631477411e+04
8.924797036398865748e+04
8.805710960441031784e+04
8.717695846600286313e+04
8.649248835472579231e+04
8.591703862663339532e+04
8.539459730349398160e+04
8.489839585944813734e+04
8.442684714154494577e+04
8.399756379737216048e+04
8.364008508804562734e+04
8.338801927186027751e+04
8.327147245774581097e+04
8.331073895682097645e+04
8.351215537553348986e+04
8.386672365180552879e+04
8.435162513262071298e+04
8.493419151531174430e+04
8.557742237166530685e+04
8.624588550190129899e+04
8.691088257105133380e+04
8.755408378633159737e+04
8.816930801063808030e+04
8.876257263250024698e+04
8.935080708480479370e+04
8.995965199568298704e+04
9.062060689759025990e+04
9.136758539751831267e+04
9.223284496785118245e+04
9.324237104668244137e+04
9.441109019182139309e+04
9.573863565184557228e+04
9.720661256944746128e+04
9.877826300087448908e+04
1.004010668885759369e+05
1.020122119458216330e+05
1.035461961781142891e+05
1.049432929060080642e+05
1.061573653452479484e+05
1.071616260079069907e+05
1.079513511389795603e+05
1.085431630296451040e+05
1.089711373294861260e+05
1.092805484297222138e+05
1.095204432191040978e+05
1.097363846178572567e+05
1.099646195090417314e+05
1.102286179890008498e+05
1.105384471574132185e+05
1.108928589320928440e+05
1.112833943529712560e+05
1.116993626850360888e+05
1.121323620545992162e+05
1.125791461888714111e+05
1.130421073686233285e+05
1.135273397012981295e+05
1.140409841847242060e+05
1.145851137794563256e+05
1.151546020560872275e+05
1.157361484959508816e+05
1.163099733504136093e+05
1.168538538645392691e+05
1.173484380303793005e+05
1.177824029404224420e+05
1.181561553758873342e+05
1.184833482949477329e+05
1.187902801719275885e+05
1.191139387060230947e+05
1.194997696657496854e+05
1.200000735006521572e+05
1.206733418950641790e+05
1.215841012938375352e+05
1.228022531545250531e+05
1.244007448531585251e+05
1.264507532839746855e+05
1.290142988083412783e+05
1.321350694933579944e+05
1.358289280304038257e+05
1.400758775291730126e+05
1.448151075270615984e+05
1.499442120767761953e+05
1.553229527213743131e+05
1.607812358618078288e+05
1.661304398414068564e+05
1.711769247987832059e+05
1.757364619484196592e+05
1.796483472705703171e+05
1.827880304367244244e+05
1.850771459305979661e+05
1.864898978486104461e+05
1.870548985626097710e+05
1.868518863092553220e+05
1.860032967025864928e+05
1.846613956513528829e+05
1.829924532676050148e+05
1.811600466770165367e+05
1.793098334948486881e+05
1.775579324185156729e+05
1.759844058388089761e+05
1.746324073340808100e+05
1.735125571911103616e+05
1.726112733792031650e+05
1.719012860039139050e+05
1.713524656034901273e+05
1.709413474448506313e+05
1.706581967824946623e+05
1.705109718649487186e+05
1.705259824829948484e+05
1.707453711726371548e+05
1.712217911047616799e+05
1.720108750523981871e+05
1.731623183133730490e+05
1.747106253262334503e+05
1.766667483989412140e+05
1.790119166785757116e+05
1.816948563906259078e+05
1.846332918485942646e+05
1.877200641978436324e+05
1.908334338075632113e+05
1.938502517149731284e+05
1.966599058249421651e+05
1.991765377489821694e+05
2.013472107721369248e+05
2.031545459906196047e+05
2.046136504514506087e+05
2.057645498277506558e+05
2.066623526537783910e+05
2.073676752113532275e+05
2.079393688374757767e+05
2.084305298825895588e+05
2.088875494602576073e+05
2.093510136977038346e+05
2.098568905568537302e+05
2.104366939326844295e+05
2.111160279983691289e+05
2.119117766418613319e+05
2.128288974064158392e+05
2.138580895241547842e+05
2.149754689591122151e+05
2.161448847760407662e+05
2.173228292456324561e+05
2.184652295758683467e+05
2.195349239023180271e+05
2.205084094949357677e+05
2.213805276925347280e+05
2.221660875043549458e+05
2.228979681896991387e+05
2.236219010155632859e+05
2.243888110438743315e+05
2.252461766019065399e+05
2.262301996694274421e+05
2.273605558723156573e+05
2.286390517123964091e+05
2.300527034231096914e+05
2.315807231640925747e+05
2.332038962497416069e+05
2.349141226223841077e+05
2.367216854141856020e+05
2.386581842549626308e+05
2.407739632586514927e+05
2.431300731744773511e+05
2.457860614789090760e+05
2.487859113289494708e+05
2.521450359785613837e+05
2.558412497532306297e+05
2.598120406001783267e+05
2.639593187702090945e+05
2.681612791467755451e+05
2.722893834371196572e+05
2.762271355008085375e+05
2.798866931508557755e+05
2.832197074748190353e+05
2.862201116066678660e+05
2.889185728824124089e+05
2.913704003774530138e+05
2.936402313861587900e+05
2.957873523961062310e+05
2.978549391470317496e+05
2.998650970414771582e+05
3.018198634952933644e+05
3.037068448814537260e+05
3.055072829285592888e+05
3.072041935229115188e+05
3.087886674048170680e+05
3.102632061538198614e+05
3.116418186378763057e+05
3.129473288086699322e+05
3.142068481689327164e+05
3.154466195555287413e+05
3.166874504541901406e+05
3.179417421220749384e+05
3.192127167189493193e+05
3.204959098648779327e+05
3.217824342803658219e+05
3.230630684503780794e+05
3.243320176783015486e+05
3.255893153775671963e+05
3.268412640509649646e+05
3.280989315882951487e+05
3.293753159060413600e+05
3.306821625560758403e+05
3.320274382670484483e+05
3.334141348252052558e+05
3.348405404382863198e+05
3.363015811769000138e+05
3.377905006462170859e+05
3.393001194817487849e+05
3.408231828666746733e+05
3.423517443390199332e+05
3.438759761845584726e+05
3.453830811450085603e+05
3.468570114048174000e+05
3.482794736982991453e+05
3.496322951061564963e+05
3.509007780835343874e+05
3.520773258755301358e+05
3.531644686767434468e+05
3.541764959796098992e+05
3.551391661779385176e+05
3.560873466698772972e+05
3.570608525584922172e+05
3.580991218493479537e+05
3.592356217727308394e+05
3.604929697758706170e+05
3.618796455434351810e+05
3.633888823459748528e+05
3.649999199213922257e+05
3.666813678810801357e+05
3.683960538321296335e+05
3.701064710349680972e+05
3.717798285728847841e+05
3.733917701405963162e+05
3.749280945991323097e+05
3.763842828265174176e+05
3.777632317107155104e+05
3.790721349661910208e+05
3.803196975988511113e+05
3.815146622378844186e+05
3.826659922125745215e+05
3.837842586853462853e+05
3.848832011882466613e+05
3.859803747626080294e+05
3.870962989501416450e+05
3.882523137042543967e+05
3.894679899797895341e+05
3.907590874657632085e+05
3.921366367781530134e+05
3.936070100616126438e+05
3.951722601764603169e+05
3.968298966235353146e+05
3.985716887982441112e+05
4.003818030221082736e+05
4.022351936693132157e+05
4.040973556344429962e+05
4.059262172495249542e+05
4.076762792973967153e+05
4.093043964083524188e+05
4.107761279827745748e+05
4.120714751985898474e+05
4.131890125799244270e+05
4.141477650226828991e+05
4.149865341551234014e+05
4.157606809732029797e+05
4.165366394825206371e+05
4.173847028494286933e+05
4.183708864946929971e+05
4.195488758920903783e+05
4.209531336081527406e+05
4.225941235815259861e+05
4.244563263318229001e+05
4.264993361294482602e+05
4.286619341765995487e+05
4.308686796201943071e+05
4.330382743610636680e+05
4.350927409892281285e+05
4.369663191404084209e+05
4.386129700348086189e+05
4.400115222783123609e+05
4.411678036540599423e+05
4.421135381468045525e+05
4.429022532167230966e+05
4.436028401052935515e+05
4.442916745382384979e+05
4.450443212928054272e+05
4.459278297555841855e+05
4.469944934638029081e+05
4.482776937845556531e+05
4.497900813028828707e+05
4.515239197050536168e+05
4.534530434226375655e+05
4.555357104623005725e+05
4.577177619044486200e+05
4.599358917967427988e+05
4.621212962938878918e+05
4.642042440861320356e+05
4.661199896285849973e+05
4.678159201960352948e+05
4.692590864141166676e+05
4.704426412144865608e+05
4.713895031232259353e+05
4.721518969251547824e+05
4.728062205853391206e+05
4.734436935005467385e+05
4.741581674006887479e+05
4.750331050229696557e+05
4.761299476902168244e+05
4.774798973668086692e+05
4.790805840994481696e+05
4.808982532828098047e+05
4.828750942914747866e+05
4.849402997812532703e+05
4.870226107077284250e+05
4.890617069976595230e+05
4.910160305952196941e+05
4.928655052579541225e+05
4.946089633907749085e+05
4.962575317152498174e+05
4.978263112489386695e+05
4.993270420425801422e+05
5.007639334716537269e+05
5.021336381591589889e+05
5.034288825463440153e+05
5.046440701173431007e+05
5.057806650284435018e+05
5.068504856111129629e+05
5.078759975273105083e+05
5.088878616107986891e+05
5.099208799714882625e+05
5.110097751363535062e+05
5.121858989178085467e+05
5.134752472436805256e+05
5.148974433906639460e+05
5.164649833623103332e+05
5.181821471539848135e+05
5.200434530298771570e+05
5.220320848593699047e+05
5.241190597027852200e+05
5.262638665950637078e+05
5.284169424134584842e+05
5.305238546751964604e+05
5.325306581104578217e+05
5.343897055535289692e+05
5.360651973684170516e+05
5.375378230097735068e+05
5.388078766941649374e+05
5.398962225815884303e+05
5.408425681426345836e+05
5.417008285966266412e+05
5.425319763233261183e+05
5.433955268309083767e+05
5.443414218870720360e+05
5.454042149352164706e+05
5.466009743383516325e+05
5.479332809085923946e+05
5.493924373384738574e+05
5.509659806652453262e+05
5.526431889244690537e+05
5.544176753010568209e+05
5.562862476922108326e+05
5.582446000190342311e+05
5.602815933321169578e+05
5.623744458161457442e+05
5.644868819070868194e+05
5.665713052953631850e+05
5.685747359538752353e+05
5.704470709155809600e+05
5.721495844945489662e+05
5.736616303699545097e+05
5.749841306661752751e+05
5.761393402267666534e+05
5.771672330980167026e+05
5.781194526086867554e+05
5.790520344608353917e+05
5.800181162645360455e+05
5.810616920515095117e+05
5.822132331009943737e+05
5.834877014053905150e+05
5.848851250202698866e+05
5.863934936425596243e+05
5.879933159883024637e+05
5.896628435623541009e+05
5.913828056263879407e+05
5.931395912432110636e+05
5.949261740612286376e+05
5.967406461119357264e+05
5.985828748205797747e+05
6.004503410444863839e+05
6.023344799176895758e+05
6.042187272251641843e+05
6.060789889729333809e+05
6.078865429302983684e+05
6.096126697862154106e+05
6.112338214890888194e+05
6.127360135910609970e+05
6.141174029802762670e+05
6.153885805610865355e+05
6.165707745272915345e+05
6.176926968888100237e+05
6.187869934048176510e+05
6.198871124860740965e+05
6.210249822399094701e+05
6.222293915290402947e+05
6.235246566053268034e+05
6.249291738640452968e+05
6.264537862756977556e+05
6.281003237102699932e+05
6.298609390180864139e+05
6.317187558476938866e+05
6.336498763960783836e+05
6.356261929043596610e+05
6.376180452378242044e+05
6.395958413725466235e+05
6.415303503966660937e+05
6.433922426674157614e+05
6.451521460385853425e+05
6.467825805304769892e+05
6.482624418185809627e+05
6.495834232226070017e+05
6.507564313728001434e+05
6.518153144066930981e+05
6.528155473498096690e+05
6.538269386338780168e+05
6.549214738258308498e+05
6.561593104791298974e+05
6.575768925391469384e+05
6.591807142268135212e+05
6.609485275451744674e+05
6.628373735964652151e+05
6.647956241910484387e+05
6.667750615760688670e+05
6.687393046908073593e+05
6.706664517382038757e+05
6.725460139656870160e+05
6.743722239677752368e+05
6.761369090644521639e+05
6.778250131939824205e+05
6.794146811685244320e+05
6.808820889144354733e+05
6.822095357486939756e+05
6.833942235153061338e+05
6.844548925065598451e+05
6.854340470413913717e+05
6.863946562318443321e+05
6.874116259732159087e+05
6.885596631007354008e+05
6.899000947905746289e+05
6.914695493785776198e+05
6.932730473972372711e+05
6.952830473129133461e+05
6.974445719271465205e+05
6.996850908750490053e+05
7.019267785485544009e+05
7.040984200218336191e+05
7.061446678050175542e+05
7.080313429296934046e+05
7.097466201932140393e+05
7.112988338570620399e+05
7.127120601945038652e+05
7.140206035247957334e+05
7.152632460386994062e+05
7.164778626956058433e+05
7.176968801017192891e+05
7.189440383271379396e+05
7.202328627566914074e+05
7.215670545793961501e+05
7.229426590614587767e+05
7.243514824092546478e+05
7.257849569047690602e+05
7.272376052924582036e+05
7.287094289140531328e+05
7.302068482011356391e+05
7.317421389370389516e+05
7.333315504330960102e+05
7.349924445827635936e+05
7.367398860205567908e+05
7.385831752490894869e+05
7.405228514277286595e+05
7.425486718796218047e+05
7.446389697349562775e+05
7.467615961736838799e+05
7.488764073779212777e+05
7.509390216856814222e+05
7.529054036259608110e+05
7.547367449645923916e+05
7.564040855838644784e+05
7.578921144119397504e+05
7.592016053422956029e+05
7.603500140448305756e+05
7.613699525094178971e+05
7.623056023624989903e+05
7.632075747012455249e+05
