5.419091762501195772e+05
5.417590524935787544e+05
5.417415561083315406e+05
5.417735935619792435e+05
5.417740840922091156e+05
5.416661997307421407e+05
5.413789481101902202e+05
5.408496952266631415e+05
5.400286607671555830e+05
5.388851751938088564e+05
5.374141308606965467e+05
5.356402600895211799e+05
5.336180729923703475e+05
5.314264680492151529e+05
5.291587102092864225e+05
5.269099491355253849e+05
5.247651319630650105e+05
5.227898383332465892e+05
5.210254607214950956e+05
5.194887885137828416e+05
5.181749667301515583e+05
5.170623092663098359e+05
5.161175620703846798e+05
5.153007037947247736e+05
5.145689330467609107e+05
5.138798927349068108e+05
5.131943429967220291e+05
5.124784614507870283e+05
5.117058211681485409e+05
5.108589541011658730e+05
5.099302915547883022e+05
5.089222029072458390e+05
5.078458564484895323e+05
5.067187432554955012e+05
5.055609635680146748e+05
5.043907446952197351e+05
5.032200297421030118e+05
5.020511835373546346e+05
5.008757620209130691e+05
4.996758456500268076e+05
4.984277612588019692e+05
4.971073509627711610e+05
4.956955547080922988e+05
4.941831102402636898e+05
4.925735992484287708e+05
4.908846539230201743e+05
4.891475857182338368e+05
4.874058006923401845e+05
4.857121277970736264e+05
4.841248290138658485e+05
4.827019017158678616e+05
4.814935569427449955e+05
4.805334625066202716e+05
4.798302146372312563e+05
4.793611297410652624e+05
4.790704541069346014e+05
4.788733300893380656e+05
4.786655090805343934e+05
4.783373058261337574e+05
4.777891706569355447e+05
4.769458999201607658e+05
4.757669882973222411e+05
4.742516986432011472e+05
4.724386365119258408e+05
4.704005412037372007e+05
4.682354343294436112e+05
4.660552782479148009e+05
4.639731642795147491e+05
4.620900533165757079e+05
4.604823338724870700e+05
4.591918095166976564e+05
4.582198853369670687e+05
4.575274146429683897e+05
4.570407999837935204e+05
4.566636787411055411e+05
4.562922234245547443e+05
4.558311641086712480e+05
4.552074037965033785e+05
4.543786449430830544e+05
4.533356419641652610e+05
4.520982228496297030e+05
4.507066763572648633e+05
4.492110903267653193e+05
4.476614794176219148e+05
4.461009816948489170e+05
4.445631948463608278e+05
4.430732425727137015e+05
4.416509064597520628e+05
4.403135801116788643e+05
4.390771277193633141e+05
4.379538429779288708e+05
4.369481611842474667e+05
4.360519674192307866e+05
4.352417518163859495e+05
4.344793060947964550e+05
4.337163759734006599e+05
4.329022404780451907e+05
4.319921935679768794e+05
4.309547355902372510e+05
4.297759263369410764e+05
4.284604360221723327e+05
4.270298360760160722e+05
4.255191929499741527e+05
4.239729515713256551e+05
4.224406139964020113e+05
4.209721975530031486e+05
4.196132285193265998e+05
4.183992305166722508e+05
4.173501914678672329e+05
4.164660495238155127e+05
4.157245038101653336e+05
4.150822276447350159e+05
4.144798526091627427e+05
4.138501278533757431e+05
4.131277860851270379e+05
4.122591849356284947e+05
4.112098971441558679e+05
4.099690273594703758e+05
4.085498821455124998e+05
4.069873927458847756e+05
4.053331485124690807e+05
4.036489829092780710e+05
4.019998842067916412e+05
4.004467902525850222e+05
3.990397453521939460e+05
3.978119916794236633e+05
3.967757381924997317e+05
3.959204176311797928e+05
3.952140501587506733e+05
3.946078337868069648e+05
3.940433755143923336e+05
3.934612803184128716e+05
3.928093859435506165e+05
3.920489669931803364e+05
3.911577769013235229e+05
3.901297015592841781e+05
3.889717565453738789e+05
3.876998205777909025e+05
3.863346179094871623e+05
3.848990221932103159e+05
3.834169736387290177e+05
3.819135379591007368e+05
3.804152138690440333e+05
3.789496536820217152e+05
3.775443982273276197e+05
3.762247762978607789e+05
3.750114993482027203e+05
3.739185431010026950e+05
3.729516877628992661e+05
3.721077689199418528e+05
3.713744779411827330e+05
3.707305568416763563e+05
3.701464223393944558e+05
3.695854734636048670e+05
3.690064089468386956e+05
3.683667083616906311e+05
3.676270585256885970e+05
3.667560997857658076e+05
3.657346251157509396e+05
3.645584127005921328e+05
3.632391893358735833e+05
3.618036554484450608e+05
3.602908586018617498e+05
3.587483567172939074e+05
3.572275759810784948e+05
3.557786664212465985e+05
3.544451371562770219e+05
3.532586810959663708e+05
3.522348189855735982e+05
3.513701594995799824e+05
3.506420375985805877e+05
3.500109893084581709e+05
3.494259920147164958e+05
3.488317798341878806e+05
3.481770050107014249e+05
3.474217146404047380e+05
3.465426516333880136e+05
3.455352978815507377e+05
3.444122908303929726e+05
3.431986997143044719e+05
3.419254125583686400e+05
3.406223239979464561e+05
3.393129751700008055e+05
3.380117812289423309e+05
3.367241541476260172e+05
3.354489590188606526e+05
3.341821062700905604e+05
3.329198624153733836e+05
3.316606948837665259e+05
3.304050476432294818e+05
3.291531755407013698e+05
3.279018190618291264e+05
3.266408835703877849e+05
3.253512891801861115e+05
3.240047897531142808e+05
3.225659564112988301e+05
3.209959018058639485e+05
3.192569096009146306e+05
3.173170602602891740e+05
3.151541841073745163e+05
3.127588550208029337e+05
3.101364371369731380e+05
3.073082582253572182e+05
3.043118148903480615e+05
3.011996834617249551e+05
2.980367416394305183e+05
2.948955413981715683e+05
2.918501739634260302e+05
2.889695197875730228e+05
2.863111043219875428e+05
2.839166957047737087e+05
2.818102879946895991e+05
2.799984133749247994e+05
2.784721152642371599e+05
2.772096392166863079e+05
2.761790430594661739e+05
2.753403793978262111e+05
2.746476176697369665e+05
2.740507946551915957e+05
2.734988665631663171e+05
2.729434069372262456e+05
2.723428221561515238e+05
2.716663637272837805e+05
2.708970736944355303e+05
2.700329535062946379e+05
2.690860215736147948e+05
2.680793783789336449e+05
2.670427961352362763e+05
2.660076133170481189e+05
2.650018202473779093e+05
2.640461753889294341e+05
2.631519993994213874e+05
2.623209634784761001e+05
2.615467550906304386e+05
2.608180535179723229e+05
2.601219100929402339e+05
2.594465337170824641e+05
2.587826990226102935e+05
2.581234812983607117e+05
2.574626286849236931e+05
2.567923971966896788e+05
2.561019047370568733e+05
2.553769067088064621e+05
2.546013951962707797e+05
2.537607447950644419e+05
2.528455168244381784e+05
2.518547236443273723e+05
2.507974739152762922e+05
2.496924295929776854e+05
2.485652081905193627e+05
2.474444814321665035e+05
2.463578189919905271e+05
2.453282188447086082e+05
2.443718533997184713e+05
2.434970676136603288e+05
2.427043206843738735e+05
2.419866855161900166e+05
2.413306721483509173e+05
2.407173703369733703e+05
2.401240436077759950e+05
2.395262610014507372e+05
2.389004490768589603e+05
2.382265009168439428e+05
2.374899278600040998e+05
2.366830742081870849e+05
2.358051427498227858e+05
2.348611250751049956e+05
2.338600686539130111e+05
2.328133085918989091e+05
2.317332538075215707e+05
2.306330366023129900e+05
2.295269043207297509e+05
2.284308240916303184e+05
2.273625714580107015e+05
2.263406920058635587e+05
2.253821350023176346e+05
2.244988945121175202e+05
2.236944258379769162e+05
2.229607488745019364e+05
2.222769577211857832e+05
2.216094375938235899e+05
2.209136515349754773e+05
2.201370945182010764e+05
2.192230071559828939e+05
2.181146370430090756e+05
2.167600673143933236e+05
2.151177136946670071e+05
2.131624111158080050e+05
2.108915892950596754e+05
2.083305276665672718e+05
2.055353163386957312e+05
2.025921512836970214e+05
1.996120726368039905e+05
1.967211616303405899e+05
1.940473216769006394e+05
1.917057529604561569e+05
1.897857609864273400e+05
1.883414122974544298e+05
1.873877615240251762e+05
1.869031323002819263e+05
1.868365954457008629e+05
1.871187320087954577e+05
1.876732738824205881e+05
1.884273654558961571e+05
1.893188605511381174e+05
1.902999839802246133e+05
1.913375342224081687e+05
1.924103549382211349e+05
1.935049917996913427e+05
1.946103729643442202e+05
1.957121896157968731e+05
1.967875677476038400e+05
1.978006639682474488e+05
1.986999088137770304e+05
1.994176144256990228e+05
1.998724425545696868e+05
1.999747834283138800e+05
1.996345341263225710e+05
1.987702575182021828e+05
1.973183995215649484e+05
1.952412119365920662e+05
1.925322485076556040e+05
1.892186948023559817e+05
1.853602676593671204e+05
1.810449008295054664e+05
1.763818585548139527e+05
1.714932335731245694e+05
1.665049431096687913e+05
1.615383094393905194e+05
1.567031105515959498e+05
1.520926603471325943e+05
1.477811001347302808e+05
1.438227288967498171e+05
1.402529273726386309e+05
1.370900767079539364e+05
1.343378523822015559e+05
1.319873855287663173e+05
1.300190006390402559e+05
1.284035076165770733e+05
1.271032718502153730e+05
1.260734313190031826e+05
1.252636249284767255e+05
1.246204419112269825e+05
1.240905526393833279e+05
1.236242249019223091e+05
1.231787541950950108e+05
1.227212954081788048e+05
1.222306782328604895e+05
1.216979740577216726e+05
1.211257883492474793e+05
1.205264174877164478e+05
1.199191041786765563e+05
1.193266640351888345e+05
1.187717783805231447e+05
1.182732931240579783e+05
1.178429373927073175e+05
1.174829420095843670e+05
1.171850325053483102e+05
1.169311371204805182e+05
1.166958743911354686e+05
1.164505166468860989e+05
1.161677648710481444e+05
1.158264311941663909e+05
1.154150927707863739e+05
1.149339779331976897e+05
1.143947245581624302e+05
1.138181096602526959e+05
1.132302666184018162e+05
1.126581793430874968e+05
1.121253172641578421e+05
1.116481582317460852e+05
1.112340965057871072e+05
1.108809329881315498e+05
1.105778702441666101e+05
1.103077294274604792e+05
1.100499762357245199e+05
1.097840713860333199e+05
1.094926316791467543e+05
1.091639040824967378e+05
1.087931406459909340e+05
1.083826392545656709e+05
1.079404784193691594e+05
1.074782723338040378e+05
1.070085174483820447e+05
1.065422030982957513e+05
1.060872650035239058e+05
1.056481884456515836e+05
1.052267010028491932e+05
1.048231525141314632e+05
1.044379739521485026e+05
1.040726025719135650e+05
1.037294594944028358e+05
1.034109085877633624e+05
1.031175101958890154e+05
1.028461902573920815e+05
1.025890665206932754e+05
1.023335450565698411e+05
1.020639330107515125e+05
1.017643072425536811e+05
1.014219031379229418e+05
1.010300276272555930e+05
1.005895767828167882e+05
1.001086480097347085e+05
9.960034015091972833e+04
9.907940834589864244e+04
9.855877216122226673e+04
9.804685588260134682e+04
9.754640318436092639e+04
9.705490532517471001e+04
9.656630308212981618e+04
9.607331607620439900e+04
9.556967788446355553e+04
9.505168389026029035e+04
9.451871491467884334e+04
9.397270021534782427e+04
9.341676156765190535e+04
9.285348636914006784e+04
9.228337337439080875e+04
9.170395369767717784e+04
9.110991208071581786e+04
9.049425867505653878e+04
8.985030635685962625e+04
8.917398179840738885e+04
8.846590515700489050e+04
8.773272784463506832e+04
8.698738417797545844e+04
8.624812920110314735e+04
8.553644833072586334e+04
8.487410932051957934e+04
8.427978052001529431e+04
8.376575851547482307e+04
8.333541032340114180e+04
8.298189938082563458e+04
8.268859541816516139e+04
8.243126773915038211e+04
8.218178488356748130e+04
8.191268869828440074e+04
8.160178215026372345e+04
8.123583908287899976e+04
8.081272294982863241e+04
8.034154335614084266e+04
7.984089799805865914e+04
7.933564647718402557e+04
7.885295667800244701e+04
7.841849315916436899e+04
7.805354711972664518e+04
7.777363540742242185e+04
7.758865383849851787e+04
7.750413527054314909e+04
7.752266423464129912e+04
7.764420740468878648e+04
7.786420580429759866e+04
7.816884968963522988e+04
7.852798730025655823e+04
7.888737433769337076e+04
7.916303937209438300e+04
7.924093362727636122e+04
7.898437623462131887e+04
7.825003613882132049e+04
7.691067960366855550e+04
7.488041215952194761e+04
7.213656033231952460e+04
6.873237723815030768e+04
6.479660506741517020e+04
6.051912203441820020e+04
5.612545712433546578e+04
5.184573004755273723e+04
4.788470292790637177e+04
4.439885187757758831e+04
4.148408433959120157e+04
3.917480549602473911e+04
3.745243005643651122e+04
3.625983648917894607e+04
3.551789997882072203e+04
3.514090311152540380e+04
3.504882979440224881e+04
3.517579070604698063e+04
3.547475725313695148e+04
3.591927583834042889e+04
3.650297047053116694e+04
3.723758923388008407e+04
3.815026443152296270e+04
3.928060425815469353e+04
4.067817497171652212e+04
4.240075499182803469e+04
4.451333996127446881e+04
4.708723918377991504e+04
5.019787767458811868e+04
5.391941574278520420e+04
5.831440813576776418e+04
6.341774562028676883e+04
6.921606390490560443e+04
7.562625382751056168e+04
8.247884513651467569e+04
8.951287305229988124e+04
9.638760298380524910e+04
1.027130489376220939e+05
1.080962993938270229e+05
1.121957243970808195e+05
1.147719016713923484e+05
1.157238749591455417e+05
1.151024626108042867e+05
1.130979012193408416e+05
1.100053810541694838e+05
1.061770325416937412e+05
1.019712120447531197e+05
9.770909496977318486e+04
9.364527794503113546e+04
8.995468682945745240e+04
8.673406299078711891e+04
8.401371218678205332e+04
8.177440559410065180e+04
7.996502246756540262e+04
7.851803725627070526e+04
7.736155855946919473e+04
7.642782152188164764e+04
7.565864136999535549e+04
7.500845084790200053e+04
7.444540394683660998e+04
7.395086330617457861e+04
7.351753303270813194e+04
7.314656888638716191e+04
7.284412712945147359e+04
7.261790882075314585e+04
7.247424753092657193e+04
7.241615306132742262e+04
7.244248959249060135e+04
7.254819781908336154e+04
7.272524529018539761e+04
7.296387459449293965e+04
7.325374769184605975e+04
7.358473922906609369e+04
7.394734681236848701e+04
7.433287164087014389e+04
7.473360089759509719e+04
7.514316460356718744e+04
7.555707899411929247e+04
7.597330941724692821e+04
7.639258061664210982e+04
7.681818705405174114e+04
7.725520336260067415e+04
7.770919951362173015e+04
7.818473662207704911e+04
7.868398698976809101e+04
7.920576729021205392e+04
7.974513455783695099e+04
8.029354196118646360e+04
8.083945173838673509e+04
8.136928514026716584e+04
8.186863310539239319e+04
8.232370038928482973e+04
8.272295098088936356e+04
8.305883777124407061e+04
8.332936156085001130e+04
8.353908630855185038e+04
8.369922339804649528e+04
8.382653781130575226e+04
8.394110553231224185e+04
8.406327670594329538e+04
8.421045143520944112e+04
8.439435539850450004e+04
8.461938131025177427e+04
8.488229201317242405e+04
8.517326589972684451e+04
8.547800786265911302e+04
8.578050399617396761e+04
8.606596019122868893e+04
8.632349017894308781e+04
8.654816582482917875e+04
8.674210100179612346e+04
8.691433238910717773e+04
8.707941683813565760e+04
8.725489216462023614e+04
8.745800880028084794e+04
8.770235712434060406e+04
8.799510338103504910e+04
8.833545028163147799e+04
8.871466329420654802e+04
8.911762575524380372e+04
8.952552528760617133e+04
8.991904795407672646e+04
9.028143099663758767e+04
9.060088738879584707e+04
9.087218360220293107e+04
9.109741392755359993e+04
9.128617849770862085e+04
9.145540155323722865e+04
9.162894688037826563e+04
9.183706432855203457e+04
9.211560601599788060e+04
9.250492928315328027e+04
9.304846088855799462e+04
9.379099959977866092e+04
9.477692531314969528e+04
9.604850606871797936e+04
9.764441945738522918e+04
9.959844489828054793e+04
1.019380967900505784e+05
1.046828433103150892e+05
1.078415756184384081e+05
1.114091997399880638e+05
1.153625913028020586e+05
1.196565807483547105e+05
1.242209751526350010e+05
1.289597269558480184e+05
1.337531459220886172e+05
1.384635381671179784e+05
1.429439719210071198e+05
1.470492068620417267e+05
1.506473706532093638e+05
1.536308365349650558e+05
1.559249524163631722e+05
1.574936992791041848e+05
1.583418719536606513e+05
1.585138495331462473e+05
1.580893819135917292e+05
1.571770491744541796e+05
1.559061724906148447e+05
1.544179906175802753e+05
1.528568678614954406e+05
1.513621594344302721e+05
1.500611350817508064e+05
1.490630996583329979e+05
1.484546395316457492e+05
1.482958631672425836e+05
1.486176396294944570e+05
1.494201185824431013e+05
1.506730876852837973e+05
1.523187934410442540e+05
1.542775812811989163e+05
1.564561085089428816e+05
1.587571335634995194e+05
1.610892858234490559e+05
1.633750560277017357e+05
1.655556480957041495e+05
1.675921950751335244e+05
1.694638553914626827e+05
1.711640823262349295e+05
1.726966049222367583e+05
1.740723057651153940e+05
1.753074234388889163e+05
1.764227077320432873e+05
1.774426764933362138e+05
1.783941585842189379e+05
1.793037988327954372e+05
1.801948758891957405e+05
1.810842976085026166e+05
1.819807431986735610e+05
1.828845781186282111e+05
1.837895495603732707e+05
1.846856623430333275e+05
1.855622917295225780e+05
1.864106248106293206e+05
1.872248796213453170e+05
1.880022569688970980e+05
1.887420332160015532e+05
1.894444547001740721e+05
1.901100872502861894e+05
1.907400338907914411e+05
1.913370480166781927e+05
1.919071612419097801e+05
1.924611489327478048e+05
1.930150867241049709e+05
1.935894641458547558e+05
1.942067800466447952e+05
1.948881120630136575e+05
1.956496278510364064e+05
1.965001953200493881e+05
1.974410451911535929e+05
1.984678716707821295e+05
1.995749917665610556e+05
2.007604682354878169e+05
2.020306776136502740e+05
2.034028242770767538e+05
2.049043706967292528e+05
2.065691348993176071e+05
2.084306679523356433e+05
2.105142267524568015e+05
2.128290292883159709e+05
2.153624610977834091e+05
2.180775382385450066e+05
2.209143328729190107e+05
2.237953581457854598e+05
2.266342036178515409e+05
2.293461109702594986e+05
2.318587752181891410e+05
2.341215340295935457e+05
2.361113229497025022e+05
2.378343241526423080e+05
2.393230368392071105e+05
2.406293880528667942e+05
2.418152804184160486e+05
2.429424472201841709e+05
2.440635343836367829e+05
2.452159434584129776e+05
2.464192592999417393e+05
2.476762487237735477e+05
2.489766744385498459e+05
2.503026958694652130e+05
2.516344982569853601e+05
2.529549686915154743e+05
2.542526169589952333e+05
2.555224021971137845e+05
2.567645863616552379e+05
2.579821423513072950e+05
2.591775593734968861e+05
2.603500545019858982e+05
2.614941446562779602e+05
2.626002073335491004e+05
2.636570889288384933e+05
2.646561422189906007e+05
2.655955084715819685e+05
2.664832263886214350e+05
2.673379745723895612e+05
2.681868972208765335e+05
2.690608244732057210e+05
2.699879945511712576e+05
2.709878572371798218e+05
2.720665520030303742e+05
2.732152318002597895e+05
2.744116945959714358e+05
2.756249943498377688e+05
2.768220215567171108e+05
2.779746056434253696e+05
2.790655697848821292e+05
2.800923808580568293e+05
2.810675492529108305e+05
2.820156528636597213e+05
2.829676353641552851e+05
2.839536737416495453e+05
2.849962529732546536e+05
2.861050317141150590e+05
2.872746494612563401e+05
2.884859343488278682e+05
2.897101989928661496e+05
2.909156342238322250e+05
2.920743591238707886e+05
2.931685395389795303e+05
2.941941772135467618e+05
2.951616798851787462e+05
2.960930679022724507e+05
2.970164998781402828e+05
2.979594971487031435e+05
2.989426047915442032e+05
2.999751172631992958e+05
3.010539323993972503e+05
3.021657390114435693e+05
3.032918430020714295e+05
3.044142497749811155e+05
3.055213233627010486e+05
3.066114925827506813e+05
3.076940134056424140e+05
3.087865808768257266e+05
3.099104203512567328e+05
3.110841685261721723e+05
3.123181956108344602e+05
3.136109089873359189e+05
3.149480243950811564e+05
3.163049437580127269e+05
3.176515016972090816e+05
3.189577237182689714e+05
3.201990807801639894e+05
3.213600595007760567e+05
3.224355407532449462e+05
3.234302173462083447e+05
3.243568047445206321e+05
3.252339365828559967e+05
3.260843873377505224e+05
3.269337826489756699e+05
3.278094807371092029e+05
3.287390560721663060e+05
3.297479048794801929e+05
3.308558902856314671e+05
3.320734890394938411e+05
3.333983604873635340e+05
3.348134268520277110e+05
3.362873390738530434e+05
3.377776646260878770e+05
3.392364599982357468e+05
3.406173116542180651e+05
3.418826175696736318e+05
3.430098827477315208e+05
3.439960369079365628e+05
3.448591135286658537e+05
3.456369525081332540e+05
3.463828896330567659e+05
3.471587354690675274e+05
3.480257825231405441e+05
3.490350815071772086e+05
3.502186423540338874e+05
3.515833243911453756e+05
3.531088190997939673e+05
3.547503064852931420e+05
3.564452990754177445e+05
3.581232250305208145e+05
3.597157703440831392e+05
3.611660534884837107e+05
3.624352618359964690e+05
3.635061741820917232e+05
3.643837195863638772e+05
3.650931666930418578e+05
3.656766535192537121e+05
3.661886546178946737e+05
3.666908009616764029e+05
3.672463489281050279e+05
3.679145887669848162e+05
3.687455599056169158e+05
3.697755249639435788e+05
3.710236687008024310e+05
3.724903857514733681e+05
3.741573048773600021e+05
3.759889228306825971e+05
3.779354810119546601e+05
3.799366100181556540e+05
3.819253450347112375e+05
3.838323492091050721e+05
3.855904517678936827e+05
3.871397430387897184e+05
3.884333348177454900e+05
3.894434776776520885e+05
3.901671713575830217e+05
3.906299688451489201e+05
3.908866151448708260e+05
3.910175984825451742e+05
3.911215342980817077e+05
3.913042785881619784e+05
3.916664456472963211e+05
3.922913449019031832e+05
3.932351958402209566e+05
3.945209510751214111e+05
3.961363662320656586e+05
3.980362912766305381e+05
4.001486236941710813e+05
4.023829787118124077e+05
4.046408805053404649e+05
4.068261601932545891e+05
4.088542871494948631e+05
4.106595868621461559e+05
4.121997011009033304e+05
4.134571547445856268e+05
4.144383880322911427e+05
4.151709601451236522e+05
4.156997339724051417e+05
4.160826963948704652e+05
4.163867335253417841e+05
4.166833216843718546e+05
4.170438858842621557e+05
4.175346335309912683e+05
4.182109882399544003e+05
4.191121927538674790e+05
4.202570074949392001e+05
4.216415057239248999e+05
4.232396727127033519e+05
4.250069263249604264e+05
4.268859892786207492e+05
4.288139994499744498e+05
4.307295249015197624e+05
4.325783102095500217e+05
4.343170416547101922e+05
4.359150116396117955e+05
4.373540937842766871e+05
4.386277535635203822e+05
4.397398380844600033e+05
4.407036321412518737e+05
4.415412461168222944e+05
4.422829849525174359e+05
4.429661130953348475e+05
4.436324955113398028e+05
4.443249631782174692e+05
4.450827966469565872e+05
4.459372240617102361e+05
4.469080605208238703e+05
4.480024309107415611e+05
4.492159355134833022e+05
4.505358281303256517e+05
4.519450858155689784e+05
4.534259573903414421e+05
4.549618421983176377e+05
4.565370954664122546e+05
4.581352821811879985e+05
4.597371042201324017e+05
4.613193851428561611e+05
4.628560361016592360e+05
4.643210553649692447e+05
4.656927302124780254e+05
4.669577001829619403e+05
4.681135948463116656e+05
4.691694956979347626e+05
4.701442068943371414e+05
4.710629327113256440e+05
4.719532529625370516e+05
4.728412547571041505e+05
4.737484581543363165e+05
4.746899305325635360e+05
4.756738065365016228e+05
4.767022905204222188e+05
4.777740264598042704e+05
4.788874167901676847e+05
4.800441004484560108e+05
4.812515135127060930e+05
4.825234436650453135e+05
4.838778739545466378e+05
4.853321581289160531e+05
4.868964714758605696e+05
4.885672224073248217e+05
4.903223938181862468e+05
4.921204608882868779e+05
4.939036768395991530e+05
4.956054036704481114e+05
4.971601523750536726e+05
4.985143846342113684e+05
4.996360349332013866e+05
5.005210586505014799e+05
5.011958987844563089e+05
5.017154021833732841e+05
5.021563213022077107e+05
5.026071335809475859e+05
5.031555414540882339e+05
5.038756322108046152e+05
5.048170844011401641e+05
5.059987314094989561e+05
5.074080353059425834e+05
5.090066295339700882e+05
5.107404131320668384e+05
5.125513007017284981e+05
5.143872268191943294e+05
5.162076758053205558e+05
5.179837101316470071e+05
5.196936065722798812e+05
5.213169408607042278e+05
5.228305501486832509e+05
5.242089385802936740e+05
5.254296667692915071e+05
5.264818942589450162e+05
5.273745401216467144e+05
5.281402712012254633e+05
5.288329036508016288e+05
5.295182833412890323e+05
5.302612603993891971e+05
5.311129026448181830e+05
5.321019502237311099e+05
5.332327887020121561e+05
5.344897002222550800e+05
5.358449594729637029e+05
5.372673901348718209e+05
5.387285799321703380e+05
5.402056229483570205e+05
5.416810877164546400e+05
5.431419750592410564e+05
5.445792833116007969e+05
5.459886800347047392e+05
5.473714568292459007e+05
5.487342720161217730e+05
5.500866192436298588e+05
5.514362889977756422e+05
5.527845494866080116e+05
5.541234684434536612e+05
5.554372122969148913e+05
5.567074664468221599e+05
5.579211156571902102e+05
5.590770191512237070e+05
5.601888127447229344e+05
5.612821952681946568e+05
5.623874393227903638e+05
5.635298744626011467e+05
5.647219288282159250e+05
5.659596416126886616e+05
5.672247218320664251e+05
5.684910733275192324e+05
5.697331610264658229e+05
5.709332491195373004e+05
5.720854095645307098e+05
5.731957570289866999e+05
5.742798457254237728e+05
5.753589289498522412e+05
5.764566143861190649e+05
5.775966040454029571e+05
5.788012415737599367e+05
5.800900441934384871e+05
5.814775261984609533e+05
5.829702871488139499e+05
5.845641163655914133e+05
5.862422927925040713e+05
5.879760804475884652e+05
5.897277062663172837e+05
5.914552006188546075e+05
5.931178063701548381e+05
5.946805208526311908e+05
5.961167747110559139e+05
5.974090662360888673e+05
5.985482051757244626e+05
5.995323264596746303e+05
6.003668027265710989e+05
6.010656215296820737e+05
6.016539171733331168e+05
6.021705106416596100e+05
6.026688699402445927e+05
6.032150764389641117e+05
6.038821560927882092e+05
6.047412533300905488e+05
6.058511908199227182e+05
