6.116369659850778989e+05
6.109461565522035817e+05
6.103426232134780148e+05
6.097107178579316242e+05
6.089339547576194163e+05
6.079153299641346093e+05
6.065943666844015243e+05
6.049571436448199674e+05
6.030374690497453557e+05
6.009097224403828150e+05
5.986758284220963251e+05
5.964496955373976380e+05
5.943421111643149052e+05
5.924479408630254911e+05
5.908362546679067891e+05
5.895433194055852946e+05
5.885684613522794098e+05
5.878733207913748920e+05
5.873853957146198954e+05
5.870064895794506883e+05
5.866256249723641668e+05
5.861345442439616891e+05
5.854427748343239073e+05
5.844890113701761002e+05
5.832464796718634898e+05
5.817216985271637095e+05
5.799479634274300188e+05
5.779762028111547697e+05
5.758661295605526539e+05
5.736798076321971603e+05
5.714782841399596073e+05
5.693204464079954196e+05
5.672623662875528680e+05
5.653554346554564545e+05
5.636425089143206133e+05
5.621526538503385382e+05
5.608962011117050424e+05
5.598622051819586195e+05
5.590197034906591289e+05
5.583227581527573057e+05
5.577177353361733258e+05
5.571504274468676886e+05
5.565709007086963393e+05
5.559352395685960073e+05
5.552049969347935403e+05
5.543462750536439708e+05
5.533303524042757927e+05
5.521366433180994354e+05
5.507571499913445441e+05
5.492003353109305026e+05
5.474921839052420110e+05
5.456732223107981263e+05
5.437919226646992611e+05
5.418963971428903751e+05
5.400269187528974144e+05
5.382113620140259154e+05
5.364644492024900392e+05
5.347903226403814042e+05
5.331870184770748019e+05
5.316511770403771661e+05
5.301817091450594598e+05
5.287818185615496477e+05
5.274593895660238340e+05
5.262260565839491319e+05
5.250952675095289014e+05
5.240794952823700150e+05
5.231866647805981338e+05
5.224159966141788173e+05
5.217538269153960282e+05
5.211703854566012742e+05
5.206187584473249735e+05
5.200371119892623392e+05
5.193546350427952129e+05
5.185007036858958891e+05
5.174157668903324520e+05
5.160617630579562392e+05
5.144297681174734025e+05
5.125431244465012569e+05
5.104553459868065547e+05
5.082433044283262570e+05
5.059971939559245366e+05
5.038092664992238279e+05
5.017632440890802536e+05
4.999257826510292944e+05
4.983406544202966616e+05
4.970257162635900895e+05
4.959724086827786523e+05
4.951474856984648504e+05
4.944967711300746305e+05
4.939507925787302083e+05
4.934320458113928908e+05
4.928633941198090906e+05
4.921768125381841674e+05
4.913214708725423552e+05
4.902700861515710712e+05
4.890225649108900689e+05
4.876061651014302624e+05
4.860717290112280753e+05
4.844860135183724924e+05
4.829208138530577999e+05
4.814403914270388195e+05
4.800894685627773288e+05
4.788844149612455512e+05
4.778099186491345172e+05
4.768223176376054180e+05
4.758591084159108577e+05
4.748524706914958660e+05
4.737435577754627448e+05
4.724942022883133031e+05
4.710935873649599380e+05
4.695589488938765717e+05
4.679309180241650902e+05
4.662651795014193631e+05
4.646224990283285151e+05
4.630589797533687088e+05
4.616179476163766230e+05
4.603244095161290606e+05
4.591826674731938401e+05
4.581773173883020645e+05
4.572773792554400279e+05
4.564426791416389751e+05
4.556309990326272091e+05
4.548042082624263130e+05
4.539318148121269769e+05
4.529911448624793557e+05
4.519644459403753863e+05
4.508342312825787230e+05
4.495787772347535938e+05
4.481696570101145771e+05
4.465725754014772829e+05
4.447517759213194367e+05
4.426772234647393343e+05
4.403329071360977250e+05
4.377241698572777095e+05
4.348820624022702686e+05
4.318633328063366935e+05
4.287456668725514319e+05
4.256189460153196706e+05
4.225742716796204331e+05
4.196930293889093446e+05
4.170381642312274780e+05
4.146491460289037204e+05
4.125410494661870180e+05
4.107071163177122944e+05
4.091234481876112404e+05
4.077543033116508741e+05
4.065568284661331563e+05
4.054847303491973435e+05
4.044910542048948701e+05
4.035305989511655062e+05
4.025624292238383205e+05
4.015525376462985878e+05
4.004762304439168074e+05
3.993195588262297679e+05
3.980792759960308904e+05
3.967613154179962585e+05
3.953783950489889248e+05
3.939477080994696007e+05
3.924895265393364243e+05
3.910269378268121509e+05
3.895861483300580876e+05
3.881962440157927340e+05
3.868873372059343965e+05
3.856867033631119994e+05
3.846135459710208233e+05
3.836739330806848011e+05
3.828577690939971944e+05
3.821392030414431356e+05
3.814807908597008791e+05
3.808404612992604380e+05
3.801793876182828681e+05
3.794685888578286977e+05
3.786925398294706829e+05
3.778490493994162534e+05
3.769458083526841947e+05
3.759949415089134127e+05
3.750073633875667001e+05
3.739886351489172666e+05
3.729374213566518738e+05
3.718467539347638958e+05
3.707074159156435635e+05
3.695121489226773847e+05
3.682592583573947195e+05
3.669545539483485045e+05
3.656112423452111543e+05
3.642480841115386575e+05
3.628865568219636916e+05
3.615477926756180241e+05
3.602497481588838855e+05
3.590046325981992995e+05
3.578163237167324405e+05
3.566774977314583957e+05
3.555665170408306294e+05
3.544446282807528041e+05
3.532545198685001815e+05
3.519215437503056019e+05
3.503587362846931210e+05
3.484760974535966525e+05
3.461934862949303351e+05
3.434552308590247994e+05
3.402435431116895634e+05
3.365874956085883896e+05
3.325649130789557821e+05
3.282960017886781716e+05
3.239294890911865514e+05
3.196238719153855345e+05
3.155274960010960349e+05
3.117612799473998602e+05
3.084070031987594557e+05
3.055025661855866201e+05
3.030440275927094044e+05
3.009929877532013925e+05
2.992872563197089476e+05
2.978526940596498898e+05
2.966144477516249171e+05
2.955062557990466012e+05
2.944769258366018767e+05
2.934934472605767078e+05
2.925405761931709712e+05
2.916171992758828565e+05
2.907303386119670467e+05
2.898881724293789011e+05
2.890937120215305476e+05
2.883406331773575512e+05
2.876121952400027076e+05
2.868833594475594582e+05
2.861254186871860875e+05
2.853119286089704838e+05
2.844245957254077657e+05
2.834579629573889542e+05
2.824220615154256229e+05
2.813425163439534372e+05
2.802578658285269048e+05
2.792141678724203957e+05
2.782574156782564241e+05
2.774248731708769919e+05
2.767369919644784532e+05
2.761918131006486365e+05
2.757634576916533988e+05
2.754054415775852394e+05
2.750583383856481523e+05
2.746601675921834540e+05
2.741572009890340269e+05
2.735128816289844690e+05
2.727131854840057204e+05
2.717677561748776934e+05
2.707071499543054961e+05
2.695772496465182630e+05
2.684322089907194022e+05
2.673272057632834185e+05
2.663119546300657676e+05
2.654255286364378408e+05
2.646926957071186043e+05
2.641217619835567893e+05
2.637038308243742213e+05
2.634133921260633506e+05
2.632101870762625476e+05
2.630422871609253343e+05
2.628502457925642957e+05
2.625720276304580620e+05
2.621482379137707176e+05
2.615270346145359217e+05
2.606680839767228172e+05
2.595450567705161811e+05
2.581464436451841902e+05
2.564748204354741029e+05
2.545450104928321962e+05
2.523817676146047888e+05
2.500175792422990198e+05
2.474909710180833645e+05
2.448453539511636482e+05
2.421281143909951497e+05
2.393894334578832786e+05
2.366803292837397894e+05
2.340496618969451811e+05
2.315402585493761289e+05
2.291847678316663369e+05
2.270021702185562463e+05
2.249959295676749316e+05
2.231545136299951700e+05
2.214544917571981496e+05
2.198657737393528805e+05
2.183579737548662524e+05
2.169065495463536354e+05
2.154973943992107233e+05
2.141289520581239776e+05
2.128115637520146265e+05
2.115644364183650468e+05
2.104111248133963381e+05
2.093746048773830698e+05
2.084728699032075529e+05
2.077156206801005173e+05
2.071022265819962195e+05
2.066208632088456652e+05
2.062486486460323213e+05
2.059526648106599459e+05
2.056918594295930816e+05
2.054198766199367528e+05
2.050888097765163693e+05
2.046537206009765505e+05
2.040775707375457278e+05
2.033360207771631249e+05
2.024214084957086307e+05
2.013451634106108977e+05
2.001379934964576096e+05
1.988474347153562412e+05
1.975327906041143870e+05
1.962580381292385282e+05
1.950837852248166746e+05
1.940596459892909334e+05
1.932183143400611298e+05
1.925721658120707725e+05
1.921125629777933646e+05
1.918114467791134666e+05
1.916245014368089032e+05
1.914952680314476311e+05
1.913599288299688196e+05
1.911528238786350994e+05
1.908128295421987132e+05
1.902904189290649374e+05
1.895546578348628827e+05
1.885988604601163534e+05
1.874434494997039728e+05
1.861349029192363087e+05
1.847404613785649999e+05
1.833392551637319266e+05
1.820113557479886222e+05
1.808267057631747157e+05
1.798358362655903038e+05
1.790638137375254882e+05
1.785081495059046138e+05
1.781406525445044972e+05
1.779125737388179987e+05
1.777619683805115346e+05
1.776220215454759018e+05
1.774291183707402670e+05
1.771296506541747367e+05
1.766848728292080050e+05
1.760734917529004742e+05
1.752920362516793830e+05
1.743533508084171335e+05
1.732837510594591149e+05
1.721194429117105028e+05
1.709027436380215513e+05
1.696784826817172579e+05
1.684907565657057858e+05
1.673800314184557064e+05
1.663804858252101985e+05
1.655174984826601576e+05
1.648053048382967245e+05
1.642450302093240607e+05
1.638234796293443651e+05
1.635131455811386113e+05
1.632738260185566614e+05
1.630560187488314696e+05
1.628059243482676684e+05
1.624715385940851702e+05
1.620090414409355435e+05
1.613885568636192183e+05
1.605983856599788414e+05
1.596469869122248492e+05
1.585622768325936922e+05
1.573881998068052053e+05
1.561789698903981189e+05
1.549918165239309310e+05
1.538793945011857722e+05
1.528831238502983470e+05
1.520285416374607885e+05
1.513232985163231788e+05
1.507578448595355148e+05
1.503083103732786258e+05
1.499407520840265206e+05
1.496158989481616009e+05
1.492937073089844489e+05
1.489373253882888821e+05
1.485163020916670503e+05
1.480089818441079697e+05
1.474040111196444195e+05
1.467008231783866358e+05
1.459089613563088351e+05
1.450462053732102504e+05
1.441356698766128102e+05
1.432022820499017253e+05
1.422692253040858195e+05
1.413549870495879441e+05
1.404715436138061632e+05
1.396239767881479638e+05
1.388115014852271706e+05
1.380295652512926608e+05
1.372724308860354067e+05
1.365355365553362935e+05
1.358169864999737765e+05
1.351177658730040712e+05
1.344406480372033839e+05
1.337881688508179795e+05
1.331603468857631669e+05
1.325529184893240745e+05
1.319566937229469477e+05
1.313582846510524978e+05
1.307420485899721534e+05
1.300927749675218656e+05
1.293985153241852095e+05
1.286530059484495723e+05
1.278572801031375857e+05
1.270202168993375089e+05
1.261578820910610957e+05
1.252916103821862052e+05
1.244449256758565898e+05
1.236396336303174612e+05
1.228917094624369347e+05
1.222078261102656252e+05
1.215833890410355089e+05
1.210026925448748516e+05
1.204413313374379359e+05
1.198704389614651591e+05
1.192618689993072476e+05
1.185932310992513812e+05
1.178517853019575559e+05
1.170365230475318822e+05
1.161581939855567180e+05
1.152374409157567425e+05
1.143014903627966996e+05
1.133799860466306563e+05
1.125005733818531589e+05
1.116847976740255544e+05
1.109448134046216001e+05
1.102813343106652028e+05
1.096831666707594559e+05
1.091285238418301306e+05
1.085880890855689795e+05
1.080294831230535492e+05
1.074224601179466554e+05
1.067438979328536807e+05
1.059815685118770489e+05
1.051358382160414767e+05
1.042188516649444500e+05
1.032513124810039299e+05
1.022575472802510485e+05
1.012599657466874050e+05
1.002741847038995620e+05
9.930591935201003798e+04
9.835030598720340640e+04
9.739373284589512332e+04
9.641768120724189794e+04
9.540366108221444301e+04
9.433814511281036539e+04
9.321646276957703230e+04
9.204485716113471426e+04
9.084025124671324738e+04
8.962765693135156471e+04
8.843555430984016857e+04
8.728994521766954858e+04
8.620810552768570778e+04
8.519325554328264843e+04
8.423135538999168784e+04
8.329095705715184158e+04
8.232651824201742420e+04
8.128489892880539992e+04
8.011407341055161669e+04
7.877256411413343449e+04
7.723786707348612254e+04
7.551225110322097316e+04
7.362475703721721948e+04
7.162891756441374309e+04
6.959652976804791251e+04
6.760857739802554715e+04
6.574495001860987395e+04
6.407480904421946616e+04
6.264925268066908029e+04
6.149738392704728176e+04
6.062613359994503844e+04
6.002342636611829221e+04
5.966367662727994320e+04
5.951426779223214544e+04
5.954162269221919996e+04
5.971567079958939576e+04
6.001189221867832384e+04
6.041061026892543305e+04
6.089376919460560021e+04
6.144002097187528852e+04
6.201947253148014715e+04
6.258978619066300598e+04
6.309533650008673430e+04
6.347069744108421582e+04
6.364885917044238158e+04
6.357339285173441021e+04
6.321257005183405272e+04
6.257253889717969287e+04
6.170635845493292436e+04
6.071614531362317939e+04
5.974674133825892204e+04
5.897093250229357363e+04
5.856798499332834763e+04
5.869874576861039532e+04
5.948146921604104136e+04
6.097267631319969951e+04
6.315665657645861211e+04
6.594576351733856427e+04
6.919166960168562946e+04
7.270562658952860511e+04
7.628400299608048226e+04
7.973439504708696040e+04
8.289770423970394768e+04
8.566272062969594845e+04
8.797161056387814460e+04
8.981673981423047371e+04
9.123091449197739712e+04
9.227401901983915013e+04
9.301908476284370408e+04
9.354021268907375634e+04
9.390382339493825566e+04
9.416374057121842634e+04
9.435984349128919712e+04
9.451952753449906595e+04
9.466096769370289985e+04
9.479713098253302451e+04
9.493958097314671613e+04
9.510133046138501959e+04
9.529829648441266909e+04
9.554924832124836394e+04
9.587444902032792743e+04
9.629341230983882269e+04
9.682229559782406432e+04
9.747143353970980388e+04
9.824342496751208091e+04
9.913206551900382328e+04
1.001222976315712585e+05
1.011912295404797187e+05
1.023101399007510481e+05
1.034472262880692870e+05
1.045706935422474635e+05
1.056516618270380277e+05
1.066663664128815290e+05
1.075972628684435476e+05
1.084329330637710227e+05
1.091670375738650619e+05
1.097968616442866914e+05
1.103221334240891738e+05
1.107446800906749850e+05
1.110691420032457827e+05
1.113044953902292909e+05
1.114657136811710079e+05
1.115747007724197611e+05
1.116597577323121077e+05
1.117532752240903501e+05
1.118879294947703311e+05
1.120921821309915977e+05
1.123861452953433472e+05
1.127787828120361373e+05
1.132670249170859315e+05
1.138368471912908135e+05
1.144659022824871208e+05
1.151270391956192616e+05
1.157920303676839249e+05
1.164349788204805809e+05
1.170350782854926656e+05
1.175785548262375087e+05
1.180597009285812819e+05
1.184809527513535577e+05
1.188520077985881071e+05
1.191880625766979356e+05
1.195073619700737909e+05
1.198283668639911339e+05
1.201669367946928105e+05
1.205339718244811520e+05
1.209339457823312259e+05
1.213646686056177277e+05
1.218184187374829635e+05
1.222842966005558847e+05
1.227513284124870406e+05
1.232116028114435321e+05
1.236626593907655042e+05
1.241085190351799392e+05
1.245591068223266921e+05
1.250282431936796929e+05
1.255307192056584026e+05
1.260791261202825117e+05
1.266810667097723926e+05
1.273372024169031793e+05
1.280403822253231774e+05
1.287759242297220335e+05
1.295229949260738940e+05
1.302569300144311419e+05
1.309522367316184245e+05
1.315859114808994927e+05
1.321406291536170756e+05
1.326073525385337998e+05
1.329869913243474439e+05
1.332908931343546719e+05
1.335401269083822262e+05
1.337636703234424640e+05
1.339957082959400432e+05
1.342722938907590578e+05
1.346276480464640190e+05
1.350904164064161596e+05
1.356802747085891606e+05
1.364053566253223398e+05
1.372610153063529870e+05
1.382303583847472328e+05
1.392867750174288230e+05
1.403983121869198221e+05
1.415333253493010998e+05
1.426664404060392117e+05
1.437836459499977354e+05
1.448853815901114140e+05
1.459868274209369556e+05
1.471151744149242586e+05
1.483043325003225764e+05
1.495881361469803669e+05
1.509934675408564799e+05
1.525347267986311053e+05
1.542107288052569784e+05
1.560044969669821148e+05
1.578857341696888325e+05
1.598151785706813098e+05
1.617497460355600924e+05
1.636473747270029562e+05
1.654707679432156729e+05
1.671896536438530602e+05
1.687816009458181798e+05
1.702317463291902968e+05
1.715319343854080944e+05
1.726797718578880886e+05
1.736779637372854631e+05
1.745340930851786979e+05
1.752607733422435413e+05
1.758758988042467972e+05
1.764026023972801631e+05
1.768685430659032718e+05
1.773042965373849147e+05
1.777408735303618596e+05
1.782066599081117893e+05
1.787242769307281706e+05
1.793079389316262968e+05
1.799618322852117417e+05
1.806798854111134715e+05
1.814470866961816209e+05
1.822422621726030484e+05
1.830419600926015119e+05
1.838248298460095248e+05
1.845756889169458009e+05
1.852884320930934628e+05
1.859671190868322446e+05
1.866249675339921960e+05
1.872814646438535128e+05
1.879582227824502916e+05
1.886744062673551089e+05
1.894425246242764988e+05
1.902652159348817368e+05
1.911334703098585305e+05
1.920266415336210048e+05
1.929145143179956649e+05
1.937615001297725539e+05
1.945326244826308102e+05
1.952003912385120639e+05
1.957510877467810060e+05
1.961889247151452000e+05
1.965367805505023280e+05
1.968331920204038615e+05
1.971262965470986092e+05
1.974662627105590072e+05
1.978980157504159142e+05
1.984557089095069969e+05
1.991596360828066536e+05
2.000155164507465088e+05
2.010156486219036742e+05
2.021414442717010970e+05
2.033671488376525522e+05
2.046648109226676752e+05
2.060104760295115993e+05
2.073910734189144277e+05
2.088107396580763161e+05
2.102947754641720967e+05
2.118894530511607009e+05
2.136566503152319056e+05
2.156636276983470889e+05
2.179697438833388733e+05
2.206129895853978232e+05
2.235994961256249517e+05
2.268985333317053446e+05
2.304441628033566521e+05
2.341430965998719912e+05
2.378869161616365018e+05
2.415659993052595237e+05
2.450824307137431460e+05
2.483597491390577343e+05
2.513483622426217189e+05
2.540265221966429963e+05
2.563976202127170109e+05
2.584850490616498282e+05
2.603259582767339307e+05
2.619649727923160535e+05
2.634485319031974650e+05
2.648201204615146853e+05
2.661164473976088339e+05
2.673646174205780262e+05
2.685804691699240939e+05
2.697683734346390120e+05
2.709227551559922867e+05
2.720313562173177488e+05
2.730798428524805349e+05
2.740569313322743983e+05
2.749589394019111060e+05
2.757926992387434584e+05
2.765761150745534687e+05
2.773362275876716012e+05
2.781052950068406062e+05
2.789159344898776617e+05
2.797966323255795287e+05
2.807688367619654746e+05
2.818463889272861998e+05
2.830373236561382655e+05
2.843472791935818386e+05
2.857831470065800240e+05
2.873554035072179977e+05
2.890779105394193903e+05
2.909647821334565524e+05
2.930249398788589751e+05
2.952558682782588294e+05
2.976385191497186315e+05
3.001351417446978739e+05
3.026910865008181427e+05
3.052405808013279457e+05
3.077154266693264944e+05
3.100548184920114581e+05
3.122142075375109562e+05
3.141713859936861554e+05
3.159286278410477680e+05
3.175106154028096353e+05
3.189587707404474495e+05
3.203232934584746836e+05
3.216545443754275329e+05
3.229953699323287583e+05
3.243755952546551707e+05
3.258093533161036321e+05
3.272953150013609556e+05
3.288193693794581923e+05
3.303589555303098750e+05
3.318880934512537788e+05
3.333821866546405945e+05
3.348218341726030922e+05
3.361951488210957614e+05
3.374983889370817924e+05
3.387350346682688105e+05
3.399137380719566718e+05
3.410457979621098493e+05
3.421428909278414212e+05
3.432156689777446445e+05
3.442734968032478937e+05
3.453251217175500933e+05
3.463796208836201113e+05
3.474467754837509710e+05
3.485362402877929853e+05
3.496554923294409527e+05
3.508073135728435591e+05
3.519881033782861196e+05
3.531882807566239499e+05
3.543953200135529041e+05
3.555988062759337481e+05
3.567958058404188487e+05
3.579943594156624749e+05
3.592133231794589665e+05
3.604779978987945942e+05
3.618125274586730520e+05
3.632312938877190463e+05
3.647320002279632026e+05
3.662926660748779541e+05
3.678735807514319313e+05
3.694238173673598794e+05
3.708906872396732797e+05
3.722298439632686786e+05
3.734137444977056002e+05
3.744367513473598519e+05
3.753160896269476507e+05
3.760888731017701211e+05
3.768062179925590754e+05
3.775258878318109200e+05
3.783049039402497583e+05
3.791932058542123996e+05
3.802289478498377139e+05
3.814355769621103536e+05
3.828205777235618443e+05
3.843756861690625665e+05
3.860783736725538620e+05
3.878943747573050787e+05
3.897809473732128972e+05
3.916904631762874778e+05
3.935739201859561144e+05
3.953840987292772625e+05
3.970782998862736858e+05
3.986207975610723952e+05
3.999851867394960136e+05
4.011566862415878568e+05
4.021342239160737372e+05
4.029319279501169804e+05
4.035795836211252608e+05
4.041217201554607600e+05
4.046152041281797574e+05
4.051254279535961687e+05
4.057213186802437413e+05
4.064694549248918192e+05
4.074276375258720946e+05
4.086383901938447380e+05
4.101230859624602599e+05
4.118776215022880351e+05
4.138706402496555820e+05
4.160450912375183543e+05
4.183233616118074860e+05
4.206154547926440137e+05
4.228289569359710440e+05
4.248791268842160353e+05
4.266975338282052544e+05
4.282382125344336382e+05
4.294810536194753950e+05
4.304327466969369561e+05
4.311257897848255234e+05
4.316158538302265224e+05
4.319773932113032206e+05
4.322971934722489095e+05
4.326658180935878190e+05
4.331676435006416286e+05
4.338710282584332163e+05
4.348206634084000834e+05
4.360339175283559016e+05
4.375019768307543709e+05
4.391951356773214065e+05
4.410703128727435833e+05
4.430783181954154861e+05
4.451688289056397043e+05
4.472922759861391969e+05
4.493993407228657743e+05
4.514398638492719037e+05
4.533631946853458649e+05
4.551212744021166000e+05
4.566743972130066832e+05
4.579982265620019753e+05
4.590898443168632220e+05
4.599706928495986504e+05
4.606851601441343082e+05
4.612948662830356043e+05
4.618699284218966495e+05
4.624792087098996853e+05
4.631816255859150551e+05
4.640201205535602057e+05
4.650190589115673210e+05
4.661849737835403648e+05
4.675098547519328422e+05
4.689757692310211132e+05
4.705595393088291166e+05
4.722364556094086147e+05
4.739824936613862519e+05
4.757750472066148650e+05
4.775926301295815501e+05
4.794141960192105034e+05
4.812186543112932704e+05
4.829849039438671316e+05
4.846924004020200227e+05
4.863220525597954402e+05
4.878571817474548589e+05
4.892843589005487738e+05
4.905941003160657128e+05
4.917815584223225596e+05
4.928474085689819185e+05
4.937990560926121543e+05
4.946520727843194618e+05
4.954314857743291068e+05
4.961723050612952211e+05
4.969186188466357416e+05
4.977207871107789106e+05
4.986307016223066603e+05
4.996956285769818933e+05
5.009516258750584093e+05
5.024177676385793602e+05
5.040923337487716926e+05
5.059517571304552257e+05
5.079525763579777558e+05
5.100360664351707092e+05
5.121347605862187920e+05
5.141798318477610010e+05
5.161083092099811183e+05
5.178693165537184104e+05
5.194288371545515838e+05
5.207727904137528385e+05
5.219083608779645874e+05
5.228635245829825872e+05
5.236846517387856147e+05
5.244320628037132556e+05
5.251735948615426896e+05
5.259766237342988607e+05
5.268994884860015009e+05
5.279836894223260460e+05
5.292483726233679336e+05
5.306883408526929561e+05
5.322761465617002686e+05
5.339678837860204512e+05
5.357113728897933615e+05
5.374548308921869611e+05
5.391540755254229298e+05
5.407768856163949240e+05
5.423041650306055089e+05
5.437286590986072551e+05
5.450527027779995697e+05
5.462865114554830361e+05
5.474478274337211624e+05
5.485626261701325420e+05
5.496656106308145681e+05
5.507988922849968076e+05
5.520077891161969164e+05
5.533338578866773751e+05
5.548065818778639659e+05
5.564359532126791310e+05
5.582081503522134153e+05
5.600856500404532999e+05
5.620118249139703112e+05
5.639189029898314038e+05
5.657375188320305897e+05
5.674060853928072611e+05
5.688786766634277301e+05
5.701306986528739799e+05
5.711620538375633769e+05
5.719976772656819085e+05
5.726853508578474866e+05
5.732907942047351971e+05
5.738903364382704021e+05
5.745619771130487788e+05
5.753761531496295938e+05
5.763877804146910785e+05
5.776309469724626979e+05
5.791170053735107649e+05
5.808359507148686098e+05
5.827601940945948008e+05
5.848494210210691672e+05
5.870552727208816214e+05
5.893250211716701742e+05
5.916040097301225178e+05
5.938371660969257355e+05
5.959702094403202645e+05
5.979512305893209996e+05
5.997331681922210846e+05
6.012774020203321707e+05
6.025582890889043920e+05
6.035680259242973989e+05
6.043208143514374970e+05
6.048550808291787980e+05
6.052326137814328540e+05
6.055340274639871204e+05
6.058508494690232910e+05
6.062754819741827669e+05
6.068909268270925386e+05
6.077622003397542285e+05
6.089307599056181498e+05
6.104122876417265506e+05
6.121972718218087684e+05
6.142533865287060617e+05
6.165288195788156008e+05
6.189562351471970323e+05
6.214575746250639204e+05
6.239500308467138093e+05
6.263531653629235225e+05
6.285964794371952303e+05
6.306261893530866364e+05
6.324098440302881645e+05
6.339378636490365025e+05
6.352218841538956622e+05
6.362906007427396253e+05
6.371842819639852969e+05
6.379491450300301658e+05
6.386324539227150381e+05
6.392787767861434259e+05
6.399275427056398476e+05
6.406119387019738788e+05
6.413591806245750049e+05
6.421920947008408839e+05
6.431316462353169918e+05
6.441996062127609039e+05
6.454201804208606482e+05
6.468194162050317973e+05
6.484217118035226595e+05
6.502437064094792586e+05
6.522869047298110090e+05
6.545311494282061467e+05
6.569311457811597502e+05
6.594175733786779456e+05
6.619031123120604316e+05
6.642924043427942088e+05
6.664940180253197905e+05
6.684321661857857835e+05
6.700562345205274178e+05
6.713468875241475180e+05
6.723182973704158794e+05
6.730166359846779378e+05
6.735152884629165055e+05
6.739073581701605581e+05
6.742960932453523856e+05
6.747840002177224960e+05
6.754616535980058834e+05
6.763974778898849618e+05
6.776299182777199894e+05
6.791632831699369708e+05
6.809680721679377602e+05
6.829858567030797713e+05
