6.090677786455556052e+05
6.080604545415388420e+05
6.073943830412885873e+05
6.069629924771414371e+05
6.066367556318822317e+05
6.062827286670610774e+05
6.057840945961889811e+05
6.050561809493491892e+05
6.040561499486541143e+05
6.027849665289748227e+05
6.012819475646176143e+05
5.996136948219659971e+05
5.978601155875144759e+05
5.961003783745948458e+05
5.944011436108067865e+05
5.928085335430689156e+05
5.913443734231709968e+05
5.900064688889227109e+05
5.887721722198289353e+05
5.876042210207401076e+05
5.864577516961537767e+05
5.852874423616436543e+05
5.840538862232528627e+05
5.827285080986066023e+05
5.812965891801376129e+05
5.797582369445718359e+05
5.781274084017012501e+05
5.764293408085469855e+05
5.746969286254815524e+05
5.729666672468008474e+05
5.712747364819598151e+05
5.696536333648788277e+05
5.681295457462479826e+05
5.667204721938295988e+05
5.654350094557079719e+05
5.642717593023342779e+05
5.632194000910703326e+05
5.622575368195766350e+05
5.613584129467353923e+05
5.604894217146923766e+05
5.596161477795017418e+05
5.587054993870556355e+05
5.577284483177106595e+05
5.566620145150211174e+05
5.554903716798268724e+05
5.542052066177924862e+05
5.528056278782513691e+05
5.512979246040638536e+05
5.496953363525011810e+05
5.480177820870542200e+05
5.462913034544022521e+05
5.445468754619646352e+05
5.428182664268605877e+05
5.411388066015089862e+05
5.395372511998044793e+05
5.380333562703487696e+05
5.366342029018707108e+05
5.353325027568787336e+05
5.341078845320369583e+05
5.329314143380817259e+05
5.317725091614670819e+05
5.306063770666518249e+05
5.294196639006707119e+05
5.282124304952154635e+05
5.269958559857252985e+05
5.257866642349202884e+05
5.246004868282375392e+05
5.234466321167822462e+05
5.223258997792403679e+05
5.212315752467230195e+05
5.201523070007181959e+05
5.190749152332080412e+05
5.179855959891573293e+05
5.168692073245616630e+05
5.157076799169447622e+05
5.144793574104066938e+05
5.131608337841769098e+05
5.117317205955678364e+05
5.101812894291876000e+05
5.085147942166970461e+05
5.067570073670903221e+05
5.049512288211362320e+05
5.031534553462759359e+05
5.014229728515277384e+05
4.998117778543633758e+05
4.983555586493057199e+05
4.970683992383961449e+05
4.959421534879098181e+05
4.949500318326017587e+05
4.940528506928959978e+05
4.932059752898915904e+05
4.923653180774099310e+05
4.914916038686088286e+05
4.905530360591590870e+05
4.895270480058360263e+05
4.884017626896183938e+05
4.871772085884920671e+05
4.858656375527974451e+05
4.844899435420723166e+05
4.830795078943492263e+05
4.816637625252389698e+05
4.802649607816804782e+05
4.788924734076963505e+05
4.775408757682085852e+05
4.761930180708184489e+05
4.748275043388304766e+05
4.734282418759621214e+05
4.719927195469574654e+05
4.705359084445151966e+05
4.690881214167120052e+05
4.676872805078437668e+05
4.663680118772914284e+05
4.651510803552499274e+05
4.640365278492663638e+05
4.630026149926302023e+05
4.620107935866127373e+05
4.610151182788928272e+05
4.599733014931766083e+05
4.588563289134833030e+05
4.576541828265481745e+05
4.563765063502644189e+05
4.550485552555922768e+05
4.537040515188612044e+05
4.523771914689025143e+05
4.510959121673342306e+05
4.498777180809565471e+05
4.487283026494715596e+05
4.476423349257176160e+05
4.466054466494240914e+05
4.455966734417508706e+05
4.445910990726365708e+05
4.435628235924069304e+05
4.424883484098212211e+05
4.413500632067750557e+05
4.401390320177236572e+05
4.388561008530698018e+05
4.375107168156921398e+05
4.361176663824555581e+05
4.346928246913594194e+05
4.332494894425087259e+05
4.317966613656783593e+05
4.303397845305230003e+05
4.288833588778149569e+05
4.274340015543756308e+05
4.260023489575011772e+05
4.246027231751664076e+05
4.232504609351828694e+05
4.219577600542480359e+05
4.207294251625071629e+05
4.195598164071737556e+05
4.184317404248329694e+05
4.173172923944066279e+05
4.161801075645812671e+05
4.149783172944228863e+05
4.136677181998597225e+05
4.122050587127034669e+05
4.105516591488133417e+05
4.086776055484713288e+05
4.065664471488581039e+05
4.042198112715852330e+05
4.016608738888924127e+05
3.989354446031151456e+05
3.961096937012411654e+05
3.932642452542210813e+05
3.904852886610158021e+05
3.878542214532910148e+05
3.854378345925732283e+05
3.832810083503695205e+05
3.814033007324059145e+05
3.797998551926134969e+05
3.784460156210309942e+05
3.773042148272800841e+05
3.763313199868447846e+05
3.754847566200554720e+05
3.747263168832954252e+05
3.740233845111549599e+05
3.733481071957881213e+05
3.726755638834276469e+05
3.719820580818553572e+05
3.712443297980757197e+05
3.704398958016309189e+05
3.695481772870771820e+05
3.685518086627115263e+05
3.674376449973848066e+05
3.661973930470704800e+05
3.648282138662164798e+05
3.633337938730362803e+05
3.617261068824967369e+05
3.600274799161164556e+05
3.582719279669637908e+05
3.565044044923791662e+05
3.547768810036556097e+05
3.531410329660857678e+05
3.516385164231281960e+05
3.502909418861415470e+05
3.490922474186778418e+05
3.480059523516584304e+05
3.469687129566707881e+05
3.458999688606553827e+05
3.447157513096488547e+05
3.433434778838236816e+05
3.417342182618856896e+05
3.398696306414894643e+05
3.377623257245357963e+05
3.354503000289778574e+05
3.329876586165781482e+05
3.304346042492905981e+05
3.278494048600973329e+05
3.252839445081501035e+05
3.227829868632951402e+05
3.203859956314046867e+05
3.181296883939933032e+05
3.160495898346882313e+05
3.141795372858248884e+05
3.125490245031993836e+05
3.111790773461211938e+05
3.100777960121972137e+05
3.092367243527215905e+05
3.086289278428075486e+05
3.082092522028549574e+05
3.079168396496225032e+05
3.076796704735927633e+05
3.074206811308587785e+05
3.070648661747704027e+05
3.065466818014303572e+05
3.058170226903294679e+05
3.048490312794149504e+05
3.036420121813701116e+05
3.022227748094071285e+05
3.006438569771414623e+05
2.989783541689355043e+05
2.973115337864111643e+05
2.957300173793036374e+05
2.943099367171787308e+05
2.931059169845508877e+05
2.921428298838264309e+05
2.914119029630044824e+05
2.908720198377781780e+05
2.904560744051943766e+05
2.900812889533977723e+05
2.896616958260770771e+05
2.891206639568852843e+05
2.884014670297069824e+05
2.874743743986539776e+05
2.863394547707142192e+05
2.850250384833138087e+05
2.835824303304904024e+05
2.820779086458983365e+05
2.805832729056124808e+05
2.791662522636316135e+05
2.778820127365223598e+05
2.767668243704198976e+05
2.758346590444055619e+05
2.750770663286328199e+05
2.744661423506913125e+05
2.739598594470561366e+05
2.735086130882373545e+05
2.730617132648869301e+05
2.725727646441480611e+05
2.720033762531316606e+05
2.713252298074322753e+05
2.705209832441469771e+05
2.695846197575879632e+05
2.685216432864892995e+05
2.673491001880081603e+05
2.660950056180311949e+05
2.647965953597108019e+05
2.634970186130403308e+05
2.622405763088809326e+05
2.610671908177189471e+05
2.600072096710245532e+05
2.590777009878956014e+05
2.582810435644031968e+05
2.576059744602322753e+05
2.570305741255453613e+05
2.565261965409552795e+05
2.560612423044923926e+05
2.556039212135330890e+05
2.551236175188640482e+05
2.545909650387972943e+05
2.539771133406409936e+05
2.532528637253936613e+05
2.523883903483915783e+05
2.513541673139814811e+05
2.501234978403334972e+05
2.486766677565035061e+05
2.470062386705281097e+05
2.451224586130905082e+05
2.430573851820619020e+05
2.408662824943750456e+05
2.386252645838428871e+05
2.364249379621738044e+05
2.343607074453986133e+05
2.325211519641315390e+05
2.309762239829744794e+05
2.297669241193045164e+05
2.288976844805445289e+05
2.283321984330574051e+05
2.279930741638540931e+05
2.277655398374347133e+05
2.275053895416340383e+05
2.270512153563573374e+05
2.262405186162954487e+05
2.249284811845694785e+05
2.230071814571273862e+05
2.204222288616331643e+05
2.171835814450464095e+05
2.133679703470053792e+05
2.091118427661097085e+05
2.045956762623130635e+05
2.000223290068911447e+05
1.955932163253347389e+05
1.914862428832059377e+05
1.878386383461903897e+05
1.847365145307575003e+05
1.822115680308038718e+05
1.802442708418989787e+05
1.787722622683344816e+05
1.777023949344578432e+05
1.769248150462510821e+05
1.763274389580380812e+05
1.758092142563418020e+05
1.752907080903818423e+05
1.747209320738496899e+05
1.740798885522343044e+05
1.733769978892337531e+05
1.726461786235348554e+05
1.719387696351954655e+05
1.713156561197843985e+05
1.708399148297961510e+05
1.705710783297301386e+05
1.705617568252673082e+05
1.708568403587577923e+05
1.714948342238954792e+05
1.725101292368301074e+05
1.739343589620314306e+05
1.757947188852205873e+05
1.781074891561554687e+05
1.808661579469327116e+05
1.840253851724738779e+05
1.874841675261771597e+05
1.910732945997753995e+05
1.945527616776284121e+05
1.976236525242799253e+05
1.999560297855009267e+05
2.012301395567413128e+05
2.011839297751488048e+05
1.996569557892383600e+05
1.966204019387359440e+05
1.921856101002247015e+05
1.865885595407322398e+05
1.801536811998267367e+05
1.732453512494968600e+05
1.662178742398371396e+05
1.593741193716333655e+05
1.529396813256446330e+05
1.470547902466026717e+05
1.417817539770765288e+05
1.371227205569854414e+05
1.330415449863251706e+05
1.294843317448887246e+05
1.263951003566565341e+05
1.237251511479392357e+05
1.214364515769462596e+05
1.195004294405416731e+05
1.178939767551122495e+05
1.165944365402358526e+05
1.155750712574972858e+05
1.148021178721327451e+05
1.142340579636122420e+05
1.138231890851844364e+05
1.135190365250218747e+05
1.132727123070465314e+05
1.130411435460095236e+05
1.127902262013239233e+05
1.124963675931468169e+05
1.121464044584578660e+05
1.117363197122929996e+05
1.112693756611240824e+05
1.107541988318252406e+05
1.102030853320852912e+05
1.096305119723306707e+05
1.090516867771225807e+05
1.084810122089302458e+05
1.079305140683447971e+05
1.074084855386748386e+05
1.069186858156482631e+05
1.064603557981548074e+05
1.060290961793162132e+05
1.056183888036941353e+05
1.052213403697483300e+05
1.048321665181401622e+05
1.044470323892970919e+05
1.040640820941843849e+05
1.036827467316179391e+05
1.033026352879890474e+05
1.029224229510575824e+05
1.025391323190389376e+05
1.021480699338589911e+05
1.017434797226391529e+05
1.013197666475210135e+05
1.008729836064171104e+05
1.004021980462895735e+05
9.991037177686320501e+04
9.940448629220055591e+04
9.889480253310056287e+04
9.839333040945592802e+04
9.791176931501754734e+04
9.745933107255195500e+04
9.704093072048429167e+04
9.665619166837494413e+04
9.629954570632384275e+04
9.596144121800607536e+04
9.563037509510800010e+04
9.529523154878288915e+04
9.494732991619706445e+04
9.458169026447705983e+04
9.419728683082036150e+04
9.379638097862564609e+04
9.338328919519331248e+04
9.296305442098384083e+04
9.254042162103921873e+04
9.211931753603799734e+04
9.170279941390354361e+04
9.129327315026208817e+04
9.089274816119924071e+04
9.050298323972368962e+04
9.012551214392001566e+04
8.976162989251171530e+04
8.941241676888459187e+04
8.907879050870031642e+04
8.876147976269925130e+04
8.846078747619464411e+04
8.817610232968989294e+04
8.790528790070350806e+04
8.764424120640415640e+04
8.738696325194586825e+04
8.712637000989177614e+04
8.685581931716551480e+04
8.657103614257684967e+04
8.627191193615799421e+04
8.596362957247043960e+04
8.565674557044918765e+04
8.536618120954417100e+04
8.510940724562022660e+04
8.490431538837909466e+04
8.476726252774668683e+04
8.471154921542749798e+04
8.474624881685816217e+04
8.487500163644980057e+04
8.509429618552232569e+04
8.539097518659170601e+04
8.573920165060115687e+04
8.609774184248360689e+04
8.640891621252460754e+04
8.660067616486123006e+04
8.659281509775470477e+04
8.630732480804128863e+04
8.568158522473371704e+04
8.468182534617034253e+04
8.331357674770307494e+04
8.162601477342430735e+04
7.970824154203037324e+04
7.767746365425275872e+04
7.566111981972739159e+04
7.377666821315478592e+04
7.211342025334050413e+04
7.072029556429956574e+04
6.960185219521533872e+04
6.872290682854673651e+04
6.802010972209007014e+04
6.741748980720690452e+04
6.684250139410651173e+04
6.623946481134438363e+04
6.557825818723945122e+04
6.485734653656798764e+04
6.410140904137883626e+04
6.335472834469583904e+04
6.267204377323438530e+04
6.210875389300410461e+04
6.171225233538206521e+04
6.151587915572720522e+04
6.153653657995689719e+04
6.177649052956083324e+04
6.222926570642544539e+04
6.288883652686254936e+04
6.376053185060657415e+04
6.487128550454963988e+04
6.627625969042719225e+04
6.805873583605526073e+04
7.032083700731174031e+04
7.316433224631039775e+04
7.666338271133491071e+04
8.083408624413974758e+04
8.560811917594401166e+04
9.081858193156572815e+04
9.620455383514981077e+04
1.014368245838268776e+05
1.061617199526161858e+05
1.100545608595907688e+05
1.128709500061297585e+05
1.144840647097528417e+05
1.148996059833927429e+05
1.142459176777508983e+05
1.127431154426835128e+05
1.106598505102688650e+05
1.082682594166623458e+05
1.058065022590164590e+05
1.034548883800046315e+05
1.013273229677889030e+05
9.947605286932534364e+04
9.790533661911275703e+04
9.658895483308860275e+04
9.548711638853549084e+04
9.455973118904439616e+04
9.377463033161347266e+04
9.311069923006798490e+04
9.255684328764422389e+04
9.210820431081093557e+04
9.176117220647218346e+04
9.150860823736109887e+04
9.133641271043296729e+04
9.122219041752158955e+04
9.113631827272295777e+04
9.104522588694357546e+04
9.091621526629646542e+04
9.072276493743885658e+04
9.044909858930452901e+04
9.009292809534525441e+04
8.966570157454028958e+04
8.919029260563504067e+04
8.869667773316659441e+04
8.821658260520627664e+04
8.777821876347152283e+04
8.740208098099834751e+04
8.709842726078860869e+04
8.686666360049562354e+04
8.669652440218252013e+04
8.657073088880428986e+04
8.646870847950920870e+04
8.637089795570258866e+04
8.626316005398189009e+04
8.614073900552587293e+04
8.601124050373159116e+04
8.589612692790840811e+04
8.583035711282561533e+04
8.585999648374435492e+04
8.603787721441432950e+04
8.641767420354849310e+04
8.704705580292490777e+04
8.796083014884345175e+04
8.917517600770603167e+04
9.068403964543220354e+04
9.245852701713975694e+04
9.444961285541632969e+04
9.659380794423645420e+04
9.882074609558486554e+04
1.010611854129635030e+05
1.032538347890936857e+05
1.053497700225696899e+05
1.073138994015280769e+05
1.091237598529681854e+05
1.107666109758616512e+05
1.122361332282012590e+05
1.135299368201645266e+05
1.146486048052780825e+05
1.155963044270415994e+05
1.163823414544220286e+05
1.170226229786147305e+05
1.175399709785561427e+05
1.179626022238463484e+05
1.183207387560562493e+05
1.186420192559865682e+05
1.189468988223378983e+05
1.192453634941245400e+05
1.195359848343665653e+05
1.198076931613315246e+05
1.200438724701998872e+05
1.202277331077014242e+05
1.203476007214359124e+05
1.204008471719166992e+05
1.203956169678700680e+05
1.203501089506058779e+05
1.202897662153932906e+05
1.202431528128643986e+05
1.202374733777016081e+05
1.202946224490952154e+05
1.204283993820444739e+05
1.206431932259004825e+05
1.209341319531706104e+05
1.212884734739973646e+05
1.216879119015301840e+05
1.221114502519978996e+05
1.225384928094045463e+05
1.229517931146312185e+05
1.233398594989178673e+05
1.236984215508618654e+05
1.240306682177538605e+05
1.243462186263367767e+05
1.246591438539077790e+05
1.249857090254215582e+05
1.253427021793237509e+05
1.257471423574332293e+05
1.262177863648488419e+05
1.267782626819087163e+05
1.274610159539861488e+05
1.283107365535407444e+05
1.293857355820520024e+05
1.307558967188586976e+05
1.324964026889840025e+05
1.346773266395945975e+05
1.373502501245948952e+05
1.405340984035850561e+05
1.442030994254071848e+05
1.482799151426069147e+05
1.526364034343078092e+05
1.571031712506154436e+05
1.614873156906863151e+05
1.655959272820694314e+05
1.692615063263863558e+05
1.723647891256062721e+05
1.748507757864761807e+05
1.767349456594414078e+05
1.780984867469753372e+05
1.790734595523821772e+05
1.798207172852005751e+05
1.805047032258008257e+05
1.812696605124158959e+05
1.822212414432027435e+05
1.834161507477495179e+05
1.848606600298628910e+05
1.865170476453051378e+05
1.883156697105028725e+05
1.901697145428254444e+05
1.919897786941424129e+05
1.936960747441326675e+05
1.952270645281584584e+05
1.965443036325190624e+05
1.976340313637987128e+05
1.985063940548074024e+05
1.991931248763714975e+05
1.997441276484996779e+05
2.002229400231289328e+05
2.007007440214875969e+05
2.012486624843132740e+05
2.019285922225103423e+05
2.027836315659251122e+05
2.038299282001873944e+05
2.050521043012605514e+05
2.064040261523973895e+05
2.078155618553777749e+05
2.092044205577826651e+05
2.104907168904676219e+05
2.116110863221586915e+05
2.125292936334557889e+05
2.132412683935111272e+05
2.137739823800815793e+05
2.141790279031698592e+05
2.145227327594970993e+05
2.148749864777209878e+05
2.152987556633917848e+05
2.158417843291658792e+05
2.165314374385303527e+05
2.173731518444289977e+05
2.183524859169964038e+05
2.194402602666670573e+05
2.205997854460802046e+05
2.217948053187362966e+05
2.229967000116554555e+05
2.241897559355274716e+05
2.253738335850379081e+05
2.265643375432588800e+05
2.277898065762229962e+05
2.290876078208766703e+05
2.304982192109902389e+05
2.320585988266981149e+05
2.337953082879589056e+05
2.357183617754250881e+05
2.378170259852833697e+05
2.400587511967853352e+05
2.423919227167630452e+05
2.447522549421245931e+05
2.470716871150981751e+05
2.492879426918918034e+05
2.513527512604353251e+05
2.532371528912697395e+05
2.549331326622160268e+05
2.564517643520619022e+05
2.578187887623702409e+05
2.590689449253052007e+05
2.602403862117123499e+05
2.613702242044160666e+05
2.624917687574194861e+05
2.636334956812191522e+05
2.648192959788802546e+05
2.660692629062096239e+05
2.674002499923102441e+05
2.688257047386441263e+05
2.703547539421110996e+05
2.719909871416383539e+05
2.737316274619479082e+05
2.755676574558431166e+05
2.774850251577583258e+05
2.794665164530972252e+05
2.814935422066568863e+05
2.835471616770519176e+05
2.856081390312419389e+05
2.876564662240663311e+05
2.896712278738233144e+05
2.916316547375313821e+05
2.935196726429875707e+05
2.953234377949289628e+05
2.970406534490060876e+05
2.986802440018311609e+05
3.002613573572911555e+05
3.018095267078613397e+05
3.033507958724035998e+05
3.049053158450896153e+05
3.064821134707828751e+05
3.080763974884657655e+05
3.096700706897836062e+05
3.112353059319313033e+05
3.127403357032013009e+05
3.141561375697197509e+05
3.154625364707090775e+05
3.166524085739248549e+05
3.177331373634758638e+05
3.187251535965744406e+05
3.196581197748322738e+05
3.205658802985335933e+05
3.214815046606779797e+05
3.224335371700994438e+05
3.234440274003399536e+05
3.245282656645745155e+05
3.256956230767740053e+05
3.269506535321302363e+05
3.282936888213242055e+05
3.297204790887511335e+05
3.312208831943337573e+05
3.327770793980553863e+05
3.343621373937604367e+05
3.359399611762572895e+05
3.374674816525967908e+05
3.388995028349833447e+05
3.401958476120315026e+05
3.413296026226074900e+05
3.422946111467751907e+05
3.431101773779565119e+05
3.438213578975136625e+05
3.444941522722772788e+05
3.452061025110065821e+05
3.460339225449537626e+05
3.470405000630847062e+05
3.482637810713500949e+05
3.497096675172469695e+05
3.513502658123313449e+05
3.531278184476105380e+05
3.549636358427050291e+05
3.567704942875936977e+05
3.584664060833395342e+05
3.599874744979619281e+05
3.612977341966130771e+05
3.623944018890773878e+05
3.633077260230527027e+05
3.640955030701992800e+05
3.648331900072820717e+05
3.656012665729192086e+05
3.664719812877126387e+05
3.674977658697888255e+05
3.687033672460069065e+05
3.700831196463861852e+05
3.716038315878497669e+05
3.732126519580462482e+05
3.748482367736850865e+05
3.764528193030538969e+05
3.779825994905757252e+05
3.794143006030419492e+05
3.807467095648532268e+05
3.819972767068276298e+05
3.831950555878296727e+05
3.843720768519883277e+05
3.855554537002712023e+05
3.867620842334061745e+05
3.879969171319856541e+05
3.892546811464712373e+05
3.905240672884803498e+05
3.917928345230831765e+05
3.930522781710144482e+05
3.942998964102158789e+05
3.955397463892692467e+05
3.967806859967672499e+05
3.980332574742932920e+05
3.993062553906718967e+05
4.006039911756718066e+05
4.019249657768048928e+05
4.032622081488606636e+05
4.046050791036983719e+05
4.059420068240622641e+05
4.072634768983427784e+05
4.085646305868181516e+05
4.098469585704455385e+05
4.111187380291796871e+05
4.123940173514370108e+05
4.136901307657590369e+05
4.150239731564520625e+05
4.164075949189320672e+05
4.178440189022254199e+05
4.193243934230737505e+05
4.208275228128679446e+05
4.223223820382891572e+05
4.237734867089882609e+05
4.251481571829419117e+05
4.264240605307560181e+05
4.275951753336113761e+05
4.286746053963096347e+05
4.296933957186883199e+05
4.306954576238909503e+05
4.317296128886063234e+05
4.328403893088839250e+05
4.340594308225718560e+05
4.353992388539313688e+05
4.368505289191485499e+05
4.383838646670389571e+05
4.399554827750024269e+05
4.415163928238335066e+05
4.430230195809541037e+05
4.444470420343551668e+05
4.457819400719483383e+05
4.470443097746070125e+05
4.482692714409215259e+05
4.495009802461147192e+05
4.507808013021099032e+05
4.521365161840437213e+05
4.535756065300359624e+05
4.550842785275793285e+05
4.566319724486984778e+05
4.581794024354376015e+05
4.596873424629101646e+05
4.611236601582113653e+05
4.624672503375066444e+05
4.637089377411315218e+05
4.648504637108055758e+05
4.659029590493178112e+05
4.668858509642287390e+05
4.678263144955220050e+05
4.687586460250474047e+05
4.697226763251862139e+05
4.707606392740893643e+05
4.719125672140675015e+05
4.732109385618351516e+05
4.746756444813542184e+05
4.763102539751881268e+05
4.781001596700748778e+05
4.800127392768440186e+05
4.819994039834699943e+05
4.839993916902149795e+05
4.859452657748574857e+05
4.877700583951694425e+05
4.894156733027440496e+05
4.908415637509216904e+05
4.920320835581969586e+05
4.930006447385096690e+05
4.937891870100478409e+05
4.944624923476286349e+05
4.950982638577029575e+05
4.957751253137866734e+05
4.965612896041229833e+05
4.975063352733115316e+05
4.986374313392292825e+05
4.999599010645014350e+05
5.014607935411004000e+05
5.031135988622201257e+05
5.048825381144008716e+05
5.067257469281444210e+05
5.085976610382674844e+05
5.104515043453018880e+05
5.122427078790026717e+05
5.139334390883336309e+05
5.154975723462976166e+05
5.169248405363521306e+05
5.182228703926894232e+05
5.194163168734330102e+05
5.205431022613915848e+05
5.216484691082625068e+05
5.227779226697065751e+05
5.239701494670144166e+05
5.252508287842404097e+05
5.266281144025480608e+05
5.280905351488698507e+05
5.296080305917238584e+05
5.311365772038896102e+05
5.326262136947002728e+05
5.340313114160238765e+05
5.353209807923955377e+05
5.364870043383021839e+05
5.375469844101504423e+05
5.385415327379360097e+05
5.395259929922450101e+05
5.405588134764706483e+05
5.416896910999892280e+05
5.429506238009874942e+05
5.443520299074830255e+05
5.458844680530920159e+05
5.475247846103814663e+05
5.492442959062126465e+05
5.510162511905194260e+05
5.528203738240277162e+05
5.546434806838484947e+05
5.564765715101317037e+05
5.583098816363794031e+05
5.601278822201286675e+05
5.619060270682768896e+05
5.636103620871502208e+05
5.652002424012799747e+05
5.666336397469434887e+05
5.678740404933217214e+05
5.688977490643962519e+05
5.697004335571595002e+05
5.703018726119915955e+05
5.707480291521649342e+05
5.711097996229783166e+05
5.714781123735727742e+05
5.719555008403866086e+05
5.726448254060827894e+05
5.736363776040660450e+05
5.749950627986597829e+05
5.767496204915248090e+05
5.788858235335068312e+05
5.813452384686801815e+05
5.840303988693951396e+05
5.868161760218600975e+05
5.895658735291181365e+05
5.921494060637587681e+05
5.944602165231272811e+05
5.964276679346768651e+05
5.980226385058477754e+05
5.992557502418283839e+05
6.001695647296012612e+05
6.008275328581786016e+05
6.013029590457712766e+05
6.016705713075568201e+05
6.020017782301206607e+05
6.023630011755003361e+05
6.028153252282780595e+05
6.034135825985550182e+05
6.042038471419985872e+05
6.052196767999634612e+05
6.064785556919301162e+05
6.079802611903130310e+05
6.097081651207691757e+05
6.116331554958990309e+05
6.137186505999088986e+05
6.159247340445691952e+05
6.182100192166150082e+05
6.205311561446752166e+05
6.228412375179836527e+05
6.250890419084832538e+05
6.272207262459844351e+05
6.291844260202746373e+05
6.309368268049213802e+05
6.324498048019747948e+05
6.337151128305491293e+05
6.347457963126809336e+05
6.355741724325648975e+05
6.362472617764412425e+05
6.368211115136130247e+05
6.373553637101753848e+05
6.379088675288904924e+05
6.385364481864587869e+05
6.392864621754132677e+05
6.401986683830539696e+05
6.413021959020181093e+05
6.426137868175754556e+05
6.441367750417673960e+05
6.458612472469323548e+05
6.477655043530203402e+05
6.498184612837225432e+05
6.519822436795143876e+05
6.542141886972237844e+05
6.564678166870891582e+05
6.586930002296622843e+05
6.608362393106966047e+05
6.628423151771441335e+05
6.646583802859026473e+05
6.662407044091664720e+05
6.675630788903824287e+05
6.686247571985126706e+05
6.694553096257190919e+05
6.701142295787094627e+05
6.706844944161517778e+05
6.712610836003925651e+05
6.719369894415508024e+05
6.727899145337657537e+05
6.738724174765063217e+05
6.752070121063992847e+05
6.767862404704770306e+05
6.785766303263375303e+05
6.805250321408597520e+05
6.825660314765818184e+05
6.846295972686541500e+05
6.866484768984178081e+05
