6.804184168722932227e+05
6.780776675936258398e+05
6.758798871875494951e+05
6.738661663331047166e+05
6.720598251947691897e+05
6.704676803522036644e+05
6.690823192552002147e+05
6.678847226443119580e+05
6.668467725646608742e+05
6.659333378603728488e+05
6.651037751618176699e+05
6.643129115478397580e+05
6.635119096512052929e+05
6.626497386524825124e+05
6.616760592903181678e+05
6.605459814605501015e+05
6.592263612324752612e+05
6.577023253606825601e+05
6.559819917748341104e+05
6.540973300255410140e+05
6.520999663256556960e+05
6.500522825302386191e+05
6.480158299384425627e+05
6.460401840145626338e+05
6.441553893557341071e+05
6.423700045850945171e+05
6.406748745708700735e+05
6.390508820301356027e+05
6.374778039303306723e+05
6.359414151557834120e+05
6.344370216333023272e+05
6.329691171362247551e+05
6.315481558720291359e+05
6.301860342211850220e+05
6.288917070917926030e+05
6.276677372790160589e+05
6.265079572011275450e+05
6.253961556824254803e+05
6.243058353981903056e+05
6.232013870667578885e+05
6.220411592324413359e+05
6.207826455806172453e+05
6.193893864266998135e+05
6.178384340911110630e+05
6.161266993119996041e+05
6.142744362870489713e+05
6.123246093948251801e+05
6.103377881379765458e+05
6.083832788236256456e+05
6.065281263111359440e+05
6.048261592904805439e+05
6.033092648446488893e+05
6.019825557618910680e+05
6.008241767183288466e+05
5.997894447722213808e+05
5.988181474934528815e+05
5.978433786912418436e+05
5.968003576337503036e+05
5.956341220687300665e+05
5.943055300793780480e+05
5.927953745604704600e+05
5.911064870430786395e+05
5.892635862153014168e+05
5.873105616243194090e+05
5.853051040332281264e+05
5.833111435594920767e+05
5.813902386143846670e+05
5.795935349746241700e+05
5.779558979248445248e+05
5.764932456194730476e+05
5.752031822712464491e+05
5.740681183101371862e+05
5.730595271595801460e+05
5.721419976111124270e+05
5.712762250775580760e+05
5.704207883518601302e+05
5.695331759769552154e+05
5.685708368487879634e+05
5.674929668885157444e+05
5.662633881768642459e+05
5.648543931901968317e+05
5.632509851349167293e+05
5.614546657582384069e+05
5.594858542176969349e+05
5.573841569384727627e+05
5.552060106216862332e+05
5.530196409376671072e+05
5.508977644735898357e+05
5.489089417260094779e+05
5.471088701645755209e+05
5.455330799038246041e+05
5.441923712441326352e+05
5.430718891118500615e+05
5.421340356797215063e+05
5.413246403928521322e+05
5.405811409760080278e+05
5.398411591711244546e+05
5.390498738661009120e+05
5.381649808493024902e+05
5.371586629652197007e+05
5.360167060010776622e+05
5.347355174740523798e+05
5.333182148886775831e+05
5.317710807861612411e+05
5.301015157487225952e+05
5.283181761489741039e+05
5.264333200448408024e+05
5.244666201015518745e+05
5.224490249927853583e+05
5.204248942263376084e+05
5.184508000907915412e+05
5.165901549268946983e+05
5.149040389733840129e+05
5.134399190296857269e+05
5.122209029081812478e+05
5.112383862499151146e+05
5.104502789287663181e+05
5.097856304665360949e+05
5.091548488812481519e+05
5.084633517046744237e+05
5.076258071774333366e+05
5.065782562825704808e+05
5.052861968995619100e+05
5.037478058020836324e+05
5.019924846408520825e+05
5.000755783882424003e+05
4.980703713958917651e+05
4.960584452740961569e+05
4.941193932503147516e+05
4.923208863343610428e+05
4.907101959376641898e+05
4.893083690055231564e+05
4.881081342327847378e+05
4.870761563571324805e+05
4.861594648739672266e+05
4.852949481645150227e+05
4.844200141747156158e+05
4.834821584077878506e+05
4.824454177782848710e+05
4.812925118105102447e+05
4.800226770312634762e+05
4.786464370157930534e+05
4.771794166690862621e+05
4.756374764491196256e+05
4.740347920280621620e+05
4.723852197401313460e+05
4.707058333817714010e+05
4.690204857321614400e+05
4.673611063504770864e+05
4.657653061943715438e+05
4.642703872965167393e+05
4.629054058262367034e+05
4.616838418277970632e+05
4.605993124858345836e+05
4.596257127769777435e+05
4.587216650379949133e+05
4.578378471257628407e+05
4.569251355034543085e+05
4.559416775112547330e+05
4.548577614260955597e+05
4.536582445776180830e+05
4.523429229233649094e+05
4.509253941663730657e+05
4.494307671938400599e+05
4.478922735168228392e+05
4.463467268111024750e+05
4.448289972636933671e+05
4.433661459052245482e+05
4.419723535752999596e+05
4.406459848509983858e+05
4.393698559474457288e+05
4.381150377528291428e+05
4.368475439513853053e+05
4.355363783205766813e+05
4.341609748662811471e+05
4.327162322986944928e+05
4.312140613553699804e+05
4.296813595569326426e+05
4.281552317381674657e+05
4.266767693958498421e+05
4.252846634335717536e+05
4.240094782516913838e+05
4.228688739929889562e+05
4.218637692154040560e+05
4.209755664753972669e+05
4.201650148633737117e+05
4.193737027218459989e+05
4.185291413771903608e+05
4.175536836676932289e+05
4.163762521882035071e+05
4.149445241129681817e+05
4.132344746451608953e+05
4.112544948706165887e+05
4.090427191337030381e+05
4.066582751050201477e+05
4.041691343251660001e+05
4.016403177142376080e+05
3.991259473331230693e+05
3.966670870693881297e+05
3.942950190572094289e+05
3.920373797752130777e+05
3.899232432981083402e+05
3.879833232189149712e+05
3.862430466177452472e+05
3.847089122529461747e+05
3.833514652150549809e+05
3.820904194138919702e+05
3.807880907242375542e+05
3.792559492373360554e+05
3.772759554365911754e+05
3.746342227080712328e+05
3.711606591761431773e+05
3.667658252779954928e+05
3.614661517352156807e+05
3.553910478456241544e+05
3.487696593646684196e+05
3.418998795391002786e+05
3.351062595087409718e+05
3.286955837760089780e+05
3.229186176517551648e+05
3.179442220555334352e+05
3.138485908731892123e+05
3.106189300674257684e+05
3.081683843869838747e+05
3.063578507975587854e+05
3.050203853789056302e+05
3.039847397666510078e+05
3.030956022686323267e+05
3.022289829870848334e+05
3.013017677831356414e+05
3.002749062105467310e+05
2.991502133306740434e+05
2.979614898351564771e+05
2.967615444110080134e+05
2.956074984502327279e+05
2.945471541587250540e+05
2.936089842335676658e+05
2.927974341259476496e+05
2.920939351126264664e+05
2.914626874757224577e+05
2.908592804440380423e+05
2.902398276215734659e+05
2.895685563701742212e+05
2.888225342376528424e+05
2.879931588745951885e+05
2.870848806277132826e+05
2.861121508806583588e+05
2.850957099994389573e+05
2.840591018586741411e+05
2.830258865122261923e+05
2.820176159092091257e+05
2.810523987510561710e+05
2.801438694548158674e+05
2.793005333645635983e+05
2.785256410962092923e+05
2.778177948896132875e+05
2.771723287668609410e+05
2.765831760352663114e+05
2.760445995729347342e+05
2.755520124790925765e+05
2.751013014758609934e+05
2.746865845079662977e+05
2.742970246735892724e+05
2.739139117915589013e+05
2.735094392140171840e+05
2.730482995957455714e+05
2.724924510934601421e+05
2.718084069006479695e+05
2.709755170286290231e+05
2.699932485981633654e+05
2.688855857640113099e+05
2.677013160994358477e+05
2.665099261049501365e+05
2.653937912774832221e+05
2.644380435146850650e+05
2.637197790545800235e+05
2.632981382850403315e+05
2.632063779284193879e+05
2.634465558734019869e+05
2.639870225489371223e+05
2.647626417221206357e+05
2.656775409108503954e+05
2.666101582856326131e+05
2.674203491740294266e+05
2.679583106748382561e+05
2.680750680502258474e+05
2.676342188960294006e+05
2.665244913414400071e+05
2.646723663792184670e+05
2.620535218449194217e+05
2.587012880052253604e+05
2.547099265905108186e+05
2.502306941546617309e+05
2.454595695234325831e+05
2.406171822323738015e+05
2.359234867226372589e+05
2.315714322996412811e+05
2.277046112671717128e+05
2.244032407371809823e+05
2.216809462706178019e+05
2.194922437705373159e+05
2.177481885601761751e+05
2.163361228204747313e+05
2.151391802987579140e+05
2.140520983216827735e+05
2.129914647377666552e+05
2.119001818788202654e+05
2.107471708128612954e+05
2.095239450789007824e+05
2.082397017537180509e+05
2.069162180063025735e+05
2.055833348412706982e+05
2.042753191587495385e+05
2.030279993721198698e+05
2.018763031213612703e+05
2.008517216921932122e+05
1.999793235797811358e+05
1.992742480118119856e+05
1.987380611299471057e+05
1.983557980735072342e+05
1.980947459482225240e+05
1.979058929194692173e+05
1.977284532261153508e+05
1.974971117873167677e+05
1.971508651883754064e+05
1.966418320215081330e+05
1.959423339243235823e+05
1.950489194949145894e+05
1.939826762593525345e+05
1.927859307001146663e+05
1.915160661927809124e+05
1.902375709664302994e+05
1.890135450751495373e+05
1.878978062373991706e+05
1.869285256336286548e+05
1.861240666401328053e+05
1.854814277261515672e+05
1.849774119415029127e+05
1.845723548592240841e+05
1.842159427854346286e+05
1.838543650874539744e+05
1.834378132820910541e+05
1.829272258555299777e+05
1.822992395333524619e+05
1.815485725926946907e+05
1.806875073875396338e+05
1.797426711180274142e+05
1.787498101062428905e+05
1.777475893599015835e+05
1.767715478177988261e+05
1.758491944487011060e+05
1.749969049669101951e+05
1.742188778367029445e+05
1.735080363867759006e+05
1.728484919826685800e+05
1.722190321613596170e+05
1.715970457665323047e+05
1.709623051734202309e+05
1.703000660035420733e+05
1.696030191714292741e+05
1.688717659919612342e+05
1.681137118635197985e+05
1.673405824098736048e+05
1.665650996362396982e+05
1.657976118092793040e+05
1.650435403669406660e+05
1.643023273332333192e+05
1.635681610891131859e+05
1.628322422495831270e+05
1.620858945088730543e+05
1.613235856699361757e+05
1.605449826873833081e+05
1.597554916598580603e+05
1.589652031271111045e+05
1.581866077972989588e+05
1.574317300191996037e+05
1.567093877004650130e+05
1.560231588502584491e+05
1.553704046725094668e+05
1.547424605514611467e+05
1.541259151044813043e+05
1.535047595572198916e+05
1.528630812540096522e+05
1.521878784044435015e+05
1.514715019989978755e+05
1.507132284342577623e+05
1.499195767579153762e+05
1.491032162571545050e+05
1.482806179588218511e+05
1.474689003832615854e+05
1.466825142374681891e+05
1.459304473157596076e+05
1.452145101855857938e+05
1.445290317632791121e+05
1.438620149704716750e+05
1.431975292833076091e+05
1.425188831693000393e+05
1.418119509009103931e+05
1.410679576307090174e+05
1.402850943896758254e+05
1.394685683609287080e+05
1.386290751932722633e+05
1.377801234066823381e+05
1.369350032408780535e+05
1.361043227473921143e+05
1.352948440286032273e+05
1.345098735883464979e+05
1.337508537306639482e+05
1.330193047399747593e+05
1.323180967353192973e+05
1.316512808301502955e+05
1.310223037138483342e+05
1.304311420651055669e+05
1.298714413216107641e+05
1.293289054335280089e+05
1.287818861095484754e+05
1.282044584380181041e+05
1.275714685269457113e+05
1.268643636441867711e+05
1.260762831529709074e+05
1.252150017842737434e+05
1.243028382903605670e+05
1.233734127325603622e+05
1.224659249267413688e+05
1.216182078325947368e+05
1.208600303206368117e+05
1.202079525327321026e+05
1.196625673658806190e+05
1.192083685177675652e+05
1.188159542431146256e+05
1.184459333251231146e+05
1.180537785427803465e+05
1.175949214650165668e+05
1.170295091405963904e+05
1.163263697126061452e+05
1.154658295979087998e+05
1.144411095565400901e+05
1.132581454043911363e+05
1.119338634506270319e+05
1.104931819208245433e+05
1.089652515678573982e+05
1.073796084477365657e+05
1.057629172096375842e+05
1.041368102130857151e+05
1.025170192236706353e+05
1.009136504424275190e+05
9.933218463303791941e+04
9.777467496558176936e+04
9.624068441509432159e+04
9.472770542502470198e+04
9.323105433404931682e+04
9.174345313892282138e+04
9.025465401120245224e+04
8.875151250200327195e+04
8.721887342121715483e+04
8.564149771015341685e+04
8.400702899376853020e+04
8.230969560475794424e+04
8.055412892428915075e+04
7.875845062546868576e+04
7.695574252928631904e+04
7.519322006715521275e+04
7.352885731254509301e+04
7.202574806582706515e+04
7.074497993188195687e+04
6.973811054232055903e+04
6.904039908317469235e+04
6.866577915502362885e+04
6.860424125570792239e+04
6.882192409990903980e+04
6.926386813943384914e+04
6.985909071904406301e+04
7.052739211310357496e+04
7.118708147242691484e+04
7.176263600855966797e+04
7.219123251942198840e+04
7.242719803901713749e+04
7.244377271038727486e+04
7.223214434897540195e+04
7.179838208277116064e+04
7.115947120122464548e+04
7.033993019398170873e+04
6.937034629422675062e+04
6.828860258122203231e+04
6.714372827863605926e+04
6.600140815997855680e+04
6.494946475714138069e+04
6.410124322602149914e+04
6.359485980134949205e+04
6.358672685121992254e+04
6.423861117225276394e+04
6.569866739348749979e+04
6.807831774547090754e+04
7.142832193783686671e+04
7.571855406798397598e+04
8.082643153286706365e+04
8.653821497944630391e+04
9.256535423938118038e+04
9.857495270120816713e+04
1.042299820264281443e+05
1.092321095439493511e+05
1.133588534218645655e+05
1.164877646409838198e+05
1.186032712624275009e+05
1.197858672248966759e+05
1.201872771227000048e+05
1.199979523186342121e+05
1.194141011452762468e+05
1.186104338762984407e+05
1.177224879636819533e+05
1.168396485300428321e+05
1.160075943387092266e+05
1.152373804541912687e+05
1.145178380243845313e+05
1.138282508219195151e+05
1.131490340841037978e+05
1.124690750682682265e+05
1.117892713356621098e+05
1.111225081835315359e+05
1.104908184242950665e+05
1.099207715321602154e+05
1.094382577814433316e+05
1.090637765253524994e+05
1.088091203123945161e+05
1.086759978657498432e+05
1.086567116986885376e+05
1.087365740196984698e+05
1.088973914313835703e+05
1.091211510426739987e+05
1.093930462658411998e+05
1.097031923079158878e+05
1.100467482419246808e+05
1.104225885457409313e+05
1.108310368597742199e+05
1.112713899224890483e+05
1.117399704961033713e+05
1.122292675195236661e+05
1.127284147652292741e+05
1.132249147267206281e+05
1.137072138765538402e+05
1.141675339008857554e+05
1.146042870729327842e+05
1.150234574552720733e+05
1.154385044350883836e+05
1.158686196151963668e+05
1.163355033467838512e+05
1.168591645589498658e+05
1.174535149082417629e+05
1.181226555500731629e+05
1.188586941207701602e+05
1.196416731447350321e+05
1.204417812059823918e+05
1.212235431154203980e+05
1.219512598765369912e+05
1.225947023288830824e+05
1.231340204078255774e+05
1.235630127179327101e+05
1.238902426953608083e+05
1.241378857520347956e+05
1.243385516373909777e+05
1.245305954670864448e+05
1.247526060255984776e+05
1.250378622485886881e+05
1.254095871624329593e+05
1.258777778803872789e+05
1.264382032912274299e+05
1.270738098303271545e+05
1.277582958002829546e+05
1.284611201552550774e+05
1.291528628928114631e+05
1.298097895348319144e+05
1.304167373105175357e+05
1.309679550562519435e+05
1.314661107759860170e+05
1.319201222407533496e+05
1.323426225944709731e+05
1.327477254161004676e+05
1.331494107257511641e+05
1.335604944611738320e+05
1.339919306475180783e+05
1.344521963084540912e+05
1.349466752548946242e+05
1.354771600357310963e+05
1.360417010103085195e+05
1.366349861067076272e+05
1.372492672013735864e+05
1.378756554729815689e+05
1.385054854409554391e+05
1.391314409484462522e+05
1.397482284720787720e+05
1.403527216366912180e+05
1.409436378463376896e+05
1.415209186240947165e+05
1.420850577691226790e+05
1.426366378980791196e+05
1.431762708169287071e+05
1.437049816647697298e+05
1.442248689269878669e+05
1.447397004909710959e+05
1.452550691908153531e+05
1.457778769368469366e+05
1.463151959789026296e+05
1.468728373382829886e+05
1.474540944190999726e+05
1.480590512656498759e+05
1.486845969628998428e+05
1.493250127672728559e+05
1.499728501211349794e+05
1.506198679212518036e+05
1.512579955518318457e+05
1.518804957819593546e+05
1.524835810762746842e+05
1.530686354211930011e+05
1.536449680253555125e+05
1.542327918034269242e+05
1.548659682139229262e+05
1.555939932286196563e+05
1.564826445719178300e+05
1.576126023388609174e+05
1.590752293657262053e+05
1.609647241522962577e+05
1.633662707725931832e+05
1.663407502725170925e+05
1.699079459097627841e+05
1.740315691949614265e+05
1.786102543449259247e+05
1.834783552300810115e+05
1.884186937126667181e+05
1.931866250814506784e+05
1.975416744691455970e+05
2.012805795783688081e+05
2.042647378390994854e+05
2.064361882047230902e+05
2.078190674138648901e+05
2.085070915789804712e+05
2.086408979960047291e+05
2.083810800796204421e+05
2.078829992209071643e+05
2.072781049309850496e+05
2.066641556678226916e+05
2.061042153976167901e+05
2.056323110536628519e+05
2.052625848723740201e+05
2.049987316853541124e+05
2.048412687685864512e+05
2.047913864498507464e+05
2.048513810852668539e+05
2.050226492701330862e+05
2.053027187791178585e+05
2.056827619794747734e+05
2.061465924253865378e+05
2.066715061820728297e+05
2.072307419733065763e+05
2.077969755051489337e+05
2.083461830745492771e+05
2.088613361255281488e+05
2.093355915558862616e+05
2.097748125199334172e+05
2.101993480177737365e+05
2.106450306873547088e+05
2.111633456733971252e+05
2.118206763295895362e+05
2.126964202999532863e+05
2.138795954160784022e+05
2.154634016478201665e+05
2.175372378252002236e+05
2.201760647776287224e+05
2.234278240809190029e+05
2.273007151639995864e+05
2.317531298050117912e+05
2.366894556571404391e+05
2.419643948920617986e+05
2.473968098275033990e+05
2.527917326634784986e+05
2.579667529047956341e+05
2.627773537039353978e+05
2.671355598979161005e+05
2.710176855608052574e+05
2.744596617447369499e+05
2.775415643490934744e+05
2.803655650657564402e+05
2.830328114128917805e+05
2.856243987352901604e+05
2.881898848504785565e+05
2.907444043109074701e+05
2.932731952590188012e+05
2.957409160025754245e+05
2.981027680058121914e+05
3.003149918124523247e+05
3.023433014323265525e+05
3.041687548047451419e+05
3.057910836063915631e+05
3.072295824805463781e+05
3.085215045830410090e+05
3.097178468620252679e+05
3.108766602984157507e+05
3.120545906402784749e+05
3.132980234987398144e+05
3.146356468739756965e+05
3.160741882512835437e+05
3.175984601497378899e+05
3.191758164411106263e+05
3.207640056219822727e+05
3.223205632612662739e+05
3.238115684016909800e+05
3.252178654915090883e+05
3.265375997940355446e+05
3.277848782899982762e+05
3.289852714407928870e+05
3.301694992486581905e+05
3.313668931008595973e+05
3.326000933836649638e+05
3.338820035870005959e+05
3.352153858164547128e+05
3.365947879133804236e+05
3.380098991260443581e+05
3.394491032754846965e+05
3.409020534920155769e+05
3.423605394504126743e+05
3.438176199190847692e+05
3.452656973315484938e+05
3.466946434394869138e+05
3.480910722060407861e+05
3.494394054010934196e+05
3.507246737521247123e+05
3.519363211904673954e+05
3.530718825983918505e+05
3.541394112459075986e+05
3.551579056823657593e+05
3.561555659880060120e+05
3.571662837228878634e+05
3.582251563537589391e+05
3.593639223033247981e+05
3.606070553997763782e+05
3.619689483039737097e+05
3.634523033484857297e+05
3.650476563747740583e+05
3.667339219464207999e+05
3.684799117466902826e+05
3.702468362469787826e+05
3.719917650562638300e+05
3.736718768068107311e+05
3.752491324077704921e+05
3.766948429545005201e+05
3.779935349473991664e+05
3.791455464765365468e+05
3.801678912387408782e+05
3.810930851820433163e+05
3.819658577967886813e+05
3.828379895419676905e+05
3.837619076167389285e+05
3.847840357954099309e+05
3.859390785085901152e+05
3.872462975526076043e+05
3.887083934548930847e+05
3.903129561784585821e+05
3.920358223530916148e+05
3.938452882976596011e+05
3.957061017598715844e+05
3.975824697955359006e+05
3.994398335748942336e+05
4.012456768246084102e+05
4.029699776027684566e+05
4.045859827544916770e+05
4.060717773284068680e+05
4.074127227912932285e+05
4.086043904439209145e+05
4.096552727525037481e+05
4.105884287205536966e+05
4.114413474775864743e+05
4.122636506200450240e+05
4.131126927742431290e+05
4.140475412809429108e+05
4.151221280530832591e+05
4.163785260716903722e+05
4.178413072288767435e+05
4.195138045601308695e+05
4.213768521282243310e+05
4.233902382396174362e+05
4.254967289395588450e+05
4.276281665234649554e+05
4.297128915948078502e+05
4.316836150480717188e+05
4.334848636991168605e+05
4.350791870866516256e+05
4.364513985561991576e+05
4.376102409991321038e+05
4.385870845284642419e+05
4.394316512134967488e+05
4.402053129152887850e+05
4.409730868815387366e+05
4.417958318119987962e+05
4.427241164903171011e+05
4.437947340370569727e+05
4.450300165101103485e+05
4.464392723507269984e+05
4.480211436022432754e+05
4.497656467963241157e+05
4.516550955925875460e+05
4.536637983318321640e+05
4.557570993135237950e+05
4.578907532362893107e+05
4.600116712954504765e+05
4.620607693380881101e+05
4.639780952602266334e+05
4.657097745974650607e+05
4.672157527334204060e+05
4.684769598078846466e+05
4.695004550298826653e+05
4.703213304598705727e+05
4.710006233595407102e+05
4.716191195645705448e+05
4.722676363814878860e+05
4.730350600872652722e+05
4.739959779414810473e+05
4.752000607587005361e+05
4.766652763335685013e+05
4.783764386298749014e+05
4.802895347436879529e+05
4.823409224007846205e+05
4.844592375317814876e+05
4.865771405995642417e+05
4.886401782844925183e+05
4.906110549632080947e+05
4.924691514107607654e+05
4.942066196207282483e+05
4.958232634819223895e+05
4.973223931122703943e+05
4.987090098618515767e+05
4.999904520207165042e+05
5.011785328254433116e+05
5.022916384878073004e+05
5.033553678812482394e+05
5.044009574053723481e+05
5.054616388031888637e+05
5.065678809753086534e+05
5.077429054579162621e+05
5.089998213730468997e+05
5.103412399279672536e+05
5.117614701103235129e+05
5.132506052660834393e+05
5.147992223974312656e+05
5.164022028707871214e+05
5.180604065961654996e+05
5.197795352420193376e+05
5.215663480076146079e+05
5.234232276031304500e+05
5.253427002268019132e+05
5.273036962038106285e+05
5.292710003796640085e+05
5.311985330830434104e+05
5.330360326109465677e+05
5.347377007460595341e+05
5.362707546290711034e+05
5.376218148141568527e+05
5.387996554674111539e+05
5.398338377160534728e+05
5.407698011481891153e+05
5.416617721884826897e+05
5.425651673765868181e+05
5.435300147939980961e+05
5.445964234923999757e+05
5.457924887810051441e+05
5.471343951235575369e+05
5.486279804283794947e+05
5.502707376645895420e+05
5.520532296600169502e+05
5.539592379277719883e+05
5.559646298229952808e+05
5.580357356614549644e+05
5.601286606539348140e+05
5.621910649670069106e+05
5.641673287174126599e+05
5.660067848733264254e+05
5.676732909730691463e+05
5.691534341898973798e+05
5.704606312421966577e+05
5.716334299707938917e+05
5.727281015887764515e+05
5.738074427580098854e+05
5.749288565146672772e+05
5.761348166125908028e+05
5.774477909058631631e+05
5.788700936684064800e+05
5.803876319826127728e+05
5.819756601749872789e+05
5.836046608891683863e+05
5.852451436061641434e+05
5.868710530632196460e+05
5.884621543661062606e+05
5.900059398778518662e+05
5.914992995804647217e+05
5.929496672079254640e+05
5.943749510207212297e+05
5.958015523213652195e+05
5.972602285583897028e+05
5.987802966331004864e+05
6.003833713383915601e+05
6.020781758813140914e+05
6.038577842576316325e+05
6.057000213162495056e+05
6.075709004590421682e+05
6.094302257238924503e+05
6.112380557555900887e+05
6.129607015093575465e+05
6.145752376291601686e+05
6.160719911092573311e+05
6.174549591382987564e+05
6.187404723958271788e+05
6.199545995420190739e+05
6.211297930604408029e+05
6.223011754815191962e+05
6.235027600584790343e+05
6.247638789955038810e+05
6.261061765689520398e+05
6.275416396150627406e+05
6.290721396039016545e+05
6.306907187851683702e+05
6.323843562090981286e+05
6.341373630789807066e+05
6.359341795271160081e+05
6.377604619977934053e+05
6.396020514664732618e+05
6.414424794472802896e+05
6.432606213595898589e+05
6.450304156229629880e+05
6.467239365650074324e+05
6.483176833939921344e+05
6.498003028567482252e+05
6.511788686003800249e+05
6.524808863002752187e+05
6.537504823161250679e+05
6.550392965899133123e+05
6.563945972912076395e+05
6.578482347805191530e+05
6.594098090237040306e+05
6.610659599698943784e+05
6.627856160320162307e+05
6.645291640301705338e+05
6.662584997551961569e+05
6.679450482438319596e+05
6.695739154029925121e+05
6.711438304135568906e+05
6.726638641636178363e+05
6.741486314486310584e+05
6.756136827678242698e+05
6.770722480432868470e+05
6.785337582392051117e+05
6.800039653187210206e+05
6.814861607285827631e+05
6.829829163513215026e+05
6.844977947192260763e+05
6.860364897414405132e+05
6.876068857212641742e+05
6.892176853196267039e+05
6.908756612935086014e+05
6.925821848491561832e+05
6.943302369232416386e+05
6.961032909733239794e+05
6.978770466532852734e+05
6.996240465133624384e+05
7.013200749681011075e+05
7.029504207387688803e+05
7.045139767071898095e+05
7.060238322419823380e+05
7.075041917500954587e+05
7.089846163351454306e+05
7.104932606491030892e+05
7.120507666064243531e+05
7.136659325806575362e+05
7.153335852570791030e+05
7.170346164211395662e+05
7.187380554789395537e+05
7.204051802435513819e+05
7.219956957351457095e+05
7.234756622773917625e+05
7.248261213754686760e+05
7.260505548236623872e+05
7.271788941494942410e+05
7.282661613218702842e+05
7.293850357430633157e+05
7.306133775926702656e+05
7.320193850788954878e+05
7.336479902375852689e+05
7.355119164550490677e+05
7.375895511358425720e+05
7.398298528524182038e+05
7.421625789712864207e+05
7.445108413193954621e+05
7.468027713121678680e+05
7.489798944081227528e+05
7.510012733247631695e+05
7.528439528473399114e+05
7.545011472216990078e+05
7.559796788903510896e+05
7.572975487307987642e+05
7.584816646018164465e+05
7.595652155808696989e+05
7.605842645724167814e+05
7.615737577660442330e+05
7.625638931431601522e+05
