6.795636066320202081e+05
6.777034568967719097e+05
6.760034160517669516e+05
6.744539482280937955e+05
6.730332154479187448e+05
6.717115493427566253e+05
6.704565672160899267e+05
6.692382796303837094e+05
6.680333118480804842e+05
6.668272909625351895e+05
6.656147083282829262e+05
6.643961982274714392e+05
6.631740229791244492e+05
6.619472920396320987e+05
6.607086986327226041e+05
6.594441133722809609e+05
6.581353111530792667e+05
6.567648211646187119e+05
6.553209405625356594e+05
6.538008056907950668e+05
6.522101994094648398e+05
6.505601862538669957e+05
6.488620906161434250e+05
6.471231144565728027e+05
6.453446552293306449e+05
6.435242206642606761e+05
6.416602630544031272e+05
6.397579775948254392e+05
6.378336879783032928e+05
6.359160319221470272e+05
6.340434430438482668e+05
6.322587822778224945e+05
6.306027899490698474e+05
6.291080110206499230e+05
6.277941458145701326e+05
6.266649004472765373e+05
6.257059136729285819e+05
6.248835066076392541e+05
6.241446804520022124e+05
6.234194554244967876e+05
6.226267247429632116e+05
6.216840100393935572e+05
6.205200638828194933e+05
6.190878038792237639e+05
6.173743130947434111e+05
6.154050489749074914e+05
6.132408874379618792e+05
6.109686199022115907e+05
6.086872410922045819e+05
6.064932009145449847e+05
6.044675567518742755e+05
6.026669227213546401e+05
6.011188097786154831e+05
5.998209133893596008e+05
5.987434245072935009e+05
5.978334930625743000e+05
5.970213060576809803e+05
5.962275304724954767e+05
5.953718828142200364e+05
5.943822800138278399e+05
5.932035553725400241e+05
5.918043652075886494e+05
5.901809341554519488e+05
5.883568078551949002e+05
5.863786841618045000e+05
5.843093504116213880e+05
5.822193686785367317e+05
5.801791605890088249e+05
5.782525685759100597e+05
5.764921189952278510e+05
5.749355216333612334e+05
5.736027435200246982e+05
5.724933484289862681e+05
5.715844583258406492e+05
5.708302775318853091e+05
5.701642866068695439e+05
5.695048315649246797e+05
5.687640184356126701e+05
5.678588548159224447e+05
5.667227876530205831e+05
5.653154387928042561e+05
5.636285748573419405e+05
5.616871343076678459e+05
5.595452633344496135e+05
5.572784385445514927e+05
5.549735042810314335e+05
5.527185761280121515e+05
5.505942644865422044e+05
5.486668341856253101e+05
5.469831700872181682e+05
5.455671250702012330e+05
5.444170758466119878e+05
5.435050699441233883e+05
5.427783872956440318e+05
5.421642877905799542e+05
5.415780672574115451e+05
5.409335305541333510e+05
5.401540627240269678e+05
5.391820774038492236e+05
5.379849583264129469e+05
5.365565748831894016e+05
5.349146749146353686e+05
5.330954775159346173e+05
5.311472544271363877e+05
5.291244914541270118e+05
5.270835167425177060e+05
5.250796037584850565e+05
5.231648650821686024e+05
5.213859944821595564e+05
5.197811402691757539e+05
5.183757693143544602e+05
5.171780707005652948e+05
5.161750080855021952e+05
5.153303834710369119e+05
5.145861354728586739e+05
5.138675620502515812e+05
5.130923135419455939e+05
5.121820185064426623e+05
5.110745379904672736e+05
5.097343836376672843e+05
5.081590041817431338e+05
5.063794815981269930e+05
5.044554736887169420e+05
5.024655863047558814e+05
5.004953070138804615e+05
4.986248917272159015e+05
4.969191675527362386e+05
4.954203824849607772e+05
4.941444059878467233e+05
4.930800818639898207e+05
4.921914212198597379e+05
4.914224047133082058e+05
4.907041372716188198e+05
4.899637721138139023e+05
4.891340591051866068e+05
4.881618802625626558e+05
4.870140775215677568e+05
4.856794432432069443e+05
4.841667987858853885e+05
4.825002149083375116e+05
4.807131407730325009e+05
4.788432026948193088e+05
4.769287512835141970e+05
4.750072333557553939e+05
4.731146202036578907e+05
4.712847895862859441e+05
4.695480062439944595e+05
4.679282678705127910e+05
4.664399388574274490e+05
4.650844944181377650e+05
4.638482340252047288e+05
4.627015760230141459e+05
4.616001959418435581e+05
4.604879809659264283e+05
4.593016039885194041e+05
4.579764301870529889e+05
4.564533683398650610e+05
4.546861089932812611e+05
4.526479686573337531e+05
4.503373695485642529e+05
4.477809351957087056e+05
4.450333446681802743e+05
4.421734657602788648e+05
4.392968230282998411e+05
4.365050640704385005e+05
4.338936788876936771e+05
4.315397147361059324e+05
4.294915087003684021e+05
4.277624081009202637e+05
4.263299562755861552e+05
4.251410693392824032e+05
4.241224597206846811e+05
4.231942872425621608e+05
4.222841401898349868e+05
4.213383048758853693e+05
4.203279900790893007e+05
4.192495515328852925e+05
4.181193787324631703e+05
4.169654345459221513e+05
4.158180582134406432e+05
4.147024035770803457e+05
4.136339557212080690e+05
4.126173591652805917e+05
4.116477705756544019e+05
4.107134553253081394e+05
4.097984522820150596e+05
4.088846386510521988e+05
4.079530932803278556e+05
4.069849764111052500e+05
4.059620997181838611e+05
4.048670697832281585e+05
4.036826208788473741e+05
4.023897735129802022e+05
4.009648709149747156e+05
3.993762369895131560e+05
3.975818617148296908e+05
3.955297949810556020e+05
3.931625665383033338e+05
3.904259305957653560e+05
3.872808138843802153e+05
3.837159860331391683e+05
3.797581796250242041e+05
3.754765280091519235e+05
3.709793249689376680e+05
3.664029549180419417e+05
3.618948462773667416e+05
3.575938484470826807e+05
3.536120660731190583e+05
3.500217581422864459e+05
3.468496168364972691e+05
3.440790079579788726e+05
3.416590666777646402e+05
3.395182869081922108e+05
3.375796262744482374e+05
3.357741969338493072e+05
3.340512189531300683e+05
3.323828942050155019e+05
3.307639925658138236e+05
3.292069950285289087e+05
3.277343999088029377e+05
3.263701290198811912e+05
3.251318450172096491e+05
3.240255087975958013e+05
3.230428540370499832e+05
3.221618334102538065e+05
3.213496300637789536e+05
3.205675545228652772e+05
3.197770000636758050e+05
3.189455258089714334e+05
3.180520456543511245e+05
3.170900803548949189e+05
3.160681988862876897e+05
3.150072329120046925e+05
3.139345822766345809e+05
3.128767692235619761e+05
3.118520542329192394e+05
3.108651051166802645e+05
3.099052641293844208e+05
3.089489734263387509e+05
3.079657104267661925e+05
3.069257687197678606e+05
3.058077447945026215e+05
3.046037933493364835e+05
3.033214782295336481e+05
3.019820700404511881e+05
3.006160716564113973e+05
2.992573194077261724e+05
2.979371059099257109e+05
2.966794679564104299e+05
2.954982656270913430e+05
2.943961648494114634e+05
2.933652890963114914e+05
2.923891794382511871e+05
2.914457301434125402e+05
2.905108141993864556e+05
2.895622602408737293e+05
2.885836658036961453e+05
2.875673298562634736e+05
2.865155302391506266e+05
2.854395966527579585e+05
2.843567442759286496e+05
2.832852839722952340e+05
2.822393625571223674e+05
2.812245874082366936e+05
2.802356689525953261e+05
2.792566625610923511e+05
2.782637182791691739e+05
2.772296744204661227e+05
2.761294982289818581e+05
2.749455073721187655e+05
2.736714417162964819e+05
2.723147155842453940e+05
2.708965060013866751e+05
2.694496834521192359e+05
2.680149287866975646e+05
2.666356481026667170e+05
2.653524393592503620e+05
2.641978535435789381e+05
2.631920579371887725e+05
2.623398248942733626e+05
2.616291178161615098e+05
2.610314646648098715e+05
2.605042681929910032e+05
2.599951197069841146e+05
2.594479782269581920e+05
2.588107256857994944e+05
2.580431784283569432e+05
2.571242730012008396e+05
2.560570239297554945e+05
2.548700969079494243e+05
2.536154590427563235e+05
2.523624201924961235e+05
2.511892152091969328e+05
2.501738195324735134e+05
2.493857475703936361e+05
2.488801309593850747e+05
2.486945752010383294e+05
2.488484360192213499e+05
2.493435371616165794e+05
2.501651576381133636e+05
2.512823668158764776e+05
2.526473439960996911e+05
2.541939695395273156e+05
2.558365123698969546e+05
2.574695294325095310e+05
2.589700856922127423e+05
2.602031115781248664e+05
2.610301904857445043e+05
2.613213917492736364e+05
2.609690418523380940e+05
2.599016906527168758e+05
2.580961196863627993e+05
2.555851745219418372e+05
2.524595503090836864e+05
2.488624151975917921e+05
2.449768342170614924e+05
2.410071879121549136e+05
2.371569291073216591e+05
2.336058235187226092e+05
2.304900523807920399e+05
2.278881161916457640e+05
2.258144449975340103e+05
2.242212445578802435e+05
2.230077409955623152e+05
2.220349571139108157e+05
2.211436487736727286e+05
2.201730405564138491e+05
2.189783526415128727e+05
2.174455688164654712e+05
2.155022802908705489e+05
2.131237109527767170e+05
2.103332846117294393e+05
2.071974914919543371e+05
2.038154525764862192e+05
2.003044233402555692e+05
1.967833190702660359e+05
1.933568918172741542e+05
1.901031968630789197e+05
1.870663718185154139e+05
1.842556468103872903e+05
1.816502123795196239e+05
1.792084478191972885e+05
1.768793328431551345e+05
1.746137412784734624e+05
1.723736846632294764e+05
1.701382565284875454e+05
1.679058115556105331e+05
1.656926208508460841e+05
1.635287675390455115e+05
1.614523444638931251e+05
1.595030926112080924e+05
1.577165059418907040e+05
1.561191734720052336e+05
1.547257948612227628e+05
1.535379637158871337e+05
1.525445332579549286e+05
1.517232110202557524e+05
1.510429848606673186e+05
1.504670335082129168e+05
1.499558659834879509e+05
1.494705091797187051e+05
1.489755885334316990e+05
1.484421243116438854e+05
1.478498240537955717e+05
1.471886266041786293e+05
1.464592710906235152e+05
1.456727336881600204e+05
1.448484913100759732e+05
1.440117237640712701e+05
1.431897386498625565e+05
1.424080693032837007e+05
1.416868126421543420e+05
1.410377909774300351e+05
1.404630061750395398e+05
1.399546146445577906e+05
1.394963475209278404e+05
1.390660245005731122e+05
1.386386464373001945e+05
1.381895378930586157e+05
1.376971211926433316e+05
1.371450696715501836e+05
1.365237377108815126e+05
1.358308590238948236e+05
1.350715461179273261e+05
1.342576435062232777e+05
1.334065135245906131e+05
1.325393722169018874e+05
1.316793273559672816e+05
1.308492812407040910e+05
1.300698438244022691e+05
1.293573755152771046e+05
1.287222711396573868e+05
1.281676209799797361e+05
1.276884268384402967e+05
1.272715720929172094e+05
1.268967047076704621e+05
1.265380761810954136e+05
1.261672104296612233e+05
1.257561064411831758e+05
1.252805626090099540e+05
1.247231820881414169e+05
1.240756757828371774e+05
1.233401923526739847e+05
1.225295315615242871e+05
1.216662053425587656e+05
1.207803881767315179e+05
1.199068570167981961e+05
1.190810903977028938e+05
1.183348068624054722e+05
1.176913840103986295e+05
1.171617819689177122e+05
1.167417278342571808e+05
1.164109091931037256e+05
1.161347048991508636e+05
1.158685444129593379e+05
1.155644146598366642e+05
1.151784781387070252e+05
1.146784009533300850e+05
1.140489433075640263e+05
1.132946723597565142e+05
1.124392445737324306e+05
1.115214164659731177e+05
1.105885954125448770e+05
1.096891826704498526e+05
1.088651077116626402e+05
1.081458099666002672e+05
1.075445635896004387e+05
1.070575697321935586e+05
1.066657630146360025e+05
1.063388698963926581e+05
1.060409566712994274e+05
1.057365284603745095e+05
1.053961927926087374e+05
1.050009876578515541e+05
1.045446977348764485e+05
1.040338315581236093e+05
1.034853635958735686e+05
1.029227802666506759e+05
1.023713080519789073e+05
1.018533537473125907e+05
1.013851031371840945e+05
1.009749224401084502e+05
1.006237686082185828e+05
1.003273582839039882e+05
1.000794820905897650e+05
9.987564591215159453e+04
9.971617733246822900e+04
9.960801202489332354e+04
9.956452463848560001e+04
9.960297795213028439e+04
9.973946514173838659e+04
9.998166502724241582e+04
1.003203343775771064e+05
1.007211454296809388e+05
1.011190444561060576e+05
1.014174839950887836e+05
1.014944142399223492e+05
1.012157062001548766e+05
1.004548747520026227e+05
9.911600563559653529e+04
9.715528046032655402e+04
9.459603076326496375e+04
9.153316738275247917e+04
8.812501796721928986e+04
8.457350007551135786e+04
8.109631295602412138e+04
7.789662274169617740e+04
7.513605024802219123e+04
7.291565924541985441e+04
7.126756061475344177e+04
7.015740408728775219e+04
6.949607317997387145e+04
6.915769626887222694e+04
6.900066356428714062e+04
6.888848757196460792e+04
6.870780237770243548e+04
6.838139941484267183e+04
6.787491642841695284e+04
6.719667612024312257e+04
6.639121452802402200e+04
6.552812847533752938e+04
6.468877056928351521e+04
6.395376002643381798e+04
6.339407200385140459e+04
6.306759944250858825e+04
6.302171415920818254e+04
6.330077943196099659e+04
6.395611783076374559e+04
6.505492238658465067e+04
6.668426751436054474e+04
6.894691597316107072e+04
7.194712462675914867e+04
7.576704820360751182e+04
8.043727005626028404e+04
8.590775788061825733e+04
9.202721032328136789e+04
9.853842847609036835e+04
1.050945707198869786e+05
1.112962967011123401e+05
1.167441273007696436e+05
1.210956455440465943e+05
1.241151316371216235e+05
1.257047305888662959e+05
1.259109136995093286e+05
1.249062960847829527e+05
1.229527556608951709e+05
1.203554903870572161e+05
1.174183036781070987e+05
1.144083019958231307e+05
1.115344446381073212e+05
1.089404017440670723e+05
1.067090801896647899e+05
1.048745220599567110e+05
1.034366458137854788e+05
1.023750972629870666e+05
1.016598049731107603e+05
1.012572609897362127e+05
1.011327797927115753e+05
1.012498606122253696e+05
1.015682180831761507e+05
1.020420522377098532e+05
1.026197658438337676e+05
1.032457307132199639e+05
1.038640198557304393e+05
1.044234262105802045e+05
1.048827102487202064e+05
1.052149232251349749e+05
1.054098365275128599e+05
1.054739098133566440e+05
1.054277536316780170e+05
1.053015708455912245e+05
1.051294815441512474e+05
1.049438549509945879e+05
1.047707366163828119e+05
1.046271749583586061e+05
1.045207858642657666e+05
1.044513658418665291e+05
1.044139116148348694e+05
1.044021456868670211e+05
1.044116449575249862e+05
1.044419072790473292e+05
1.044970802301640797e+05
1.045854850113380526e+05
1.047183654284055810e+05
1.049083936513326480e+05
1.051683628100761271e+05
1.055102593733380199e+05
1.059446496891212300e+05
1.064801474424024636e+05
1.071227170489505224e+05
1.078747056854880502e+05
1.087337134467416181e+05
1.096916067385200149e+05
1.107340673652634432e+05
1.118410080362734152e+05
1.129879907617610443e+05
1.141485206105164398e+05
1.152968377331442316e+05
1.164106735036277532e+05
1.174734218312214944e+05
1.184753122518298915e+05
1.194134209511751542e+05
1.202906470195741858e+05
1.211140252930845891e+05
1.218928667831471394e+05
1.226371749980508757e+05
1.233566004037967796e+05
1.240599394658512174e+05
1.247549624048458063e+05
1.254482573428918258e+05
1.261448491562169220e+05
1.268475578253444255e+05
1.275563092048200924e+05
1.282677827644880163e+05
1.289757857573136862e+05
1.296725599628656200e+05
1.303509132849158923e+05
1.310067366428797686e+05
1.316412386862181011e+05
1.322621931018126488e+05
1.328836702421571536e+05
1.335240777545250312e+05
1.342027774820030609e+05
1.349359661005058151e+05
1.357327893532002345e+05
1.365927093926116358e+05
1.375049145774607314e+05
1.384500781484002073e+05
1.394041490267694462e+05
1.403432740002804785e+05
1.412485998805817217e+05
1.421097240323416481e+05
1.429259709209708089e+05
1.437053509267570917e+05
1.444617813040433102e+05
1.452116698349056242e+05
1.459711025336630410e+05
1.467546007742527290e+05
1.475758358873135585e+05
1.484500275759279903e+05
1.493972325224739325e+05
1.504454946137433290e+05
1.516328906609972764e+05
1.530077648640505504e+05
1.546267609072349733e+05
1.565505369602390565e+05
1.588372835851384152e+05
1.615344297637218842e+05
1.646692900392902375e+05
1.682398639785447740e+05
1.722074139971358236e+05
1.764926047716846515e+05
1.809766979719403898e+05
1.855085113087528152e+05
1.899167211242139165e+05
1.940259247622299881e+05
1.976740359944072261e+05
2.007283140294616169e+05
2.030976747551133449e+05
2.047397498738637660e+05
2.056621751307253435e+05
2.059185341542437673e+05
2.056000838529828179e+05
2.048247822233555489e+05
2.037252518315596390e+05
2.024371896552266262e+05
2.010894197655202006e+05
1.997963287682328082e+05
1.986529070741501928e+05
1.977321617709439597e+05
1.970843893938229303e+05
1.967377581037115597e+05
1.966998046080121712e+05
1.969596707331514626e+05
1.974910424125649733e+05
1.982557345763562771e+05
1.992077245706923131e+05
2.002972896690468770e+05
2.014748639281494543e+05
2.026943295667829516e+05
2.039156325671733939e+05
2.051067465749870462e+05
2.062450234959196532e+05
2.073178776664882898e+05
2.083226544888264616e+05
2.092655523740104400e+05
2.101596466874684556e+05
2.110223378311028064e+05
2.118727582470543566e+05
2.127296770451807824e+05
2.136101942133074044e+05
2.145291254245253513e+05
2.154986504750113236e+05
2.165277254567528144e+05
2.176210009578184981e+05
2.187774283584881341e+05
2.199891364982789382e+05
2.212412954083997174e+05
2.225134633616846404e+05
2.237824330133970070e+05
2.250260725267275702e+05
2.262273216004614660e+05
2.273774652769060049e+05
2.284780411589551368e+05
2.295411126282729674e+05
2.305880254111740796e+05
2.316470710048197070e+05
2.327506751174344972e+05
2.339327961736049911e+05
2.352271294525151607e+05
2.366664394290434429e+05
2.382829100907754037e+05
2.401089244740765716e+05
2.421773485430799192e+05
2.445203832952993980e+05
2.471664368982084561e+05
2.501351596989519894e+05
2.534315342381486553e+05
2.570404266674971150e+05
2.609230737053428602e+05
2.650165662827866036e+05
2.692366560806472553e+05
2.734834351393819088e+05
2.776489001959683956e+05
2.816252664741678163e+05
2.853131066297991201e+05
2.886287652685959474e+05
2.915107912727930816e+05
2.939251758770510787e+05
2.958689953680618783e+05
2.973718123571556644e+05
2.984941301830590237e+05
2.993224801312044146e+05
2.999613271141868900e+05
3.005227033378191991e+05
3.011150431702622445e+05
3.018328842849338544e+05
3.027488723647225415e+05
3.039089785390614416e+05
3.053312152875420288e+05
3.070075993369516218e+05
3.089087445251778117e+05
3.109902593801660696e+05
3.132000116296660271e+05
3.154852618320983020e+05
3.177986730285563972e+05
3.201023306987823453e+05
3.223692157052571420e+05
3.245820683634922607e+05
3.267301862225125660e+05
3.288052552136231097e+05
3.307976333139942144e+05
3.326944336728067137e+05
3.344802437333647977e+05
3.361404729270281387e+05
3.376663905146945035e+05
3.390602145752375945e+05
3.403384168942222605e+05
3.415318316964519909e+05
3.426820913748107851e+05
3.438350536734822672e+05
3.450328380453582504e+05
3.463065247766632820e+05
3.476713528797061881e+05
3.491254849496771931e+05
3.506523770164180314e+05
3.522258463451567804e+05
3.538163438534537563e+05
3.553968276463563088e+05
3.569469548455423210e+05
3.584549063976708567e+05
3.599168440449964837e+05
3.613345993715416407e+05
3.627125850475981133e+05
3.640550222181684221e+05
3.653643771640655468e+05
3.666414456307289074e+05
3.678869378521903418e+05
3.691038760329381912e+05
3.702997953487474588e+05
3.714877553339586011e+05
3.726855290431000176e+05
3.739129332319002715e+05
3.751879000605279580e+05
3.765223550440334366e+05
3.779190954632096109e+05
3.793706075575347058e+05
3.808602023857531021e+05
3.823651799541921355e+05
3.838611781093498576e+05
3.853266055715732509e+05
3.867461570563827408e+05
3.881127873743019300e+05
3.894280142419654294e+05
3.907008466966992710e+05
3.919458750460463925e+05
3.931810752448750427e+05
3.944257198810062837e+05
3.956985412291462999e+05
3.970160672724625911e+05
3.983909481480804388e+05
3.998301686036539613e+05
4.013332889758639503e+05
4.028911661478476017e+05
4.044858002560056630e+05
4.060918666951148189e+05
4.076800761068691500e+05
4.092218857493813848e+05
4.106945333149408689e+05
4.120851544020369765e+05
4.133929994994672015e+05
4.146293727497959626e+05
4.158155832620842266e+05
4.169796313606784097e+05
4.181524098982452415e+05
4.193639731357572600e+05
4.206401435463312082e+05
4.219995951587475720e+05
4.234516144976466312e+05
4.249948679968828801e+05
4.266175094269676483e+05
4.282987444866908481e+05
4.300116035948443459e+05
4.317263517496472923e+05
4.334138669335333980e+05
4.350484885397629114e+05
4.366101513149063103e+05
4.380858759879198042e+05
4.394707429180228501e+05
4.407683424831992597e+05
4.419905292327292846e+05
4.431562881534720073e+05
4.442897265326589695e+05
4.454175378156371298e+05
4.465665278839677339e+05
4.477617520811870345e+05
4.490254473585290252e+05
4.503764343270881218e+05
4.518293138399041491e+05
4.533928484166808776e+05
4.550674387791861081e+05
4.568423462744941353e+05
4.586938739590056939e+05
4.605857554969142075e+05
4.624724211359593319e+05
4.643048464487050660e+05
4.660377798265109304e+05
4.676366931840282632e+05
4.690829616569144418e+05
4.703763933789992006e+05
4.715349506290675490e+05
4.725920154882924980e+05
4.735917587034579483e+05
4.745832049502685550e+05
4.756136716791198123e+05
4.767224939640659140e+05
4.779362062895757845e+05
4.792663456746957381e+05
4.807105329909740831e+05
4.822565119042570586e+05
4.838877376825665124e+05
4.855884450775471050e+05
4.873462964792812709e+05
4.891517431777901365e+05
4.909947005343834171e+05
4.928603640767472098e+05
4.947263931570565910e+05
4.965630775586126838e+05
4.983367891519542318e+05
5.000156371259322623e+05
5.015754153750647674e+05
5.030039658013641601e+05
5.043028607807310764e+05
5.054863878739487263e+05
5.065786885141573148e+05
5.076102339260394219e+05
5.086145988765411894e+05
5.096259602640791563e+05
5.106772374867133331e+05
5.117985456293883035e+05
5.130156935110017657e+05
5.143486900351842633e+05
5.158104221927214530e+05
5.174057028126561199e+05
5.191307647969541140e+05
5.209731290319671971e+05
5.229117415353948018e+05
5.249174157806308940e+05
5.269538432985929539e+05
5.289795723895215197e+05
5.309512456060495460e+05
5.328280063187925844e+05
5.345764718351801857e+05
5.361752633303346811e+05
5.376179931160486303e+05
5.389139103190250462e+05
5.400859952101866947e+05
5.411669517389254179e+05
5.421940523914010264e+05
5.432040038358238526e+05
5.442289109167613788e+05
5.452940896058850922e+05
5.464180080323256552e+05
5.476140967110835481e+05
5.488936411557153333e+05
5.502685631895104889e+05
5.517527657644476276e+05
5.533610049443549942e+05
5.551049981311958982e+05
5.569875231776762521e+05
5.589962619838987011e+05
5.610996739247115329e+05
5.632469430196260801e+05
5.653730025891808327e+05
5.674081065405062400e+05
5.692899177522527752e+05
5.709751642546779476e+05
5.724479061280458700e+05
5.737223550046646269e+05
5.748396680154177593e+05
5.758596973591099959e+05
5.768498353646588512e+05
5.778735588690976147e+05
5.789810110348711023e+05
5.802031581896563293e+05
5.815500449344736990e+05
5.830127611474791775e+05
5.845681398081326624e+05
5.861849774628580781e+05
5.878306236624018056e+05
5.894769703523068456e+05
5.911050618356545456e+05
5.927077066949171713e+05
5.942896660521766171e+05
5.958653126146424329e+05
5.974541386992183980e+05
5.990750512004430639e+05
6.007408235471117077e+05
6.024541503782736836e+05
6.042063480264691170e+05
6.059789456511093304e+05
6.077475034476387082e+05
6.094863465158839244e+05
6.111727906099809334e+05
6.127898898508960847e+05
6.143275158734350698e+05
6.157822894767057151e+05
6.171571889892893378e+05
6.184614442767640576e+05
6.197107619976343121e+05
6.209273623236628482e+05
6.221390670675459551e+05
6.233769021801155759e+05
6.246712577761079883e+05
6.260473108540673275e+05
6.275208610256850952e+05
6.290957667169125052e+05
6.307637742774315411e+05
6.325068339738582727e+05
6.343012220235655550e+05
6.361221974252659129e+05
6.379477430368791102e+05
6.397602891496757511e+05
6.415461307660096791e+05
6.432932555782799609e+05
6.449890839272878366e+05
6.466197899350707885e+05
6.481722507550761802e+05
6.496384392017395003e+05
6.510207404655045830e+05
6.523358619844582863e+05
6.536151642452405067e+05
6.549003996967111016e+05
6.562355721737600397e+05
6.576571995261552511e+05
6.591859971299719764e+05
6.608225740522252163e+05
6.625483254359049024e+05
6.643309101709281094e+05
6.661322580102561042e+05
6.679164990218982566e+05
6.696556752631675918e+05
6.713322638588454574e+05
6.729388384289541282e+05
6.744760749609550694e+05
6.759504893660998205e+05
6.773728506027391413e+05
6.787574786035355646e+05
6.801220027257695328e+05
6.814868847255946603e+05
6.828741414160543354e+05
6.843050951192093780e+05
6.857974247795696137e+05
6.873621183125260286e+05
6.890010602822261862e+05
6.907059289925899357e+05
6.924588593302248046e+05
6.942349935823734850e+05
6.960066389998227824e+05
6.977483462812203215e+05
6.994419113710151287e+05
7.010801836383191403e+05
7.026687057347658556e+05
7.042246206391102169e+05
7.057728902216939023e+05
7.073405397823667154e+05
7.089501940114533063e+05
7.106144202246540226e+05
7.123322231441857293e+05
7.140884491878938861e+05
7.158560331696862122e+05
7.176002669795763213e+05
7.192839069073878927e+05
7.208721170882206643e+05
7.223368382255723700e+05
7.236607848327092361e+05
7.248414684288667049e+05
7.258951998593250755e+05
7.268601304827125277e+05
7.277965989099445287e+05
7.287829804943158524e+05
7.299062100544947898e+05
7.312479342991835438e+05
7.328691204289982561e+05
7.347970171389833558e+05
7.370180518149851123e+05
7.394785940583597403e+05
7.420931858501360985e+05
7.447577973916641204e+05
7.473647019500376191e+05
7.498159072197630303e+05
7.520333404311392223e+05
7.539653913759191055e+05
7.555902670407702681e+05
7.569166392502026865e+05
7.579815586038797628e+05
7.588451895900985692e+05
7.595821517232069746e+05
7.602702540465551428e+05
7.609787589592153672e+05
7.617592367026561406e+05
