6.127230378623082070e+05
6.115253282138870563e+05
6.103498546183226863e+05
6.091400872111404315e+05
6.078513185753602302e+05
6.064613110146912513e+05
6.049739889270474669e+05
6.034158735569199780e+05
6.018274449084571097e+05
6.002529264600973111e+05
5.987317150311535224e+05
5.972931865491312928e+05
5.959547885862538824e+05
5.947221002908084774e+05
5.935893810402293457e+05
5.925398938164487481e+05
5.915463580532463966e+05
5.905725520749960560e+05
5.895769417766750557e+05
5.885183466828950914e+05
5.873625592022044584e+05
5.860881147531148745e+05
5.846894659821919631e+05
5.831766384381038370e+05
5.815716575801048893e+05
5.799030922988610109e+05
5.782005188349307282e+05
5.764904328901884146e+05
5.747943235342485132e+05
5.731286779390481533e+05
5.715060256761919009e+05
5.699359949309652438e+05
5.684257213651527418e+05
5.669795811592940008e+05
5.655987723006618908e+05
5.642814586761324899e+05
5.630239171831049025e+05
5.618225141111240955e+05
5.606756876289163483e+05
5.595847805679767625e+05
5.585527877521810587e+05
5.575808468030076474e+05
5.566633326694007264e+05
5.557832685794736026e+05
5.549100231115798233e+05
5.540007396441421006e+05
5.530057933292544913e+05
5.518772291193082929e+05
5.505781277725487016e+05
5.490905460503877839e+05
5.474201360644744709e+05
5.455965074042214546e+05
5.436694446129930438e+05
5.417018920335181756e+05
5.397610419505570317e+05
5.379089869084387319e+05
5.361943653583987616e+05
5.346463014934012899e+05
5.332716507728153374e+05
5.320560162617280148e+05
5.309682180159839336e+05
5.299670880948668346e+05
5.290089471392587293e+05
5.280541343326080823e+05
5.270715025521102361e+05
5.260405805863174610e+05
5.249517612620511791e+05
5.238051358711266075e+05
5.226084687389435130e+05
5.213745364753118483e+05
5.201179408831240144e+05
5.188516778514002799e+05
5.175840861426062183e+05
5.163170176945655257e+05
5.150459061395765166e+05
5.137618263571439893e+05
5.124548708823647466e+05
5.111176040851987782e+05
5.097473060912027722e+05
5.083462432399758254e+05
5.069200628117829328e+05
5.054751999794182484e+05
5.040165435988549143e+05
5.025463995858086273e+05
5.010651562228797702e+05
4.995733134170082049e+05
4.980740109395171748e+05
4.965750572958970442e+05
4.950897027046342264e+05
4.936358553506347816e+05
4.922339122639047564e+05
4.909037220012763282e+05
4.896613590752597083e+05
4.885163768944339245e+05
4.874700489269034006e+05
4.865148448172253557e+05
4.856350719301126665e+05
4.848083254562109360e+05
4.840072343921295833e+05
4.832010460679728421e+05
4.823568594583963277e+05
4.814406922459947527e+05
4.804188683383747120e+05
4.792602692955823732e+05
4.779397336621865397e+05
4.764423887711072457e+05
4.747681543929517502e+05
4.729352884965638514e+05
4.709818029199577286e+05
4.689638863169543329e+05
4.669510450783013366e+05
4.650183624819855904e+05
4.632369296204278362e+05
4.616639872870873660e+05
4.603345285551685374e+05
4.592559701956348727e+05
4.584069883674664889e+05
4.577408059588643955e+05
4.571922972653324832e+05
4.566874865684385295e+05
4.561535848625011276e+05
4.555277462232466787e+05
4.547631902246126556e+05
4.538320589557273197e+05
4.527251349951338489e+05
4.514491511057980242e+05
4.500227656257849885e+05
4.484723342749775620e+05
4.468284090881689335e+05
4.451234978377665975e+05
4.433911072167811217e+05
4.416655889072982827e+05
4.399819590997290215e+05
4.383748129297327250e+05
4.368757773112009163e+05
4.355095754113827716e+05
4.342895016504227533e+05
4.332136304496274097e+05
4.322631482545443578e+05
4.314037214891296462e+05
4.305899436508839717e+05
4.297719796064671827e+05
4.289029166496869293e+05
4.279452679347270750e+05
4.268755254709179862e+05
4.256863620756641030e+05
4.243866816951039946e+05
4.229999687645824160e+05
4.215612798004384385e+05
4.201129716221367707e+05
4.186991716660380480e+05
4.173592566979184630e+05
4.161211627408032655e+05
4.149959110826360993e+05
4.139749257833405863e+05
4.130312857016770868e+05
4.121250349181959173e+05
4.112114144823657698e+05
4.102498886804551585e+05
4.092115615252484567e+05
4.080831613112255000e+05
4.068669799271505908e+05
4.055774774566598935e+05
4.042361566684884601e+05
4.028664630047687097e+05
4.014899331175669795e+05
4.001239719980639638e+05
3.987809483341389569e+05
3.974680561832815292e+05
3.961875869405451813e+05
3.949376198651518789e+05
3.937133429498107871e+05
3.925090834683857393e+05
3.913207361151985242e+05
3.901478874183445587e+05
3.889948163815006264e+05
3.878698124605292687e+05
3.867827891674663988e+05
3.857417450699068140e+05
3.847490024125466589e+05
3.837982282783959527e+05
3.828730489686096553e+05
3.819477191165303811e+05
3.809899085857780301e+05
3.799652748834763188e+05
3.788431159620359540e+05
3.776020866671809927e+05
3.762347989286917145e+05
3.747502177796821343e+05
3.731731659978205571e+05
3.715408955864933087e+05
3.698973876709788456e+05
3.682865617864615633e+05
3.667457216061063227e+05
3.653002902236245573e+05
3.639603167347193812e+05
3.627186108777844347e+05
3.615499508268965292e+05
3.604107939056659816e+05
3.592393222585968906e+05
3.579563108942848048e+05
3.564679048054964514e+05
3.546715843473828281e+05
3.524661346318190335e+05
3.497653043670592015e+05
3.465133355257310905e+05
3.426992072971829912e+05
3.383658644782848423e+05
3.336112917339975247e+05
3.285800397386632394e+05
3.234462298760543927e+05
3.183913697757900227e+05
3.135817037890157080e+05
3.091498199510551058e+05
3.051838694142784807e+05
3.017255427742010215e+05
2.987756652974564931e+05
2.963046372851190390e+05
2.942643574385030079e+05
2.925987116991945659e+05
2.912508381675881101e+05
2.901667004543900257e+05
2.892955919852904044e+05
2.885888198689410347e+05
2.879979560942017124e+05
2.874738135159017402e+05
2.869668651737990440e+05
2.864293127968737972e+05
2.858185146051376360e+05
2.851010705134532764e+05
2.842566020856507821e+05
2.832802239102303283e+05
2.821829239390023286e+05
2.809895286257480620e+05
2.797345165416952805e+05
2.784564911804251024e+05
2.771924543861385901e+05
2.759730242897576536e+05
2.748194154653967125e+05
2.737424599713598727e+05
2.727433856836142950e+05
2.718156745712620323e+05
2.709472191820279695e+05
2.701221854533657897e+05
2.693223633074491518e+05
2.685281639895642293e+05
2.677196331180361449e+05
2.668778020249336259e+05
2.659864317616114859e+05
2.650338573649761383e+05
2.640143991714915028e+05
2.629288089411857654e+05
2.617834803023130225e+05
2.605885676164420438e+05
2.593555438433207455e+05
2.580949210265487782e+05
2.568147824156951392e+05
2.555204745430437615e+05
2.542154060097389447e+05
2.529025432249877485e+05
2.515859917402161518e+05
2.502720520961988368e+05
2.489693278030314541e+05
2.476877816901444749e+05
2.464369960515805869e+05
2.452241845413375704e+05
2.440526260124047985e+05
2.429210776312501403e+05
2.418243888567201793e+05
2.407550856189656770e+05
2.397053006122826482e+05
2.386682676252606034e+05
2.376387698219605954e+05
2.366123897697643260e+05
2.355839742191680998e+05
2.345461558568183391e+05
2.334888652532890555e+05
2.324004507056261064e+05
2.312704034383609833e+05
2.300929957491411769e+05
2.288706556099519075e+05
2.276158296228791005e+05
2.263504827366124664e+05
2.251031266564446851e+05
2.239041002926150686e+05
2.227804381637319748e+05
2.217518156337541586e+05
2.208286767575782142e+05
2.200128632030288572e+05
2.193001746984205383e+05
2.186836628970810852e+05
2.181563547229507531e+05
2.177125594157138839e+05
2.173477230725467671e+05
2.170575767016279860e+05
2.168377068007219059e+05
2.166844728464616346e+05
2.165974898296048050e+05
2.165830051873502962e+05
2.166568288431950205e+05
2.168453213856522925e+05
2.171833803978490760e+05
2.177092197426115163e+05
2.184566932881712855e+05
2.194466466564411821e+05
2.206790739827733196e+05
2.221276655640781682e+05
2.237377638574782468e+05
2.254279981705154059e+05
2.270951585364704370e+05
2.286213689073937421e+05
2.298824196307990060e+05
2.307562152191782079e+05
2.311305972901086498e+05
2.309101737750936591e+05
2.300220800558885967e+05
2.284207189765340881e+05
2.260914594517163932e+05
2.230530852568644041e+05
2.193585943783420662e+05
2.150938712959686527e+05
2.103738575440934219e+05
2.053361269120322831e+05
2.001321651076694252e+05
1.949170603972735407e+05
1.898386325567718304e+05
1.850271889833981404e+05
1.805870640833437792e+05
1.765908771308856667e+05
1.730770774640072777e+05
1.700509036826296942e+05
1.674884457365704875e+05
1.653431363950152590e+05
1.635537557840887748e+05
1.620529207453300187e+05
1.607750371800262365e+05
1.596628007699215086e+05
1.586715319983372174e+05
1.577709266757411533e+05
1.569441852158716356e+05
1.561849126132068923e+05
1.554925763724903518e+05
1.548675699323640438e+05
1.543069701965627319e+05
1.538018718635762343e+05
1.533367744049537287e+05
1.528909962966752064e+05
1.524416260473447619e+05
1.519672039304285427e+05
1.514512276110054809e+05
1.508846944975214137e+05
1.502671836303228338e+05
1.496063520712635072e+05
1.489160745268442843e+05
1.482137062797927356e+05
1.475170545687988924e+05
1.468416076334061509e+05
1.461984376045225072e+05
1.455930205764244020e+05
1.450250490185589879e+05
1.444891667063059867e+05
1.439764330084779940e+05
1.434762183048847073e+05
1.429781566628434230e+05
1.424737630637871625e+05
1.419573889410143602e+05
1.414263486466054746e+05
1.408802714069775830e+05
1.403199560771657561e+05
1.397461559698206256e+05
1.391587426131998654e+05
1.385565756294121966e+05
1.379381734788365429e+05
1.373030057316056336e+05
1.366529956991849758e+05
1.359937061000032991e+05
1.353347209472946706e+05
1.346889290228200553e+05
1.340707061506868631e+05
1.334933005058227573e+05
1.329659580830161576e+05
1.324914216244163981e+05
1.320643808285927516e+05
1.316712764629643934e+05
1.312916225564164051e+05
1.309007601652828307e+05
1.304737203083326749e+05
1.299896602515535051e+05
1.294361573875582399e+05
1.288125340457323036e+05
1.281314046821930970e+05
1.274178413433511887e+05
1.267059583920519508e+05
1.260332658013648179e+05
1.254337049610604881e+05
1.249307011442352959e+05
1.245317018397270003e+05
1.242254494238398038e+05
1.239826878125866060e+05
1.237602505603957979e+05
1.235077142915322474e+05
1.231752334986891365e+05
1.227209604053738294e+05
1.221166538543860079e+05
1.213506219759861560e+05
1.204278426160057716e+05
1.193677357052572916e+05
1.182004372651857993e+05
1.169624730320006784e+05
1.156925122746176930e+05
1.144275548989591771e+05
1.131996371701911994e+05
1.120330389870473591e+05
1.109420417536785098e+05
1.099294369197312189e+05
1.089861048497152224e+05
1.080919817233415961e+05
1.072185795341580815e+05
1.063329536156698450e+05
1.054026951990086818e+05
1.044012461750627699e+05
1.033126630598825432e+05
1.021349494328494329e+05
1.008812531058047753e+05
9.957856987784718513e+04
9.826405129029018281e+04
9.697948517212129082e+04
9.576489636386993516e+04
9.465240755952890322e+04
9.366145630138307752e+04
9.279619131812859268e+04
9.204543319837350282e+04
9.138508351147818030e+04
9.078241799492806604e+04
9.020140094972934457e+04
8.960806384978644201e+04
8.897509821972291684e+04
8.828506429451084114e+04
8.753192540070528048e+04
8.672089966850532801e+04
8.586682643786050903e+04
8.499137198785661894e+04
8.411947885648327065e+04
8.327552876952756196e+04
8.247974825727958523e+04
8.174540920582140097e+04
8.107731485066228197e+04
8.047187989622938039e+04
7.991882095846731681e+04
7.940413371988298604e+04
7.891374452863067563e+04
7.843708145195637189e+04
7.796986279001008370e+04
7.751562899180559907e+04
7.708585765412668115e+04
7.669877547239708656e+04
7.637710747951126541e+04
7.614494722039281623e+04
7.602376089438554482e+04
7.602741309732873924e+04
7.615620261383363686e+04
7.639032567007563193e+04
7.668387577103357762e+04
7.696118781353374652e+04
7.711766569090617122e+04
7.702685977336448559e+04
7.655435929220207618e+04
7.557723904231435154e+04
7.400586930092846160e+04
7.180353923221913283e+04
6.899913966941634135e+04
6.568934240180562483e+04
6.202906675426132279e+04
5.821187932189217827e+04
5.444446046851899882e+04
5.092062576411266491e+04
4.780022515312709584e+04
4.519667925055339583e+04
4.317451545808853552e+04
4.175581719991177670e+04
4.093270555601570231e+04
4.068223553643936611e+04
4.098040743756635493e+04
4.181302120335582003e+04
4.318232195003682864e+04
4.510932286746653699e+04
4.763208805879420834e+04
5.080015006729930610e+04
5.466492809688379930e+04
5.926593912987813383e+04
6.461312838167801237e+04
7.066690210282431508e+04
7.731915755095511850e+04
8.438014090179675259e+04
9.157651572240295354e+04
9.856492763828297029e+04
1.049624285367046250e+05
1.103909022591076500e+05
1.145282912851223082e+05
1.171564365157105785e+05
1.181949317620649817e+05
1.177130005825903354e+05
1.159164259427112265e+05
1.131125217761404929e+05
1.096611982714829501e+05
1.059228391671331483e+05
1.022133478523183294e+05
9.877373640813890961e+04
9.575722843244936666e+04
9.323249862307785952e+04
9.119858260330776102e+04
8.960573224583733827e+04
8.837694718017375271e+04
8.742647404738742625e+04
8.667345965319046809e+04
8.605053847578374553e+04
8.550810265759924368e+04
8.501533574105247681e+04
8.455899346655099362e+04
8.414065139624412404e+04
8.377291599669102288e+04
8.347500405997727648e+04
8.326811984483775450e+04
8.317112524533002579e+04
8.319702240142962546e+04
8.335069438545717276e+04
8.362816456358612049e+04
8.401736898498208029e+04
8.450015311814253801e+04
8.505498520705444389e+04
8.565979359540539735e+04
8.629441407680691918e+04
8.694234500418844982e+04
8.759176678041448758e+04
8.823598138672208006e+04
8.887348812280599668e+04
8.950782401511118223e+04
9.014712833082332509e+04
9.080325150951179967e+04
9.149021766604098957e+04
9.222199917481014563e+04
9.300981948186625959e+04
9.385945354083820712e+04
9.476912599521799712e+04
9.572854846607855870e+04
9.671940274853500887e+04
9.771724978329622536e+04
9.869453516284494253e+04
9.962415728241675242e+04
1.004829956280008191e+05
1.012548420035454910e+05
1.019322898539199086e+05
1.025172805010947923e+05
1.030201751007956773e+05
1.034574340619140858e+05
1.038482479204145347e+05
1.042107388203015289e+05
1.045585529549880594e+05
1.048986843089299218e+05
1.052311387206800864e+05
1.055505855848764331e+05
1.058495792068588344e+05
1.061224545529918832e+05
1.063687879714059090e+05
1.065954409679127566e+05
1.068166218597142870e+05
1.070519518189845840e+05
1.073230264068301331e+05
1.076492870914776286e+05
1.080441117245992064e+05
1.085119269706193445e+05
1.090469041307321750e+05
1.096334863683887961e+05
1.102486581159402267e+05
1.108655468040702108e+05
1.114576890143440833e+05
1.120031510201400233e+05
1.124877130685703160e+05
1.129065224551718566e+05
1.132639597280352900e+05
1.135718660026827420e+05
1.138466426284150657e+05
1.141059606612119678e+05
1.143658508237299829e+05
1.146387873831289908e+05
1.149330880097698537e+05
1.152536128089514968e+05
1.156034463662301278e+05
1.159860523250718688e+05
1.164073370608148980e+05
1.168771561099851533e+05
1.174100252688424953e+05
1.180251048478470329e+05
1.187458183996390871e+05
1.195996268561947218e+05
1.206183979495861568e+05
1.218394522581965721e+05
1.233068139318653411e+05
1.250716514276927919e+05
1.271906270547010063e+05
1.297210965595174202e+05
1.327128560905295017e+05
1.361972441470908525e+05
1.401755097645231872e+05
1.446090472728813475e+05
1.494140852492010745e+05
1.544626580255842709e+05
1.595903970991091919e+05
1.646102384857734141e+05
1.693299467226658016e+05
1.735706823752191849e+05
1.771837796893614868e+05
1.800633825259911246e+05
1.821534410371086269e+05
1.834485999645593110e+05
1.839895219452725432e+05
1.838540174163607589e+05
1.831458592212543881e+05
1.819832606384282699e+05
1.804886897032130219e+05
1.787810796217182360e+05
1.769707550638951943e+05
1.751567333286616486e+05
1.734256404436862213e+05
1.718513732961064961e+05
1.704948038069726317e+05
1.694031515624004533e+05
1.686090186758480559e+05
1.681293809768335195e+05
1.679650029552919441e+05
1.681007698524708103e+05
1.685073143334446650e+05
1.691440808017647651e+05
1.699636612791435327e+05
1.709169200897323899e+05
1.719581835772318009e+05
1.730496822231821425e+05
1.741645363879784418e+05
1.752878584216596500e+05
1.764159338143722853e+05
1.775538405200972920e+05
1.787121648371896590e+05
1.799035959014696127e+05
1.811400943882457213e+05
1.824310544910003664e+05
1.837824900206669117e+05
1.851969025535008695e+05
1.866732751331754553e+05
1.882066831983077282e+05
1.897873314903925057e+05
1.913992926824952301e+05
1.930196282058622455e+05
1.946186996510410099e+05
1.961622227771297330e+05
1.976150441821538843e+05
1.989459613754124439e+05
2.001324477768355864e+05
2.011640958021347469e+05
2.020439869132647000e+05
2.027878784435531998e+05
2.034217883847099438e+05
2.039789956920570112e+05
2.044975101826208120e+05
2.050187259004064254e+05
2.055874151592512208e+05
2.062526598371639266e+05
2.070689244937546609e+05
2.080963306707093143e+05
2.093992807221800613e+05
2.110428480493813113e+05
2.130867559378840961e+05
2.155772953046333569e+05
2.185381605314895860e+05
2.219618179233176634e+05
2.258034624730538344e+05
2.299796054771578056e+05
2.343726788480694231e+05
2.388417724261234689e+05
2.432380573415816471e+05
2.474221158393805963e+05
2.512798059138567769e+05
2.547336850479311834e+05
2.577482510614906787e+05
2.603288458470775222e+05
2.625154274567912216e+05
2.643731420137513196e+05
2.659816523970855051e+05
2.674247460327389999e+05
2.687812094486805145e+05
2.701175832231633831e+05
2.714832388394201407e+05
2.729081057614981546e+05
2.744031427767869900e+05
2.759632289780061692e+05
2.775716616407003603e+05
2.792051200880528777e+05
2.808379857057502377e+05
2.824453332237238064e+05
2.840045547623930033e+05
2.854961439017812372e+05
2.869043780501052970e+05
2.882183993040222558e+05
2.894336527543087141e+05
2.905531132855570177e+05
2.915875356745469617e+05
2.925542396529712714e+05
2.934745677566937520e+05
2.943707973857147736e+05
2.952635872732382268e+05
2.961708018525739899e+05
2.971078782146574231e+05
2.980891142167883809e+05
2.991287636858368060e+05
3.002408824727335596e+05
3.014374604466804885e+05
3.027252244298156584e+05
3.041022163963287603e+05
3.055555245001171133e+05
3.070612648494942114e+05
3.085872065465453197e+05
3.100975837087815162e+05
3.115589540799537790e+05
3.129456618283822318e+05
3.142436077324061189e+05
3.154515390696798568e+05
3.165797592535456060e+05
3.176468072310919524e+05
3.186750883522359654e+05
3.196865563602244947e+05
3.206993600355731323e+05
3.217259782779442612e+05
3.227729204795635887e+05
3.238416996779433684e+05
3.249305721402656636e+05
3.260364878248865134e+05
3.271567738479412510e+05
3.282902288345286506e+05
3.294375019524141680e+05
3.306008349658777006e+05
3.317834155750260688e+05
3.329886672056919779e+05
3.342197384057065356e+05
3.354792652575236862e+05
3.367692531757944380e+05
3.380907971954916138e+05
3.394434348721239367e+05
3.408241912066588993e+05
3.422266871493139770e+05
3.436408397682138020e+05
3.450535474407382426e+05
3.464503576713102520e+05
3.478176554432585253e+05
3.491446426605512970e+05
3.504244660548092215e+05
3.516542567758826190e+05
3.528343536982529331e+05
3.539673237516151275e+05
3.550573987129802117e+05
3.561106439585628686e+05
3.571357479084497318e+05
3.581449963105368661e+05
3.591549030962853576e+05
3.601860884330020053e+05
3.612622019315398065e+05
3.624078677839042502e+05
3.636457513102880912e+05
3.649929737067216192e+05
3.664573031808593660e+05
3.680338124294996960e+05
3.697028895565790590e+05
3.714304510426486377e+05
3.731708326828022837e+05
3.748721909031028044e+05
3.764835521666047862e+05
3.779621734240877558e+05
3.792798029983033775e+05
3.804267589055541903e+05
3.814133018249321030e+05
3.822683395630709128e+05
3.830358880048781866e+05
3.837698933872334892e+05
3.845280698558207951e+05
3.853654300097165396e+05
3.863282295485463692e+05
3.874490652780536911e+05
3.887437675994057790e+05
3.902104585033009062e+05
3.918307428682151949e+05
3.935725933855648036e+05
3.953942307431115187e+05
3.972482832392437849e+05
3.990857145722595160e+05
4.008593164949675556e+05
4.025268217952438863e+05
4.040537946764467633e+05
4.054163832702555810e+05
4.066038394994371338e+05
4.076205249013650464e+05
4.084870037181108491e+05
4.092398017926426255e+05
4.099294705173079856e+05
4.106167302703388268e+05
4.113666955214131158e+05
4.122415330668758834e+05
4.132923628473653225e+05
4.145516725433178362e+05
4.160277870763271931e+05
4.177028031979479128e+05
4.195347702439294662e+05
4.214638869845247827e+05
4.234214223106807331e+05
4.253393730168121401e+05
4.271588458026860608e+05
4.288358018331572530e+05
4.303438174693438923e+05
4.316744081792917568e+05
4.328358356331067625e+05
4.338510838064207346e+05
4.347551241082497872e+05
4.355911644646680215e+05
4.364056677459870116e+05
4.372425576724801213e+05
4.381378351468804176e+05
4.391162363219471881e+05
4.401911537558352575e+05
4.413678316608706955e+05
4.426483510488100001e+05
4.440359178388961591e+05
4.455360777576379478e+05
4.471537990715047345e+05
4.488873465861868463e+05
4.507215822287632618e+05
4.526239100974350004e+05
4.545452060868311673e+05
4.564261130693327868e+05
4.582069430534515413e+05
4.598380753130388912e+05
4.612877328592287959e+05
4.625452613025288447e+05
4.636198648091540090e+05
4.645363145212356467e+05
4.653298010709753726e+05
4.660417149265300250e+05
4.667170631562481867e+05
4.674030885912780650e+05
4.681480029035995249e+05
4.689988170488247415e+05
4.699979022971268278e+05
4.711787313200966455e+05
4.725617934493607609e+05
4.741517094674025429e+05
4.759361448641061434e+05
4.778865269043984590e+05
4.799601508124428801e+05
4.821032037578821764e+05
4.842544777701714193e+05
4.863498198595392751e+05
4.883273956222113338e+05
4.901335154361168970e+05
4.917282509564494248e+05
4.930896990047029103e+05
4.942158462941709440e+05
4.951236241556435707e+05
4.958456666257811012e+05
4.964260399068418774e+05
4.969163840734373080e+05
4.973733760253553046e+05
4.978574402089699870e+05
4.984317072266122559e+05
4.991598401808700291e+05
5.001017265174702625e+05
5.013069959644044284e+05
5.028074160239880439e+05
5.046099402808033628e+05
5.066922546439736034e+05
5.090021174123939127e+05
5.114609103795915726e+05
5.139709665491500637e+05
5.164256525138525758e+05
5.187208997960277484e+05
5.207667980820348603e+05
5.224978713229490677e+05
5.238807321601204458e+05
5.249180231810748810e+05
5.256479877884403104e+05
5.261396601569460472e+05
5.264843844662025804e+05
5.267849579750441480e+05
5.271439724154609721e+05
5.276528685301040532e+05
5.283829222403479507e+05
5.293790071753332159e+05
5.306566351074762642e+05
5.322024639191185124e+05
5.339781100491952384e+05
5.359266614909730852e+05
5.379808198587493971e+05
5.400712781676439336e+05
5.421339543866430176e+05
5.441151238214826444e+05
5.459742034708682913e+05
5.476846523146032123e+05
5.492338518271470675e+05
5.506227522049061954e+05
5.518655823265424697e+05
5.529893024907015497e+05
5.540320690553379245e+05
5.550400102306578774e+05
5.560620940038125264e+05
5.571435986394574866e+05
5.583193584680352360e+05
5.596082708001715364e+05
5.610103803344924236e+05
5.625072640105303144e+05
5.640656369765719865e+05
5.656433669785242528e+05
5.671966469345081132e+05
5.686870214155417634e+05
5.700872171465258580e+05
5.713851092188864714e+05
5.725854866686930181e+05
5.737094927992387675e+05
5.747917691680601565e+05
5.758755512337296968e+05
5.770063113611703739e+05
5.782249402039722772e+05
5.795617009751809528e+05
5.810320933424468385e+05
5.826352898337364895e+05
5.843551305540141184e+05
5.861630748825378250e+05
5.880222491248430451e+05
5.898918332987126196e+05
5.917313223143594805e+05
5.935044215006781742e+05
5.951823449822611874e+05
5.967461417169007473e+05
5.981876024644888239e+05
5.995085087375976145e+05
6.007184829373464454e+05
6.018322542154149851e+05
6.028674187183277681e+05
6.038435124427620322e+05
6.047824911254477920e+05
6.057098806886624079e+05
6.066553820187909296e+05
6.076518723402944161e+05
6.087324771344936453e+05
6.099263045036606491e+05
6.112540561695559882e+05
6.127247616921172012e+05
6.143343795477299718e+05
6.160663145827255212e+05
6.178934144520801492e+05
6.197809259327067994e+05
6.216901052109935554e+05
6.235823713279983494e+05
6.254237959846334998e+05
6.271893172005569795e+05
6.288656233230050420e+05
6.304515773606118746e+05
6.319555938032865524e+05
6.333904470992368879e+05
6.347671382820622530e+05
6.360900890519067179e+05
6.373556572824566392e+05
6.385547747715737205e+05
6.396788514511251124e+05
6.407266875123690115e+05
6.417096326526971534e+05
6.426528908530656481e+05
6.435924236958292313e+05
6.445686702013483737e+05
6.456194865813357756e+05
6.467747940499586985e+05
6.480544054398722947e+05
6.494689004397289827e+05
6.510220189488847973e+05
6.527125082876178203e+05
6.545339199858009815e+05
6.564721949310009368e+05
6.585023183365190635e+05
6.605861509205130860e+05
6.626733409636371071e+05
6.647060775536530418e+05
6.666268840737397550e+05
6.683873868297790177e+05
6.699555939844383392e+05
6.713198418212771649e+05
6.724888845352749340e+05
6.734889735871737357e+05
6.743595456872977084e+05
6.751489974468363216e+05
6.759111509060531389e+05
6.767019908629934071e+05
6.775757423322495306e+05
6.785797078988841968e+05
6.797483241409324110e+05
6.810979972547204234e+05
6.826247141877335962e+05
6.843057986494841753e+05
