6.812506389348133234e+05
6.791464133123296779e+05
6.770390622948906384e+05
6.749724033995827194e+05
6.729921418596107978e+05
6.711432478856872767e+05
6.694656912451254902e+05
6.679890941184418043e+05
6.667273792358373757e+05
6.656745703049070435e+05
6.648026324554163730e+05
6.640618615931191016e+05
6.633840439936126349e+05
6.626884303726465441e+05
6.618903460925585823e+05
6.609118106165397912e+05
6.596928470532473875e+05
6.582014585807729745e+05
6.564399274590301793e+05
6.544454917488631327e+05
6.522846319196770201e+05
6.500418430300130276e+05
6.478053067922686459e+05
6.456527332523883088e+05
6.436404940652080113e+05
6.417980975316400873e+05
6.401284872089248383e+05
6.386131504700426012e+05
6.372200623452897416e+05
6.359122480643689632e+05
6.346551157813462196e+05
6.334214045622365084e+05
6.321933219910189509e+05
6.309620379639382008e+05
6.297251207491653040e+05
6.284827822655874770e+05
6.272339581878698664e+05
6.259732461495869793e+05
6.246895051452635089e+05
6.233664827517739031e+05
6.219852921760666650e+05
6.205280943457940593e+05
6.189821174156065099e+05
6.173432112067089183e+05
6.156183785982080735e+05
6.138269612628063187e+05
6.120002494001999730e+05
6.101792580143116647e+05
6.084104392875306075e+05
6.067393787172463490e+05
6.052031067495630123e+05
6.038223711481454084e+05
6.025957109468327835e+05
6.014971191590211820e+05
6.004783655254751211e+05
5.994758695184016833e+05
5.984207944380622357e+05
5.972502251340239309e+05
5.959171522656182060e+05
5.943974786080203485e+05
5.926931133312088205e+05
5.908310828143960098e+05
5.888592166792367352e+05
5.868393049059442710e+05
5.848387550535417395e+05
5.829218357474863296e+05
5.811416349581433460e+05
5.795338457890670979e+05
5.781133136857486097e+05
5.768738585134540917e+05
5.757912460066243075e+05
5.748284720553520601e+05
5.739419671825477853e+05
5.730871481932296883e+05
5.722220580817798618e+05
5.713085926538627828e+05
5.703117818599463208e+05
5.691984269142252160e+05
5.679367482647782890e+05
5.664983809417068260e+05
5.648631194033953361e+05
5.630255748945428059e+05
5.610018235085289925e+05
5.588336216587953968e+05
5.565880758411769057e+05
5.543517148248738376e+05
5.522194033665927127e+05
5.502799978917813860e+05
5.486016381430963520e+05
5.472198116339162225e+05
5.461307640325195389e+05
5.452916306037893519e+05
5.446271719950319966e+05
5.440416175821506185e+05
5.434332003362870310e+05
5.427086948609520914e+05
5.417956164786618901e+05
5.406504911250292789e+05
5.392624710177978268e+05
5.376523107500249753e+05
5.358672396534349537e+05
5.339726231521693990e+05
5.320416107574100606e+05
5.301442708559252787e+05
5.283379283017737325e+05
5.266603657760299975e+05
5.251270653105627280e+05
5.237327598475684645e+05
5.224564699447590974e+05
5.212683048877001274e+05
5.201359741700376035e+05
5.190293386715639499e+05
5.179222853512302972e+05
5.167923465249862638e+05
5.156193465385041200e+05
5.143846150563883130e+05
5.130718853685857612e+05
5.116700959133600700e+05
5.101773072944758460e+05
5.086042364980856655e+05
5.069757781148610520e+05
5.053293959834370762e+05
5.037102517774156877e+05
5.021640280357042211e+05
5.007291866395445541e+05
4.994305775669626310e+05
4.982758214782846626e+05
4.972549557168824831e+05
4.963428574632821255e+05
4.955033302205880755e+05
4.946936571695372113e+05
4.938688111324089696e+05
4.929850815163768129e+05
4.920033066061560530e+05
4.908919854573906050e+05
4.896302995615815162e+05
4.882106892169940402e+05
4.866403502764799632e+05
4.849410202316929935e+05
4.831467382134122308e+05
4.812997743970715674e+05
4.794454273067867616e+05
4.776266802971144207e+05
4.758796697620400810e+05
4.742305559568390599e+05
4.726938430403448874e+05
4.712716900119706406e+05
4.699535032473063329e+05
4.687152181641244097e+05
4.675181216969868983e+05
4.663076598636560375e+05
4.650131771473724511e+05
4.635497470331776422e+05
4.618230820591593510e+05
4.597379779142869520e+05
4.572099500025780872e+05
4.541788055684933206e+05
4.506220352120074676e+05
4.465653200018067728e+05
4.420873760257911053e+05
4.373169927633322077e+05
4.324214962712151464e+05
4.275877500877980492e+05
4.229987025073019904e+05
4.188097898175868322e+05
4.151297301308357273e+05
4.120092608879110776e+05
4.094394843957094126e+05
4.073593031711663934e+05
4.056696202495968319e+05
4.042510085882603307e+05
4.029815222873510211e+05
4.017520098484815098e+05
4.004773130244321073e+05
3.991027369113648310e+05
3.976059448523718747e+05
3.959949106415756978e+05
3.943027962246161187e+05
3.925806933606609236e+05
3.908891437653694302e+05
3.892892913273041486e+05
3.878344648917078157e+05
3.865629578412135015e+05
3.854927368810384069e+05
3.846187140950580360e+05
3.839129862243836978e+05
3.833280630719022010e+05
3.828026335185179487e+05
3.822689812219420564e+05
3.816609011718790862e+05
3.809209632002545986e+05
3.800062050837965799e+05
3.788917234685234143e+05
3.775720470611869241e+05
3.760605291286263382e+05
3.743872326561243390e+05
3.725958765671690926e+05
3.707403515605349676e+05
3.688811057513511041e+05
3.670814008726359461e+05
3.654031759555253666e+05
3.639021896182786440e+05
3.626223553302048240e+05
3.615897028860733844e+05
3.608069887795468094e+05
3.602503399199354462e+05
3.598692119585496839e+05
3.595903395789799979e+05
3.593254516263607657e+05
3.589816549921987462e+05
3.584728540573829669e+05
3.577304816035893164e+05
3.567120813720967853e+05
3.554067041487050592e+05
3.538364974924823036e+05
3.520542471236509155e+05
3.501370305213215179e+05
3.481766348074685084e+05
3.462679370905724354e+05
3.444968953417700250e+05
3.429299614486640785e+05
3.416064931905267294e+05
3.405351516755946213e+05
3.396945109826806001e+05
3.390374133414579555e+05
3.384981493395639118e+05
3.380013697477906244e+05
3.374716605525318882e+05
3.368427983548406046e+05
3.360657468796209432e+05
3.351144499744913192e+05
3.339885151344326441e+05
3.327121039765287424e+05
3.313288517278713407e+05
3.298934051537559717e+05
3.284610223217136227e+05
3.270773316826728988e+05
3.257705149086363963e+05
3.245477045271832612e+05
3.233963476017352659e+05
3.222899796629045741e+05
3.211966971528058057e+05
3.200879850927105290e+05
3.189456324016668950e+05
3.177651826818040572e+05
3.165554507004639599e+05
3.153347251840641256e+05
3.141250627250084071e+05
3.129463773011779413e+05
3.118118314672031556e+05
3.107254650121686864e+05
3.096822655703338096e+05
3.086702221593548893e+05
3.076734892576777493e+05
3.066757103495444753e+05
3.056627691888198024e+05
3.046246145993428072e+05
3.035561577027205494e+05
3.024574247382553294e+05
3.013331242418705369e+05
3.001916350489947363e+05
2.990432975533974241e+05
2.978979398818747723e+05
2.967618418810076546e+05
2.956347457686820417e+05
2.945078674665002036e+05
2.933639287084726966e+05
2.921798818047435489e+05
2.909322631454962539e+05
2.896041916176395607e+05
2.881922439207821735e+05
2.867111108074371004e+05
2.851942601079217275e+05
2.836897818730509607e+05
2.822519177717519342e+05
2.809300757049292442e+05
2.797579761675540358e+05
2.787456730840614182e+05
2.778764807074766723e+05
2.771095282277889783e+05
2.763871649994110921e+05
2.756452254304600065e+05
2.748236071471616742e+05
2.738748611754095764e+05
2.727693994127697079e+05
2.714971252676274162e+05
2.700663321388207260e+05
2.685012224092955003e+05
2.668392382281003520e+05
2.651287089128614170e+05
2.634264720967170433e+05
2.617945427371137484e+05
2.602948878203491040e+05
2.589819597731498652e+05
2.578936166589017957e+05
2.570420092565194063e+05
2.564065485980662052e+05
2.559309609081773378e+05
2.555257194203657273e+05
2.550760542876032996e+05
2.544546108483999560e+05
2.535369353684996313e+05
2.522174731995291368e+05
2.504236952840450685e+05
2.481262722492357425e+05
2.453438098734364030e+05
2.421414599650783348e+05
2.386236296734558418e+05
2.349219068325654371e+05
2.311800528327628563e+05
2.275383461759514175e+05
2.241195924258776649e+05
2.210187294815982168e+05
2.182972192407895345e+05
2.159824758396078250e+05
2.140716393936449895e+05
2.125382790904554131e+05
2.113402755945113604e+05
2.104272632738255197e+05
2.097465394243373012e+05
2.092470702130455466e+05
2.088818792431470356e+05
2.086094764607736724e+05
2.083949895575509581e+05
2.082113746981002041e+05
2.080406929223614279e+05
2.078751340378655586e+05
2.077173600694644847e+05
2.075798214134204318e+05
2.074828877276506973e+05
2.074518352601595980e+05
2.075128836741491396e+05
2.076885711996956379e+05
2.079928237031130120e+05
2.084261449696448108e+05
2.089714556604202662e+05
2.095912401080499112e+05
2.102267940395166224e+05
2.108004269556490763e+05
2.112213408826511295e+05
2.113954597429684363e+05
2.112386732324285258e+05
2.106918948902311386e+05
2.097353069562496094e+05
2.083985752673655224e+05
2.067640170815637975e+05
2.049608185098444810e+05
2.031502252858547436e+05
2.015036843538232206e+05
2.001775949281050707e+05
1.992891507261344814e+05
1.988975214658626064e+05
1.989934649500228988e+05
1.994987581722024479e+05
2.002750451389295922e+05
2.011402074496818241e+05
2.018894030115740607e+05
2.023175597181272169e+05
2.022403055547661497e+05
2.015109416007937107e+05
2.000319533372612204e+05
1.977605182211228821e+05
1.947083163221204013e+05
1.909365431956046668e+05
1.865473047110069601e+05
1.816725918441906688e+05
1.764619175163433829e+05
1.710695891286220576e+05
1.656425723083687481e+05
1.603099556417757703e+05
1.551750465906529571e+05
1.503109819352100603e+05
1.457603399102045805e+05
1.415386215276977164e+05
1.376407654798859730e+05
1.340492813787068881e+05
1.307423227021419589e+05
1.277001723973321496e+05
1.249091402991843206e+05
1.223626031671381352e+05
1.200596204791496857e+05
1.180020233029114897e+05
1.161909971709858219e+05
1.146239999421089888e+05
1.132925180092479277e+05
1.121808441872167750e+05
1.112658751029000996e+05
1.105178836057780718e+05
1.099022370220073644e+05
1.093819927369775105e+05
1.089211494338621560e+05
1.084881026691305015e+05
1.080586625087927241e+05
1.076179635673210723e+05
1.071607932433104143e+05
1.066902381109352136e+05
1.062149734715123777e+05
1.057458476068738673e+05
1.052925369052989554e+05
1.048609514429471019e+05
1.044518128384947777e+05
1.040605098968333914e+05
1.036780625940025930e+05
1.032928549483562383e+05
1.028927469662832009e+05
1.024672173484273808e+05
1.020092706229009054e+05
1.015169140755207336e+05
1.009940433608590101e+05
1.004505783871757449e+05
9.990170170106532169e+04
9.936611896886808972e+04
9.886341386571712792e+04
9.841079217497989885e+04
9.801973934458056465e+04
9.769326423840899952e+04
9.742439424962890917e+04
9.719639579893280461e+04
9.698485421811608830e+04
9.676134341884774039e+04
9.649805408848325897e+04
9.617252096996468026e+04
9.577154804366362805e+04
9.529358046706348250e+04
9.474907617612883041e+04
9.415881997553474503e+04
9.355051634213473881e+04
9.295431403561963816e+04
9.239809376536461059e+04
9.190335729376191739e+04
9.148239641542859317e+04
9.113713261158083333e+04
9.085966950745291251e+04
9.063427032920706552e+04
9.044023607392047415e+04
9.025506769609582261e+04
9.005735858326367452e+04
8.982904824226765777e+04
8.955690423623297829e+04
8.923330314671681845e+04
8.885648599380283849e+04
8.843044645446239156e+04
8.796450317604890733e+04
8.747248413783524302e+04
8.697139452212437754e+04
8.647950342256795557e+04
8.601396410558948992e+04
8.558831011198737542e+04
8.521034016643246287e+04
8.488092144941960578e+04
8.459406176163253258e+04
8.433826823430616059e+04
8.409883958613559662e+04
8.386047463507408975e+04
8.360952905160005321e+04
8.333543318339860707e+04
8.303111402608999924e+04
8.269260077699249086e+04
8.231820158118099789e+04
8.190765730116354825e+04
8.146153965983801754e+04
8.098096500929705508e+04
8.046754533078045642e+04
7.992344867372918816e+04
7.935147699403656588e+04
7.875513040457251191e+04
7.813865548732424213e+04
7.750705430715071270e+04
7.686599089720589109e+04
7.622152733932102274e+04
7.557968998735977220e+04
7.494599918594358314e+04
7.432523395064014767e+04
7.372176245181365812e+04
7.314068372689104581e+04
7.258978794625846785e+04
7.208201909836220148e+04
7.163784022422920680e+04
7.128679197742423275e+04
7.106768434215401066e+04
7.102725599055898783e+04
7.121765517491045466e+04
7.169354182031068194e+04
7.250976925968876458e+04
7.372032410920564143e+04
7.537846554751132498e+04
7.753697456172223610e+04
8.024645282224299444e+04
8.354918249196573743e+04
8.746663892828676035e+04
9.198056927556426672e+04
9.701038432807091158e+04
1.023926659412637673e+05
1.078706403804119036e+05
1.131012593842134520e+05
1.176843771255472529e+05
1.212127885944058944e+05
1.233351676763046271e+05
1.238185400148519839e+05
1.225950585379703407e+05
1.197806370208988083e+05
1.156598655180261558e+05
1.106404263197495893e+05
1.051880328721868136e+05
9.975720838739511964e+04
9.473285365273684147e+04
9.039308243790354754e+04
8.689710921441139362e+04
8.429539617143510259e+04
8.255469260004110401e+04
8.158890446548120235e+04
8.128771705676884449e+04
8.153762956179733737e+04
8.223338388502300950e+04
8.328069766898067610e+04
8.459314907637597935e+04
8.608681727266876260e+04
8.767597315179565339e+04
8.927204098901181715e+04
9.078660017749230610e+04
9.213776240024855360e+04
9.325818199453689158e+04
9.410245968254635227e+04
9.465185190093878191e+04
9.491490855059451133e+04
9.492371101057213673e+04
9.472648201342365064e+04
9.437820724192941270e+04
9.393133496809276403e+04
9.342851277357977233e+04
9.289872454817485414e+04
9.235727622741006780e+04
9.180909601322718663e+04
9.125403013306671346e+04
9.069243654735319433e+04
9.012949740745060262e+04
8.957723430147107865e+04
8.905403865349313128e+04
8.858236875632526062e+04
8.818586040922136453e+04
8.788726950753771234e+04
8.770835772113651910e+04
8.767213304285086633e+04
8.780696616736023861e+04
8.815127722538539092e+04
8.875696538111662085e+04
8.968970102558122016e+04
9.102467383869549667e+04
9.283733341198305425e+04
9.518991169840109069e+04
9.811582715911704872e+04
1.016051200180825399e+05
1.055945182599694963e+05
1.099653171722023835e+05
1.145508924442961288e+05
1.191535665306589799e+05
1.235682179241861304e+05
1.276081519469568448e+05
1.311279781399877684e+05
1.340388934922298649e+05
1.363137091398220218e+05
1.379815821661811788e+05
1.391148812529107672e+05
1.398121586407181458e+05
1.401814196405030962e+05
1.403268705924120150e+05
1.403406036946588138e+05
1.402989406941843627e+05
1.402619973127573612e+05
1.402747174132165383e+05
1.403680580771841342e+05
1.405598142242488102e+05
1.408553145458595827e+05
1.412485825220837723e+05
1.417244512518677511e+05
1.422616872068641824e+05
1.428366799577676866e+05
1.434269478479540849e+05
1.440137305883912486e+05
1.445832631407569861e+05
1.451267920100225310e+05
1.456397947859592387e+05
1.461210300028688798e+05
1.465719228436736448e+05
1.469964562837145641e+05
1.474013490807588969e+05
1.477960398711782764e+05
1.481919809880350658e+05
1.486009925634411920e+05
1.490328444344718591e+05
1.494926548763654428e+05
1.499789439730787126e+05
1.504831321862807963e+05
1.509909117139807786e+05
1.514853403054343071e+05
1.519509105063421302e+05
1.523774595878824766e+05
1.527627808674852131e+05
1.531132199457186507e+05
1.534422687258089427e+05
1.537679483116712945e+05
1.541102937008349691e+05
1.544902852137397276e+05
1.549310533395429084e+05
1.554612639158417878e+05
1.561195794642886904e+05
1.569583480948437355e+05
1.580444693495173997e+05
1.594558277708680835e+05
1.612726746828503092e+05
1.635646309396689467e+05
1.663752632889702509e+05
1.697071495343022689e+05
1.735107531164004176e+05
1.776801344271989656e+05
1.820575154822320037e+05
1.864471154357933556e+05
1.906367756351754651e+05
1.944241158702191315e+05
1.976427736418653221e+05
2.001840439810160024e+05
2.020100842673641746e+05
2.031565806417463755e+05
2.037249144211476378e+05
2.038658262758320197e+05
2.037578622822414036e+05
2.035842821227389213e+05
2.035117154705924040e+05
2.036729869898112374e+05
2.041555547101276170e+05
2.049961673737563542e+05
2.061817136169117584e+05
2.076557467034839501e+05
2.093297266846331186e+05
2.110975826012413017e+05
2.128517956304985564e+05
2.144989294482310943e+05
2.159724859212498413e+05
2.172412174003497057e+05
2.183116130618668394e+05
2.192241684485321457e+05
2.200441358725586615e+05
2.208485344480953354e+05
2.217119954523597844e+05
2.226942609408310382e+05
2.238316935533166397e+05
2.251340680103071500e+05
2.265865140645069187e+05
2.281552238342628407e+05
2.297948433787643153e+05
2.314555394081842969e+05
2.330884567021752009e+05
2.346492900721521000e+05
2.361005293825434346e+05
2.374132625142089382e+05
2.385691704911667621e+05
2.395627289763695444e+05
2.404030043901010940e+05
2.411141354102628247e+05
2.417337716775241133e+05
2.423093124842401303e+05
2.428924837829078606e+05
2.435333072685922089e+05
2.442746465589696600e+05
2.451482384616865311e+05
2.461725787343932607e+05
2.473524687372166663e+05
2.486796621433308756e+05
2.501339964899719635e+05
2.516846320429829939e+05
2.532914131119616213e+05
2.549067228905553638e+05
2.564783513189220685e+05
2.579537493447529268e+05
2.592856298247018422e+05
2.604383276663559081e+05
2.613938414522323001e+05
2.621562305757620488e+05
2.627531495262003154e+05
2.632337667869222932e+05
2.636630294339981629e+05
2.641130102672087378e+05
2.646527134919586242e+05
2.653380679694352439e+05
2.662038406136188423e+05
2.672588804408628494e+05
2.684855385415607598e+05
2.698434067820981727e+05
2.712767872706492199e+05
2.727246565863313153e+05
2.741314403356154216e+05
2.754567736230990267e+05
2.766826533625895390e+05
2.778169576331321732e+05
2.788930719129903591e+05
2.799661004566759220e+05
2.811066365198299754e+05
2.823931989971061121e+05
2.839042494301630650e+05
2.857103527021888294e+05
2.878667615928114392e+05
2.904066592127620825e+05
2.933355143349790014e+05
2.966273632434877218e+05
3.002240919305768912e+05
3.040387169084733468e+05
3.079631264946307638e+05
3.118798089469678234e+05
3.156760091456232476e+05
3.192578813428330468e+05
3.225618796938143787e+05
3.255610322686316213e+05
3.282648205524171353e+05
3.307128446578069706e+05
3.329638669468705193e+05
3.350827786879357882e+05
3.371282702449403005e+05
3.391434942559396150e+05
3.411510179584804573e+05
3.431522267849594937e+05
3.451304194051263039e+05
3.470563390014322358e+05
3.488948339896608377e+05
3.506115862694233656e+05
3.521791743065159535e+05
3.535819867027702858e+05
3.548196177606169949e+05
3.559084165050849551e+05
3.568809271923003253e+05
3.577831259772339254e+05
3.586696270102005219e+05
3.595973408396559535e+05
3.606183394302636734e+05
3.617728620082667912e+05
3.630834693842851557e+05
3.645513216196551220e+05
3.661553964329196606e+05
3.678551380706526688e+05
3.695964920046211337e+05
3.713205757291000336e+05
3.729735124189555645e+05
3.745154590856406139e+05
3.759268383081885404e+05
3.772103439698502771e+05
3.783883266363051371e+05
3.794963563646089169e+05
3.805747100151480408e+05
3.816599280800110428e+05
3.827783476974159712e+05
3.839428018057998852e+05
3.851527807912261924e+05
3.863975723036092822e+05
3.876613854068670771e+05
3.889292316072203685e+05
3.901923003873015405e+05
3.914516722312584170e+05
3.927194699236806482e+05
3.940170086874740664e+05
3.953701662237269920e+05
3.968029330986012938e+05
3.983306911420068936e+05
3.999549605867731152e+05
4.016610317407403491e+05
4.034191286843835842e+05
4.051887954142731614e+05
4.069253757322152378e+05
4.085870374249092420e+05
4.101408628143524984e+05
4.115669983258534921e+05
4.128605025281597045e+05
4.140311052275515394e+05
4.151014141693455749e+05
4.161041406298482325e+05
4.170787537582017248e+05
4.180677793488824973e+05
4.191128721427817363e+05
4.202508538152158726e+05
4.215100511424257420e+05
4.229073640408681240e+05
4.244464498348796042e+05
4.261172356802208815e+05
4.278967626848857035e+05
4.297512328044864116e+05
4.316391075668412959e+05
4.335151245317787398e+05
4.353350310215558275e+05
4.370606184662631713e+05
4.386643419640480424e+05
4.401326152698713704e+05
4.414669782858122489e+05
4.426828097035011742e+05
4.438059635431249044e+05
4.448683463822984486e+05
4.459037137645310722e+05
4.469447036913968041e+05
4.480214509418010712e+05
4.491613562760724453e+05
4.503890852724160068e+05
4.517258675335105509e+05
4.531876310903116828e+05
4.547821863943823846e+05
4.565062365305849817e+05
4.583431994841203559e+05
4.602626533895262401e+05
4.622218118559644208e+05
4.641690224189200671e+05
4.660489961428901297e+05
4.678093094980596798e+05
4.694075543418049929e+05
4.708182514173204545e+05
4.720383268490463961e+05
4.730897755916325259e+05
4.740183487511911662e+05
4.748878304349906393e+05
4.757705879912181408e+05
4.767362107667898526e+05
4.778407295390465297e+05
4.791188102932413458e+05
4.805804464249752345e+05
4.822123744707389269e+05
4.839832187671501306e+05
4.858506503716129810e+05
4.877687674495620886e+05
4.896943150664783898e+05
4.915909619352418231e+05
4.934313940000068396e+05
4.951973914404213428e+05
4.968783785061850795e+05
4.984692202567373170e+05
4.999682189307620283e+05
5.013761750685870647e+05
5.026969147651927196e+05
5.039389367515914491e+05
5.051171228793869959e+05
5.062531856321682571e+05
5.073739346070623724e+05
5.085074201264870935e+05
5.096781080211275257e+05
5.109028882603090606e+05
5.121895444782540435e+05
5.135383426663525752e+05
5.149460730115991319e+05
5.164108204320447985e+05
5.179354332713849144e+05
5.195282188593621831e+05
5.212005245100252796e+05
5.229620364469035994e+05
5.248153656755554257e+05
5.267515754956090823e+05
5.287478511917344294e+05
5.307678341199290007e+05
5.327645526409368031e+05
5.346855245733775664e+05
5.364794204714738298e+05
5.381035044978223741e+05
5.395308107186633861e+05
5.407557360174123896e+05
5.417966550948832883e+05
5.426945197917448822e+05
5.435072646370653529e+05
5.443010086451824754e+05
5.451400994429178536e+05
5.460785192161024315e+05
5.471547733999859774e+05
5.483911741608713055e+05
5.497968394150543027e+05
5.513723886779486202e+05
5.531137996689603897e+05
5.550134411780145019e+05
5.570577157607399859e+05
5.592224502284296323e+05
5.614684472676225705e+05
5.637399128801014740e+05
5.659676576476288028e+05
5.680773451900683576e+05
5.700012508964651497e+05
5.716906681774072349e+05
5.731257123910131631e+05
5.743199111863946309e+05
5.753183633915466489e+05
5.761899105516967829e+05
5.770151904771714471e+05
5.778732704747193493e+05
5.788296538883246249e+05
5.799278963617892005e+05
5.811860820899213431e+05
5.825982767612830503e+05
5.841400564669612795e+05
5.857765059705285821e+05
5.874707872628910700e+05
5.891915041782029439e+05
5.909175511172288097e+05
5.926397991112864111e+05
5.943596878588867839e+05
5.960854192273826338e+05
5.978268807694027200e+05
5.995906025978877442e+05
6.013759466055190424e+05
6.031733707508607768e+05
6.049650819984753616e+05
6.067278127228827216e+05
6.084369680222871248e+05
6.100711143670539604e+05
6.116157737767508952e+05
6.130657386580214370e+05
6.144255524885145715e+05
6.157082931411605095e+05
6.169332186333395075e+05
6.181230711499686586e+05
6.193018054195791483e+05
6.204932057751767570e+05
6.217203754442265490e+05
6.230056067445938243e+05
6.243698893373538740e+05
6.258314352792436257e+05
6.274030838849160355e+05
6.290891008410454961e+05
6.308823986823614687e+05
6.327633119272547774e+05
6.347006762655355269e+05
6.366552447964770254e+05
6.385847505942572607e+05
6.404495151015185984e+05
6.422175486430040328e+05
6.438684817454142030e+05
6.453961135707618669e+05
6.468095814395803027e+05
6.481330490347243613e+05
6.494035474984602770e+05
6.506665132673287299e+05
6.519689252511413069e+05
6.533507669843527256e+05
6.548365156510366360e+05
6.564289833784707589e+05
6.581076716896756552e+05
6.598327378457604209e+05
6.615540251577472081e+05
6.632229923934568651e+05
6.648044240391494241e+05
6.662848730931804748e+05
6.676758122162026120e+05
6.690110082158710575e+05
6.703391095251026563e+05
6.717133979324124521e+05
6.731809553570460994e+05
6.747732739048162475e+05
6.764998613559979713e+05
6.783458660357802873e+05
6.802741949668322923e+05
6.822319349913086044e+05
6.841600509416314308e+05
6.860044526716581313e+05
6.877259185480631422e+05
6.893064140448954422e+05
6.907502420333510963e+05
6.920800295033252332e+05
6.933292494158669142e+05
6.945340974205044331e+05
6.957275690856199944e+05
6.969374461266410071e+05
6.981880572772013256e+05
6.995039280097796582e+05
7.009125501067240257e+05
7.024438835458243266e+05
7.041256811583604431e+05
7.059756491061106790e+05
7.079929915249871556e+05
7.101524012236805866e+05
7.124028831974409986e+05
7.146722756615988910e+05
7.168766213880883297e+05
7.189322932240256341e+05
7.207683567701120628e+05
7.223370210789173143e+05
7.236208304486107081e+05
7.246360442921407521e+05
7.254321428228530567e+05
7.260875616620560177e+05
7.267018103378677042e+05
7.273843478892239509e+05
7.282411246679234318e+05
7.293604553995759925e+05
7.308005393729573116e+05
7.325810924217889551e+05
7.346809504110470880e+05
7.370422061608119402e+05
7.395798482936858200e+05
7.421945641981781228e+05
7.447858529502886813e+05
7.472630391968684271e+05
7.495529273025052389e+05
7.516041196454153396e+05
7.533888583961911500e+05
7.549033369039592799e+05
7.561668979716855101e+05
7.572198592871206347e+05
7.581193966043000109e+05
7.589332316005002940e+05
7.597316715667063836e+05
7.605793849577384535e+05
7.615286849278248847e+05
