6.803841551973202731e+05
6.787553779751328984e+05
6.771351460794564337e+05
6.755107246928119566e+05
6.738692775238774484e+05
6.722048402427975088e+05
6.705239097108457936e+05
6.688474062683138764e+05
6.672080469306971645e+05
6.656437493234791327e+05
6.641889356616991572e+05
6.628661065613481915e+05
6.616797517131711356e+05
6.606138217372685904e+05
6.596330032804515213e+05
6.586872518709020223e+05
6.577185892990013817e+05
6.566690199893583776e+05
6.554884248272674158e+05
6.541413372429545270e+05
6.526115822793542175e+05
6.509039492508383701e+05
6.490424783564620884e+05
6.470655967144594761e+05
6.450191167233812157e+05
6.429487511483832495e+05
6.408940139154312201e+05
6.388849890221696114e+05
6.369425225304338383e+05
6.350812315197068965e+05
6.333137671411319170e+05
6.316543900358343963e+05
6.301202506009830395e+05
6.287296528210398974e+05
6.274976497353590094e+05
6.264301768837717827e+05
6.255183311710937414e+05
6.247343230330864899e+05
6.240302201036694460e+05
6.233400628677547211e+05
6.225854078818417620e+05
6.216838806806351058e+05
6.205598722977578873e+05
6.191560728395354236e+05
6.174441479913687799e+05
6.154326414622167358e+05
6.131702645355054410e+05
6.107432134667866630e+05
6.082660482067108387e+05
6.058668647436746396e+05
6.036687709646399599e+05
6.017707192480537342e+05
6.002312350056695286e+05
5.990582843253919855e+05
5.982074246941759484e+05
5.975887122772727162e+05
5.970810323482735548e+05
5.965510685067723971e+05
5.958733977739757393e+05
5.949483016284538899e+05
5.937146567022433737e+05
5.921563908793574665e+05
5.903021393251292175e+05
5.882187112962184474e+05
5.859997261737814406e+05
5.837513127888942836e+05
5.815770876419423148e+05
5.795646740682800300e+05
5.777757145709114848e+05
5.762406433839108795e+05
5.749585298745704349e+05
5.739012960613323376e+05
5.730208178627041634e+05
5.722570516018851195e+05
5.715454699407996377e+05
5.708226773563710740e+05
5.700299065978359431e+05
5.691149035587147810e+05
5.680332246261300752e+05
5.667500256533708889e+05
5.652430003545095678e+05
5.635063854951402172e+05
5.615551674475425389e+05
5.594280901890135137e+05
5.571879729762200732e+05
5.549182324512246996e+05
5.527152563712020637e+05
5.506771976452182280e+05
5.488906378057975089e+05
5.474172269674977288e+05
5.462827003818711964e+05
5.454705024139741436e+05
5.449215900457426906e+05
5.445409226471987786e+05
5.442098831305042841e+05
5.438027159352590097e+05
5.432042984498871956e+05
5.423263548846216872e+05
5.411195699361031875e+05
5.395798125415095128e+05
5.377476354167099344e+05
5.357012144201477058e+05
5.335438454513882753e+05
5.313879631981572602e+05
5.293382770257649245e+05
5.274768588637096109e+05
5.258526920377289644e+05
5.244772530246967217e+05
5.233263297725084703e+05
5.223468701213827007e+05
5.214666582043373492e+05
5.206043559286771342e+05
5.196779562358116382e+05
5.186107138485047617e+05
5.173347196919334237e+05
5.157930657909552683e+05
5.139417869661633158e+05
5.117524698695586994e+05
5.092157668051760411e+05
5.063452927023019874e+05
5.031807610587981762e+05
4.997889195119947544e+05
4.962609958420407493e+05
4.927059795366859762e+05
4.892400309527793434e+05
4.859733814340117387e+05
4.829969316999382572e+05
4.803710696844727499e+05
4.781188668772727833e+05
4.762248612482098979e+05
4.746393932604178553e+05
4.732873223923965706e+05
4.720792454455695115e+05
4.709232071140545304e+05
4.697352548387194402e+05
4.684477990072784014e+05
4.670153193638962694e+05
4.654173315931483521e+05
4.636586830566530116e+05
4.617673079029710498e+05
4.597896918995457818e+05
4.577845394986799802e+05
4.558154216618007049e+05
4.539433452425983269e+05
4.522200911081305239e+05
4.506828342282123049e+05
4.493501629435615032e+05
4.482193923889358412e+05
4.472651497978268308e+05
4.464395159679047647e+05
4.456742750461898977e+05
4.448857732912837528e+05
4.439824113100871327e+05
4.428740563053680235e+05
4.414820127050470328e+05
4.397479629392185598e+05
4.376405924258845625e+05
4.351592615677235299e+05
4.323347290846651304e+05
4.292272651779928710e+05
4.259224561220835894e+05
4.225247897982709692e+05
4.191490341285274480e+05
4.159096875561380875e+05
4.129093621240810025e+05
4.102275986275299801e+05
4.079119761653909809e+05
4.059732371954142000e+05
4.043854899356032838e+05
4.030915609180061147e+05
4.020125414955681772e+05
4.010597765046674758e+05
4.001471604387792177e+05
3.992016977928974666e+05
3.981708015799289569e+05
3.970256068475719658e+05
3.957604545157601824e+05
3.943894195328328060e+05
3.929411258525413577e+05
3.914530408667303855e+05
3.899660676287187962e+05
3.885197770011969260e+05
3.871482900641608285e+05
3.858767769560040324e+05
3.847187444241390913e+05
3.836745441140127368e+05
3.827316054400765570e+05
3.818666395139504457e+05
3.810495264464551583e+05
3.802480191700123833e+05
3.794320669797288137e+05
3.785766811060823966e+05
3.776628264317581197e+05
3.766766081781239482e+05
3.756076968361272011e+05
3.744482059767477913e+05
3.731929835263081477e+05
3.718415935254730866e+05
3.704014191554826102e+05
3.688906367839341983e+05
3.673395630885139108e+05
3.657891822463123244e+05
3.642864504794598906e+05
3.628770132062530611e+05
3.615969131759146694e+05
3.604653752967021428e+05
3.594806095305868657e+05
3.586197839921634877e+05
3.578431367457103916e+05
3.571010284932518261e+05
3.563419995254332898e+05
3.555198202279350953e+05
3.545980849123874214e+05
3.535518263945505605e+05
3.523665548495664261e+05
3.510357448138582986e+05
3.495579790530911996e+05
3.479347606298181927e+05
3.461695847959468374e+05
3.442683865147803444e+05
3.422410569748456473e+05
3.401034045764458133e+05
3.378787534107246902e+05
3.355983679737932980e+05
3.333001142310329014e+05
3.310252210170877515e+05
3.288136091327659087e+05
3.266988256759801880e+05
3.247039281227191677e+05
3.228395293055576622e+05
3.211046167426910833e+05
3.194898709173774696e+05
3.179823506653313525e+05
3.165699361296945717e+05
3.152440355202528299e+05
3.139997475439246045e+05
3.128336625401983038e+05
3.117403866026054602e+05
3.107093300567799015e+05
3.097231542943898239e+05
3.087586127248840639e+05
3.077896420583572472e+05
3.067918042057653656e+05
3.057467982812039554e+05
3.046458289136527455e+05
3.034910324316550978e+05
3.022947354381664773e+05
3.010768632635104004e+05
2.998612055537867709e+05
2.986714317807681509e+05
2.975277253266788903e+05
2.964446859117881977e+05
2.954307715392038808e+05
2.944890878434913466e+05
2.936189112726431922e+05
2.928171062792754965e+05
2.920786822501922143e+05
2.913961408765160595e+05
2.907578542167803971e+05
2.901462489386395901e+05
2.895368132037525647e+05
2.888987663424137281e+05
2.881976989443366183e+05
2.873998224965537665e+05
2.864769356367519358e+05
2.854110123529986013e+05
2.841974784400610952e+05
2.828466432992960908e+05
2.813831998015457066e+05
2.798440342205394991e+05
2.782747414901174488e+05
2.767252601386356400e+05
2.752450161938256933e+05
2.738779686589150224e+05
2.726579969757017097e+05
2.716051244388546911e+05
2.707230671810568310e+05
2.699984844496256555e+05
2.694020704644548241e+05
2.688913117170860060e+05
2.684144250019133324e+05
2.679148030587274116e+05
2.673353160594229703e+05
2.666220612809549202e+05
2.657275248480860027e+05
2.646134367561928811e+05
2.632536777234753245e+05
2.616373516270014225e+05
2.597716616523892735e+05
2.576837650083540648e+05
2.554206089692166424e+05
2.530460317235023540e+05
2.506350881152009242e+05
2.482663716437279363e+05
2.460137113224615459e+05
2.439387782435041736e+05
2.420858037592510809e+05
2.404789627460128686e+05
2.391222933092074527e+05
2.380015545762301190e+05
2.370872741870853934e+05
2.363383596693417931e+05
2.357059029022608884e+05
2.351370481163674558e+05
2.345789297084137797e+05
2.339826926196405839e+05
2.333075087702837191e+05
2.325243446133067191e+05
2.316190739971371950e+05
2.305944288095353695e+05
2.294702922417593654e+05
2.282819927991933073e+05
2.270765318927705521e+05
2.259070110826400633e+05
2.248258387092578923e+05
2.238775324451508932e+05
2.230920748638293007e+05
2.224798265727830585e+05
2.220289466248103708e+05
2.217060696112189034e+05
2.214605841819278139e+05
2.212322308454112790e+05
2.209609711723943183e+05
2.205973770897553186e+05
2.201114111335662310e+05
2.194976286989861401e+05
2.187755765542578301e+05
2.179853122607317637e+05
2.171791768348851474e+05
2.164118274111181090e+05
2.157308035305532685e+05
2.151695075662453892e+05
2.147436035581775068e+05
2.144508006794604007e+05
2.142731257130621816e+05
2.141803467460204556e+05
2.141332776641261589e+05
2.140862007371763175e+05
2.139883938628846081e+05
2.137854618226082821e+05
2.134215602777558379e+05
2.128434631382004882e+05
2.120067315511697961e+05
2.108831994889952766e+05
2.094679940172955685e+05
2.077838095846038486e+05
2.058804643401474459e+05
2.038288864058785548e+05
2.017102695036255463e+05
1.996026377402386570e+05
1.975679141579066054e+05
1.956424833962896373e+05
1.938332274499630439e+05
1.921194746801587753e+05
1.904597718599590298e+05
1.888013432308664196e+05
1.870897929963047209e+05
1.852770177588855440e+05
1.833261845370252850e+05
1.812136586121833243e+05
1.789286131636188948e+05
1.764715031013322878e+05
1.738525653108407860e+05
1.710910857852506160e+05
1.682155321351346793e+05
1.652640270157961058e+05
1.622842603691308759e+05
1.593319467061608157e+05
1.564673321905339835e+05
1.537499061723147752e+05
1.512321372185024957e+05
1.489534878136045591e+05
1.469360016657038068e+05
1.451823885656693310e+05
1.436768948540152051e+05
1.423885806538600882e+05
1.412761621457645379e+05
1.402934482691295270e+05
1.393945801041104132e+05
1.385386087190325197e+05
1.376932212365000159e+05
1.368375109165187459e+05
1.359635911313396937e+05
1.350767136889181565e+05
1.341935539370445767e+05
1.333385826608271745e+05
1.325389208452449238e+05
1.318185838656469423e+05
1.311933258412310679e+05
1.306672225644255668e+05
1.302316768933911517e+05
1.298668612617234467e+05
1.295449882736786531e+05
1.292344501550431451e+05
1.289038835523637244e+05
1.285255245139629696e+05
1.280776325886091508e+05
1.275460834369875665e+05
1.269253391104720213e+05
1.262189125134729984e+05
1.254392577871489630e+05
1.246068839168637787e+05
1.237485036730348802e+05
1.228942052908508776e+05
1.220738983334109653e+05
1.213135271141136327e+05
1.206316704023269413e+05
1.200371147935792687e+05
1.195278207142894680e+05
1.190914514011111460e+05
1.187073687912834284e+05
1.183497628604621859e+05
1.179914011445091310e+05
1.176073835288390983e+05
1.171782849893734237e+05
1.166921834903189883e+05
1.161452995691176766e+05
1.155412794078653387e+05
1.148894566598986421e+05
1.142026344917495444e+05
1.134949639566111873e+05
1.127803433321077173e+05
1.120714863568623114e+05
1.113795220482451114e+05
1.107138169144556014e+05
1.100817209208484564e+05
1.094881119492577564e+05
1.089348492489283381e+05
1.084204132231943513e+05
1.079400123385967745e+05
1.074862699510868551e+05
1.070503476291560364e+05
1.066231487927398703e+05
1.061961899778796360e+05
1.057618641952710605e+05
1.053130960452585277e+05
1.048426803226324264e+05
1.043427744146499172e+05
1.038049973027311935e+05
1.032213727275336569e+05
1.025860184012388636e+05
1.018971513348807057e+05
1.011587754296629719e+05
1.003814209314843756e+05
9.958152421873403364e+04
9.877940540952754964e+04
9.799620417123785592e+04
9.725044231911678798e+04
9.655499696651261183e+04
9.591515494116389891e+04
9.532811821205315937e+04
9.478394364270599908e+04
9.426755698149628006e+04
9.376128776243051107e+04
9.324737392100738361e+04
9.271004978502010636e+04
9.213706604245211929e+04
9.152068760339547589e+04
9.085830259670387022e+04
9.015274596359145653e+04
8.941234625649800000e+04
8.865061855232951348e+04
8.788550190868540085e+04
8.713808160179152037e+04
8.643081050072849030e+04
8.578530928871413926e+04
8.521986575025484490e+04
8.474678756784331927e+04
8.436982550784912019e+04
8.408199134785665956e+04
8.386422122051677434e+04
8.368541147626053134e+04
8.350429751340139774e+04
8.327340105943525850e+04
8.294484739297274791e+04
8.247733857552750851e+04
8.184311130002111895e+04
8.103347581527532020e+04
8.006165231648317422e+04
7.896212519268786127e+04
7.778653184274821251e+04
7.659698708626072039e+04
7.545845244553514931e+04
7.443204795801590080e+04
7.357093085436068941e+04
7.291954790066309215e+04
7.251589880016511597e+04
7.239526144187049067e+04
7.259302522036721348e+04
7.314420728224853519e+04
7.407806440676288912e+04
7.540785550492712355e+04
7.711783428638629266e+04
7.915129447551118210e+04
8.140424209224630613e+04
8.372854829262160638e+04
8.594623018874434638e+04
8.787337059757218231e+04
8.934911083534339559e+04
9.026321691835824458e+04
9.057567783684085589e+04
9.032373323939347756e+04
8.961501056440979301e+04
8.860896188103381428e+04
8.749138235504616750e+04
8.644774063414211560e+04
8.564029965580484713e+04
8.519210787260056532e+04
8.517875103331517312e+04
8.562703920066053979e+04
8.651895186025022122e+04
8.779911833047465188e+04
8.938450605531579640e+04
9.117539737302136200e+04
9.306688202145075775e+04
9.495995576195596368e+04
9.677108209878615162e+04
9.843900458507450821e+04
9.992787463220774953e+04
1.012263936377442151e+05
1.023434886149025115e+05
1.033017741356801707e+05
1.041304427625505778e+05
1.048591378483354056e+05
1.055138409973321104e+05
1.061150530599008634e+05
1.066778373839660198e+05
1.072128661225854885e+05
1.077275769289075979e+05
1.082268584819706157e+05
1.087131588190216571e+05
1.091863231565556198e+05
1.096436417010122677e+05
1.100804698699493892e+05
1.104914591648149944e+05
1.108720851991390082e+05
1.112199645610299776e+05
1.115355166808121285e+05
1.118218227678850526e+05
1.120839174367047672e+05
1.123280305952732015e+05
1.125613343622756656e+05
1.127925132366358885e+05
1.130330629648708855e+05
1.132988115945922036e+05
1.136109211466463748e+05
1.139956706429187470e+05
1.144826296689141454e+05
1.151012969588182314e+05
1.158767441044898296e+05
1.168251276457246568e+05
1.179500295034972805e+05
1.192404455729532638e+05
1.206709157696383918e+05
1.222038611937486276e+05
1.237937611118243658e+05
1.253924543755157792e+05
1.269546598511970951e+05
1.284428207104471221e+05
1.298305834137368220e+05
1.311045640336299548e+05
1.322644288440512610e+05
1.333216104265094036e+05
1.342971171165167470e+05
1.352188596965499164e+05
1.361187680174875131e+05
1.370297931901832344e+05
1.379827783970150049e+05
1.390031898443695682e+05
1.401078358587966650e+05
1.413019223556105862e+05
1.425770097460907418e+05
1.439105390081302612e+05
1.452674833321867045e+05
1.466043149750340672e+05
1.478749128468637937e+05
1.490374392823684320e+05
1.500608074104678235e+05
1.509293330278145149e+05
1.516445773376922007e+05
1.522241244832304947e+05
1.526978454980881652e+05
1.531027888126548787e+05
1.534780090047341364e+05
1.538603768843192083e+05
1.542818570469586411e+05
1.547681421760396624e+05
1.553381278779663262e+05
1.560036187800881453e+05
1.567688542491539556e+05
1.576297984671489976e+05
1.585734845335944265e+05
1.595778996934927127e+05
1.606128894908969523e+05
1.616423635048141005e+05
1.626277791197430051e+05
1.635325548969047959e+05
1.643268024027644133e+05
1.649916200928605685e+05
1.655221933804956498e+05
1.659290959442605672e+05
1.662374699095601973e+05
1.664841312066575047e+05
1.667130276612012240e+05
1.669697802598720300e+05
1.672961801747548743e+05
1.677254558122661838e+05
1.682788926674634276e+05
1.689640747141208849e+05
1.697747362415895332e+05
1.706920548861509014e+05
1.716871939924866019e+05
1.727249505473118334e+05
1.737683804623416800e+05
1.747841782880930114e+05
1.757483809351097152e+05
1.766517209934778512e+05
1.775037860596756509e+05
1.783351300623421266e+05
1.791966483824671013e+05
1.801558294897850428e+05
1.812898759800225671e+05
1.826761175096028892e+05
1.843806148449275352e+05
1.864463600980337942e+05
1.888829259964724188e+05
1.916596363180423214e+05
1.947041218669381051e+05
1.979073725206876697e+05
2.011351593204745441e+05
2.042442603170079528e+05
2.071007043706141703e+05
2.095966643511269358e+05
2.116629202631727676e+05
2.132749157855166704e+05
2.144520012565136421e+05
2.152509806043821736e+05
2.157560811873406637e+05
2.160676877869716845e+05
2.162916853731396259e+05
2.165303728334299522e+05
2.168750831192833721e+05
2.174002159593426331e+05
2.181584495361118461e+05
2.191772723589674570e+05
2.204573438587157871e+05
2.219732702908626816e+05
2.236770803471292602e+05
2.255041350645476487e+05
2.273806722991843417e+05
2.292319049164161552e+05
2.309896510390632029e+05
2.325987822011738608e+05
2.340221322209033533e+05
2.352437311426669476e+05
2.362702428942557308e+05
2.371303631910628174e+05
2.378718435497406754e+05
2.385559215962385933e+05
2.392493428779836686e+05
2.400147956225251837e+05
2.409012447820989473e+05
2.419360657053630275e+05
2.431207965818299272e+05
2.444316617810209864e+05
2.458248995737785299e+05
2.472456962228807679e+05
2.486386077652375388e+05
2.499570739844965283e+05
2.511700873766416917e+05
2.522650750416403171e+05
2.532471820449142251e+05
2.541359890837870771e+05
2.549610007331382367e+05
2.557570139943731774e+05
2.565599590443348570e+05
2.574033157338163583e+05
2.583149829311064677e+05
2.593145536264776892e+05
2.604111862694380106e+05
2.616024477884310181e+05
2.628744814881700440e+05
2.642036112641809159e+05
2.655591543940383126e+05
2.669069516749278409e+05
2.682130570729484898e+05
2.694471652608325821e+05
2.705855910991468118e+05
2.716138019015105092e+05
2.725285312489622738e+05
2.733393599984913017e+05
2.740694299531588913e+05
2.747548136420036899e+05
2.754421383136566146e+05
2.761843991102276486e+05
2.770354097310654470e+05
2.780438343704699655e+05
2.792479992146876757e+05
2.806725474731191061e+05
2.823274848622705322e+05
2.842094345550474245e+05
2.863042546945462236e+05
2.885898278562658234e+05
2.910379479198756162e+05
2.936147638614455936e+05
2.962799897561764228e+05
2.989857749702511355e+05
3.016764947427636362e+05
3.042906297917600023e+05
3.067653674624250270e+05
3.090437278220396838e+05
3.110831340288481442e+05
3.128636648672365700e+05
3.143939616125735920e+05
3.157130276437479770e+05
3.168869412889689556e+05
3.180006397523110500e+05
3.191461425787076005e+05
3.204095281062970753e+05
3.218593586345306830e+05
3.235389183442740468e+05
3.254636454360184143e+05
3.276237822854425176e+05
3.299909423823301331e+05
3.325264051142102107e+05
3.351887611956710462e+05
3.379390715501562809e+05
3.407427588516630931e+05
3.435686490906887338e+05
3.463865162634580629e+05
3.491648621026004548e+05
3.518703955129557289e+05
3.544698993009948172e+05
3.569341871917490498e+05
3.592430159547916264e+05
3.613894047718737274e+05
3.633819381094281562e+05
3.652442062012412352e+05
3.670113381281418842e+05
3.687243277452939656e+05
3.704233255245507462e+05
3.721411873281900771e+05
3.738983907234668150e+05
3.757000855792053626e+05
3.775356641911692568e+05
3.793808733171758358e+05
3.812021359623388853e+05
3.829623875338079524e+05
3.846274028249136172e+05
3.861714171511353925e+05
3.875809613094859524e+05
3.888562799502782873e+05
3.900103679078357527e+05
3.910662835123786354e+05
3.920537154950975091e+05
3.930056689152008039e+05
3.939557004619500367e+05
3.949356520178417559e+05
3.959735877544168616e+05
3.970917500698360964e+05
3.983046907995174988e+05
3.996180298049719422e+05
4.010282991983075044e+05
4.025240032799472101e+05
4.040875521630567382e+05
4.056974152730679489e+05
4.073299059397482779e+05
4.089604283815211384e+05
4.105645340770054609e+05
4.121194039392059203e+05
4.136061858745049103e+05
4.150130358906770125e+05
4.163380457396400161e+05
4.175908786686829990e+05
4.187921215923552518e+05
4.199700592401492177e+05
4.211554829236264341e+05
4.223758598662726581e+05
4.236504077894832590e+05
4.249872837786754826e+05
4.263833909898765851e+05
4.278265428553931415e+05
4.292991778937259223e+05
4.307826130831068149e+05
4.322609151652572909e+05
4.337237161819498288e+05
4.351675702109927661e+05
4.365956912438166910e+05
4.380161558504708228e+05
4.394389447063253610e+05
4.408725214648777037e+05
4.423208995728961308e+05
4.437821652009735117e+05
4.452490861850769143e+05
4.467117654570127488e+05
4.481615024025939056e+05
4.495944431138913496e+05
4.510135417896772851e+05
4.524279327742977766e+05
4.538498399153058999e+05
4.552901909301453270e+05
4.567546674671802903e+05
4.582417125010365271e+05
4.597431154272996937e+05
4.612466424565890920e+05
4.627393606733888737e+05
4.642102321150207426e+05
4.656512332025836804e+05
4.670572643104599556e+05
4.684258435894480208e+05
4.697575846660459647e+05
4.710577329501452041e+05
4.723380256951711490e+05
4.736174859777725069e+05
4.749209105979012093e+05
4.762747515581489424e+05
4.777013399848887348e+05
4.792132915850727004e+05
4.808099927475929144e+05
4.824772831299274694e+05
4.841902534823584720e+05
4.859180680407104664e+05
4.876293237620776054e+05
4.892967101521126460e+05
4.909003236713316874e+05
4.924295107137373998e+05
4.938833287751977332e+05
4.952696871643683990e+05
4.966032103775365977e+05
4.979020715325730853e+05
4.991844484626416233e+05
5.004655965031187516e+05
5.017564860053412267e+05
5.030643868178953417e+05
5.043948952161882771e+05
5.057541448328688857e+05
5.071497749346413766e+05
5.085898187082509394e+05
5.100797816500604968e+05
5.116192588954264647e+05
5.131999182690831367e+05
5.148062586529458640e+05
5.164193846618679818e+05
5.180226379718113458e+05
5.196069418925365317e+05
5.211736234800928505e+05
5.227333583599259728e+05
5.243013877950458555e+05
5.258906569849953521e+05
5.275053857197104953e+05
5.291374483922116924e+05
5.307668820352939656e+05
5.323663243482535472e+05
5.339078483290428994e+05
5.353700197928360431e+05
5.367432168974429369e+05
5.380320798632287188e+05
5.392549397024258506e+05
5.404407870645468356e+05
5.416246250653776806e+05
5.428420313662700355e+05
5.441236942549148807e+05
5.454907468440901721e+05
5.469518304063489195e+05
5.485027203799081035e+05
5.501288264838834293e+05
5.518099641190335387e+05
5.535258407680315431e+05
5.552602276358611416e+05
5.570021779634435661e+05
5.587438907504780218e+05
5.604764163052497897e+05
5.621856058104406111e+05
5.638508739426352549e+05
5.654482768594513182e+05
5.669574988231004681e+05
5.683704092059193645e+05
5.696977725830361014e+05
5.709709927485409426e+05
5.722373800022921059e+05
5.735497243513651192e+05
5.749530321350385202e+05
5.764723491697941208e+05
5.781052900680541061e+05
5.798214057116449112e+05
5.815684558080827119e+05
5.832837580025584903e+05
5.849076430457934039e+05
5.863958840245339088e+05
5.877286379935790319e+05
5.889145519720695447e+05
5.899898184820371680e+05
5.910128307627184549e+05
5.920555997166789602e+05
5.931933261153750354e+05
5.944935921016284265e+05
5.960066112923853798e+05
5.977578362616820959e+05
5.997439052842450328e+05
6.019324001536779106e+05
6.042652671337916981e+05
6.066651912173340097e+05
6.090438785263861064e+05
6.113111668789816322e+05
6.133840857558178250e+05
6.151952594921283890e+05
6.167002223383432720e+05
6.178832095984797925e+05
6.187608474831321510e+05
6.193830195794685278e+05
6.198301960600942839e+05
6.202067848142161965e+05
6.206306288305637427e+05
6.212195575016188668e+05
6.220767257533407537e+05
6.232770899673921522e+05
6.248575045221737819e+05
6.268124014964059461e+05
6.290958712454874767e+05
6.316294868653260637e+05
6.343138953390034148e+05
6.370415159257224295e+05
6.397078947371741524e+05
6.422202419140969869e+05
6.445029650300079957e+05
6.465010254172348650e+05
6.481822592342530843e+05
6.495393641094081104e+05
6.505913798047525343e+05
6.513837175240594661e+05
6.519855768757133046e+05
6.524840911974818446e+05
6.529755477371899178e+05
6.535550680233690655e+05
6.543067133741122670e+05
6.552958271605966147e+05
6.565646125420995522e+05
6.581308518025840167e+05
6.599888006830104860e+05
6.621110156533434056e+05
6.644502694227725733e+05
6.669415230128009571e+05
6.695046946007432416e+05
6.720492695313554723e+05
6.744814468048613053e+05
6.767136550223819213e+05
6.786752786623539869e+05
6.803227396139919292e+05
6.816469396784187993e+05
6.826764807151827263e+05
6.834758197122935671e+05
6.841383148513032356e+05
6.847748150269931648e+05
6.854990427112283651e+05
6.864115991820030613e+05
6.875849817248805193e+05
6.890523600251567550e+05
6.908026937070436543e+05
6.927838250195279252e+05
6.949134776815994410e+05
6.970960531342093600e+05
6.992414321664652089e+05
7.012813332033652114e+05
7.031794679387703072e+05
7.049335636857216014e+05
7.065696337960726814e+05
7.081308587289457209e+05
7.096644714327021502e+05
7.112099343585772440e+05
7.127907145878787851e+05
7.144106365657302085e+05
7.160546391211196315e+05
7.176930770383843919e+05
7.192884801564181689e+05
7.208036952829936054e+05
7.222103350978867384e+05
7.234963255768474191e+05
7.246711683916989714e+05
7.257675566954587121e+05
7.268384369832689408e+05
7.279495557608061936e+05
7.291687562194154598e+05
7.305543599062807625e+05
7.321454003881528042e+05
7.339559866260992130e+05
7.359747575485955458e+05
7.381687307965436485e+05
7.404895360612334916e+05
7.428796342259293888e+05
7.452768309381117579e+05
7.476168490880758036e+05
7.498351954529625364e+05
7.518702653590880800e+05
7.536691431878642179e+05
7.551960287500227569e+05
7.564413501279213233e+05
7.574283471813631477e+05
7.582139505921622040e+05
7.588822891258407617e+05
7.595316065596017288e+05
7.602577716491891770e+05
