5.416614826812808169e+05
5.412575286215441301e+05
5.409380533993630670e+05
5.406144878776217811e+05
5.402105343568680109e+05
5.396710775071013486e+05
5.389668960081883706e+05
5.380945635550057050e+05
5.370718827654492343e+05
5.359300479835551232e+05
5.347043125401801663e+05
5.334251420814503217e+05
5.321116447437228635e+05
5.307685288143251091e+05
5.293870572192029795e+05
5.279496011940580793e+05
5.264366230886487756e+05
5.248344094530803850e+05
5.231417450351374573e+05
5.213739922414586181e+05
5.195636471130507416e+05
5.177572320614510099e+05
5.160091710078556789e+05
5.143738989076925209e+05
5.128977619145443314e+05
5.116122215736508369e+05
5.105295248517071595e+05
5.096414468394640717e+05
5.089210923140713712e+05
5.083271864107362344e+05
5.078098886888365378e+05
5.073169826066079549e+05
5.067993441917098244e+05
5.062148710245543043e+05
5.055305073632349377e+05
5.047225292307458585e+05
5.037757001306866878e+05
5.026821162444503861e+05
5.014404451860215631e+05
5.000558735542851500e+05
4.985405932589535369e+05
4.969143003976843902e+05
4.952041099498322001e+05
4.934435099479186465e+05
4.916703480460724095e+05
4.899241608739170479e+05
4.882432799872347969e+05
4.866620664623777848e+05
4.852084464203313692e+05
4.839017845963455038e+05
4.827511261065875296e+05
4.817539377580243163e+05
4.808955941815924598e+05
4.801498838385735871e+05
4.794807207913679886e+05
4.788450774249607348e+05
4.781969669177661999e+05
4.774921406287206919e+05
4.766930169503249344e+05
4.757732058418700472e+05
4.747208648410782916e+05
4.735401143157325569e+05
4.722499694117219769e+05
4.708807542900819099e+05
4.694686373972882866e+05
4.680495097885528230e+05
4.666536432102870895e+05
4.653022698635781417e+05
4.640065216183650191e+05
4.627683631075408193e+05
4.615826126131823985e+05
4.604390856831053970e+05
4.593242802781543578e+05
4.582225880478149629e+05
4.571174397906769300e+05
4.559928676797121880e+05
4.548356983180157258e+05
4.536381607513650670e+05
4.524003323774294113e+05
4.511317056678556837e+05
4.498512633487334824e+05
4.485857289053439163e+05
4.473660210447600111e+05
4.462223186555886641e+05
4.451784915688785841e+05
4.442469149316620897e+05
4.434247767149519059e+05
4.426928254009747761e+05
4.420170638698695693e+05
4.413532541774195270e+05
4.406534290563990944e+05
4.398731145982939634e+05
4.389778088222077931e+05
4.379474769953117357e+05
4.367783427413062891e+05
4.354819190360341454e+05
4.340818537572065834e+05
4.326095999395542894e+05
4.311000525695981341e+05
4.295880871812304249e+05
4.281064496577475802e+05
4.266848391147290240e+05
4.253495217368938029e+05
4.241226276738691377e+05
4.230205173997179954e+05
4.220511753111925791e+05
4.212112420526412898e+05
4.204837173226152663e+05
4.198373338481531828e+05
4.192281199258278357e+05
4.186029549527997733e+05
4.179043106629121467e+05
4.170751274159183959e+05
4.160629711602395400e+05
4.148231076654623612e+05
4.133206489207921550e+05
4.115322283660363173e+05
4.094476404445540975e+05
4.070715939784877119e+05
4.044253432128136628e+05
4.015476530682836892e+05
3.984944431105303811e+05
3.953365698357836809e+05
3.921555133253498934e+05
3.890371577620436437e+05
3.860643005722683738e+05
3.833088837464369135e+05
3.808251069208111148e+05
3.786444850556870224e+05
3.767735613603959791e+05
3.751944801983693615e+05
3.738681291720131412e+05
3.727392264088004013e+05
3.717426213973495760e+05
3.708101409932872048e+05
3.698774165018179337e+05
3.688901582072906895e+05
3.678092815405397560e+05
3.666142282362020342e+05
3.653039113933109329e+05
3.638950382329240092e+05
3.624180901036253199e+05
3.609117931067403406e+05
3.594172665545094060e+05
3.579730245250171283e+05
3.566116139439467806e+05
3.553580510626556934e+05
3.542296125774658285e+05
3.532361786103166523e+05
3.523803329200005392e+05
3.516567733660237864e+05
3.510511221879521036e+05
3.505387423274880857e+05
3.500844671563555603e+05
3.496441100822206936e+05
3.491682156421745312e+05
3.486078424200031441e+05
3.479214355276626884e+05
3.470813141906911042e+05
3.460781957770708250e+05
3.449225913067928050e+05
3.436427269452190376e+05
3.422795806363812881e+05
3.408803226473545656e+05
3.394916662719718297e+05
3.381543454819972394e+05
3.368993417506420519e+05
3.357458940169790876e+05
3.347009932375367498e+05
3.337600479218897526e+05
3.329085745288580074e+05
3.321248907068747212e+05
3.313837035521811922e+05
3.306601859569663065e+05
3.299337825706657022e+05
3.291908133743726648e+05
3.284251156359237502e+05
3.276364923759173835e+05
3.268274488062234595e+05
3.259993202250048053e+05
3.251491599892037339e+05
3.242685298085528193e+05
3.233446791763469810e+05
3.223637576454993687e+05
3.213149944968405762e+05
3.201944693020303966e+05
3.190072778310651192e+05
3.177674619486193405e+05
3.164957723340823431e+05
3.152159079615376540e+05
3.139501675980904256e+05
3.127154463159120060e+05
3.115203137174531003e+05
3.103636408381430083e+05
3.092349677488948801e+05
3.081165271687719505e+05
3.069865461079919478e+05
3.058231647129995399e+05
3.046081279912611935e+05
3.033294312327123480e+05
3.019823863300925004e+05
3.005690619653165923e+05
2.990965652513472014e+05
2.975749695487206336e+05
2.960157108763036085e+05
2.944309673675859813e+05
2.928340360484858975e+05
2.912402390853321413e+05
2.896676197548813652e+05
2.881367210837140447e+05
2.866690436539266957e+05
2.852842186399217462e+05
2.839963383027104428e+05
2.828101286785979755e+05
2.817176856157032889e+05
2.806963745297087007e+05
2.797083154582900461e+05
2.787017236856083618e+05
2.776142713775574230e+05
2.763785185416678432e+05
2.749292357541198144e+05
2.732120454621923855e+05
2.711922845893007470e+05
2.688625023940990795e+05
2.662467932243419345e+05
2.634004367777324514e+05
2.604041508665903530e+05
2.573535123934875301e+05
2.543454284267662442e+05
2.514645003406337346e+05
2.487723450291079353e+05
2.463022667682728206e+05
2.440602657935699972e+05
2.420316496015372686e+05
2.401910281903357536e+05
2.385126951467001927e+05
2.369785435247839487e+05
2.355816390320310311e+05
2.343250080641278473e+05
2.332166156447379035e+05
2.322624917697062483e+05
2.314602867651694105e+05
2.307951955276461085e+05
2.302393650032851147e+05
2.297548603228915890e+05
2.292992953447628242e+05
2.288325699051299889e+05
2.283229515413375921e+05
2.277510306172541459e+05
2.271107650067885115e+05
2.264076907482374518e+05
2.256551265928971115e+05
2.248696067962452362e+05
2.240667442151964060e+05
2.232583394690812274e+05
2.224510237099638907e+05
2.216462805319878680e+05
2.208414714073341456e+05
2.200314823968442215e+05
2.192107046844256110e+05
2.183751255577172560e+05
2.175242732701959321e+05
2.166626618628340657e+05
2.158003227616507502e+05
2.149520891794475610e+05
2.141355478637132619e+05
2.133679262160154758e+05
2.126625114207184815e+05
2.120253734724962269e+05
2.114531240198575833e+05
2.109322186284293421e+05
2.104399979642932594e+05
2.099473644666287582e+05
2.094227563181105652e+05
2.088368998394576774e+05
2.081676618181015365e+05
2.074041859903130098e+05
2.065494480741269072e+05
2.056205029849266284e+05
2.046460908682243899e+05
2.036618714304514579e+05
2.027041990536247613e+05
2.018037985606353031e+05
2.009807616654179001e+05
2.002419101701408508e+05
1.995808940472953836e+05
1.989806619849950948e+05
1.984174162628030463e+05
1.978649938301546499e+05
1.972987916106843913e+05
1.966987327098808310e+05
1.960511577315291506e+05
1.953497713685857307e+05
1.945958286009937583e+05
1.937976588318947470e+05
1.929695103371339501e+05
1.921296596281701350e+05
1.912978261079648801e+05
1.904921406135422585e+05
1.897261482868644525e+05
1.890064631868913712e+05
1.883316409648277622e+05
1.876925793790964526e+05
1.870743723313486262e+05
1.864591758093910466e+05
1.858294346429078141e+05
1.851708301772870473e+05
1.844744924137275084e+05
1.837382506740057725e+05
1.829668569867996266e+05
1.821711752374429489e+05
1.813663580641792505e+05
1.805691428256531071e+05
1.797946360627381073e+05
1.790532451063652115e+05
1.783485792057809012e+05
1.776770147312555055e+05
1.770291662851892179e+05
1.763928763871688861e+05
1.757567969894779380e+05
1.751134286835641251e+05
1.744606955183498503e+05
1.738016584309216414e+05
1.731425793033061491e+05
1.724900168152036495e+05
1.718478462726085272e+05
1.712150532344797102e+05
1.705849272041587974e+05
1.699459464711631008e+05
1.692842393791690411e+05
1.685870735169213731e+05
1.678464529549593863e+05
1.670617374131535180e+05
1.662403694240080658e+05
1.653963330570844701e+05
1.645467275984495645e+05
1.637075360122522688e+05
1.628899934185495367e+05
1.620987414912707463e+05
1.613322546022479655e+05
1.605851326669115806e+05
1.598511609820203448e+05
1.591258393018714269e+05
1.584074497943713795e+05
1.576964718134260329e+05
1.569939011408585066e+05
1.562994468137958029e+05
1.556104957900768204e+05
1.549222433934311848e+05
1.542287677895438101e+05
1.535243990856004821e+05
1.528046885985074332e+05
1.520665955938133120e+05
1.513079689042834216e+05
1.505267470374077966e+05
1.497203631498869509e+05
1.488856259843076405e+05
1.480190128630766703e+05
1.471170633224476769e+05
1.461765378312115208e+05
1.451942019393114024e+05
1.441663856292078563e+05
1.430886819718190527e+05
1.419561712003546127e+05
1.407643742921605299e+05
1.395108405703569297e+05
1.381969879004993418e+05
1.368296545814756828e+05
1.354218431039191782e+05
1.339923261222185101e+05
1.325640837219546665e+05
1.311618614191764500e+05
1.298093867651830951e+05
1.285268782273476972e+05
1.273293793973456486e+05
1.262261726722406602e+05
1.252211595157576812e+05
1.243137798539920768e+05
1.234999172173747065e+05
1.227723638860576611e+05
1.221207532662015437e+05
1.215312547555869241e+05
1.209865825653820066e+05
1.204668595622471039e+05
1.199515839006720053e+05
1.194224823834621639e+05
1.188665913275112689e+05
1.182786701079682389e+05
1.176621301817260683e+05
1.170280388368538406e+05
1.163923077907522966e+05
1.157717171402804524e+05
1.151797766008694889e+05
1.146234771334525431e+05
1.141017277904032526e+05
1.136057968722199294e+05
1.131215401682201191e+05
1.126327659959821467e+05
1.121248704004232713e+05
1.115879057028248062e+05
1.110184701458470081e+05
1.104201282110034517e+05
1.098023934193537716e+05
1.091785654373402940e+05
1.085628889729806688e+05
1.079675941817941493e+05
1.074003880139241519e+05
1.068628846419340553e+05
1.063502840395213861e+05
1.058523473900231475e+05
1.053554288840226800e+05
1.048450848623328493e+05
1.043086688361873239e+05
1.037373719631862768e+05
1.031273625931534771e+05
1.024799442963669280e+05
1.018008970563647017e+05
1.010993149665528035e+05
1.003862737581455731e+05
9.967357251735847967e+04
9.897265424277118291e+04
9.829368909713340690e+04
9.764475384933549503e+04
9.703107401466357987e+04
9.645438258933454927e+04
9.591253537632206280e+04
9.539955266027494508e+04
9.490620271394634619e+04
9.442111739337039762e+04
9.393228145848932036e+04
9.342862468757048191e+04
9.290141328838106710e+04
9.234519408445400768e+04
9.175816464926255867e+04
9.114197679092494946e+04
9.050108385254582390e+04
8.984179145706692361e+04
8.917117352039825346e+04
8.849599689068392036e+04
8.782178377367673966e+04
8.715213668146163400e+04
8.648843880611764325e+04
8.582999777540803188e+04
8.517461086416420585e+04
8.451941206633004185e+04
8.386175898244752898e+04
8.319987881259605638e+04
8.253304667312894890e+04
8.186120915507872996e+04
8.118415023827653204e+04
8.050046538318558305e+04
7.980670576595304010e+04
7.909704292482041637e+04
7.836368220065245987e+04
7.759805329434433952e+04
7.679258573002934281e+04
7.594270194454083685e+04
7.504858366669891984e+04
7.411630934880282439e+04
7.315810474403870467e+04
7.219164797762969101e+04
7.123856510132046242e+04
7.032239063368174538e+04
6.946632090545733809e+04
6.869105464138649404e+04
6.801291812568476598e+04
6.744235109141049907e+04
6.698272992801957298e+04
6.662946701336628757e+04
6.636937036431697197e+04
6.618036709150929528e+04
6.603184122538547672e+04
6.588593473409267608e+04
6.570012623801716836e+04
6.543118180852921068e+04
6.504018204306536791e+04
6.449787217863897968e+04
6.378922697913401498e+04
6.291604522395636013e+04
6.189669193972694484e+04
6.076275766796915559e+04
5.955322866636706021e+04
5.830749971584517334e+04
5.705896326716793556e+04
5.583083192999370658e+04
5.463530819050074206e+04
5.347636087151886750e+04
5.235543789112007653e+04
5.127867670611095673e+04
5.026374378445962793e+04
4.934442803232803271e+04
4.857152522638146911e+04
4.800930114093011798e+04
4.772777233719183278e+04
4.779201449375021184e+04
4.825049373328260117e+04
4.912482113542466686e+04
5.040321795688682323e+04
5.203932391957193613e+04
5.395690075402053481e+04
5.605972481469246850e+04
5.824483890648463421e+04
6.041662911743520090e+04
6.249907511646371859e+04
6.444399566548596340e+04
6.623402569732598204e+04
6.788017410316321184e+04
6.941486336624680553e+04
7.088213413217599737e+04
7.232708554391760845e+04
7.378658164987374039e+04
7.528282853038256872e+04
7.682071870713181852e+04
7.838899538069326081e+04
7.996448233897883620e+04
8.151803074290080986e+04
8.302059044874567189e+04
8.444798150836951390e+04
8.578347114026025520e+04
8.701799224967131158e+04
8.814854250195411441e+04
8.917575714822633017e+04
9.010172363780671731e+04
9.092881145682779606e+04
9.165976967543263163e+04
9.229881001156350248e+04
9.285303752980448189e+04
9.333351440500198805e+04
9.375542740607832093e+04
9.413717064601933816e+04
9.449851416655682260e+04
9.485829269450630818e+04
9.523215839770661842e+04
9.563089360499406757e+04
9.605961145192927506e+04
9.651794268116808962e+04
9.700107912058803777e+04
9.750137447782477830e+04
9.801012632178634522e+04
9.851918508036095591e+04
9.902213248506445962e+04
9.951490145138889784e+04
9.999583200736554863e+04
1.004652513714502566e+05
1.009247291419958492e+05
1.013761994237906765e+05
1.018211640001251508e+05
1.022601846453271864e+05
1.026928216140301956e+05
1.031180717466522474e+05
1.035352199011193734e+05
1.039448830359669373e+05
1.043499478373816964e+05
1.047561146035967540e+05
1.051718600892666582e+05
1.056077801189852471e+05
1.060754107051001192e+05
1.065857082733969728e+05
1.071473855558839132e+05
1.077652778304039093e+05
1.084388991504867299e+05
1.091613697342307569e+05
1.099189461654725455e+05
1.106914209628993267e+05
1.114536188330569275e+05
1.121780639273868728e+05
1.128386316356667958e+05
1.134146898313881538e+05
1.138949782159249153e+05
1.142803779273634282e+05
1.145848584131229291e+05
1.148342518492794043e+05
1.150630049262516113e+05
1.153095354025305278e+05
1.156111126021152304e+05
1.159991911693382717e+05
1.164958766828286170e+05
1.171118197275082202e+05
1.178454940490467998e+05
1.186836394587583636e+05
1.196026567402830842e+05
1.205708392307368485e+05
1.215513830986477114e+05
1.225060509216358478e+05
1.233991845221043768e+05
1.242015715728696232e+05
1.248935835295309080e+05
1.254670836073583923e+05
1.259258302784225525e+05
1.262843885772032518e+05
1.265658153284995788e+05
1.267985510728900117e+05
1.270130245857509144e+05
1.272384721510226373e+05
1.275004030498072098e+05
1.278190010455980664e+05
1.282085413016009843e+05
1.286776583046662854e+05
1.292300957283390890e+05
1.298654855333129817e+05
1.305797854006347043e+05
1.313652251250765403e+05
1.322098837328811060e+05
1.330972290751270193e+05
1.340060249536701012e+05
1.349109404138672689e+05
1.357840339896428050e+05
1.365971012455265154e+05
1.373247075233596261e+05
1.379475778970729443e+05
1.384558664865923347e+05
1.388516916700970323e+05
1.391502710175945249e+05
1.393791160377522756e+05
1.395751055592900375e+05
1.397797907699510979e+05
1.400338160310368694e+05
1.403716371285652276e+05
1.408176215758230828e+05
1.413841350575763208e+05
1.420715536980660690e+05
1.428695914086390112e+05
1.437591389196006348e+05
1.447140360803023214e+05
1.457026845568916760e+05
1.466898639884733711e+05
1.476392726312675804e+05
1.485170691409867723e+05
1.492961593789498147e+05
1.499604235771600797e+05
1.505078058469267853e+05
1.509513518387754739e+05
1.513178342520051519e+05
1.516443191416141053e+05
1.519735991981082188e+05
1.523496288312661927e+05
1.528138890716544120e+05
1.534031181136536179e+05
1.541482966295130609e+05
1.550743896407092689e+05
1.562002254887035233e+05
1.575380165161234909e+05
1.590922931492275093e+05
1.608583210507032054e+05
1.628203274605770130e+05
1.649500486804195680e+05
1.672062102746405581e+05
1.695355338998450898e+05
1.718756847312575846e+05
1.741602078019040346e+05
1.763249935880135163e+05
1.783152926889159717e+05
1.800919533950475452e+05
1.816355544480131066e+05
1.829475154410389368e+05
1.840479993476899981e+05
1.849712424096751492e+05
1.857595641794964031e+05
1.864574979716948292e+05
1.871071826639280771e+05
1.877455167784528749e+05
1.884028814316686476e+05
1.891027851009281585e+05
1.898617367015419004e+05
1.906889784138309478e+05
1.915861950901856180e+05
1.925476890606302477e+05
1.935615687200383982e+05
1.946122145626453275e+05
1.956837963015699643e+05
1.967641496230721241e+05
1.978480870575590525e+05
1.989393052180197265e+05
2.000504096498173603e+05
2.012010583695819660e+05
2.024146545871007838e+05
2.037142788061965548e+05
2.051186076089088747e+05
2.066384632215478923e+05
2.082744513967217354e+05
2.100159442246345570e+05
2.118414867150044302e+05
2.137205580888828845e+05
2.156164918142528331e+05
2.174902432024443406e+05
2.193045872340906062e+05
2.210282376029549923e+05
2.226393161906844471e+05
2.241275995823610574e+05
2.254950667084109737e+05
2.267545043575579475e+05
2.279262933597458468e+05
2.290339320927527442e+05
2.300992280774094106e+05
2.311382558854556992e+05
2.321590426307355228e+05
2.331615097750925343e+05
2.341395972142889223e+05
2.350849164999459172e+05
2.359909053906659828e+05
2.368563822701833560e+05
2.376876134750155616e+05
2.384984133289340243e+05
2.393082704817863123e+05
2.401389274968206591e+05
2.410101628811740375e+05
2.419356957623803173e+05
2.429201299563614884e+05
2.439576666426175798e+05
2.450329582876659988e+05
2.461240057916787919e+05
2.472065153346454026e+05
2.482587582778752258e+05
2.492658358411669033e+05
2.502224066520421475e+05
2.511333680217581859e+05
2.520125720740085235e+05
2.528802177647670906e+05
2.537598948955670639e+05
2.546762412402323680e+05
2.556538098116549081e+05
2.567171653933869966e+05
2.578916580270231352e+05
2.592039740246536967e+05
2.606815719547159097e+05
2.623504678232811275e+05
2.642314133721478283e+05
2.663351197552417289e+05
2.686576246363862301e+05
2.711770522849390982e+05
2.738528294148473651e+05
2.766279386714013526e+05
2.794341320964168990e+05
2.821993466329562943e+05
2.848560290672512492e+05
2.873488258702042513e+05
2.896401974322778988e+05
2.917129620310131577e+05
2.935694574856694089e+05
2.952277540007089265e+05
2.967159639389241347e+05
2.980660142197726527e+05
2.993082056700811954e+05
3.004675246779381996e+05
3.015621320109964581e+05
3.026039034276278107e+05
3.036004780351577210e+05
3.045580511481594294e+05
3.054841217280564597e+05
3.063895208921911544e+05
3.072892548786784755e+05
3.082019578512977459e+05
3.091480424664124148e+05
3.101469255488043418e+05
3.112139374974734965e+05
3.123576292638528394e+05
3.135781163165171747e+05
3.148668377566746203e+05
3.162077202845872962e+05
3.175793427853950416e+05
3.189574463807074935e+05
3.203171418831876945e+05
3.216344497583374032e+05
3.228872550740916049e+05
3.240561573705873452e+05
3.251258186234683963e+05
3.260871475456376793e+05
3.269400857846555300e+05
3.276961455022256705e+05
3.283795203435212607e+05
3.290257812629696564e+05
3.296778649097932503e+05
3.303799983717855066e+05
3.311709747590367333e+05
3.320784543112997198e+05
3.331156045931066619e+05
3.342805888966977946e+05
3.355585353334615938e+05
3.369250405493745347e+05
3.383501656017801142e+05
3.398021897188497824e+05
3.412508336477080593e+05
3.426699642598162754e+05
3.440398117868303088e+05
3.453485478932701517e+05
3.465929011146661942e+05
3.477775202992528211e+05
3.489130765512159560e+05
3.500134811170066241e+05
3.510928710894654505e+05
3.521630257418102119e+05
3.532316391059339512e+05
3.543015512297554524e+05
3.553708210035222000e+05
3.564334925985016162e+05
3.574809953383593238e+05
3.585041628883730154e+05
3.594957420794328209e+05
3.604530049217317137e+05
3.613798362763877376e+05
3.622876322682861355e+05
3.631945982719256426e+05
3.641235007417062880e+05
3.650984007969018421e+05
3.661411710793016828e+05
3.672685724358500447e+05
3.684903933931069332e+05
3.698087812128264923e+05
3.712185705808539642e+05
3.727082289782131556e+05
3.742609924694335205e+05
3.758558297104417579e+05
3.774680210060024983e+05
3.790693673778150696e+05
3.806283324087290093e+05
3.821106907000832143e+05
3.834813702275946853e+05
3.847079821245152270e+05
3.857659740110462881e+05
3.866445469310917542e+05
3.873517526470434386e+05
3.879169227613189141e+05
3.883890379096315592e+05
3.888307876639172318e+05
3.893095128087659832e+05
3.898873607883056975e+05
3.906132868687413284e+05
3.915188092777290149e+05
3.926179605983243673e+05
3.939103131584849325e+05
3.953849879063321860e+05
3.970235899214342935e+05
3.988009724949890515e+05
4.006841104925160762e+05
4.026304935780616361e+05
4.045878266837002593e+05
4.064963328771782108e+05
4.082938825057920185e+05
4.099230427096703788e+05
4.113384404987287126e+05
4.125127971002807608e+05
4.134405312737046042e+05
4.141386140309108305e+05
4.146450048483282444e+05
4.150152703788613435e+05
4.153178858055685996e+05
4.156284619178419816e+05
4.160230087567123119e+05
4.165705113858267432e+05
4.173255116861275164e+05
4.183218237885836861e+05
4.195686621880785096e+05
4.210501471708884346e+05
4.227284156914448831e+05
4.245496681003540871e+05
4.264517738369370927e+05
4.283718135746459593e+05
4.302522174121214775e+05
4.320448117922612000e+05
4.337128211695543141e+05
4.352314000334445736e+05
4.365874388067172840e+05
4.377792073933697538e+05
4.388160227349424968e+05
4.397177512182782521e+05
4.405137438453576760e+05
4.412408213552011293e+05
4.419401528332714806e+05
4.426532157599244965e+05
4.434173748633256764e+05
4.442618633775453200e+05
4.452050057992800721e+05
4.462533331253806828e+05
4.474028147330760839e+05
4.486418541224490036e+05
4.499551450980231748e+05
4.513271813098558923e+05
4.527443282153896871e+05
4.541949247861215845e+05
4.556677036625103210e+05
4.571495707379420055e+05
4.586241243087450275e+05
4.600720334191792645e+05
4.614736115503571928e+05
4.628129349209890352e+05
4.640820858534784638e+05
4.652838837363802013e+05
4.664318980630851584e+05
4.675474511225118185e+05
4.686543591909612878e+05
4.697729451341194799e+05
4.709151127367893350e+05
4.720819370470275171e+05
4.732644336299863644e+05
4.744471974035612075e+05
4.756137571818042197e+05
4.767520213190547656e+05
4.778582144258733606e+05
4.789382024377522757e+05
4.800059229224657174e+05
4.810795404412222560e+05
4.821766600912295980e+05
4.833102172846496687e+05
4.844863909853015793e+05
4.857051121369900648e+05
4.869627101655272418e+05
4.882553516992393415e+05
4.895815703517989605e+05
4.909425761195721570e+05
4.923400627810161677e+05
4.937724781958204112e+05
4.952316052425695816e+05
4.967013526909868815e+05
4.981597707647751668e+05
4.995838370904320036e+05
5.009551810304619139e+05
5.022643161536529078e+05
5.035114865945489146e+05
5.047037221249488648e+05
5.058494756639052066e+05
5.069534390857530525e+05
5.080141750333986711e+05
5.090259801729655010e+05
5.099844305030521937e+05
5.108932510847707745e+05
5.117693573959058267e+05
5.126435349485178012e+05
5.135560026332924608e+05
5.145482442628215067e+05
5.156540252920378698e+05
5.168927606320265913e+05
5.182672908585891710e+05
5.197662058402640396e+05
5.213690192230058601e+05
5.230515526343717356e+05
5.247891926439036615e+05
5.265570096205894370e+05
5.283274094012026908e+05
5.300672538675358519e+05
5.317367074113909621e+05
5.332913662223581923e+05
5.346878676701458171e+05
5.358917577200700762e+05
5.368854796013422310e+05
5.376742419299856992e+05
5.382881856922851875e+05
5.387803650719728321e+05
5.392211328902473906e+05
5.396901978613871615e+05
5.402677433485134970e+05
5.410256824051399017e+05
5.420196811417371500e+05
5.432823413945124485e+05
5.448180541804715758e+05
5.466004007891886868e+05
5.485732416806018446e+05
5.506564110092504416e+05
5.527560520954640815e+05
5.547782790247898083e+05
5.566435546198964585e+05
5.582985536844552262e+05
5.597227261604869273e+05
5.609282226681789616e+05
5.619537616985751083e+05
5.628546380717162974e+05
5.636917666338579729e+05
5.645222390195919434e+05
5.653926870053349994e+05
5.663354675045897020e+05
5.673669467473695986e+05
5.684872189949946478e+05
5.696812016021230957e+05
5.709216271438250551e+05
5.721744627731010551e+05
5.734065609713970916e+05
5.745942101350907469e+05
5.757303460415822919e+05
5.768280888064793544e+05
5.779191729864731897e+05
5.790474203780966345e+05
5.802590024443536531e+05
5.815921878877604613e+05
5.830692263447460718e+05
5.846920904061644105e+05
5.864424465085321572e+05
5.882850128517877311e+05
5.901727974341915688e+05
5.920527082015511114e+05
5.938705319381115260e+05
5.955749791165897623e+05
5.971210747555473354e+05
5.984734296477939934e+05
5.996097893749123905e+05
6.005248112546439515e+05
6.012334521001871908e+05
6.017729061694936827e+05
6.022019340109765762e+05
6.025967824610411189e+05
6.030436565797956428e+05
6.036286355170616880e+05
6.044266996841238579e+05
