4.771917418901894707e+05
4.764394875125637045e+05
4.756024637181247817e+05
4.746675154700793792e+05
4.736398585065689986e+05
4.725377383385567809e+05
4.713854913401766098e+05
4.702074168723392650e+05
4.690241154399028164e+05
4.678516391180853243e+05
4.667025348842091626e+05
4.655871902568676742e+05
4.645140611373368301e+05
4.634882163423555903e+05
4.625087110588680371e+05
4.615660798097189981e+05
4.606413836804639432e+05
4.597077413180943113e+05
4.587343870437118458e+05
4.576924229140098905e+05
4.565608894122890779e+05
4.553317102920516627e+05
4.540124121981607750e+05
4.526260978944980307e+05
4.512087615500843385e+05
4.498045267634944757e+05
4.484596890173865249e+05
4.472165390838552266e+05
4.461078520427736221e+05
4.451526913942125975e+05
4.443538692352420185e+05
4.436971157097639516e+05
4.431518363145479234e+05
4.426733181703287992e+05
4.422063415082454449e+05
4.416902299320634338e+05
4.410652785779163241e+05
4.402801551667660824e+05
4.392993522433481994e+05
4.381093110734733054e+05
4.367217241736095166e+05
4.351729356847121962e+05
4.335192461187931476e+05
4.318289933148495038e+05
4.301731057639165665e+05
4.286160734447677969e+05
4.272088810332534485e+05
4.259846267651171074e+05
4.249567142291610944e+05
4.241190190564458026e+05
4.234474294482108089e+05
4.229024849621235044e+05
4.224331676966754021e+05
4.219819473429155769e+05
4.214908710974617861e+05
4.209079940345215145e+05
4.201930721171948826e+05
4.193214409102090285e+05
4.182854292940605665e+05
4.170933360849488527e+05
4.157666341122523881e+05
4.143364025935363024e+05
4.128399217402925715e+05
4.113179719369689119e+05
4.098128608959942358e+05
4.083667719498553779e+05
4.070198375865994603e+05
4.058074464695263887e+05
4.047566442121058935e+05
4.038819695427740226e+05
4.031815188411882846e+05
4.026342936628615716e+05
4.021998460433857399e+05
4.018208750254461775e+05
4.014288328577331267e+05
4.009519386984060984e+05
4.003244550184036489e+05
3.994957869863309897e+05
3.984379567544177407e+05
3.971502427464267239e+05
3.956601853649964905e+05
3.940206803357918980e+05
3.923034620663435198e+05
3.905898667990864487e+05
3.889602652399163344e+05
3.874838357955106185e+05
3.862102931463947170e+05
3.851647584977177321e+05
3.843462583979259362e+05
3.837295869908915483e+05
3.832697087829630473e+05
3.829076729752565152e+05
3.825771465567067498e+05
3.822109868061472080e+05
3.817475426628239802e+05
3.811364470729325549e+05
3.803435385979701532e+05
3.793543686473700218e+05
3.781756936569013633e+05
3.768345321360796806e+05
3.753747611273048096e+05
3.738516929020140087e+05
3.723254336763084284e+05
3.708539661966204876e+05
3.694868151935846545e+05
3.682599434437478194e+05
3.671923080699216225e+05
3.662843533790681395e+05
3.655186115824584849e+05
3.648624443939318298e+05
3.642727088181761210e+05
3.637017685545526911e+05
3.631039043876289506e+05
3.624409771379909944e+05
3.616863154839363997e+05
3.608262668010049383e+05
3.598595246088196873e+05
3.587949706274486380e+05
3.576490764727962669e+05
3.564437626083000796e+05
3.552050826052655466e+05
3.539624474523153040e+05
3.527476508734906092e+05
3.515929307228777907e+05
3.505277220637362334e+05
3.495744248724190984e+05
3.487441082877811277e+05
3.480333309939944302e+05
3.474230707053830265e+05
3.468802246113751316e+05
3.463614982328618644e+05
3.458189784606832545e+05
3.452064212022255524e+05
3.444852728789779358e+05
3.436295952422164846e+05
3.426292731779202004e+05
3.414911068942574202e+05
3.402376341821330716e+05
3.389038235372320050e+05
3.375321167165163206e+05
3.361666115409663762e+05
3.348473572336654179e+05
3.336056981539985863e+05
3.324613308656328591e+05
3.314213066935158568e+05
3.304807536005612928e+05
3.296247513758520945e+05
3.288306663314912585e+05
3.280703460544614354e+05
3.273118237833210151e+05
3.265204795169635327e+05
3.256598556303234654e+05
3.246924767104795901e+05
3.235810680612928700e+05
3.222905132754218648e+05
3.207907374490039656e+05
3.190604400115393801e+05
3.170912464625571156e+05
3.148914825628171093e+05
3.124885444479626021e+05
3.099288983968108660e+05
3.072751637238712865e+05
3.046004260150288465e+05
3.019806669008674799e+05
2.994867073251325637e+05
2.971771586049888865e+05
2.950935497020289768e+05
2.932582058549040230e+05
2.916748201946681947e+05
2.903311705577021930e+05
2.892031653728362871e+05
2.882593357868663734e+05
2.874649692547273007e+05
2.867852616289071157e+05
2.861871356180039584e+05
2.856397159765563556e+05
2.851138116564021329e+05
2.845810363954303320e+05
2.840132982951308368e+05
2.833832480117126252e+05
2.826659214290890377e+05
2.818413592492495663e+05
2.808975920115101035e+05
2.798331869704396231e+05
2.786586304631684907e+05
2.773961299877691781e+05
2.760778385660196072e+05
2.747428663637870923e+05
2.734336195214343024e+05
2.721919544796189875e+05
2.710554319739291677e+05
2.700537528419935261e+05
2.692054133299046080e+05
2.685147952667711070e+05
2.679702239772427129e+05
2.675437747181958403e+05
2.671935510293727275e+05
2.668686732998258085e+05
2.665163973332369351e+05
2.660899393263628590e+05
2.655551119428637903e+05
2.648940629902762594e+05
2.641052651988244615e+05
2.632001311804198194e+05
2.621977285749251023e+05
2.611195871775845590e+05
2.599863123876980098e+05
2.588167838520597725e+05
2.576295398239967180e+05
2.564450271611290518e+05
2.552870980889663042e+05
2.541825379731547437e+05
2.531582971805171692e+05
2.522370785470184637e+05
2.514326060703682597e+05
2.507460403062952682e+05
2.501646189347424952e+05
2.496628950034034206e+05
2.492062135932180972e+05
2.487555577919216885e+05
2.482727235508143203e+05
2.477249227493483340e+05
2.470882396741123812e+05
2.463497254984714382e+05
2.455081862208566745e+05
2.445738420281116851e+05
2.435670192241417244e+05
2.425159463500969287e+05
2.414536615342687583e+05
2.404140863964302116e+05
2.394275161737949238e+05
2.385160655751553131e+05
2.376898695980773482e+05
2.369449192890972481e+05
2.362632165423976257e+05
2.356154717014006746e+05
2.349659729044535779e+05
2.342787231591439922e+05
2.335236469267172215e+05
2.326816944343544892e+05
2.317479793773863348e+05
2.307325453467836487e+05
2.296588181329098588e+05
2.285601565927947231e+05
2.274751241012392857e+05
2.264421806756667502e+05
2.254944790829963458e+05
2.246553684011952137e+05
2.239350871836757869e+05
2.233289845807066886e+05
2.228174622285012156e+05
2.223676966071488860e+05
2.219370750858664396e+05
2.214781311586265219e+05
2.209445648442588572e+05
2.202976825778949715e+05
2.195123414849969849e+05
2.185813387843662058e+05
2.175172591393224429e+05
2.163511414668783545e+05
2.151279169638646126e+05
2.138992665439745761e+05
2.127151548158405640e+05
2.116156384789854346e+05
2.106245196394409577e+05
2.097460332314721600e+05
2.089651366871290084e+05
2.082512725057995412e+05
2.075648521093244781e+05
2.068652604367390741e+05
2.061189418165049283e+05
2.053060960652829672e+05
2.044246800558299001e+05
2.034907776134034502e+05
2.025349772443798429e+05
2.015951593692082970e+05
2.007069450492356264e+05
1.998938063616351865e+05
1.991592328083330067e+05
1.984831621063693892e+05
1.978240308472276665e+05
1.971264207791405788e+05
1.963327388553325436e+05
1.953961660833026108e+05
1.942916738763196336e+05
1.930224255552930990e+05
1.916202041590382287e+05
1.901401906083314680e+05
1.886518896212920081e+05
1.872287935066912032e+05
1.859392869228437194e+05
1.848404558816265780e+05
1.839752456091733184e+05
1.833722693584082299e+05
1.830468666647455830e+05
1.830019051833588455e+05
1.832272574515985325e+05
1.836976506813320739e+05
1.843694156803761143e+05
1.851773113315305673e+05
1.860329126584516489e+05
1.868259532282981672e+05
1.874295226264754310e+05
1.877092322734362679e+05
1.875355437104663579e+05
1.867976177438488812e+05
1.854165108406070503e+05
1.833554792717297096e+05
1.806255952724419767e+05
1.772857294702925719e+05
1.734369849319795612e+05
1.692126096362991375e+05
1.647650459495885298e+05
1.602520013780525478e+05
1.558232868306372548e+05
1.516098004428429413e+05
1.477155811524431629e+05
1.442134061233864923e+05
1.411439793658982962e+05
1.385183436921359098e+05
1.363227591389853624e+05
1.345249992564270215e+05
1.330809242957552196e+05
1.319403629855854670e+05
1.310517385868145793e+05
1.303653674341410806e+05
1.298357460554125137e+05
1.294232802736010635e+05
1.290957761473157007e+05
1.288297244422114600e+05
1.286111554902244825e+05
1.284357757833156938e+05
1.283082619298235368e+05
1.282408884997517307e+05
1.282519310993999679e+05
1.283643558620286203e+05
1.286051176506978663e+05
1.290050022506907844e+05
1.295985162784721033e+05
1.304230299968082691e+05
1.315163447190340376e+05
1.329121333999799099e+05
1.346332434875018953e+05
1.366835343775429064e+05
1.390395800885862554e+05
1.416440158634160762e+05
1.444023800704465830e+05
1.471849039366174839e+05
1.498338552999152162e+05
1.521759187754924351e+05
1.540379824787774414e+05
1.552639216923304193e+05
1.557297568485775264e+05
1.553549684288655990e+05
1.541086212126613536e+05
1.520099929845329898e+05
1.491243126186981681e+05
1.455547880208517017e+05
1.414323039755307545e+05
1.369040858474419219e+05
1.321224050598110480e+05
1.272341692681685381e+05
1.223720512045709620e+05
1.176476622249949723e+05
1.131471377820995258e+05
1.089293403618479351e+05
1.050266815605690354e+05
1.014483152513488894e+05
9.818517502116225660e+04
9.521606716584668902e+04
9.251386065196272102e+04
9.005081998600730731e+04
8.780235285687599389e+04
8.574886196585101425e+04
8.387588308464345755e+04
8.217309306658520654e+04
8.063293865907943109e+04
7.924951793144764088e+04
7.801800962477778376e+04
7.693455038489625440e+04
7.599618051362934057e+04
7.520042763833391655e+04
7.454427844156407809e+04
7.402260425956969266e+04
7.362641043668468774e+04
7.334144323108055687e+04
7.314765248764026910e+04
7.301979817455622833e+04
7.292919104403605161e+04
7.284627679223366431e+04
7.274358898210286861e+04
7.259854077214395511e+04
7.239558633285456744e+04
7.212742235884018010e+04
7.179507897168507043e+04
7.140693792254407890e+04
7.097689193984668236e+04
7.052199817083722155e+04
7.006005147223887616e+04
6.960748389218666125e+04
6.917788007916604693e+04
6.878121377421375655e+04
6.842371779275739391e+04
6.810816620325329131e+04
6.783431569460743049e+04
6.759932048538367962e+04
6.739805543153639883e+04
6.722339186514433823e+04
6.706652310450488585e+04
6.691742169252964959e+04
6.676545292630395852e+04
6.660010726880557195e+04
6.641177622239069024e+04
6.619249016644840594e+04
6.593655435797834070e+04
6.564104731348175847e+04
6.530617227435480163e+04
6.493546712700276112e+04
6.453587113479860272e+04
6.411761317277212220e+04
6.369383524360057345e+04
6.327982595204973040e+04
6.289175142815512663e+04
6.254486452383322467e+04
6.225134006775053422e+04
6.201807397574854258e+04
6.184491972930340125e+04
6.172384824542263959e+04
6.163938016566817532e+04
6.157038307544893178e+04
6.149302279838350660e+04
6.138439171263643948e+04
6.122617278027475550e+04
6.100766605274661561e+04
6.072760339771067083e+04
6.039438515421847842e+04
6.002465554329699808e+04
5.964044760818044597e+04
5.926541715990091325e+04
5.892088541915018141e+04
5.862246590307797305e+04
5.837793439575557568e+04
5.818672704172284284e+04
5.804108232307899016e+04
5.792847131724288920e+04
5.783468539558314660e+04
5.774684399846288579e+04
5.765567086311402090e+04
5.755663175621288246e+04
5.744985154473370494e+04
5.733903631156988558e+04
5.722983492726594704e+04
5.712814158922546630e+04
5.703877091583913716e+04
5.696477045852794981e+04
5.690742684400945291e+04
5.686682258611504221e+04
5.684265109742982895e+04
5.683492720706095861e+04
5.684425929020970216e+04
5.687148091483075405e+04
5.691665227257127117e+04
5.697767998219128640e+04
5.704899065509557113e+04
5.712075468437500240e+04
5.717905414566685795e+04
5.720714364947780268e+04
5.718764390396251110e+04
5.710524132772399025e+04
5.694933381434758485e+04
5.671609821207066125e+04
5.640962613061229786e+04
5.604199886708743725e+04
5.563236084738119098e+04
5.520515377408661880e+04
5.478770128360552189e+04
5.440734531005592726e+04
5.408839687536586280e+04
5.384930260629599070e+04
5.370060522405977099e+04
5.364439687198524189e+04
5.367591893231225549e+04
5.378767831611604925e+04
5.397592931411525205e+04
5.424869380199112493e+04
5.463380183177183062e+04
5.518489544803005265e+04
5.598311322563352587e+04
5.713240266372448241e+04
5.874719599441193714e+04
6.093256462745140743e+04
6.375883819952262274e+04
6.723473390434264729e+04
7.128476029610543628e+04
7.573735799995905836e+04
8.032930282563185028e+04
8.472907504451542627e+04
8.857756844840564008e+04
9.153973441626349813e+04
9.335702283254315262e+04
9.388919782265221875e+04
9.313599304134791601e+04
9.123378002870673663e+04
8.842857450075932138e+04
8.503237629756338720e+04
8.137329496783039940e+04
7.775025661118629796e+04
7.440053217762867280e+04
7.148400690949847922e+04
6.908355277012234728e+04
6.721739805096964119e+04
6.585773147404674091e+04
6.494994869459071197e+04
6.442843412563657330e+04
6.422683204934988316e+04
6.428271816003660933e+04
6.453798641113642225e+04
6.493694112805835175e+04
6.542408234369083220e+04
6.594308282068795233e+04
6.643771684083522996e+04
6.685473440836653754e+04
6.714804625948701869e+04
6.728319648510283150e+04
6.724099379407317610e+04
6.701934448007807077e+04
6.663273224212054629e+04
6.610933241949525836e+04
6.548630442866901285e+04
6.480423290136468131e+04
6.410186224129504262e+04
6.341213221981324750e+04
6.276010962156296591e+04
6.216285183997490822e+04
6.163071597015440784e+04
6.116931459236012597e+04
6.078131605036000110e+04
6.046757967538197408e+04
6.022758469415473519e+04
6.005957181581146870e+04
5.996108764140789572e+04
5.993058807953185897e+04
5.997040463408217329e+04
6.009079926178563619e+04
6.031419962035176286e+04
6.067821836362146860e+04
6.123590032530299504e+04
6.205192955956819787e+04
6.319428531554900837e+04
6.472195924888884474e+04
6.667060090300209413e+04
6.903900379779988725e+04
7.177980739244748838e+04
7.479738688053423539e+04
7.795457260845594283e+04
8.108783219769885181e+04
8.402839450700124144e+04
8.662515890647142078e+04
8.876466885148432630e+04
9.038415147941991745e+04
9.147541145004479040e+04
9.207963305303189554e+04
9.227517409550864249e+04
9.216165770665289892e+04
9.184385551130260865e+04
9.141815799732542655e+04
9.096325227950196131e+04
9.053543198894555098e+04
9.016807380280602956e+04
8.987433715743126231e+04
8.965199841908931558e+04
8.948935894201921474e+04
8.937124111517747224e+04
8.928417242564221669e+04
8.921999866017777822e+04
8.917742547689302592e+04
8.916137764980577049e+04
8.918052593433212314e+04
8.924374379136535572e+04
8.935649498734938970e+04
8.951814049069723114e+04
8.972088827621901873e+04
8.995066569381418230e+04
9.018968996909252019e+04
9.042007656814389338e+04
9.062756376648855803e+04
9.080440774564453750e+04
9.095072394310485106e+04
9.107396617421526753e+04
9.118674008095724275e+04
9.130360154512888403e+04
9.143775461321357579e+04
9.159854613049422915e+04
9.179035428046573361e+04
9.201298799520185275e+04
9.226323175838714815e+04
9.253687245874744258e+04
9.283054725292065996e+04
9.314304228345867887e+04
9.347611088774913514e+04
9.383525422739013447e+04
9.423102539378219808e+04
9.468119443643973500e+04
9.521360694421561493e+04
9.586896830112236785e+04
9.670232995289341488e+04
9.778194981056966935e+04
9.918454577423044248e+04
1.009867151644560072e+05
1.032532754708158900e+05
1.060242317248063628e+05
1.093027244468555728e+05
1.130464635021146241e+05
1.171647413108646724e+05
1.215222240629525913e+05
1.259495399412403931e+05
1.302594742397889640e+05
1.342665871944905375e+05
1.378074712173761218e+05
1.407587470919552143e+05
1.430502547220620618e+05
1.446716343149142049e+05
1.456714770586344821e+05
1.461492892933048715e+05
1.462415093504556862e+05
1.461036173726984125e+05
1.458908914735353319e+05
1.457405202215006575e+05
1.457575407847228635e+05
1.460064377155152615e+05
1.465092826758340816e+05
1.472501764742474770e+05
1.481846900954832672e+05
1.492522162272482528e+05
1.503888000081061618e+05
1.515381684254957945e+05
1.526592542715640448e+05
1.537293592917613860e+05
1.547430329449062410e+05
1.557075759024682629e+05
1.566366618202204118e+05
1.575438066494585364e+05
1.584372665215492889e+05
1.593174581319779390e+05
1.601772955901435926e+05
1.610051041437458189e+05
1.617891833273817901e+05
1.625227728845674719e+05
1.632081597059972701e+05
1.638589091053853626e+05
1.644996227786135860e+05
1.651631288322706532e+05
1.658855196656498592e+05
1.666999007149865793e+05
1.676300200455225713e+05
1.686850367075820686e+05
1.698565037913367851e+05
1.711182056039296731e+05
1.724288969604807789e+05
1.737374073017459305e+05
1.749891568068659399e+05
1.761329855208613735e+05
1.771273171381866850e+05
1.779449715584412043e+05
1.785762689527297625e+05
1.790303206585347652e+05
1.793345344457900210e+05
1.795324029662864341e+05
1.796796681265045190e+05
1.798390331958490133e+05
1.800737617289922200e+05
1.804407351728501380e+05
1.809837695883033448e+05
1.817281262963112385e+05
1.826771153601904225e+05
1.838114520546118147e+05
1.850916115192945290e+05
1.864629178665422660e+05
1.878626162537421624e+05
1.892278239571095037e+05
1.905031192965016817e+05
1.916466307844120602e+05
1.926338017724397068e+05
1.934584538284394657e+05
1.941312596472410951e+05
1.946761686426994565e+05
1.951256283343177638e+05
1.955155644423553313e+05
1.958810107558214513e+05
1.962530427964312257e+05
1.966573261595738295e+05
1.971142199552902603e+05
1.976400581250438117e+05
1.982490291319823009e+05
1.989550185611050401e+05
1.997728636358111689e+05
2.007186559848598263e+05
2.018089642161782831e+05
2.030590775536237052e+05
2.044805599842307856e+05
2.060785373092936934e+05
2.078492165618244908e+05
2.097781543752960279e+05
2.118397305285415496e+05
2.139981223487547832e+05
2.162098124869327003e+05
2.184273400451326452e+05
2.206037143942201510e+05
2.226967589221839153e+05
2.246727049059103010e+05
2.265085942212235823e+05
2.281933658618120244e+05
2.297277511791960860e+05
2.311231885434592550e+05
2.323999013048161287e+05
2.335841829465126793e+05
2.347049520856639429e+05
2.357898525502634584e+05
2.368615051719674084e+05
2.379347632112523133e+05
2.390157626658912050e+05
2.401031050940805580e+05
2.411907962664347724e+05
2.422719007004271843e+05
2.433415950173687888e+05
2.443985828870060504e+05
2.454445690793145332e+05
2.464823437597014417e+05
2.475135991968873714e+05
2.485376283758274803e+05
2.495515473989595484e+05
2.505519054690239136e+05
2.515368738404727192e+05
2.525079362108264759e+05
2.534702233577347361e+05
2.544312042743049096e+05
2.553980968839497364e+05
2.563748405599373218e+05
2.573596446314776549e+05
2.583439907441832183e+05
2.593136016375755717e+05
2.602513883117478981e+05
2.611418363826340355e+05
2.619757917324381997e+05
2.627543010928775766e+05
2.634902198940993403e+05
2.642068099156933022e+05
2.649334292984442436e+05
2.656993804613786051e+05
2.665276382264099666e+05
2.674302321082585840e+05
2.684064669383793371e+05
2.694441973178903572e+05
2.705234506302012596e+05
2.716211819760572398e+05
2.727159547340252902e+05
2.737917089502544841e+05
2.748402059245391283e+05
2.758619902300588437e+05
2.768657660258401302e+05
2.778661096127065248e+05
2.788796414432339952e+05
2.799202260284017539e+05
2.809943010195026873e+05
2.820977452977825888e+05
2.832154984136982821e+05
2.843243804612230160e+05
2.853984743425861234e+05
2.864154749084603391e+05
2.873620261858374579e+05
2.882364594096080982e+05
2.890483492605790379e+05
2.898154702380692470e+05
2.905595419313210296e+05
2.913022823446775437e+05
2.920627755768960342e+05
2.928563482246230706e+05
2.936944852714110748e+05
2.945851009386738297e+05
2.955327178478541318e+05
2.965385430187006714e+05
2.976007287990124314e+05
2.987150728085170849e+05
2.998760905872110743e+05
3.010780299446688150e+05
3.023152569040614180e+05
3.035816551463966025e+05
3.048691528366025304e+05
3.061659769440638484e+05
3.074554821795766475e+05
3.087162855461704894e+05
3.099240155613931129e+05
3.110544464284581481e+05
3.120873457103532273e+05
3.130101610943868873e+05
3.138207358304788941e+05
3.145285071165917325e+05
3.151539976249768515e+05
3.157267537297912640e+05
3.162821434501654585e+05
3.168575683492543758e+05
3.174886625260445871e+05
3.182059659769496066e+05
3.190324016577043221e+05
3.199816978572344524e+05
3.210577258702003164e+05
3.222546089135289658e+05
3.235574285647087963e+05
3.249434101036957582e+05
3.263835735782990232e+05
3.278449269344953354e+05
3.292932746224426664e+05
3.306965708981004427e+05
3.320284793134018546e+05
3.332715079557161662e+05
3.344189271439663717e+05
3.354747815712899319e+05
3.364517271972415620e+05
3.373670572800388327e+05
3.382379106738450937e+05
3.390770203993779141e+05
3.398902835891697905e+05
3.406769081821442232e+05
3.414320944092214340e+05
3.421514271219642251e+05
3.428356589735869202e+05
3.434944956008110312e+05
3.441483208822970628e+05
3.448273616697755642e+05
3.455683911791710998e+05
3.464095660228849738e+05
3.473843266013403190e+05
3.485154625592071097e+05
3.498104536941596307e+05
3.512590160624062410e+05
3.528333884630762623e+05
3.544913222232406843e+05
3.561811227173177758e+05
3.578476412041782169e+05
3.594380145598510280e+05
3.609062511775102466e+05
3.622163333096178249e+05
3.633440836758204969e+05
3.642783563346525771e+05
3.650220244954589871e+05
3.655928259968506754e+05
3.660236346081809606e+05
3.663614359389861347e+05
3.666643781408538343e+05
3.669967268488464179e+05
3.674221941904343548e+05
3.679966714349468239e+05
3.687616591531272279e+05
3.697395736118610948e+05
3.709316755804984714e+05
3.723187807932445430e+05
3.738643608236468281e+05
3.755192794281661045e+05
3.772272992611030932e+05
3.789306098451719736e+05
3.805748698049578234e+05
3.821134988597417832e+05
3.835111021888722898e+05
3.847459363275084179e+05
3.858112807790260995e+05
3.867155498824080569e+05
3.874810341127656284e+05
3.881413094128689845e+05
3.887375485208920436e+05
3.893141378089502105e+05
3.899140979326110682e+05
3.905748228808115819e+05
3.913246167124761851e+05
3.921804413656311808e+05
3.931471809191199718e+05
3.942185416977418354e+05
3.953794246480147704e+05
3.966092697507087723e+05
3.978855987530333805e+05
3.991869189437822788e+05
4.004943890635051648e+05
4.017921472826549434e+05
4.030667677238036995e+05
4.043066737928127404e+05
4.055022800394319929e+05
4.066471394583311048e+05
4.077396608328898437e+05
4.087844057963233790e+05
4.097919154989723465e+05
4.107765556856213952e+05
4.117527899666789453e+05
4.127311459910201957e+05
4.137154759669862106e+05
4.147027193262036890e+05
4.156854004729512380e+05
4.166559770469659707e+05
4.176113973790763412e+05
4.185561488523690496e+05
4.195026772063032840e+05
4.204690363953490742e+05
4.214745739658376551e+05
4.225350281122329761e+05
4.236584695844575763e+05
4.248431343265296891e+05
4.260775632672722568e+05
4.273428241334739723e+05
4.286161147859635530e+05
4.298748282266207389e+05
4.311001965525845299e+05
4.322798568205612246e+05
4.334089939766117604e+05
4.344900190082346089e+05
4.355309786395335104e+05
4.365430607024793280e+05
4.375376804736917256e+05
4.385237219294874230e+05
4.395055409364053048e+05
4.404822615988662583e+05
4.414486695229157340e+05
4.423976401282282313e+05
4.433236221825751127e+05
4.442263554868694046e+05
4.451138515524278628e+05
4.460037566670488450e+05
4.469225190206707339e+05
4.479022145008686930e+05
4.489753587580499006e+05
4.501684743586502736e+05
4.514955371562668006e+05
4.529526381306050462e+05
4.545151911953701638e+05
4.561387174200050067e+05
4.577636114118846599e+05
4.593234182706608553e+05
4.607552192661478766e+05
4.620100310405245982e+05
4.630609442656819010e+05
4.639071996013944736e+05
4.645734260340153705e+05
4.651045282256930368e+05
4.655577757030892535e+05
4.659941595765830134e+05
4.664709108210556442e+05
4.670363619757223641e+05
4.677274170979020419e+05
4.685691326776132919e+05
4.695755297407705220e+05
4.707507748908891226e+05
4.720901445606867783e+05
4.735805321202365449e+05
4.752005382648356026e+05
4.769203661461987067e+05
4.787018565587670309e+05
4.804990802733302698e+05
4.822599440239447285e+05
4.839292075497347978e+05
4.854530910962661728e+05
4.867852639555149362e+05
4.878935121148727485e+05
4.887659254597909749e+05
4.894151906429631636e+05
4.898796645576277515e+05
4.902203910066738608e+05
4.905140452217577840e+05
4.908427604164484073e+05
4.912826378658124595e+05
4.918931940173488110e+05
4.927098765613855794e+05
4.937410819849881809e+05
4.949700201308345422e+05
4.963606235107164248e+05
4.978658354580309242e+05
4.994362661288654199e+05
5.010274232713175006e+05
5.026043629241565359e+05
5.041434110348430113e+05
5.056313248732346692e+05
5.070627217994765379e+05
5.084367518852620851e+05
5.097538854923187755e+05
5.110134417222718475e+05
5.122122164635143708e+05
5.133443537849878194e+05
5.144024486903684447e+05
5.153797233795005013e+05
5.162729236117234104e+05
5.170853290492730448e+05
5.178290456566989305e+05
5.185257041957584443e+05
5.192049656214833376e+05
5.199008448638033005e+05
5.206466348883777973e+05
5.214698253043715376e+05
5.223885479866879759e+05
5.234106066639285418e+05
5.245351982940420276e+05
5.257563930481084390e+05
5.270667603332781000e+05
5.284595194734354736e+05
5.299282701645132620e+05
5.314644328951216303e+05
